#! FIELDS phi3 ffphi3 dffphi3_phi3
#! SET min_phi3 -pi
#! SET max_phi3 pi
#! SET nbins_phi3  100
#! SET periodic_phi3 true
 -3.141593 13.070695 -31.606658
 -3.078761 11.120988 -31.458213
 -3.015929 9.291819 -25.006223
 -2.953097 7.859643 -23.660777
 -2.890265 6.282969 -25.565365
 -2.827433 4.377870 -34.314405
 -2.764602 2.838122 -9.178692
 -2.701770 3.199470 15.791423
 -2.638938 4.103844 10.407799
 -2.576106 4.464053 -1.020718
 -2.513274 3.735223 -20.354032
 -2.450442 2.531398 -12.464635
 -2.387610 2.509475 9.726610
 -2.324779 2.997802 1.587329
 -2.261947 2.943955 -1.339964
 -2.199115 2.797176 -3.258720
 -2.136283 2.665837 0.305988
 -2.073451 2.780496 -0.487573
 -2.010619 1.960685 -25.786890
 -1.947787 0.346348 -18.704359
 -1.884956 0.066742 8.822092
 -1.822124 0.443580 -4.947210
 -1.759292 0.240089 7.766189
 -1.696460 1.340496 16.158402
 -1.633628 0.745971 -30.266577
 -1.570796 -0.778714 -12.402609
 -1.507964 -0.948103 4.468067
 -1.445133 -0.137612 21.336554
 -1.382301 0.956128 7.300267
 -1.319469 1.333329 11.426502
 -1.256637 2.518822 22.638005
 -1.193805 3.513115 4.675540
 -1.130973 3.225304 -6.513512
 -1.068142 3.574847 19.668707
 -1.005310 5.383502 33.732678
 -0.942478 7.495138 30.798303
 -0.879646 9.115739 24.550918
 -0.816814 11.182453 42.044016
 -0.753982 14.069674 44.464476
 -0.691150 16.350177 28.273332
 -0.628319 18.154102 32.914183
 -0.565487 20.561336 39.425526
 -0.502655 22.617734 26.957104
 -0.439823 24.631900 40.817304
 -0.376991 27.625190 47.909697
 -0.314159 30.031541 29.630783
 -0.251327 31.906080 32.459104
 -0.188496 33.964555 27.999121
 -0.125664 35.129023 10.402306
 -0.062832 35.573314 4.778783
 0.000000 35.669721 -2.759883
 0.062832 35.246932 -10.265285
 0.125664 34.375072 -17.791616
 0.188496 32.977656 -26.615152
 0.251327 31.211732 -28.105953
 0.314159 29.315413 -34.311747
 0.376991 26.908173 -41.645002
 0.439823 24.070349 -47.523534
 0.502655 21.170394 -43.962973
 0.565487 18.586276 -37.945335
 0.628319 16.484493 -27.442464
 0.691150 15.214421 -16.082500
 0.753982 13.546450 -41.160156
 0.816814 10.891595 -34.331588
 0.879646 9.544550 -12.112240
 0.942478 8.920628 -5.842419
 1.005310 9.295184 17.523445
 1.068142 10.238768 2.655707
 1.130973 9.625683 -13.903250
 1.193805 9.244387 2.843264
 1.256637 9.526510 1.726480
 1.319469 9.916765 19.025843
 1.382301 12.496957 62.911964
 1.445133 17.331842 83.409641
 1.507964 22.377283 64.780308
 1.570796 26.203319 57.803544
 1.633628 29.888645 55.888156
 1.696460 33.474043 60.892879
 1.759292 37.602492 65.172265
 1.822124 41.592229 57.491110
 1.884956 45.066642 51.094993
 1.947787 48.350643 55.329643
 2.010619 51.997667 56.488107
 2.073451 55.207577 43.683236
 2.136283 57.506225 28.148794
 2.199115 58.945204 18.563535
 2.261947 59.715961 -0.337940
 2.324779 58.255562 -39.456590
 2.387610 55.780073 -39.710125
 2.450442 52.797389 -55.178900
 2.513274 49.174847 -58.621796
 2.576106 45.482941 -58.620357
 2.638938 41.813023 -58.486450
 2.701770 38.118881 -58.391093
 2.764602 34.533646 -56.817776
 2.827433 30.747619 -63.807464
 2.890265 26.742137 -61.503619
 2.953097 23.190998 -52.240827
 3.015929 19.592728 -65.988186
 3.078761 15.603794 -53.151834
