#! FIELDS phi3 ffphi3 dffphi3_phi3
#! SET min_phi3 -pi
#! SET max_phi3 pi
#! SET nbins_phi3  100
#! SET periodic_phi3 true
 -3.141593 21.445146 -54.196334
 -3.078761 18.230593 -47.637199
 -3.015929 15.487190 -39.847078
 -2.953097 13.160918 -34.685438
 -2.890265 11.119383 -30.201797
 -2.827433 9.354841 -25.843229
 -2.764602 7.934011 -19.288741
 -2.701770 6.849585 -15.686168
 -2.638938 5.991514 -11.746698
 -2.576106 5.249197 -12.604995
 -2.513274 4.482513 -10.904426
 -2.450442 3.874871 -8.941167
 -2.387610 3.363323 -6.981808
 -2.324779 3.005082 -4.810816
 -2.261947 2.710390 -4.638803
 -2.199115 2.452540 -3.453074
 -2.136283 2.234903 -3.946549
 -2.073451 2.009486 -2.505766
 -2.010619 1.881005 -2.504568
 -1.947787 1.704034 -2.466121
 -1.884956 1.578278 -1.958744
 -1.822124 1.426072 -3.144374
 -1.759292 1.188506 -4.162289
 -1.696460 0.908689 -4.819958
 -1.633628 0.618586 -4.243296
 -1.570796 0.337030 -5.155591
 -1.507964 -0.003170 -4.926439
 -1.445133 -0.204145 -1.527426
 -1.382301 -0.263865 -0.873801
 -1.319469 -0.280965 0.955439
 -1.256637 -0.119654 3.942626
 -1.193805 0.251260 8.658678
 -1.130973 1.007540 14.429257
 -1.068142 1.927484 14.957668
 -1.005310 3.041649 21.090868
 -0.942478 4.520848 25.115087
 -0.879646 6.196613 28.338048
 -0.816814 8.091385 31.780883
 -0.753982 10.238560 36.183930
 -0.691150 12.531030 35.789587
 -0.628319 14.875598 39.594227
 -0.565487 17.503000 42.213932
 -0.502655 20.059492 38.584408
 -0.439823 22.538760 41.413748
 -0.376991 25.384002 48.579962
 -0.314159 28.543167 49.106346
 -0.251327 31.335293 37.852399
 -0.188496 33.338653 26.324707
 -0.125664 34.854477 24.067056
 -0.062832 36.746379 36.454083
 0.000000 38.819098 21.190699
 0.062832 39.448018 5.629149
 0.125664 40.062306 14.441821
 0.188496 40.969515 8.631183
 0.251327 40.605855 -19.063401
 0.314159 38.989947 -30.490657
 0.376991 36.939055 -32.391283
 0.439823 35.193728 -23.072929
 0.502655 33.724893 -27.003838
 0.565487 31.773502 -32.771719
 0.628319 29.746020 -32.107728
 0.691150 27.745626 -30.576153
 0.753982 26.035609 -23.766909
 0.816814 24.637084 -21.472768
 0.879646 23.446256 -14.892664
 0.942478 22.826570 -5.395945
 1.005310 22.700038 1.079873
 1.068142 22.921415 5.618580
 1.130973 23.412481 10.359166
 1.193805 24.267237 16.764297
 1.256637 25.491459 22.090052
 1.319469 27.107995 29.795263
 1.382301 29.235132 37.005064
 1.445133 31.673072 39.937256
 1.507964 34.275193 42.556741
 1.570796 37.105290 47.935747
 1.633628 40.418042 55.550319
 1.696460 43.672042 46.215647
 1.759292 47.232143 75.440154
 1.822124 53.783901 133.417802
 1.884956 inf nan
 1.947787 inf nan
 2.010619 inf nan
 2.073451 inf nan
 2.136283 inf nan
 2.199115 inf nan
 2.261947 inf nan
 2.324779 inf nan
 2.387610 inf nan
 2.450442 inf nan
 2.513274 inf nan
 2.576106 inf nan
 2.638938 70.162616 -233.421611
 2.701770 57.320529 -173.834212
 2.764602 48.098141 -121.474362
 2.827433 41.620085 -88.509156
 2.890265 36.674377 -69.740530
 2.953097 32.658383 -60.798132
 3.015929 28.798315 -61.951825
 3.078761 24.991268 -58.589153
