#! FIELDS psi2 ffpsi2 dffpsi2_psi2
#! SET min_psi2 -pi
#! SET max_psi2 pi
#! SET nbins_psi2  100
#! SET periodic_psi2 true
 -3.141593 14.864340 44.776302
 -3.078761 17.829059 49.281601
 -3.015929 21.062725 52.273279
 -2.953097 24.407836 53.429187
 -2.890265 27.861808 55.117972
 -2.827433 31.296985 52.395871
 -2.764602 34.573594 53.081509
 -2.701770 38.390999 67.518520
 -2.638938 42.445153 56.047559
 -2.576106 46.508722 80.935881
 -2.513274 53.450927 138.829832
 -2.450442 inf nan
 -2.387610 inf nan
 -2.324779 inf nan
 -2.261947 inf nan
 -2.199115 inf nan
 -2.136283 inf nan
 -2.073451 inf nan
 -2.010619 inf nan
 -1.947787 inf nan
 -1.884956 inf nan
 -1.822124 inf nan
 -1.759292 inf nan
 -1.696460 inf nan
 -1.633628 70.662789 -222.633217
 -1.570796 58.561757 -161.691311
 -1.507964 50.257239 -103.524555
 -1.445133 45.385548 -53.194826
 -1.382301 43.378706 -12.314899
 -1.319469 43.127740 -8.846207
 -1.256637 41.626158 -27.831008
 -1.193805 40.324769 -16.943002
 -1.130973 38.877792 -31.467865
 -1.068142 36.551216 -38.741991
 -1.005310 34.399580 -29.162981
 -0.942478 32.724669 -25.240515
 -0.879646 31.262773 -20.984048
 -0.816814 29.948143 -22.611585
 -0.753982 28.381245 -26.133722
 -0.691150 26.783616 -24.567797
 -0.628319 25.256881 -24.427078
 -0.565487 23.655739 -26.936891
 -0.502655 21.901400 -28.195981
 -0.439823 20.178185 -26.289776
 -0.376991 18.647519 -22.358450
 -0.314159 17.310553 -20.635467
 -0.251327 16.081776 -18.003925
 -0.188496 15.065114 -14.398330
 -0.125664 14.267717 -11.421228
 -0.062832 13.543632 -11.911840
 0.000000 12.812834 -10.639537
 0.062832 12.330341 -4.112041
 0.125664 12.194001 -1.992044
 0.188496 11.985665 -4.386175
 0.251327 11.668830 -5.679641
 0.314159 11.282482 -6.595012
 0.376991 10.868227 -6.312774
 0.439823 10.468152 -7.136756
 0.502655 9.925623 -9.592561
 0.565487 9.407723 -6.156359
 0.628319 9.102050 -4.662017
 0.691150 8.761919 -5.846298
 0.753982 8.423352 -4.901574
 0.816814 8.123214 -4.673462
 0.879646 7.874461 -3.035227
 0.942478 7.728769 -1.846239
 1.005310 7.646611 -0.684263
 1.068142 7.629973 -0.167408
 1.130973 7.600695 -0.884543
 1.193805 7.518406 -1.627337
 1.256637 7.392749 -3.065962
 1.319469 7.088499 -5.825659
 1.382301 6.786853 -3.748734
 1.445133 6.534760 -4.873281
 1.507964 6.154148 -7.316688
 1.570796 5.605927 -10.071391
 1.633628 4.939853 -10.888716
 1.696460 4.197073 -13.159157
 1.759292 3.358856 -12.131001
 1.822124 2.785763 -6.461155
 1.884956 2.433242 -5.394925
 1.947787 2.034724 -8.115506
 2.010619 1.460098 -8.359069
 2.073451 1.132494 -2.640470
 2.136283 0.930349 -5.143082
 2.199115 0.498248 -7.695276
 2.261947 0.021553 -7.699887
 2.324779 -0.474819 -7.527053
 2.387610 -0.844787 -4.289487
 2.450442 -1.050015 -2.017744
 2.513274 -1.011141 3.512654
 2.576106 -0.639143 8.072463
 2.638938 -0.001689 12.091259
 2.701770 0.889563 16.378299
 2.764602 2.063676 20.892781
 2.827433 3.533928 25.782928
 2.890265 5.290568 29.930530
 2.953097 7.307828 33.905131
 3.015929 9.561612 37.874751
 3.078761 12.109147 42.458587
