#! FIELDS psi3 ffpsi3 dffpsi3_psi3
#! SET min_psi3 -pi
#! SET max_psi3 pi
#! SET nbins_psi3  100
#! SET periodic_psi3 true
 -3.141593 8.742177 16.844631
 -3.078761 9.832297 17.301613
 -3.015929 10.963907 19.319638
 -2.953097 12.275176 21.671351
 -2.890265 13.642413 21.773190
 -2.827433 15.046429 22.825349
 -2.764602 16.491928 22.604608
 -2.701770 17.888177 22.012453
 -2.638938 19.279297 21.656550
 -2.576106 20.555480 18.819981
 -2.513274 21.712940 18.153576
 -2.450442 22.811376 16.260153
 -2.387610 23.743784 13.368634
 -2.324779 24.529230 11.894940
 -2.261947 25.263502 11.039405
 -2.199115 25.853898 7.744196
 -2.136283 26.331225 8.008735
 -2.073451 26.874550 8.875473
 -2.010619 27.396328 7.615870
 -1.947787 27.882467 8.123990
 -1.884956 28.405852 8.070006
 -1.822124 28.865995 6.457102
 -1.759292 29.182944 2.871087
 -1.696460 29.160163 -3.889634
 -1.633628 28.647887 -12.849587
 -1.570796 27.559954 -21.283021
 -1.507964 26.031424 -27.098895
 -1.445133 24.218167 -29.908844
 -1.382301 22.292590 -31.857470
 -1.319469 20.191451 -34.727837
 -1.256637 17.995492 -34.299688
 -1.193805 15.976790 -29.899672
 -1.130973 14.170648 -28.260121
 -1.068142 12.368241 -29.157212
 -1.005310 10.577971 -26.909895
 -0.942478 9.064773 -21.272293
 -0.879646 7.811845 -19.764754
 -0.816814 6.539820 -19.689439
 -0.753982 5.445772 -15.597367
 -0.691150 4.484211 -15.379393
 -0.628319 3.441257 -17.857102
 -0.565487 2.441216 -12.529534
 -0.502655 1.780113 -10.409566
 -0.439823 1.040698 -12.232305
 -0.376991 0.464371 -4.584633
 -0.314159 0.418380 0.641447
 -0.251327 0.281210 -5.055801
 -0.188496 -0.107296 -6.707359
 -0.125664 -0.373537 0.401330
 -0.062832 -0.013233 8.814271
 0.000000 0.406567 3.962442
 0.062832 0.721850 7.987071
 0.125664 1.401871 11.674736
 0.188496 1.995472 7.150839
 0.251327 2.363077 4.526536
 0.314159 2.612932 4.267517
 0.376991 2.994459 8.171798
 0.439823 3.561573 8.198440
 0.502655 3.916685 3.759804
 0.565487 4.163903 4.391199
 0.628319 4.475799 5.670194
 0.691150 4.912847 8.390815
 0.753982 5.451798 6.801863
 0.816814 5.619114 -0.421854
 0.879646 5.637843 1.924364
 0.942478 5.843087 3.904882
 1.005310 6.086355 3.785978
 1.068142 6.333408 4.440303
 1.130973 6.709158 7.067825
 1.193805 7.016123 1.471338
 1.256637 7.025400 0.376135
 1.319469 7.102773 1.773146
 1.382301 7.240131 2.075694
 1.445133 7.273556 -1.050798
 1.507964 7.173025 -1.812676
 1.570796 7.149547 2.031048
 1.633628 7.370812 3.273333
 1.696460 7.432533 -1.488687
 1.759292 7.231230 -4.069127
 1.822124 7.002099 -3.341772
 1.884956 6.819664 -2.101302
 1.947787 6.690863 -3.137778
 2.010619 6.410639 -4.861021
 2.073451 6.138233 -4.192021
 2.136283 5.858973 -4.396934
 2.199115 5.634259 -2.700411
 2.261947 5.526211 -0.613418
 2.324779 5.515154 -0.677590
 2.387610 5.393981 -2.747032
 2.450442 5.251604 -1.508941
 2.513274 5.179273 -1.239663
 2.576106 5.102580 -0.807410
 2.638938 5.092498 0.122349
 2.701770 5.112669 1.006286
 2.764602 5.262228 3.463520
 2.827433 5.531521 5.357002
 2.890265 5.958611 8.035483
 2.953097 6.517467 9.480862
 3.015929 7.123714 9.732178
 3.078761 7.803217 12.568732
