#! FIELDS psi3 ffpsi3 dffpsi3_psi3
#! SET min_psi3 -pi
#! SET max_psi3 pi
#! SET nbins_psi3  100
#! SET periodic_psi3 true
 -3.141593 10.569247 20.469196
 -3.078761 11.838995 19.191208
 -3.015929 12.876722 12.432913
 -2.953097 13.486472 10.123310
 -2.890265 14.547863 24.798268
 -2.827433 16.348017 26.298014
 -2.764602 17.491045 16.526019
 -2.701770 19.360338 44.266173
 -2.638938 21.874540 13.760721
 -2.576106 21.092829 -18.917829
 -2.513274 20.407177 -4.570733
 -2.450442 20.435404 7.535900
 -2.387610 21.698934 34.445122
 -2.324779 24.790587 61.096702
 -2.261947 27.843674 22.422500
 -2.199115 28.968361 26.914410
 -2.136283 31.222347 35.092701
 -2.073451 32.537838 9.908502
 -2.010619 32.956770 4.111793
 -1.947787 33.272087 8.795036
 -1.884956 34.113040 14.597390
 -1.822124 34.933716 14.422472
 -1.759292 35.846702 5.278517
 -1.696460 35.112328 -18.169757
 -1.633628 34.272333 -16.233319
 -1.570796 31.351005 -73.675320
 -1.507964 26.864099 -61.511104
 -1.445133 23.876470 -35.093255
 -1.382301 21.696807 -39.815557
 -1.319469 19.343112 -30.560357
 -1.256637 17.423435 -35.257554
 -1.193805 15.361851 -24.944704
 -1.130973 14.132546 -20.515858
 -1.068142 12.446354 -30.377904
 -1.005310 10.560276 -29.399815
 -0.942478 8.842351 -24.376092
 -0.879646 7.505748 -18.724247
 -0.816814 6.358906 -19.099392
 -0.753982 5.116061 -19.010646
 -0.691150 4.023195 -16.633494
 -0.628319 3.002768 -15.197126
 -0.565487 2.130700 -12.987037
 -0.502655 1.367989 -10.986817
 -0.439823 0.760701 -8.419883
 -0.376991 0.308279 -6.130101
 -0.314159 -0.027883 -4.458100
 -0.251327 -0.225594 -1.958247
 -0.188496 -0.307593 -0.827008
 -0.125664 -0.326860 0.309085
 -0.062832 -0.209108 4.138715
 0.000000 0.207209 8.080503
 0.062832 0.653348 5.681842
 0.125664 0.993222 5.736906
 0.188496 1.411857 7.608312
 0.251327 1.938284 8.792917
 0.314159 2.510290 9.324321
 0.376991 3.019403 5.864953
 0.439823 3.304982 4.769249
 0.502655 3.725088 7.834123
 0.565487 4.134134 4.716060
 0.628319 4.384669 3.587136
 0.691150 4.645082 5.701573
 0.753982 5.138449 8.623896
 0.816814 5.581858 5.566414
 0.879646 5.868507 3.429459
 0.942478 6.087686 4.311789
 1.005310 6.379014 3.661393
 1.068142 6.507043 1.750201
 1.130973 6.760118 6.049755
 1.193805 7.150538 5.706555
 1.256637 7.472148 4.853616
 1.319469 7.767074 3.628776
 1.382301 7.878156 0.838946
 1.445133 8.057556 5.813937
 1.507964 8.523626 6.098838
 1.570796 8.559938 -3.545397
 1.633628 8.424976 0.284729
 1.696460 8.507497 1.515016
 1.759292 8.685351 4.882638
 1.822124 8.999221 2.706298
 1.884956 8.914557 -3.654653
 1.947787 8.811272 0.678648
 2.010619 8.774402 -4.013206
 2.073451 8.409355 -4.781854
 2.136283 8.344588 1.796663
 2.199115 8.384706 -1.961735
 2.261947 8.175109 -3.159656
 2.324779 8.029018 -2.687722
 2.387610 7.755601 -5.183373
 2.450442 7.502507 -3.080201
 2.513274 7.289634 -3.745612
 2.576106 7.061243 -3.384917
 2.638938 6.920443 -0.753961
 2.701770 6.956040 1.863698
 2.764602 7.201616 5.815663
 2.827433 7.533075 3.112435
 2.890265 7.576220 -0.383829
 2.953097 7.736930 7.182361
 3.015929 8.480740 14.563404
 3.078761 9.408847 15.698940
