#! FIELDS psi2 ffpsi2 dffpsi2_psi2
#! SET min_psi2 -pi
#! SET max_psi2 pi
#! SET nbins_psi2  100
#! SET periodic_psi2 true
 -3.141593 15.096045 47.316466
 -3.078761 18.118564 47.812714
 -3.015929 21.196701 50.095024
 -2.953097 24.466657 52.494168
 -2.890265 27.810112 53.394615
 -2.827433 31.287322 56.061073
 -2.764602 34.890351 57.517814
 -2.701770 38.560975 56.828478
 -2.638938 41.420041 22.335631
 -2.576106 41.351621 -14.126788
 -2.513274 40.415479 -14.567418
 -2.450442 39.394772 -19.893954
 -2.387610 37.984586 -22.405401
 -2.324779 36.765638 -16.792237
 -2.261947 35.736108 -16.472060
 -2.199115 34.706189 -16.626990
 -2.136283 33.638801 -16.423957
 -2.073451 32.750413 -11.994035
 -2.010619 32.022375 -12.204663
 -1.947787 31.177434 -13.908964
 -1.884956 30.406471 -10.440265
 -1.822124 29.811235 -8.565528
 -1.759292 29.394897 -4.504203
 -1.696460 29.174437 -3.216516
 -1.633628 28.988646 -2.373235
 -1.570796 28.873463 -1.725108
 -1.507964 28.748114 -2.069758
 -1.445133 28.678170 0.200988
 -1.382301 28.743576 1.266663
 -1.319469 28.826798 1.499596
 -1.256637 28.899386 0.420031
 -1.193805 28.921546 0.953876
 -1.130973 29.062969 3.275728
 -1.068142 29.248383 1.824687
 -1.005310 29.270573 -0.796153
 -0.942478 29.179673 -2.366070
 -0.879646 28.927216 -5.847032
 -0.816814 28.450682 -9.450641
 -0.753982 27.712203 -14.233893
 -0.691150 26.650749 -19.550325
 -0.628319 25.273098 -24.406261
 -0.565487 23.583290 -28.317017
 -0.502655 21.947374 -22.775855
 -0.439823 20.605237 -21.759527
 -0.376991 19.101973 -25.708582
 -0.314159 17.526085 -23.155728
 -0.251327 16.261078 -17.218121
 -0.188496 15.338766 -12.545117
 -0.125664 14.531612 -14.587994
 -0.062832 13.583171 -13.255781
 0.000000 13.012272 -5.587201
 0.062832 12.736783 -4.177111
 0.125664 12.398866 -6.637899
 0.188496 11.975616 -6.691863
 0.251327 11.502922 -8.282471
 0.314159 11.079259 -4.370920
 0.376991 10.875099 -3.308739
 0.439823 10.605280 -5.621424
 0.502655 10.136993 -8.643855
 0.565487 9.694798 -4.504776
 0.628319 9.501929 -3.503099
 0.691150 9.118618 -7.795417
 0.753982 8.708593 -4.816607
 0.816814 8.454340 -4.174056
 0.879646 8.073511 -7.907694
 0.942478 7.721668 -0.740527
 1.005310 7.945318 4.155704
 1.068142 7.881408 -5.266084
 1.130973 7.581607 -2.862600
 1.193805 7.533670 0.311195
 1.256637 7.492152 -2.066249
 1.319469 7.256828 -5.712972
 1.382301 6.866549 -5.033804
 1.445133 6.637366 -4.274169
 1.507964 6.180015 -9.482862
 1.570796 5.582678 -9.275733
 1.633628 4.992037 -9.812665
 1.696460 4.300944 -12.497664
 1.759292 3.469058 -13.113199
 1.822124 2.728900 -10.334100
 1.884956 2.178374 -7.105842
 1.947787 1.820740 -4.706152
 2.010619 1.534041 -4.612447
 2.073451 1.250773 -4.434036
 2.136283 0.914365 -7.144078
 2.199115 0.363241 -9.088973
 2.261947 -0.090803 -5.486527
 2.324779 -0.441846 -6.380877
 2.387610 -0.809005 -4.163253
 2.450442 -0.944323 -0.563342
 2.513274 -0.890370 2.137323
 2.576106 -0.677286 5.368435
 2.638938 -0.084747 13.594500
 2.701770 0.887582 15.869869
 2.764602 1.933007 18.791284
 2.827433 3.354430 25.999679
 2.890265 5.171405 31.834687
 2.953097 7.326749 35.653987
 3.015929 9.644594 38.448260
 3.078761 12.225227 43.203680
