#! FIELDS psi4 ffpsi4 dffpsi4_psi4
#! SET min_psi4 -pi
#! SET max_psi4 pi
#! SET nbins_psi4  100
#! SET periodic_psi4 true
 -3.141593 4.789621 17.172416
 -3.078761 5.954997 19.882514
 -3.015929 7.257259 21.157861
 -2.953097 8.651752 23.542840
 -2.890265 10.211871 25.263688
 -2.827433 11.785343 24.826095
 -2.764602 13.380300 25.709354
 -2.701770 14.971519 24.085084
 -2.638938 16.373033 20.559747
 -2.576106 17.625973 19.325106
 -2.513274 18.776775 16.802228
 -2.450442 19.747490 14.165248
 -2.387610 20.572985 12.084921
 -2.324779 21.279385 10.162480
 -2.261947 21.821520 6.818806
 -2.199115 22.144924 3.692467
 -2.136283 22.321550 1.865951
 -2.073451 22.355192 -0.964485
 -2.010619 22.209078 -3.766854
 -1.947787 21.868019 -7.010393
 -1.884956 21.369251 -8.662999
 -1.822124 20.798857 -9.354132
 -1.759292 20.191349 -10.296016
 -1.696460 19.473314 -12.553267
 -1.633628 18.645055 -13.551150
 -1.570796 17.784079 -14.035255
 -1.507964 16.856273 -15.411918
 -1.445133 15.887232 -15.336893
 -1.382301 14.909596 -15.807415
 -1.319469 13.941410 -14.674943
 -1.256637 13.083356 -12.702685
 -1.193805 12.285849 -13.501195
 -1.130973 11.349212 -15.958896
 -1.068142 10.318338 -16.892141
 -1.005310 9.217869 -18.146464
 -0.942478 8.061495 -18.248388
 -0.879646 6.950873 -17.370286
 -0.816814 5.873630 -16.275341
 -0.753982 4.999472 -11.433411
 -0.691150 4.352008 -10.284645
 -0.628319 3.627090 -12.561336
 -0.565487 2.888234 -9.732049
 -0.502655 2.526551 -1.671598
 -0.439823 2.563732 1.331951
 -0.376991 2.535847 -2.693173
 -0.314159 2.314161 -3.366040
 -0.251327 2.161766 -1.172810
 -0.188496 2.279894 5.372969
 -0.125664 2.727572 7.241018
 -0.062832 3.077008 4.074170
 0.000000 3.347202 4.849338
 0.062832 3.626104 3.685398
 0.125664 3.908639 5.954624
 0.188496 4.306271 5.469050
 0.251327 4.542807 2.830084
 0.314159 4.827272 6.459985
 0.376991 5.201446 4.113709
 0.439823 5.346149 0.816357
 0.502655 5.280421 -2.934385
 0.565487 5.096129 -2.090846
 0.628319 5.007074 -1.283311
 0.691150 4.936770 -0.679441
 0.753982 4.893449 -1.344280
 0.816814 4.778703 -1.584852
 0.879646 4.760996 0.952500
 0.942478 4.861513 2.097203
 1.005310 5.025329 2.667850
 1.068142 5.141930 1.269466
 1.130973 5.269386 3.127979
 1.193805 5.565438 6.470146
 1.256637 6.059593 8.606999
 1.319469 6.585940 7.676403
 1.382301 6.976253 4.633476
 1.445133 7.232562 4.092733
 1.507964 7.515406 4.708934
 1.570796 7.811365 4.408805
 1.633628 8.014102 1.774940
 1.696460 8.071549 0.236863
 1.759292 8.024964 -1.878809
 1.822124 7.845893 -3.958669
 1.884956 7.514545 -6.414112
 1.947787 7.078590 -7.332101
 2.010619 6.587897 -8.627883
 2.073451 5.969404 -10.767296
 2.136283 5.287464 -10.943846
 2.199115 4.570115 -11.915577
 2.261947 3.830024 -11.257244
 2.324779 3.167996 -10.101003
 2.387610 2.480348 -12.586266
 2.450442 1.621859 -12.933666
 2.513274 1.086301 -3.841541
 2.576106 0.956765 -2.142521
 2.638938 0.737315 -4.414615
 2.701770 0.509472 -1.798859
 2.764602 0.613289 4.873620
 2.827433 0.961286 4.965843
 2.890265 1.265759 5.772422
 2.953097 1.785546 11.043975
 3.015929 2.657082 16.236262
 3.078761 3.729472 17.020342
