#! FIELDS phi4 ffphi4 dffphi4_phi4
#! SET min_phi4 -pi
#! SET max_phi4 pi
#! SET nbins_phi4  100
#! SET periodic_phi4 true
 -3.141593 12.980969 -47.788550
 -3.078761 10.105165 -43.052544
 -3.015929 7.611980 -36.365670
 -2.953097 5.517740 -30.379663
 -2.890265 3.771022 -25.505947
 -2.827433 2.305777 -20.924516
 -2.764602 1.178444 -14.668248
 -2.701770 0.476017 -7.820676
 -2.638938 0.177623 -1.937117
 -2.576106 0.155597 0.642794
 -2.513274 0.287721 3.967559
 -2.450442 0.597790 5.066242
 -2.387610 0.928824 6.049805
 -2.324779 1.428831 9.840771
 -2.261947 2.063353 9.251481
 -2.199115 2.580704 7.526856
 -2.136283 3.011800 5.873638
 -2.073451 3.310000 3.717125
 -2.010619 3.481381 1.271216
 -1.947787 3.447803 -1.902079
 -1.884956 3.325427 -1.804811
 -1.822124 3.185940 -3.230267
 -1.759292 2.847249 -7.753443
 -1.696460 2.317462 -8.021174
 -1.633628 1.873106 -6.395715
 -1.570796 1.508423 -5.222708
 -1.507964 1.197884 -4.869304
 -1.445133 0.905510 -3.970689
 -1.382301 0.786015 0.453187
 -1.319469 0.936414 4.107948
 -1.256637 1.333286 8.888905
 -1.193805 2.052331 13.353099
 -1.130973 2.956254 15.574931
 -1.068142 4.076339 20.178689
 -1.005310 5.480059 24.163560
 -0.942478 7.071425 25.862079
 -0.879646 8.742436 27.687487
 -0.816814 10.615675 31.641185
 -0.753982 12.707441 34.630666
 -0.691150 14.941684 35.474451
 -0.628319 17.168006 35.459129
 -0.565487 19.445378 36.611918
 -0.502655 21.791362 37.372315
 -0.439823 24.103487 35.733269
 -0.376991 26.375411 36.558944
 -0.314159 28.659017 34.635233
 -0.251327 30.683020 29.866871
 -0.188496 32.501792 27.569089
 -0.125664 34.092535 22.293106
 -0.062832 35.284770 15.223014
 0.000000 35.980840 6.451172
 0.062832 36.033378 -5.205719
 0.125664 35.382078 -14.881181
 0.188496 34.183850 -23.575075
 0.251327 32.400953 -32.918691
 0.314159 30.149181 -37.718233
 0.376991 27.714411 -39.974405
 0.439823 25.127275 -42.036145
 0.502655 22.439363 -43.621613
 0.565487 19.704941 -42.553279
 0.628319 17.139980 -39.156464
 0.691150 14.788071 -35.598049
 0.753982 12.655974 -32.344409
 0.816814 10.776312 -26.721137
 0.879646 9.345593 -19.006474
 0.942478 8.363545 -12.089682
 1.005310 7.857874 -4.088491
 1.068142 7.813867 2.599634
 1.130973 8.227728 11.055267
 1.193805 9.239325 20.970261
 1.256637 10.818704 28.934481
 1.319469 12.882361 36.646684
 1.382301 15.445662 44.793100
 1.445133 18.548120 53.311005
 1.507964 22.147035 60.004096
 1.570796 26.125919 65.059517
 1.633628 30.359795 67.280301
 1.696460 34.680326 67.915990
 1.759292 38.980295 66.077514
 1.822124 43.079411 61.884160
 1.884956 46.845325 55.840215
 1.947787 50.152841 47.827056
 2.010619 52.927037 39.496716
 2.073451 55.144162 30.275854
 2.136283 56.715348 18.824271
 2.199115 57.501883 6.039739
 2.261947 57.465235 -7.708942
 2.324779 56.508610 -22.308886
 2.387610 54.772260 -32.335296
 2.450442 52.459248 -41.576327
 2.513274 49.547258 -50.441045
 2.576106 46.216698 -55.110585
 2.638938 42.633444 -59.023368
 2.701770 38.802442 -62.462040
 2.764602 34.854548 -62.746715
 2.827433 30.942913 -61.703403
 2.890265 27.065155 -62.086335
 2.953097 23.159167 -61.529014
 3.015929 19.422635 -56.785386
 3.078761 16.059316 -50.563401
