#! FIELDS psi3 ffpsi3 dffpsi3_psi3
#! SET min_psi3 -pi
#! SET max_psi3 pi
#! SET nbins_psi3  100
#! SET periodic_psi3 true
 -3.141593 15.848692 26.849141
 -3.078761 16.909673 21.732910
 -3.015929 18.561777 19.055351
 -2.953097 19.520378 25.447204
 -2.890265 22.594885 69.567663
 -2.827433 26.618725 41.788932
 -2.764602 27.868800 -4.547523
 -2.701770 27.179239 -2.332815
 -2.638938 27.499282 -2.101265
 -2.576106 26.852238 -3.084593
 -2.513274 28.006782 38.153028
 -2.450442 30.657517 32.273697
 -2.387610 29.403295 -79.158085
 -2.324779 24.292157 -64.026509
 -2.261947 22.100485 -4.620439
 -2.199115 23.725609 55.518851
 -2.136283 28.300677 65.005022
 -2.073451 27.469287 -57.167909
 -2.010619 25.080317 -12.082172
 -1.947787 26.088912 41.221976
 -1.884956 27.998785 -10.402629
 -1.822124 26.509715 -17.221345
 -1.759292 25.821332 -9.214766
 -1.696460 25.769486 13.534722
 -1.633628 27.309497 22.512793
 -1.570796 26.621633 -38.564616
 -1.507964 24.634918 -16.794793
 -1.445133 24.538903 9.721179
 -1.382301 24.621158 -21.063541
 -1.319469 22.091540 -46.517300
 -1.256637 19.764711 -24.415780
 -1.193805 18.938952 -7.138305
 -1.130973 17.538788 -50.385707
 -1.068142 13.397321 -61.001622
 -1.005310 11.106383 -10.797636
 -0.942478 11.513072 13.020911
 -0.879646 11.229772 -22.926988
 -0.816814 9.841643 -14.894320
 -0.753982 8.682734 -30.796650
 -0.691150 6.642068 -25.808904
 -0.628319 5.545907 -10.215403
 -0.565487 5.595415 13.919819
 -0.502655 6.353587 -11.415988
 -0.439823 4.380403 -28.259051
 -0.376991 3.761419 5.305963
 -0.314159 4.425566 13.684469
 -0.251327 5.438096 16.372927
 -0.188496 6.006324 -2.276416
 -0.125664 5.208668 -16.955526
 -0.062832 4.359429 -10.730186
 0.000000 3.988051 3.599205
 0.062832 5.256629 35.211621
 0.125664 4.496222 -98.446051
 0.188496 -1.639639 -75.182064
 0.251327 -4.475580 -14.914446
 0.314159 -3.564851 42.396190
 0.376991 0.103679 61.036358
 0.439823 3.243292 48.764261
 0.502655 7.016654 67.257594
 0.565487 10.851367 46.527809
 0.628319 11.285991 -48.157244
 0.691150 7.137560 -59.657571
 0.753982 4.919471 -8.866131
 0.816814 6.055812 43.116852
 0.879646 9.147442 35.953890
 0.942478 10.285373 14.137345
 1.005310 11.426566 16.798583
 1.068142 11.942992 2.499476
 1.130973 12.457577 18.464574
 1.193805 14.429916 39.089374
 1.256637 16.080626 13.936564
 1.319469 17.629266 40.732226
 1.382301 20.636860 41.546509
 1.445133 21.293512 -26.107025
 1.507964 18.457378 -45.213195
 1.570796 16.656202 -14.054635
 1.633628 16.167360 -1.480226
 1.696460 16.912847 24.386192
 1.759292 17.550398 -16.570686
 1.822124 16.399850 -7.504842
 1.884956 16.680661 10.139116
 1.947787 17.001003 0.550316
 2.010619 17.459750 20.452237
 2.073451 19.481853 25.720603
 2.136283 18.705803 -27.073439
 2.199115 18.047744 4.926705
 2.261947 17.801387 -37.482341
 2.324779 14.039244 -54.061924
 2.387610 12.365661 1.875891
 2.450442 13.955347 41.103200
 2.513274 16.027077 18.475553
 2.576106 16.517401 -2.076139
 2.638938 15.440314 -45.109138
 2.701770 11.572016 -55.892422
 2.764602 9.558122 -7.952091
 2.827433 10.165784 20.165295
 2.890265 11.127727 10.850522
 2.953097 12.079967 14.682111
 3.015929 12.202088 -1.696243
 3.078761 13.268466 37.871120
