#! FIELDS phi4 ffphi4 dffphi4_phi4
#! SET min_phi4 -pi
#! SET max_phi4 pi
#! SET nbins_phi4  100
#! SET periodic_phi4 true
 -3.141593 12.355467 -43.025006
 -3.078761 9.869817 -37.764646
 -3.015929 7.530448 -36.002483
 -2.953097 5.399625 -31.580998
 -2.890265 3.655092 -23.669338
 -2.827433 2.353702 -18.061774
 -2.764602 1.353111 -14.724706
 -2.701770 0.512756 -10.287664
 -2.638938 0.199884 -0.513694
 -2.576106 0.169433 -2.289863
 -2.513274 0.010482 -0.645647
 -2.450442 0.154382 4.219127
 -2.387610 0.505314 7.408580
 -2.324779 1.030057 7.331240
 -2.261947 1.319864 4.582676
 -2.199115 2.034514 17.528051
 -2.136283 2.852737 4.618329
 -2.073451 2.993561 2.958354
 -2.010619 3.158970 2.129883
 -1.947787 3.510207 9.053991
 -1.884956 3.764009 -4.773381
 -1.822124 3.279942 -5.806190
 -1.759292 3.137715 -1.379683
 -1.696460 2.745219 -11.463962
 -1.633628 2.048066 -7.918366
 -1.570796 1.773914 -2.687728
 -1.507964 1.527918 -5.230615
 -1.445133 1.171823 -5.487286
 -1.382301 0.964669 -0.759189
 -1.319469 0.997982 1.643565
 -1.256637 1.332199 10.270103
 -1.193805 2.203429 15.049242
 -1.130973 3.085551 14.150461
 -1.068142 4.161935 20.303681
 -1.005310 5.573720 23.970467
 -0.942478 7.204653 28.315083
 -0.879646 9.106807 30.885297
 -0.816814 10.935065 26.658171
 -0.753982 12.663129 30.544526
 -0.691150 14.948063 41.528058
 -0.628319 17.688188 43.058664
 -0.565487 20.170562 35.002918
 -0.502655 22.304713 34.214149
 -0.439823 24.578180 37.337368
 -0.376991 26.899478 35.513904
 -0.314159 29.046147 32.483478
 -0.251327 31.039267 30.814218
 -0.188496 32.903313 27.993816
 -0.125664 34.648578 27.987564
 -0.062832 36.268628 20.928902
 0.000000 37.316051 14.824075
 0.062832 38.426201 20.967481
 0.125664 39.592686 11.333719
 0.188496 39.788152 -4.502604
 0.251327 38.718140 -27.695308
 0.314159 36.943142 -29.375356
 0.376991 34.654336 -41.947725
 0.439823 32.033749 -42.384871
 0.502655 29.080725 -50.000270
 0.565487 26.204568 -39.845218
 0.628319 23.889061 -36.239458
 0.691150 21.640973 -33.957020
 0.753982 19.692999 -28.129843
 0.816814 18.089473 -23.160855
 0.879646 16.778769 -18.143997
 0.942478 15.844097 -11.695165
 1.005310 15.305881 -5.322531
 1.068142 15.202578 2.328574
 1.130973 15.646180 12.078841
 1.193805 16.714042 21.637173
 1.256637 18.417608 33.041001
 1.319469 20.751788 38.416940
 1.382301 23.043007 35.272032
 1.445133 25.617341 49.385767
 1.507964 29.322390 66.015274
 1.570796 33.821853 76.854641
 1.633628 38.738667 69.547435
 1.696460 42.438476 49.972780
 1.759292 44.615250 20.974183
 1.822124 46.517885 44.138528
 1.884956 50.173480 71.493978
 1.947787 53.563389 -10.824553
 2.010619 51.667427 -19.122445
 2.073451 52.034762 31.797377
 2.136283 55.760104 86.620510
 2.199115 59.010864 -70.021330
 2.261947 54.050008 -55.598615
 2.324779 52.526096 7.090987
 2.387610 54.929592 68.551995
 2.450442 57.229401 -86.258440
 2.513274 50.774399 -83.501070
 2.576106 47.210185 -31.662411
 2.638938 45.620716 -41.718551
 2.701770 41.439711 -71.977415
 2.764602 37.030107 -74.891411
 2.827433 32.017806 -79.279556
 2.890265 27.384067 -69.205260
 2.953097 22.976751 -71.453131
 3.015929 18.798123 -59.507650
 3.078761 15.355795 -51.626465
