#! FIELDS psi3 ffpsi3 dffpsi3_psi3
#! SET min_psi3 -pi
#! SET max_psi3 pi
#! SET nbins_psi3  100
#! SET periodic_psi3 true
 -3.141593 5.620940 14.901493
 -3.078761 6.640341 16.467949
 -3.015929 7.613504 15.637490
 -2.953097 8.840322 23.586833
 -2.890265 10.409796 24.711085
 -2.827433 11.892920 22.784658
 -2.764602 13.370134 24.341964
 -2.701770 14.940365 25.247337
 -2.638938 16.539375 25.283955
 -2.576106 18.087933 23.564508
 -2.513274 19.542729 22.988437
 -2.450442 20.969828 21.514388
 -2.387610 22.194921 17.674037
 -2.324779 23.289847 16.929452
 -2.261947 24.203117 11.267054
 -2.199115 24.749195 6.711446
 -2.136283 25.083278 3.607422
 -2.073451 25.174214 -0.638803
 -2.010619 25.023459 -4.368963
 -1.947787 24.659032 -6.376908
 -1.884956 24.292641 -5.564431
 -1.822124 23.882382 -7.906601
 -1.759292 23.322608 -9.420360
 -1.696460 22.725727 -9.880610
 -1.633628 22.048446 -11.657791
 -1.570796 21.281747 -12.625272
 -1.507964 20.447899 -14.133388
 -1.445133 19.537721 -14.425340
 -1.382301 18.642052 -14.024863
 -1.319469 17.833807 -11.470817
 -1.256637 17.129711 -11.757012
 -1.193805 16.363410 -11.924338
 -1.130973 15.649451 -11.438071
 -1.068142 14.898414 -11.899380
 -1.005310 14.191252 -11.418481
 -0.942478 13.339555 -15.551841
 -0.879646 12.372467 -14.739536
 -0.816814 11.395353 -17.187082
 -0.753982 10.235664 -19.095006
 -0.691150 9.095111 -16.464336
 -0.628319 8.121072 -16.064302
 -0.565487 6.972624 -19.609793
 -0.502655 5.856021 -15.150944
 -0.439823 4.972264 -14.454989
 -0.376991 4.024000 -14.446620
 -0.314159 3.289019 -8.626220
 -0.251327 2.918444 -3.922660
 -0.188496 2.671461 -4.561908
 -0.125664 2.353813 -5.235983
 -0.062832 2.057075 -3.910002
 0.000000 1.880209 -1.611454
 0.062832 1.892449 1.806188
 0.125664 2.002279 0.954083
 0.188496 2.037799 0.967641
 0.251327 2.195375 4.102318
 0.314159 2.526976 5.636177
 0.376991 2.778826 2.005244
 0.439823 2.850558 0.874883
 0.502655 2.878828 -0.852748
 0.565487 2.679230 -4.923078
 0.628319 2.419178 -2.429007
 0.691150 2.393209 0.902288
 0.753982 2.401846 -1.240787
 0.816814 2.309000 -0.596165
 0.879646 2.405723 3.301473
 0.942478 2.604086 2.221143
 1.005310 2.719915 2.129087
 1.068142 2.843884 1.119451
 1.130973 2.948529 3.500597
 1.193805 3.293149 6.514868
 1.256637 3.704970 6.682361
 1.319469 4.139159 6.759254
 1.382301 4.563067 7.167557
 1.445133 5.046771 7.754797
 1.507964 5.518797 7.304404
 1.570796 5.954445 6.283836
 1.633628 6.319661 5.439433
 1.696460 6.633051 4.309582
 1.759292 6.813999 0.923469
 1.822124 6.793853 -0.536666
 1.884956 6.805536 0.134471
 1.947787 6.679144 -4.500009
 2.010619 6.314875 -6.476302
 2.073451 5.886705 -7.304790
 2.136283 5.398237 -7.861465
 2.199115 4.965575 -5.883919
 2.261947 4.591324 -6.783054
 2.324779 4.064216 -9.711683
 2.387610 3.485269 -7.956214
 2.450442 3.073169 -5.581215
 2.513274 2.738342 -5.276077
 2.576106 2.425199 -4.418342
 2.638938 2.212292 -2.178954
 2.701770 2.170080 0.468574
 2.764602 2.189493 0.487216
 2.827433 2.445925 8.499743
 2.890265 3.048640 8.215566
 2.953097 3.496531 7.833445
 3.015929 4.097300 10.366060
 3.078761 4.780220 11.844450
