#! FIELDS phi2 ffphi2 dffphi2_phi2
#! SET min_phi2 -pi
#! SET max_phi2 pi
#! SET nbins_phi2  100
#! SET periodic_phi2 true
 -3.141593 17.666405 -76.609124
 -3.078761 13.713648 -49.824372
 -3.015929 11.031616 -39.237260
 -2.953097 8.772621 -29.380852
 -2.890265 7.469513 -15.996895
 -2.827433 6.099408 -27.244406
 -2.764602 4.697651 -14.073394
 -2.701770 4.058305 -12.363839
 -2.638938 2.974652 -16.696192
 -2.576106 2.329426 -6.813811
 -2.513274 1.671112 -12.207441
 -2.450442 1.404310 5.598023
 -2.387610 2.017145 9.378240
 -2.324779 2.475087 6.760799
 -2.261947 2.853806 3.648168
 -2.199115 2.929339 0.358517
 -2.136283 2.887589 -3.437937
 -2.073451 2.607491 -2.970510
 -2.010619 2.534686 -0.821775
 -1.947787 2.539760 2.299568
 -1.884956 2.813205 4.608078
 -1.822124 2.749734 -9.476672
 -1.759292 1.881320 -11.374690
 -1.696460 1.860134 9.460583
 -1.633628 2.435858 3.696369
 -1.570796 2.084602 -13.644541
 -1.507964 1.138726 -14.011721
 -1.445133 0.359991 -10.617659
 -1.382301 -0.034020 -1.297023
 -1.319469 -0.001817 0.165335
 -1.256637 -0.027841 -0.559371
 -1.193805 -0.097740 -0.875582
 -1.130973 0.130434 9.632204
 -1.068142 1.064000 17.997194
 -1.005310 2.096311 13.413269
 -0.942478 2.896247 14.711639
 -0.879646 4.085511 21.428087
 -0.816814 5.416256 21.918891
 -0.753982 6.952133 23.708959
 -0.691150 7.966830 12.638779
 -0.628319 9.524783 40.470435
 -0.565487 12.820742 58.316394
 -0.502655 16.235091 48.264546
 -0.439823 18.828247 31.304828
 -0.376991 20.309002 22.075552
 -0.314159 22.124577 30.507719
 -0.251327 22.604801 -15.768716
 -0.188496 21.984005 4.383147
 -0.125664 23.168334 29.850588
 -0.062832 25.484983 42.183422
 0.000000 27.330039 3.634575
 0.062832 26.728025 -12.493721
 0.125664 25.578380 -28.535035
 0.188496 23.796657 -20.677588
 0.251327 23.100875 -5.484083
 0.314159 22.526134 -15.628058
 0.376991 21.372961 -16.543658
 0.439823 20.515979 -14.431211
 0.502655 19.253391 -24.730262
 0.565487 17.790244 -18.395250
 0.628319 17.148077 -2.814861
 0.691150 17.188321 2.148693
 0.753982 17.304107 1.713737
 0.816814 17.480407 4.204899
 0.879646 17.852387 7.977457
 0.942478 18.569783 15.622955
 1.005310 19.839813 23.628029
 1.068142 21.287946 20.538492
 1.130973 22.565223 24.437468
 1.193805 24.844177 48.221207
 1.256637 28.183550 52.290307
 1.319469 31.196369 45.625091
 1.382301 34.604498 63.064685
 1.445133 38.924689 74.109551
 1.507964 44.708125 110.271207
 1.570796 53.559668 169.926038
 1.633628 inf nan
 1.696460 inf nan
 1.759292 inf nan
 1.822124 inf nan
 1.884956 inf nan
 1.947787 inf nan
 2.010619 inf nan
 2.073451 inf nan
 2.136283 inf nan
 2.199115 inf nan
 2.261947 inf nan
 2.324779 inf nan
 2.387610 inf nan
 2.450442 inf nan
 2.513274 inf nan
 2.576106 inf nan
 2.638938 inf nan
 2.701770 60.306021 -230.853694
 2.764602 47.665917 -169.112549
 2.827433 38.983659 -107.374537
 2.890265 34.121964 -48.417237
 2.953097 32.306888 -23.307120
 3.015929 28.818562 -84.677784
 3.078761 23.102391 -92.566368
