#! FIELDS psi2 ffpsi2 dffpsi2_psi2
#! SET min_psi2 -pi
#! SET max_psi2 pi
#! SET nbins_psi2  100
#! SET periodic_psi2 true
 -3.141593 17.601140 46.564919
 -3.078761 20.860947 54.017872
 -3.015929 24.017173 47.217740
 -2.953097 27.683754 75.704895
 -2.890265 33.990850 121.436167
 -2.827433 35.216173 -123.404693
 -2.764602 28.967554 -69.763938
 -2.701770 26.546079 -7.266301
 -2.638938 28.029000 53.222181
 -2.576106 31.564722 18.370443
 -2.513274 30.116579 -39.527731
 -2.450442 26.457213 -68.009798
 -2.387610 23.121779 -34.130352
 -2.324779 21.934251 -10.166653
 -2.261947 20.891709 -24.808162
 -2.199115 19.476897 -16.000651
 -2.136283 18.640003 -14.932596
 -2.073451 17.622173 -14.595589
 -2.010619 16.921314 -8.997332
 -1.947787 16.357244 -8.853347
 -1.884956 15.750695 -11.136543
 -1.822124 15.105458 -7.221351
 -1.759292 14.928485 0.155625
 -1.696460 14.884638 -3.108039
 -1.633628 14.354527 -13.649371
 -1.570796 13.625602 -5.815326
 -1.507964 13.621163 3.422274
 -1.445133 14.030602 10.889586
 -1.382301 14.871506 12.530901
 -1.319469 15.356888 3.641702
 -1.256637 15.640376 7.022254
 -1.193805 16.015432 1.189844
 -1.130973 15.787483 -5.176143
 -1.068142 15.696011 2.740280
 -1.005310 16.024574 6.769767
 -0.942478 16.503742 8.985307
 -0.879646 17.344239 17.444776
 -0.816814 18.072454 -0.132446
 -0.753982 17.383934 -18.424668
 -0.691150 16.159008 -18.599315
 -0.628319 15.089871 -13.459114
 -0.565487 14.911776 9.028624
 -0.502655 15.849057 15.153004
 -0.439823 16.446881 5.039629
 -0.376991 16.263462 -16.365743
 -0.314159 14.693759 -26.257049
 -0.251327 13.367153 -14.414669
 -0.188496 13.113117 7.263222
 -0.125664 14.406190 35.919437
 -0.062832 17.785898 69.590313
 0.000000 22.072255 56.270365
 0.062832 25.194685 46.111606
 0.125664 26.506351 -18.427931
 0.188496 24.463938 -35.264908
 0.251327 21.268919 -80.745656
 0.314159 15.798306 -74.337747
 0.376991 12.792318 -20.199512
 0.439823 13.206128 30.143389
 0.502655 14.466391 -17.578298
 0.565487 12.347082 -31.177405
 0.628319 11.096610 -6.638079
 0.691150 11.869031 32.095262
 0.753982 14.210082 21.472093
 0.816814 13.216175 -38.336127
 0.879646 10.731987 -38.374474
 0.942478 8.463881 -31.436452
 1.005310 7.256359 -4.162794
 1.068142 7.957339 23.392559
 1.130973 9.433162 15.677630
 1.193805 9.246551 -19.241963
 1.256637 7.881719 -20.720820
 1.319469 6.733761 -14.498018
 1.382301 6.215995 -2.773945
 1.445133 6.018713 -6.136557
 1.507964 5.555992 -6.139094
 1.570796 5.347583 -1.632817
 1.633628 5.102470 -7.677516
 1.696460 4.344496 -15.202405
 1.759292 3.502860 -10.567306
 1.822124 2.795268 -13.397463
 1.884956 2.065108 -7.418824
 1.947787 1.792972 -4.081508
 2.010619 1.314469 -10.662230
 2.073451 0.677993 -8.007498
 2.136283 0.382605 -2.254350
 2.199115 0.177824 -5.246762
 2.261947 -0.239463 -7.547336
 2.324779 -0.644343 -3.830191
 2.387610 -0.676195 1.247496
 2.450442 -0.678829 -1.108102
 2.513274 -0.705046 0.310654
 2.576106 -0.591715 4.594829
 2.638938 0.000633 14.079087
 2.701770 1.012447 16.541362
 2.764602 2.113100 19.504592
 2.827433 3.416050 21.343279
 2.890265 5.040242 33.400586
 2.953097 7.932932 59.164129
 3.015929 12.017732 60.455705
 3.078761 14.994886 36.942658
