#! FIELDS psi3 ffpsi3 dffpsi3_psi3
#! SET min_psi3 -pi
#! SET max_psi3 pi
#! SET nbins_psi3  100
#! SET periodic_psi3 true
 -3.141593 8.812916 22.780275
 -3.078761 10.385627 24.638299
 -3.015929 11.503827 9.590587
 -2.953097 12.135030 16.773787
 -2.890265 13.987650 40.203771
 -2.827433 16.281905 25.162043
 -2.764602 17.471900 17.793702
 -2.701770 18.420893 11.117774
 -2.638938 19.517919 29.911033
 -2.576106 22.236878 47.584360
 -2.513274 23.625359 -4.267904
 -2.450442 23.426374 6.539672
 -2.387610 24.593701 24.827227
 -2.324779 25.374854 -2.339737
 -2.261947 25.339402 7.616996
 -2.199115 26.266357 17.080945
 -2.136283 27.166262 12.301203
 -2.073451 27.961414 13.508666
 -2.010619 28.868833 14.423269
 -1.947787 29.523012 4.013219
 -1.884956 29.611070 4.331102
 -1.822124 30.440113 19.466657
 -1.759292 31.371905 9.136719
 -1.696460 32.177717 17.851573
 -1.633628 32.933563 1.329719
 -1.570796 32.573361 -10.672311
 -1.507964 31.542233 -27.392989
 -1.445133 28.327578 -66.078377
 -1.382301 24.722419 -48.639922
 -1.319469 21.171960 -66.585791
 -1.256637 17.433822 -46.046088
 -1.193805 15.416256 -21.521449
 -1.130973 13.999038 -29.634077
 -1.068142 11.952803 -28.378476
 -1.005310 10.645222 -17.326343
 -0.942478 9.265957 -27.000683
 -0.879646 7.487610 -26.915448
 -0.816814 6.210884 -12.807211
 -0.753982 5.596995 -11.100968
 -0.691150 4.522296 -22.003623
 -0.628319 3.158928 -18.902557
 -0.565487 2.267586 -10.325426
 -0.502655 1.676356 -9.480147
 -0.439823 1.053174 -10.066267
 -0.376991 0.509218 -6.282344
 -0.314159 0.294370 -1.395168
 -0.251327 0.193274 -2.417709
 -0.188496 0.024201 -2.320810
 -0.125664 -0.039779 0.195645
 -0.062832 0.025620 2.080902
 0.000000 0.273716 5.591060
 0.062832 0.645792 5.982284
 0.125664 1.082875 8.468475
 0.188496 1.703805 9.898481
 0.251327 2.139046 4.083063
 0.314159 2.397587 5.127263
 0.376991 2.864639 10.111840
 0.439823 3.582516 10.810542
 0.502655 4.088012 5.488024
 0.565487 4.327017 2.585092
 0.628319 4.556247 5.308534
 0.691150 4.917588 5.284499
 0.753982 5.233814 5.107216
 0.816814 5.537741 3.944834
 0.879646 5.685699 0.871924
 0.942478 5.779170 3.850580
 1.005310 6.320706 12.666830
 1.068142 7.060698 7.858096
 1.130973 7.107969 -5.092046
 1.193805 6.860204 -0.723290
 1.256637 6.921758 1.084592
 1.319469 6.989591 1.852692
 1.382301 7.223385 5.547641
 1.445133 7.553917 3.654661
 1.507964 7.782733 4.876805
 1.570796 7.996988 -0.774250
 1.633628 7.626006 -9.421532
 1.696460 7.101980 -5.090735
 1.759292 7.047262 1.310697
 1.822124 7.055630 -0.040719
 1.884956 7.145346 0.936664
 1.947787 6.904597 -8.132915
 2.010619 6.418724 -4.998991
 2.073451 6.372330 1.908700
 2.136283 6.378363 -2.290954
 2.199115 6.176940 -3.715978
 2.261947 5.913630 -4.400878
 2.324779 5.743545 -0.241693
 2.387610 5.766807 -1.227134
 2.450442 5.533786 -4.611720
 2.513274 5.325564 -2.142947
 2.576106 5.250280 -0.079431
 2.638938 5.292131 0.648392
 2.701770 5.297325 -0.123899
 2.764602 5.327938 1.356090
 2.827433 5.507952 4.489079
 2.890265 5.865642 6.169089
 2.953097 6.236003 6.558010
 3.015929 6.847035 12.439507
 3.078761 7.668110 14.095409
