#! FIELDS psi4 ffpsi4 dffpsi4_psi4
#! SET min_psi4 -pi
#! SET max_psi4 pi
#! SET nbins_psi4  100
#! SET periodic_psi4 true
 -3.141593 4.897273 21.031971
 -3.078761 5.991810 12.622431
 -3.015929 6.773348 16.520157
 -2.953097 8.382665 33.553069
 -2.890265 10.463765 27.636825
 -2.827433 11.951859 24.676273
 -2.764602 13.978794 39.038600
 -2.701770 16.296946 26.524806
 -2.638938 17.162151 10.953319
 -2.576106 18.808697 44.044808
 -2.513274 22.418607 62.933749
 -2.450442 25.073838 9.984452
 -2.387610 23.826240 -37.062560
 -2.324779 21.842796 -20.750655
 -2.261947 21.476248 8.901528
 -2.199115 22.547230 17.487732
 -2.136283 22.974578 -0.898027
 -2.073451 22.956054 2.673897
 -2.010619 23.268488 -3.959967
 -1.947787 21.346189 -40.310363
 -1.884956 20.024067 0.674155
 -1.822124 20.595575 0.990590
 -1.759292 19.321753 -28.448867
 -1.696460 18.144578 -9.229652
 -1.633628 17.558597 -12.430938
 -1.570796 16.888698 -7.603454
 -1.507964 16.132894 -21.529770
 -1.445133 14.261254 -31.289115
 -1.382301 12.949232 -9.065690
 -1.319469 12.713755 -3.743414
 -1.256637 12.220222 -10.791258
 -1.193805 11.447127 -13.879178
 -1.130973 10.505334 -16.268164
 -1.068142 9.366236 -19.377180
 -1.005310 8.224795 -16.078424
 -0.942478 7.324621 -13.600744
 -0.879646 6.463581 -13.062217
 -0.816814 5.760318 -9.914792
 -0.753982 5.061169 -12.898390
 -0.691150 4.227856 -13.008241
 -0.628319 3.411225 -12.491630
 -0.565487 2.825934 -5.623079
 -0.502655 2.590026 -3.305387
 -0.439823 2.318614 -5.259911
 -0.376991 2.013141 -3.675634
 -0.314159 1.928760 1.352988
 -0.251327 2.181990 5.819729
 -0.188496 2.493757 3.431557
 -0.125664 2.707316 4.351324
 -0.062832 3.082906 7.351911
 0.000000 3.590969 8.135551
 0.062832 3.961357 2.765343
 0.125664 4.047490 1.572064
 0.188496 4.252622 4.659327
 0.251327 4.600102 6.500709
 0.314159 5.034959 5.620746
 0.376991 5.069211 -4.268156
 0.439823 4.846015 -0.431951
 0.502655 5.034702 4.925602
 0.565487 5.224892 -0.638463
 0.628319 4.977205 -5.095911
 0.691150 4.794108 -0.843622
 0.753982 4.746684 -1.217948
 0.816814 4.726408 1.527953
 0.879646 4.934247 3.853742
 0.942478 5.026486 -1.540341
 1.005310 4.895949 -0.639526
 1.068142 5.044462 4.530951
 1.130973 5.312599 3.537851
 1.193805 5.597133 6.251760
 1.256637 6.036060 7.253916
 1.319469 6.591203 10.241222
 1.382301 7.117945 5.222609
 1.445133 7.242287 -1.047232
 1.507964 7.205373 2.644528
 1.570796 7.669067 10.292305
 1.633628 8.199825 4.244795
 1.696460 8.103802 -5.365434
 1.759292 7.889145 0.280416
 1.822124 8.090283 2.900808
 1.884956 7.830792 -10.117372
 1.947787 7.328391 -4.158802
 2.010619 7.014463 -9.788273
 2.073451 6.011012 -19.345197
 2.136283 4.960499 -12.406753
 2.199115 4.450070 -5.620747
 2.261947 3.941224 -11.520009
 2.324779 3.197668 -10.919112
 2.387610 2.485884 -12.378077
 2.450442 1.778345 -8.725234
 2.513274 1.367743 -5.794889
 2.576106 0.989620 -5.276584
 2.638938 0.785149 -1.899417
 2.701770 0.648331 -2.232359
 2.764602 0.646495 3.023567
 2.827433 0.989300 6.475270
 2.890265 1.337665 5.162589
 2.953097 1.841975 11.703916
 3.015929 2.695681 13.986194
 3.078761 3.635608 17.298396
