#! FIELDS phi4 ffphi4 dffphi4_phi4
#! SET min_phi4 -pi
#! SET max_phi4 pi
#! SET nbins_phi4  100
#! SET periodic_phi4 true
 -3.141593 13.067697 -47.680044
 -3.078761 10.248720 -41.896510
 -3.015929 7.802993 -36.263118
 -2.953097 5.644370 -32.397113
 -2.890265 3.790134 -26.347271
 -2.827433 2.317242 -20.581730
 -2.764602 1.233361 -13.880768
 -2.701770 0.524787 -9.078514
 -2.638938 0.099965 -4.090556
 -2.576106 0.035731 1.813815
 -2.513274 0.251866 4.375695
 -2.450442 0.559716 5.505400
 -2.387610 0.958372 7.238091
 -2.324779 1.489268 9.529696
 -2.261947 2.102829 9.505449
 -2.199115 2.665452 8.050047
 -2.136283 3.064345 4.479842
 -2.073451 3.275568 2.605889
 -2.010619 3.415655 1.826029
 -1.947787 3.489031 -0.027571
 -1.884956 3.364880 -3.727475
 -1.822124 3.097070 -4.435912
 -1.759292 2.798998 -5.418508
 -1.696460 2.409457 -6.725196
 -1.633628 1.981355 -6.937474
 -1.570796 1.537968 -6.990294
 -1.507964 1.143683 -5.414082
 -1.445133 0.863153 -3.376089
 -1.382301 0.764554 0.564197
 -1.319469 0.952098 5.244107
 -1.256637 1.400881 9.049593
 -1.193805 2.115049 13.499967
 -1.130973 3.033068 15.257167
 -1.068142 4.070192 18.317456
 -1.005310 5.386381 23.293676
 -0.942478 6.948209 26.048838
 -0.879646 8.687616 29.167768
 -0.816814 10.586056 30.844316
 -0.753982 12.586228 32.549679
 -0.691150 14.703323 34.816809
 -0.628319 16.977944 36.856579
 -0.565487 19.315443 37.037319
 -0.502655 21.640191 36.430407
 -0.439823 23.923302 36.053648
 -0.376991 26.211683 36.247546
 -0.314159 28.444714 33.782499
 -0.251327 30.439759 29.612571
 -0.188496 32.232692 27.245954
 -0.125664 33.857868 23.792423
 -0.062832 35.149709 16.360286
 0.000000 35.862705 6.080886
 0.062832 35.940895 -3.549616
 0.125664 35.405430 -13.817625
 0.188496 34.191605 -24.590605
 0.251327 32.373343 -32.859320
 0.314159 30.126477 -38.092550
 0.376991 27.629210 -41.210226
 0.439823 24.979244 -42.889327
 0.502655 22.263785 -43.325783
 0.565487 19.565696 -42.252156
 0.628319 16.990277 -39.567156
 0.691150 14.608912 -35.995371
 0.753982 12.497606 -31.101539
 0.816814 10.705715 -25.802372
 0.879646 9.289328 -19.059591
 0.942478 8.306734 -12.381109
 1.005310 7.741708 -5.302123
 1.068142 7.675553 3.275073
 1.130973 8.143609 11.455867
 1.193805 9.118564 19.733893
 1.256637 10.655496 29.190357
 1.319469 12.771747 37.656643
 1.382301 15.380174 45.178708
 1.445133 18.488271 53.157918
 1.507964 22.070223 59.626080
 1.570796 26.008746 64.181995
 1.633628 30.204888 67.407231
 1.696460 34.566654 69.002161
 1.759292 38.954687 67.781186
 1.822124 43.167142 63.478669
 1.884956 47.028662 57.433917
 1.947787 50.488136 50.914206
 2.010619 53.446447 41.582717
 2.073451 55.733181 30.578609
 2.136283 57.321594 19.093543
 2.199115 58.086990 4.893851
 2.261947 57.962248 -8.810040
 2.324779 56.987176 -22.205577
 2.387610 55.208076 -33.957565
 2.450442 52.789981 -42.577552
 2.513274 49.873611 -50.269986
 2.576106 46.497983 -56.587110
 2.638938 42.822618 -60.242888
 2.701770 38.933857 -63.131202
 2.764602 34.964182 -62.819408
 2.827433 31.016473 -63.061744
 2.890265 27.077916 -61.698743
 2.953097 23.282739 -59.244321
 3.015929 19.638415 -56.422092
 3.078761 16.218338 -52.397040
