#! FIELDS phi2 ffphi2 dffphi2_phi2
#! SET min_phi2 -pi
#! SET max_phi2 pi
#! SET nbins_phi2  100
#! SET periodic_phi2 true
 -3.141593 16.608897 -45.791075
 -3.078761 13.868093 -41.560499
 -3.015929 11.410382 -36.454972
 -2.953097 9.280838 -31.536415
 -2.890265 7.431717 -27.363209
 -2.827433 5.839698 -23.244319
 -2.764602 4.532532 -18.273777
 -2.701770 3.536995 -13.399499
 -2.638938 2.850233 -8.896534
 -2.576106 2.327345 -8.082919
 -2.513274 1.878015 -5.767813
 -2.450442 1.624351 -2.378121
 -2.387610 1.546590 -0.549660
 -2.324779 1.529820 0.006061
 -2.261947 1.551416 0.771983
 -2.199115 1.673352 3.311215
 -2.136283 1.917798 3.741802
 -2.073451 2.135117 3.412102
 -2.010619 2.347655 3.233553
 -1.947787 2.555399 3.325222
 -1.884956 2.748272 2.586697
 -1.822124 2.853652 0.551380
 -1.759292 2.827237 -1.266031
 -1.696460 2.692139 -3.255199
 -1.633628 2.420129 -5.194196
 -1.570796 2.065447 -6.078570
 -1.507964 1.664011 -6.621694
 -1.445133 1.251148 -6.357914
 -1.382301 0.883927 -5.269044
 -1.319469 0.613377 -3.139698
 -1.256637 0.491070 -0.939923
 -1.193805 0.489376 0.986319
 -1.130973 0.656535 4.681188
 -1.068142 1.095529 9.104882
 -1.005310 1.780779 12.598171
 -0.942478 2.690149 16.329892
 -0.879646 3.824056 19.477352
 -0.816814 5.131993 22.116675
 -0.753982 6.619284 24.989759
 -0.691150 8.260312 27.070383
 -0.628319 10.046468 29.550691
 -0.565487 11.959264 30.847791
 -0.502655 13.903822 30.370430
 -0.439823 15.744349 27.810265
 -0.376991 17.444250 26.404465
 -0.314159 19.081041 25.105003
 -0.251327 20.562771 21.702014
 -0.188496 21.807758 17.595049
 -0.125664 22.779348 13.101310
 -0.062832 23.417105 6.732770
 0.000000 23.637389 0.391225
 0.062832 23.452746 -6.547177
 0.125664 22.845883 -12.414260
 0.188496 21.879842 -18.648134
 0.251327 20.531147 -23.725949
 0.314159 18.949600 -26.465018
 0.376991 17.221024 -28.352337
 0.439823 15.401540 -29.670438
 0.502655 13.491063 -30.705919
 0.565487 11.627908 -28.197446
 0.628319 9.950841 -25.227404
 0.691150 8.474249 -21.533680
 0.753982 7.263622 -17.055222
 0.816814 6.323363 -12.764251
 0.879646 5.681450 -7.626306
 0.942478 5.373544 -1.982684
 1.005310 5.454865 4.588286
 1.068142 5.959824 11.634848
 1.130973 6.932109 19.105716
 1.193805 8.322928 24.873556
 1.256637 10.094753 31.956029
 1.319469 12.397165 41.011457
 1.382301 15.224353 48.417625
 1.445133 18.521477 55.977537
 1.507964 22.295285 62.913090
 1.570796 26.492455 69.141242
 1.633628 31.052830 73.191097
 1.696460 35.796703 74.641959
 1.759292 40.610026 75.086588
 1.822124 45.395520 73.462951
 1.884956 49.939818 67.426457
 1.947787 53.988480 58.591747
 2.010619 57.398636 47.873964
 2.073451 60.012533 33.358551
 2.136283 61.583965 16.650230
 2.199115 62.201097 2.606419
 2.261947 61.869521 -13.048306
 2.324779 60.659183 -24.984404
 2.387610 58.744462 -35.747582
 2.450442 56.222963 -44.123929
 2.513274 53.218871 -51.452893
 2.576106 49.789442 -57.126437
 2.638938 46.091974 -60.348602
 2.701770 42.225809 -62.480539
 2.764602 38.259107 -63.561342
 2.827433 34.264683 -63.333074
 2.890265 30.343142 -61.032077
 2.953097 26.615608 -57.776968
 3.015929 23.050735 -55.711272
 3.078761 19.662141 -51.549806
