#! FIELDS phi3 ffphi3 dffphi3_phi3
#! SET min_phi3 -pi
#! SET max_phi3 pi
#! SET nbins_phi3  100
#! SET periodic_phi3 true
 -3.141593 21.491659 -53.171146
 -3.078761 18.313816 -47.855131
 -3.015929 15.471872 -42.773083
 -2.953097 12.940793 -37.346581
 -2.890265 10.847983 -29.186894
 -2.827433 9.204243 -23.720481
 -2.764602 7.868980 -18.509651
 -2.701770 6.865927 -13.830406
 -2.638938 6.079588 -11.560685
 -2.576106 5.377786 -10.997489
 -2.513274 4.702881 -10.192232
 -2.450442 4.130989 -7.880373
 -2.387610 3.716071 -5.582608
 -2.324779 3.377615 -5.595662
 -2.261947 2.984961 -6.872278
 -2.199115 2.586185 -4.985738
 -2.136283 2.411012 -0.943771
 -2.073451 2.375695 -0.868090
 -2.010619 2.255460 -3.113238
 -1.947787 2.029688 -3.494798
 -1.884956 1.836881 -3.067053
 -1.822124 1.593636 -4.715332
 -1.759292 1.295009 -4.460200
 -1.696460 1.028669 -4.260695
 -1.633628 0.756601 -4.374476
 -1.570796 0.463825 -5.144572
 -1.507964 0.125734 -5.401228
 -1.445133 -0.200630 -4.856381
 -1.382301 -0.447921 -2.828494
 -1.319469 -0.520285 0.970137
 -1.256637 -0.318625 4.783865
 -1.193805 0.036244 6.969103
 -1.130973 0.643642 12.442951
 -1.068142 1.553668 16.059298
 -1.005310 2.674742 19.985717
 -0.942478 4.100979 25.114341
 -0.879646 5.823477 29.635584
 -0.816814 7.801109 32.437730
 -0.753982 9.890368 34.353835
 -0.691150 12.217698 39.669828
 -0.628319 14.843965 42.458481
 -0.565487 17.483441 41.104316
 -0.502655 20.102735 41.774926
 -0.439823 22.739900 41.856272
 -0.376991 25.451359 43.274959
 -0.314159 28.026954 37.450968
 -0.251327 30.299633 35.593863
 -0.188496 32.567016 35.575772
 -0.125664 34.675420 30.318962
 -0.062832 36.348948 22.599007
 0.000000 37.506061 13.281112
 0.062832 37.957442 1.161397
 0.125664 37.769084 -6.540360
 0.188496 37.099267 -15.743736
 0.251327 35.756311 -26.098521
 0.314159 34.008715 -28.755480
 0.376991 32.022685 -35.891847
 0.439823 29.582296 -39.566412
 0.502655 27.173558 -37.866224
 0.565487 24.749458 -38.722638
 0.628319 22.389304 -36.480810
 0.691150 20.134820 -35.108636
 0.753982 18.022691 -31.793032
 0.816814 16.193980 -25.926562
 0.879646 14.797525 -18.602171
 0.942478 13.827158 -12.344745
 1.005310 13.282003 -4.746023
 1.068142 13.222560 2.802695
 1.130973 13.693448 12.705220
 1.193805 14.817153 22.706816
 1.256637 16.552222 32.483226
 1.319469 18.860370 40.211722
 1.382301 21.617781 47.437775
 1.445133 24.839368 54.047016
 1.507964 28.477563 61.537092
 1.570796 32.642460 68.103548
 1.633628 36.939026 66.133040
 1.696460 41.153674 66.423459
 1.759292 45.514777 70.069908
 1.822124 49.947183 67.110648
 1.884956 54.021188 60.926430
 1.947787 57.739405 54.824955
 2.010619 60.994247 48.372783
 2.073451 63.979187 45.039678
 2.136283 66.341410 25.756129
 2.199115 67.354235 10.237592
 2.261947 67.862262 4.478515
 2.324779 67.634287 -13.641059
 2.387610 66.262065 -27.689692
 2.450442 64.260886 -36.382324
 2.513274 61.677767 -45.943877
 2.576106 58.440676 -57.075476
 2.638938 54.550900 -65.972330
 2.701770 50.262148 -69.838996
 2.764602 45.804616 -71.646001
 2.827433 41.320708 -70.692470
 2.890265 36.918354 -69.445132
 2.953097 32.625481 -66.550644
 3.015929 28.627949 -60.544640
 3.078761 24.958449 -56.786476
