#! FIELDS phi2 ffphi2 dffphi2_phi2
#! SET min_phi2 -pi
#! SET max_phi2 pi
#! SET nbins_phi2  100
#! SET periodic_phi2 true
 -3.141593 15.852507 -47.351297
 -3.078761 12.932087 -46.235791
 -3.015929 10.193944 -39.057645
 -2.953097 8.097038 -28.602429
 -2.890265 6.383370 -27.296500
 -2.827433 4.734665 -23.344923
 -2.764602 3.596615 -12.927352
 -2.701770 2.977822 -8.470937
 -2.638938 2.396251 -9.652451
 -2.576106 1.873708 -7.424553
 -2.513274 1.272509 -11.846327
 -2.450442 0.676153 -4.778773
 -2.387610 0.681573 3.009211
 -2.324779 0.838236 2.176246
 -2.261947 1.226978 11.921492
 -2.199115 2.046146 7.187688
 -2.136283 1.621462 -16.160431
 -2.073451 0.929711 -1.640264
 -2.010619 1.487644 17.176797
 -1.947787 2.602556 14.421956
 -1.884956 3.126888 2.499444
 -1.822124 3.021111 -4.326281
 -1.759292 2.803022 -2.231482
 -1.696460 2.634511 -3.648616
 -1.633628 2.461725 -0.866934
 -1.570796 2.438276 -2.053278
 -1.507964 2.106355 -7.044090
 -1.445133 1.702489 -5.884134
 -1.382301 1.390506 -3.706298
 -1.319469 1.136906 -5.703013
 -1.256637 0.732593 -5.111907
 -1.193805 0.654362 2.039612
 -1.130973 0.794067 1.693965
 -1.068142 1.074120 9.631812
 -1.005310 2.057774 19.555400
 -0.942478 3.240122 17.218506
 -0.879646 4.301226 17.492468
 -0.816814 5.566413 23.053048
 -0.753982 7.130226 25.789429
 -0.691150 8.785754 26.882034
 -0.628319 10.551039 29.385849
 -0.565487 12.456924 30.253096
 -0.502655 14.326296 29.064077
 -0.439823 16.041032 25.154593
 -0.376991 17.672301 27.431606
 -0.314159 19.457571 29.633107
 -0.251327 21.539476 34.884888
 -0.188496 23.249010 16.594695
 -0.125664 24.004753 10.590586
 -0.062832 24.613953 7.665030
 0.000000 25.026129 6.398104
 0.062832 25.357558 2.819984
 0.125664 25.341365 -2.964585
 0.188496 24.975135 -9.706473
 0.251327 24.011493 -20.759534
 0.314159 22.568297 -23.161185
 0.376991 21.207522 -20.763657
 0.439823 19.822173 -24.322584
 0.502655 18.097641 -29.803188
 0.565487 16.273899 -27.060631
 0.628319 14.743106 -21.616493
 0.691150 13.599582 -14.413925
 0.753982 12.906352 -8.453330
 0.816814 12.337525 -11.542786
 0.879646 11.568204 -9.651544
 0.942478 11.298336 -0.239124
 1.005310 11.364326 2.531355
 1.068142 11.793697 12.135024
 1.130973 12.821451 18.930504
 1.193805 14.097233 22.623749
 1.256637 15.856296 33.749832
 1.319469 18.206916 39.258493
 1.382301 20.882836 47.947133
 1.445133 24.380248 61.386040
 1.507964 28.371054 63.484543
 1.570796 32.384834 63.185033
 1.633628 36.540308 68.185356
 1.696460 41.240461 79.758162
 1.759292 46.359654 75.983474
 1.822124 50.716856 60.331882
 1.884956 54.320057 52.546721
 1.947787 57.427123 45.650665
 2.010619 60.014707 32.297895
 2.073451 61.272698 9.839743
 2.136283 61.603937 2.441782
 2.199115 61.821250 2.916504
 2.261947 61.372281 -18.121891
 2.324779 59.982885 -25.157317
 2.387610 58.044411 -36.509980
 2.450442 55.498328 -44.876054
 2.513274 52.348878 -54.635043
 2.576106 48.785842 -57.743072
 2.638938 45.153695 -57.939478
 2.701770 41.419204 -61.778787
 2.764602 37.423903 -63.711926
 2.827433 33.524695 -60.710629
 2.890265 29.798550 -57.831214
 2.953097 26.131409 -59.330172
 3.015929 22.470580 -56.476771
 3.078761 19.014329 -53.313184
