#! FIELDS phi2 ffphi2 dffphi2_phi2
#! SET min_phi2 -pi
#! SET max_phi2 pi
#! SET nbins_phi2  100
#! SET periodic_phi2 true
 -3.141593 16.412437 -47.644747
 -3.078761 13.613538 -42.304572
 -3.015929 11.070253 -37.985739
 -2.953097 8.926489 -30.182140
 -2.890265 7.210263 -25.063847
 -2.827433 5.737823 -21.950560
 -2.764602 4.470446 -17.896819
 -2.701770 3.505147 -13.376099
 -2.638938 2.714205 -11.909050
 -2.576106 2.056254 -8.854931
 -2.513274 1.590715 -5.699452
 -2.450442 1.355720 -2.627559
 -2.387610 1.187881 -1.966417
 -2.324779 1.216863 2.532242
 -2.261947 1.369198 1.528934
 -2.199115 1.430377 0.946709
 -2.136283 1.549684 3.051066
 -2.073451 1.769363 3.151627
 -2.010619 1.942217 2.945994
 -1.947787 2.151998 3.185332
 -1.884956 2.355870 3.688886
 -1.822124 2.572391 2.337688
 -1.759292 2.604034 -1.440379
 -1.696460 2.446961 -2.622883
 -1.633628 2.318141 -2.162120
 -1.570796 2.101309 -4.752147
 -1.507964 1.755662 -6.175511
 -1.445133 1.331313 -7.121649
 -1.382301 0.921155 -5.546474
 -1.319469 0.618738 -4.510769
 -1.256637 0.381231 -2.272781
 -1.193805 0.406446 3.075724
 -1.130973 0.707278 5.900025
 -1.068142 1.169795 9.453121
 -1.005310 1.944777 15.070201
 -0.942478 3.000238 17.590005
 -0.879646 4.131604 18.991895
 -0.816814 5.464783 23.271859
 -0.753982 7.029254 26.300768
 -0.691150 8.809377 30.423034
 -0.628319 10.832566 32.837698
 -0.565487 12.799107 28.693004
 -0.502655 14.487238 25.408494
 -0.439823 16.077562 26.088224
 -0.376991 17.984133 34.485273
 -0.314159 20.063219 27.922172
 -0.251327 21.486239 19.902480
 -0.188496 22.897387 25.129985
 -0.125664 24.357793 18.460458
 -0.062832 25.188143 9.063616
 0.000000 25.622259 4.997678
 0.062832 25.843089 2.146791
 0.125664 25.862799 -2.362743
 0.188496 25.495443 -8.923251
 0.251327 24.835153 -11.806783
 0.314159 23.974690 -15.838614
 0.376991 22.855975 -19.783766
 0.439823 21.554300 -20.407596
 0.502655 20.357126 -18.375446
 0.565487 19.175274 -18.971911
 0.628319 18.056542 -16.211436
 0.691150 17.125802 -13.747351
 0.753982 16.331371 -11.311348
 0.816814 15.712596 -8.369289
 0.879646 15.298456 -4.805067
 0.942478 15.106626 -0.954167
 1.005310 15.274848 6.816013
 1.068142 15.919693 12.866930
 1.130973 16.889404 18.639760
 1.193805 18.308120 26.115960
 1.256637 20.151964 32.669456
 1.319469 22.462838 40.729796
 1.382301 25.280701 48.296950
 1.445133 28.496350 53.337383
 1.507964 32.136765 62.411304
 1.570796 36.359288 68.735503
 1.633628 40.656160 65.362856
 1.696460 44.768907 63.231454
 1.759292 48.601416 55.660793
 1.822124 51.838707 46.125103
 1.884956 54.495112 38.166058
 1.947787 56.756042 33.473039
 2.010619 58.733464 28.886773
 2.073451 60.375918 22.990850
 2.136283 61.585582 14.667439
 2.199115 62.189445 3.641476
 2.261947 61.924310 -12.324295
 2.324779 60.675636 -27.097322
 2.387610 58.608900 -38.025591
 2.450442 55.960587 -45.463291
 2.513274 52.978836 -49.529276
 2.576106 49.646190 -57.077511
 2.638938 45.848900 -62.797664
 2.701770 41.876090 -62.853805
 2.764602 37.970826 -61.689368
 2.827433 34.094962 -61.847329
 2.890265 30.197655 -61.409288
 2.953097 26.513656 -55.621808
 3.015929 23.092083 -54.419710
 3.078761 19.643128 -54.451243
