#! FIELDS psi3 ffpsi3 dffpsi3_psi3
#! SET min_psi3 -pi
#! SET max_psi3 pi
#! SET nbins_psi3  100
#! SET periodic_psi3 true
 -3.141593 9.154491 4.363848
 -3.078761 9.730423 17.642853
 -3.015929 11.227484 24.776200
 -2.953097 12.449563 16.715609
 -2.890265 13.824619 27.322668
 -2.827433 15.462322 20.544417
 -2.764602 16.452064 13.791326
 -2.701770 17.432038 17.716804
 -2.638938 18.496689 13.790917
 -2.576106 19.343358 16.767478
 -2.513274 20.647377 20.766040
 -2.450442 21.490507 5.715702
 -2.387610 21.471203 -7.669138
 -2.324779 20.384323 -24.686500
 -2.261947 19.059499 -12.418872
 -2.199115 19.123328 14.544108
 -2.136283 20.194728 0.654586
 -2.073451 17.614145 -61.271481
 -2.010619 14.588294 -30.331252
 -1.947787 14.015300 11.846922
 -1.884956 15.510944 25.894912
 -1.822124 16.533251 9.515726
 -1.759292 16.891837 0.291305
 -1.696460 16.629034 -9.201811
 -1.633628 15.341851 -29.273384
 -1.570796 14.030375 -6.373456
 -1.507964 14.723173 26.557116
 -1.445133 16.650109 24.898017
 -1.382301 17.072660 -11.238464
 -1.319469 15.462940 -36.065901
 -1.256637 13.507985 -19.667867
 -1.193805 13.094005 0.649185
 -1.130973 12.469496 -22.193479
 -1.068142 11.156891 -16.394459
 -1.005310 9.980501 -24.564511
 -0.942478 7.992062 -39.219754
 -0.879646 5.630459 -27.483780
 -0.816814 5.083480 8.985763
 -0.753982 5.838800 2.868663
 -0.691150 5.083307 -19.608288
 -0.628319 3.787493 -22.967290
 -0.565487 2.091770 -28.506139
 -0.502655 0.753441 -12.554600
 -0.439823 0.107420 -10.701748
 -0.376991 -0.145948 6.941924
 -0.314159 0.766510 15.473221
 -0.251327 1.395443 6.832844
 -0.188496 1.755118 3.091715
 -0.125664 1.681537 -5.528563
 -0.062832 1.204015 -6.871356
 0.000000 1.147226 5.834938
 0.062832 1.816373 13.409607
 0.125664 2.338230 -0.862260
 0.188496 2.223775 4.533212
 0.251327 2.496382 -10.865556
 0.314159 0.760950 -28.098993
 0.376991 0.024067 4.063523
 0.439823 0.628641 9.289352
 0.502655 1.169720 12.461164
 0.565487 2.527304 28.818536
 0.628319 4.187282 19.874520
 0.691150 5.015751 8.214848
 0.753982 5.430022 4.752362
 0.816814 5.455760 -2.730372
 0.879646 5.574795 7.465752
 0.942478 5.593644 -15.133756
 1.005310 4.355980 -11.887381
 1.068142 4.851156 26.854074
 1.130973 6.688803 18.209769
 1.193805 6.951250 -2.614574
 1.256637 6.416426 -16.021107
 1.319469 5.679248 0.485459
 1.382301 6.828349 33.877904
 1.445133 9.171686 31.282105
 1.507964 9.676070 -13.837921
 1.570796 8.923228 -2.984865
 1.633628 9.132921 2.982068
 1.696460 8.860051 -9.318976
 1.759292 8.422583 -2.372372
 1.822124 8.474693 0.616673
 1.884956 8.219326 -8.145413
 1.947787 7.725432 -4.182518
 2.010619 7.953502 9.586933
 2.073451 8.282879 -3.033170
 2.136283 7.755803 -10.080965
 2.199115 7.420627 1.521249
 2.261947 7.686256 -0.447559
 2.324779 6.871810 -19.320414
 2.387610 6.173310 -0.906208
 2.450442 6.351431 0.826251
 2.513274 5.904313 -14.155114
 2.576106 5.007185 -10.515845
 2.638938 4.758492 1.651408
 2.701770 5.112707 9.053898
 2.764602 5.652950 5.417589
 2.827433 5.677936 -3.637944
 2.890265 5.544727 3.407335
 2.953097 6.376177 21.107880
 3.015929 7.608971 15.433440
 3.078761 8.549665 15.041431
