#! FIELDS phi3 ffphi3 dffphi3_phi3
#! SET min_phi3 -pi
#! SET max_phi3 pi
#! SET nbins_phi3  100
#! SET periodic_phi3 true
 -3.141593 21.636507 -53.628854
 -3.078761 18.445393 -47.545169
 -3.015929 15.660444 -41.386774
 -2.953097 13.223584 -36.052548
 -2.890265 11.177434 -28.814853
 -2.827433 9.553985 -23.705057
 -2.764602 8.136407 -21.296557
 -2.701770 6.938007 -16.420050
 -2.638938 6.064745 -11.917507
 -2.576106 5.379841 -10.106022
 -2.513274 4.787096 -8.766583
 -2.450442 4.263786 -8.301019
 -2.387610 3.714828 -8.877330
 -2.324779 3.228613 -6.187315
 -2.261947 2.922642 -4.066520
 -2.199115 2.662307 -4.360857
 -2.136283 2.410008 -3.370957
 -2.073451 2.247443 -1.882571
 -2.010619 2.167982 -0.871308
 -1.947787 2.095986 -1.767633
 -1.884956 1.931696 -3.451395
 -1.822124 1.674527 -4.642544
 -1.759292 1.368652 -5.049879
 -1.696460 1.031183 -5.726205
 -1.633628 0.689269 -4.858300
 -1.570796 0.407040 -4.440144
 -1.507964 0.128599 -4.358158
 -1.445133 -0.135645 -3.976863
 -1.382301 -0.356940 -3.143192
 -1.319469 -0.513104 -1.315245
 -1.256637 -0.442386 3.949276
 -1.193805 -0.020120 8.949373
 -1.130973 0.621335 11.460163
 -1.068142 1.494893 16.852435
 -1.005310 2.752012 22.610806
 -0.942478 4.241057 24.082476
 -0.879646 5.844571 27.753855
 -0.816814 7.755300 32.247959
 -0.753982 9.849380 33.944463
 -0.691150 12.053003 36.483401
 -0.628319 14.514519 41.136861
 -0.565487 17.192132 43.538255
 -0.502655 19.969431 43.420937
 -0.439823 22.609860 39.508365
 -0.376991 24.992652 37.227339
 -0.314159 27.494157 42.236559
 -0.251327 30.183423 41.014385
 -0.188496 32.532302 33.675559
 -0.125664 34.552171 30.274079
 -0.062832 36.265947 23.182805
 0.000000 37.424134 13.261217
 0.062832 37.924595 2.325071
 0.125664 37.741609 -7.920410
 0.188496 36.944649 -17.431856
 0.251327 35.598593 -24.738845
 0.314159 33.920769 -28.578292
 0.376991 31.963228 -33.657544
 0.439823 29.740071 -36.970151
 0.502655 27.366795 -37.773348
 0.565487 25.040577 -36.597923
 0.628319 22.715521 -37.190504
 0.691150 20.454837 -34.475182
 0.753982 18.344039 -32.846689
 0.816814 16.406063 -27.869295
 0.879646 14.916825 -19.519986
 0.942478 13.903353 -13.079970
 1.005310 13.315740 -4.854056
 1.068142 13.324563 4.663336
 1.130973 13.883561 13.706264
 1.193805 15.109073 25.029920
 1.256637 16.955736 32.930087
 1.319469 19.186959 37.793963
 1.382301 21.815564 46.434912
 1.445133 25.080161 56.510933
 1.507964 28.874952 62.317871
 1.570796 32.888675 63.434822
 1.633628 36.963729 64.714475
 1.696460 41.155573 66.505441
 1.759292 45.405697 66.831678
 1.822124 49.706891 67.373171
 1.884956 53.868028 61.731219
 1.947787 57.598853 56.225982
 2.010619 61.127342 54.461882
 2.073451 64.431616 48.752653
 2.136283 67.082873 31.462537
 2.199115 68.290016 8.519889
 2.261947 68.421108 -4.271323
 2.324779 67.668208 -18.958399
 2.387610 66.221900 -27.419467
 2.450442 64.169827 -37.380567
 2.513274 61.522944 -47.352716
 2.576106 58.229506 -56.908040
 2.638938 54.439402 -63.129476
 2.701770 50.333861 -67.429100
 2.764602 46.002920 -69.720871
 2.827433 41.633496 -69.178684
 2.890265 37.306612 -68.386218
 2.953097 33.063701 -66.522563
 3.015929 28.964697 -63.501599
 3.078761 25.142041 -58.055017
