#! FIELDS psi3 ffpsi3 dffpsi3_psi3
#! SET min_psi3 -pi
#! SET max_psi3 pi
#! SET nbins_psi3  100
#! SET periodic_psi3 true
 -3.141593 8.842543 13.053245
 -3.078761 9.582513 10.341355
 -3.015929 10.282800 14.068445
 -2.953097 11.549746 26.259619
 -2.890265 13.280980 24.195603
 -2.827433 14.404845 14.524817
 -2.764602 15.422042 17.810010
 -2.701770 16.696706 23.539494
 -2.638938 18.265792 23.261370
 -2.576106 19.465991 16.154941
 -2.513274 20.401550 13.412422
 -2.450442 21.240082 12.994232
 -2.387610 21.812888 4.576868
 -2.324779 21.991944 1.794222
 -2.261947 22.033773 -0.483886
 -2.199115 21.925541 -2.844182
 -2.136283 21.711877 -4.216656
 -2.073451 21.468429 -1.807732
 -2.010619 21.481583 -0.794683
 -1.947787 21.130569 -8.065303
 -1.884956 20.900040 2.027936
 -1.822124 21.106520 -0.988319
 -1.759292 20.432182 -16.067416
 -1.696460 19.775985 -3.206183
 -1.633628 19.828777 2.601644
 -1.570796 19.976503 1.722292
 -1.507964 19.958212 -3.329963
 -1.445133 19.534374 -9.823608
 -1.382301 18.585288 -22.633956
 -1.319469 16.879843 -27.467460
 -1.256637 15.059328 -34.703893
 -1.193805 12.769617 -31.182593
 -1.130973 11.545639 -9.732223
 -1.068142 10.959051 -12.705810
 -1.005310 9.925130 -19.065600
 -0.942478 8.565156 -24.588444
 -0.879646 7.074690 -19.205510
 -0.816814 6.186500 -14.481284
 -0.753982 4.787269 -24.968483
 -0.691150 3.821282 -5.211337
 -0.628319 3.557167 -7.841601
 -0.565487 2.872376 -12.472461
 -0.502655 2.066885 -12.178367
 -0.439823 1.229511 -16.630077
 -0.376991 0.168970 -13.559368
 -0.314159 -0.253151 0.614378
 -0.251327 0.249920 14.003822
 -0.188496 1.028207 6.186945
 -0.125664 0.983821 -3.730650
 -0.062832 0.975445 3.898471
 0.000000 1.284827 3.985458
 0.062832 1.206613 -8.911786
 0.125664 0.438316 -8.772129
 0.188496 0.592766 12.494810
 0.251327 1.557290 15.532274
 0.314159 2.486455 13.498215
 0.376991 2.986586 0.100772
 0.439823 2.827932 0.825985
 0.502655 3.340456 11.633140
 0.565487 3.754860 1.863393
 0.628319 3.853119 2.161759
 0.691150 4.081348 5.506939
 0.753982 4.651897 13.047007
 0.816814 5.653071 17.822474
 0.879646 6.523399 4.599204
 0.942478 6.100916 -15.124858
 1.005310 5.044966 -12.757201
 1.068142 5.222760 20.953816
 1.130973 7.488417 45.945927
 1.193805 9.413596 -9.876969
 1.256637 6.830534 -41.045890
 1.319469 5.866540 12.277074
 1.382301 8.185304 54.890910
 1.445133 10.510884 0.429564
 1.507964 8.592113 -50.912092
 1.570796 5.818958 -27.408071
 1.633628 5.566461 16.549271
 1.696460 6.542448 2.788913
 1.759292 6.445109 -0.006675
 1.822124 6.365022 -0.888332
 1.884956 6.870699 13.537502
 1.947787 6.163541 -38.773639
 2.010619 4.180099 -13.420894
 2.073451 4.814285 31.741738
 2.136283 7.245691 31.062764
 2.199115 7.592814 -11.962718
 2.261947 6.789027 -13.464262
 2.324779 5.778100 -16.108869
 2.387610 5.007236 -10.934475
 2.450442 4.160329 -11.919103
 2.513274 4.201793 14.816295
 2.576106 5.550150 21.176159
 2.638938 6.296403 1.544471
 2.701770 6.060051 -5.033367
 2.764602 5.913380 0.943933
 2.827433 6.213128 6.875644
 2.890265 6.325835 -5.207405
 2.953097 6.005113 0.802973
 3.015929 6.697306 18.837582
 3.078761 7.904567 17.337488
