#! FIELDS psi4 ffpsi4 dffpsi4_psi4
#! SET min_psi4 -pi
#! SET max_psi4 pi
#! SET nbins_psi4  100
#! SET periodic_psi4 true
 -3.141593 2.986669 68.378770
 -3.078761 7.240814 46.181238
 -3.015929 8.616405 14.705682
 -2.953097 10.238841 34.362059
 -2.890265 12.437186 34.245965
 -2.827433 14.260047 18.414339
 -2.764602 15.374641 27.048258
 -2.701770 18.316199 65.692111
 -2.638938 22.508958 45.937755
 -2.576106 22.664907 -30.909900
 -2.513274 20.137843 -36.072277
 -2.450442 19.281982 10.794943
 -2.387610 20.633673 10.722050
 -2.324779 19.325952 -31.525518
 -2.261947 18.198809 -3.109263
 -2.199115 19.050364 32.188032
 -2.136283 22.250753 64.327419
 -2.073451 25.585223 32.192835
 -2.010619 26.510844 0.787564
 -1.947787 26.044835 -20.956836
 -1.884956 23.576138 -45.331196
 -1.822124 21.715045 -10.999400
 -1.759292 21.507900 -11.261532
 -1.696460 18.909187 -62.776446
 -1.633628 15.287815 -44.247676
 -1.570796 13.769004 -3.777202
 -1.507964 14.570048 23.654944
 -1.445133 15.537342 1.632351
 -1.382301 15.328534 -4.216436
 -1.319469 14.794451 -15.578702
 -1.256637 13.732275 -13.507864
 -1.193805 13.167790 -7.498599
 -1.130973 12.294286 -22.728010
 -1.068142 10.737238 -20.907400
 -1.005310 9.940599 -5.561232
 -0.942478 9.743404 -4.680786
 -0.879646 8.959494 -18.705056
 -0.816814 7.850890 -14.590162
 -0.753982 6.832352 -25.153271
 -0.691150 4.722424 -30.403841
 -0.628319 4.011703 8.783213
 -0.565487 5.145727 15.306598
 -0.502655 4.877844 -20.403792
 -0.439823 3.610046 -12.543174
 -0.376991 3.691588 13.064141
 -0.314159 4.666017 14.092692
 -0.251327 5.095357 -2.981477
 -0.188496 4.678841 -4.859220
 -0.125664 4.560925 -1.313382
 -0.062832 4.575301 4.934637
 0.000000 5.380259 18.739847
 0.062832 6.344223 7.923688
 0.125664 6.459625 -1.329825
 0.188496 6.432081 1.480931
 0.251327 6.632069 4.585893
 0.314159 7.032633 5.981069
 0.376991 6.993004 -5.401506
 0.439823 6.977256 7.104154
 0.502655 7.519779 3.351169
 0.565487 7.072446 -12.609910
 0.628319 6.634972 -0.216048
 0.691150 6.408179 -13.147307
 0.753982 5.335604 -14.791600
 0.816814 4.839924 -0.254965
 0.879646 5.509341 22.569370
 0.942478 7.291513 26.519017
 1.005310 8.148613 1.482781
 1.068142 8.072541 0.677230
 1.130973 8.330794 2.976021
 1.193805 8.068693 -7.126251
 1.256637 8.084485 9.014780
 1.319469 9.017273 17.988045
 1.382301 10.023717 11.866952
 1.445133 10.345172 -4.731863
 1.507964 9.196339 -23.939552
 1.570796 8.582779 8.261427
 1.633628 9.810975 19.374581
 1.696460 9.674141 -20.691203
 1.759292 8.018469 -28.138340
 1.822124 6.804749 -6.736165
 1.884956 7.171216 16.282580
 1.947787 8.242507 8.152056
 2.010619 8.033728 -5.261504
 2.073451 6.883549 -50.435463
 2.136283 3.219698 -45.364339
 2.199115 1.920299 0.773470
 2.261947 1.457432 -33.686261
 2.324779 -0.879692 -22.912148
 2.387610 -0.672576 29.400476
 2.450442 2.150135 46.114567
 2.513274 3.439350 -1.123728
 2.576106 2.643754 -22.278655
 2.638938 1.398825 -12.784902
 2.701770 0.866330 -8.526536
 2.764602 0.332752 -5.076730
 2.827433 0.136916 -4.445069
 2.890265 0.127708 10.114686
 2.953097 1.270351 12.898703
 3.015929 0.414977 -24.954701
 3.078761 0.099909 20.078011
