#! FIELDS phi4 ffphi4 dffphi4_phi4
#! SET min_phi4 -pi
#! SET max_phi4 pi
#! SET nbins_phi4  100
#! SET periodic_phi4 true
 -3.141593 13.078082 -49.615500
 -3.078761 10.200052 -42.742299
 -3.015929 7.644418 -38.183342
 -2.953097 5.487798 -30.232408
 -2.890265 3.802048 -24.032750
 -2.827433 2.408417 -20.479323
 -2.764602 1.259629 -15.581207
 -2.701770 0.502535 -8.529991
 -2.638938 0.132785 -3.645526
 -2.576106 0.040216 0.566179
 -2.513274 0.159450 3.086819
 -2.450442 0.459517 6.613778
 -2.387610 0.970574 8.929525
 -2.324779 1.474425 6.987062
 -2.261947 1.979398 9.682052
 -2.199115 2.614340 9.307452
 -2.136283 3.071474 5.058616
 -2.073451 3.277703 1.903260
 -2.010619 3.373954 1.369927
 -1.947787 3.434260 0.002614
 -1.884956 3.325323 -3.390216
 -1.822124 3.071242 -4.431698
 -1.759292 2.752946 -5.859674
 -1.696460 2.360491 -6.527315
 -1.633628 1.924486 -7.166902
 -1.570796 1.536716 -4.816520
 -1.507964 1.278094 -4.006499
 -1.445133 1.033897 -3.498064
 -1.382301 0.866092 -1.265602
 -1.319469 0.981334 4.975574
 -1.256637 1.372463 6.656008
 -1.193805 1.900662 11.494516
 -1.130973 2.874739 18.599025
 -1.068142 4.099338 19.752803
 -1.005310 5.388697 21.654238
 -0.942478 6.860896 24.974239
 -0.879646 8.517550 27.601536
 -0.816814 10.339291 29.983655
 -0.753982 12.296693 32.429282
 -0.691150 14.459775 35.919058
 -0.628319 16.817297 39.119211
 -0.565487 19.345255 38.899340
 -0.502655 21.532444 31.520384
 -0.439823 23.673636 37.519740
 -0.376991 26.087373 36.134491
 -0.314159 28.146561 30.634271
 -0.251327 30.096317 31.049232
 -0.188496 32.018930 29.268143
 -0.125664 33.751186 25.539623
 -0.062832 35.137032 16.947957
 0.000000 35.911099 8.990386
 0.062832 36.296015 1.652892
 0.125664 35.951070 -12.976139
 0.188496 34.739334 -24.917358
 0.251327 32.887337 -33.243516
 0.314159 30.670530 -37.009115
 0.376991 28.237836 -40.271534
 0.439823 25.635646 -42.401823
 0.502655 22.929360 -43.434659
 0.565487 20.239238 -41.788781
 0.628319 17.683969 -39.366744
 0.691150 15.378612 -33.725070
 0.753982 13.334267 -32.318976
 0.816814 11.379673 -28.460169
 0.879646 9.888285 -18.649318
 0.942478 9.009032 -9.944369
 1.005310 8.577236 -4.017619
 1.068142 8.506206 2.110537
 1.130973 8.922598 11.446987
 1.193805 9.905017 19.210842
 1.256637 11.347746 27.417738
 1.319469 13.433037 38.527304
 1.382301 16.109616 45.993129
 1.445133 19.238381 52.816567
 1.507964 22.800387 60.169749
 1.570796 26.814106 64.767837
 1.633628 30.936151 64.978089
 1.696460 35.209411 69.210373
 1.759292 39.641328 68.375918
 1.822124 43.857480 63.309440
 1.884956 47.717587 57.191033
 1.947787 51.127925 49.561194
 2.010619 53.957613 39.180214
 2.073451 56.136622 29.291576
 2.136283 57.580258 16.049129
 2.199115 58.182338 2.757435
 2.261947 57.890445 -12.170978
 2.324779 56.785861 -22.251731
 2.387610 54.996596 -35.067022
 2.450442 52.525960 -42.627372
 2.513274 49.620276 -50.335308
 2.576106 46.222559 -56.749694
 2.638938 42.591335 -58.962836
 2.701770 38.773829 -62.101859
 2.764602 34.859557 -62.362330
 2.827433 30.922363 -62.621500
 2.890265 27.057824 -60.191524
 2.953097 23.356879 -57.484165
 3.015929 19.827941 -55.068375
 3.078761 16.390976 -54.497792
