#! FIELDS psi4 ffpsi4 dffpsi4_psi4
#! SET min_psi4 -pi
#! SET max_psi4 pi
#! SET nbins_psi4  100
#! SET periodic_psi4 true
 -3.141593 4.034171 16.737329
 -3.078761 5.204871 20.715556
 -3.015929 6.621885 23.647973
 -2.953097 8.102141 22.767008
 -2.890265 9.484469 21.994759
 -2.827433 11.020384 26.530725
 -2.764602 12.613851 22.728011
 -2.701770 13.903445 18.586208
 -2.638938 14.990523 16.298787
 -2.576106 16.065992 19.751726
 -2.513274 17.884144 39.306303
 -2.450442 19.846202 8.372495
 -2.387610 19.985743 8.468540
 -2.324779 20.863516 16.693013
 -2.261947 22.631740 42.015979
 -2.199115 23.286295 -44.529499
 -2.136283 20.408916 -33.983613
 -2.073451 19.084757 -9.195099
 -2.010619 19.015795 3.297427
 -1.947787 19.447913 16.008786
 -1.884956 21.801339 62.724902
 -1.822124 27.338556 94.946104
 -1.759292 25.574095 -89.471832
 -1.696460 21.474899 -42.898029
 -1.633628 19.729737 -14.734951
 -1.570796 19.491203 2.067308
 -1.507964 18.986167 -16.648924
 -1.445133 18.186569 -8.802630
 -1.382301 17.633415 -6.744034
 -1.319469 17.688903 5.677033
 -1.256637 17.126033 -27.970187
 -1.193805 15.129204 -28.889357
 -1.130973 13.664604 -19.166991
 -1.068142 12.505306 -19.175336
 -1.005310 11.158270 -23.407191
 -0.942478 9.664307 -23.913570
 -0.879646 8.167684 -22.796900
 -0.816814 6.918335 -16.914624
 -0.753982 5.978296 -13.541208
 -0.691150 5.184751 -11.847216
 -0.628319 4.468471 -10.981087
 -0.565487 3.841110 -8.640064
 -0.502655 3.420636 -4.600291
 -0.439823 3.221652 -2.560699
 -0.376991 3.038437 -2.999643
 -0.314159 2.924542 -0.350588
 -0.251327 2.973637 1.578874
 -0.188496 3.108460 2.568308
 -0.125664 3.275448 2.682037
 -0.062832 3.466328 3.508705
 0.000000 3.732653 4.942799
 0.062832 4.084132 6.127556
 0.125664 4.439560 4.269936
 0.188496 4.624063 2.497379
 0.251327 4.814846 3.131769
 0.314159 4.978758 2.324538
 0.376991 5.160800 3.334206
 0.439823 5.311890 0.792525
 0.502655 5.286566 -0.911973
 0.565487 5.256615 -0.158101
 0.628319 5.232997 -0.628358
 0.691150 5.201526 -0.440930
 0.753982 5.148772 -1.521207
 0.816814 5.010513 -2.552465
 0.879646 4.897579 -0.689478
 0.942478 4.923792 1.222599
 1.005310 5.047101 2.926452
 1.068142 5.277433 3.750335
 1.130973 5.485583 3.100568
 1.193805 5.710513 4.109516
 1.256637 5.987098 4.505051
 1.319469 6.291438 5.390893
 1.382301 6.660518 5.799231
 1.445133 6.993599 5.123708
 1.507964 7.331384 5.215708
 1.570796 7.610036 3.512559
 1.633628 7.755015 1.004446
 1.696460 7.777407 -0.293463
 1.759292 7.660382 -3.682379
 1.822124 7.376701 -4.561439
 1.884956 7.123436 -4.271885
 1.947787 6.726699 -8.541520
 2.010619 6.119742 -10.053656
 2.073451 5.512262 -9.472294
 2.136283 4.874250 -11.052031
 2.199115 4.175362 -10.689799
 2.261947 3.502057 -11.498128
 2.324779 2.728689 -12.283479
 2.387610 2.037182 -9.797951
 2.450442 1.468350 -8.323691
 2.513274 1.006336 -6.434477
 2.576106 0.641329 -5.261381
 2.638938 0.369939 -3.064942
 2.701770 0.273711 -0.180064
 2.764602 0.328848 1.942874
 2.827433 0.534611 4.568181
 2.890265 0.892722 6.852028
 2.953097 1.428239 10.276398
 3.015929 2.169887 13.029437
 3.078761 3.048447 14.774226
