#! FIELDS psi7 ffpsi7 dffpsi7_psi7
#! SET min_psi7 -pi
#! SET max_psi7 pi
#! SET nbins_psi7  100
#! SET periodic_psi7 true
 -3.141593 inf nan
 -3.078761 inf nan
 -3.015929 inf nan
 -2.953097 inf nan
 -2.890265 inf nan
 -2.827433 inf nan
 -2.764602 inf nan
 -2.701770 inf nan
 -2.638938 inf nan
 -2.576106 inf nan
 -2.513274 inf nan
 -2.450442 inf nan
 -2.387610 inf nan
 -2.324779 inf nan
 -2.261947 inf nan
 -2.199115 inf nan
 -2.136283 inf nan
 -2.073451 inf nan
 -2.010619 inf nan
 -1.947787 inf nan
 -1.884956 inf nan
 -1.822124 inf nan
 -1.759292 74.124630 -243.942900
 -1.696460 59.870296 -190.562478
 -1.633628 49.541556 -138.128468
 -1.570796 42.249934 -96.577516
 -1.507964 36.841615 -80.872250
 -1.445133 31.617223 -85.760814
 -1.382301 26.216358 -84.521968
 -1.319469 21.052548 -80.058202
 -1.256637 16.225515 -72.218731
 -1.193805 11.954088 -65.712875
 -1.130973 7.867618 -63.228792
 -1.068142 4.097785 -55.996319
 -1.005310 1.142448 -35.249827
 -0.942478 -0.261957 -11.788059
 -0.879646 -0.883155 -11.728479
 -0.816814 -1.732026 -12.981900
 -0.753982 -2.214638 -0.466609
 -0.691150 -1.861375 8.535267
 -0.628319 -1.368843 7.127712
 -0.565487 -1.257680 -5.072619
 -0.502655 -1.203173 14.963292
 -0.439823 1.040323 54.445854
 -0.376991 4.573528 45.166587
 -0.314159 6.622524 25.375697
 -0.251327 8.341038 29.040954
 -0.188496 10.442210 37.462987
 -0.125664 12.669441 31.307667
 -0.062832 14.588596 31.047525
 0.000000 16.616846 33.957743
 0.062832 18.882766 36.589478
 0.125664 21.030824 30.780349
 0.188496 22.909581 30.660735
 0.251327 24.987209 34.137494
 0.314159 27.080083 31.998772
 0.376991 29.062626 30.953708
 0.439823 31.123605 35.966689
 0.502655 33.505092 35.674034
 0.565487 35.458350 30.137267
 0.628319 37.765821 41.477193
 0.691150 39.826831 20.297797
 0.753982 41.282647 32.354926
 0.816814 43.317190 23.533692
 0.879646 45.094585 45.434703
 0.942478 49.772262 104.468508
 1.005310 58.305664 167.158110
 1.068142 inf nan
 1.130973 inf nan
 1.193805 inf nan
 1.256637 inf nan
 1.319469 inf nan
 1.382301 inf nan
 1.445133 inf nan
 1.507964 inf nan
 1.570796 inf nan
 1.633628 inf nan
 1.696460 inf nan
 1.759292 inf nan
 1.822124 inf nan
 1.884956 inf nan
 1.947787 inf nan
 2.010619 inf nan
 2.073451 inf nan
 2.136283 inf nan
 2.199115 inf nan
 2.261947 inf nan
 2.324779 inf nan
 2.387610 inf nan
 2.450442 inf nan
 2.513274 inf nan
 2.576106 inf nan
 2.638938 inf nan
 2.701770 inf nan
 2.764602 inf nan
 2.827433 inf nan
 2.890265 inf nan
 2.953097 inf nan
 3.015929 inf nan
 3.078761 inf nan
