#! FIELDS psi3 hhpsi3 dhhpsi3_psi3
#! SET min_psi3 -pi
#! SET max_psi3 pi
#! SET nbins_psi3  500
#! SET periodic_psi3 true
 -3.141593 0.010386 -0.206273
 -3.129026 0.008391 -0.116319
 -3.116460 0.007328 -0.056743
 -3.103894 0.006837 -0.019072
 -3.091327 0.006725 -0.000600
 -3.078761 0.006763 0.010857
 -3.066194 0.006921 0.016089
 -3.053628 0.007141 0.019363
 -3.041062 0.007401 0.021982
 -3.028495 0.007679 0.023320
 -3.015929 0.007960 0.020709
 -3.003363 0.008183 0.014200
 -2.990796 0.008301 0.004081
 -2.978230 0.008277 -0.008052
 -2.965663 0.008099 -0.020123
 -2.953097 0.007778 -0.030428
 -2.940531 0.007344 -0.038249
 -2.927964 0.006826 -0.043680
 -2.915398 0.006252 -0.047414
 -2.902832 0.005639 -0.049713
 -2.890265 0.005006 -0.050737
 -2.877699 0.004370 -0.050119
 -2.865133 0.003753 -0.047612
 -2.852566 0.003178 -0.043643
 -2.840000 0.002660 -0.038721
 -2.827433 0.002205 -0.033645
 -2.814867 0.001811 -0.029023
 -2.802301 0.001471 -0.025178
 -2.789734 0.001173 -0.021728
 -2.777168 0.000918 -0.018939
 -2.764602 0.000697 -0.016161
 -2.752035 0.000511 -0.013341
 -2.739469 0.000362 -0.010537
 -2.726902 0.000246 -0.007908
 -2.714336 0.000160 -0.005474
 -2.701770 0.000103 -0.003635
 -2.689203 0.000067 -0.002132
 -2.676637 0.000048 -0.000975
 -2.664071 0.000041 -0.000038
 -2.651504 0.000046 0.000765
 -2.638938 0.000060 0.001481
 -2.626371 0.000082 0.002141
 -2.613805 0.000113 0.002618
 -2.601239 0.000147 0.002859
 -2.588672 0.000183 0.002763
 -2.576106 0.000215 0.002272
 -2.563540 0.000238 0.001402
 -2.550973 0.000249 0.000280
 -2.538407 0.000245 -0.000900
 -2.525840 0.000227 -0.001926
 -2.513274 0.000198 -0.002628
 -2.500708 0.000163 -0.002923
 -2.488141 0.000126 -0.002829
 -2.475575 0.000093 -0.002442
 -2.463009 0.000066 -0.001895
 -2.450442 0.000045 -0.001319
 -2.437876 0.000032 -0.000809
 -2.425310 0.000025 -0.000418
 -2.412743 0.000021 -0.000161
 -2.400177 0.000020 -0.000026
 -2.387610 0.000020 0.000015
 -2.375044 0.000020 -0.000006
 -2.362478 0.000020 -0.000057
 -2.349911 0.000019 -0.000099
 -2.337345 0.000017 -0.000137
 -2.324779 0.000015 -0.000144
 -2.312212 0.000014 -0.000120
 -2.299646 0.000012 -0.000077
 -2.287079 0.000012 -0.000017
 -2.274513 0.000012 0.000040
 -2.261947 0.000013 0.000097
 -2.249380 0.000014 0.000170
 -2.236814 0.000017 0.000292
 -2.224248 0.000022 0.000514
 -2.211681 0.000031 0.000894
 -2.199115 0.000046 0.001481
 -2.186548 0.000069 0.002288
 -2.173982 0.000104 0.003259
 -2.161416 0.000151 0.004252
 -2.148849 0.000210 0.005044
 -2.136283 0.000276 0.005376
 -2.123717 0.000342 0.005028
 -2.111150 0.000399 0.003908
 -2.098584 0.000437 0.002114
 -2.086018 0.000450 -0.000071
 -2.073451 0.000436 -0.002249
 -2.060885 0.000396 -0.004026
 -2.048318 0.000337 -0.005123
 -2.035752 0.000270 -0.005454
 -2.023186 0.000203 -0.005115
 -2.010619 0.000143 -0.004325
 -1.998053 0.000095 -0.003338
 -1.985487 0.000059 -0.002369
 -1.972920 0.000035 -0.001553
 -1.960354 0.000020 -0.000944
 -1.947787 0.000010 -0.000532
 -1.935221 0.000005 -0.000279
 -1.922655 0.000003 -0.000135
 -1.910088 0.000002 -0.000060
 -1.897522 0.000001 0.000005
 -1.884956 0.000001 0.000006
 -1.872389 0.000001 0.000007
 -1.859823 0.000001 0.000008
 -1.847256 0.000001 0.000008
 -1.834690 0.000001 0.000009
 -1.822124 0.000002 0.000010
 -1.809557 0.000002 0.000012
 -1.796991 0.000002 0.000015
 -1.784425 0.000002 0.000021
 -1.771858 0.000002 0.000028
 -1.759292 0.000003 0.000039
 -1.746726 0.000003 0.000054
 -1.734159 0.000004 0.000075
 -1.721593 0.000005 0.000103
 -1.709026 0.000007 0.000137
 -1.696460 0.000009 0.000175
 -1.683894 0.000011 0.000214
 -1.671327 0.000014 0.000248
 -1.658761 0.000017 0.000271
 -1.646195 0.000021 0.000276
 -1.633628 0.000024 0.000261
 -1.621062 0.000027 0.000222
 -1.608495 0.000030 0.000161
 -1.595929 0.000031 0.000084
 -1.583363 0.000032 0.000002
 -1.570796 0.000031 -0.000072
 -1.558230 0.000030 -0.000123
 -1.545664 0.000028 -0.000140
 -1.533097 0.000027 -0.000121
 -1.520531 0.000026 -0.000068
 -1.507964 0.000025 0.000003
 -1.495398 0.000026 0.000075
 -1.482832 0.000027 0.000137
 -1.470265 0.000029 0.000184
 -1.457699 0.000034 0.000385
 -1.445133 0.000040 0.000655
 -1.432566 0.000051 0.001198
 -1.420000 0.000075 0.002436
 -1.407434 0.000117 0.004524
 -1.394867 0.000195 0.008022
 -1.382301 0.000327 0.013461
 -1.369734 0.000543 0.021292
 -1.357168 0.000873 0.031648
 -1.344602 0.001347 0.044073
 -1.332035 0.001984 0.057284
 -1.319469 0.002781 0.069124
 -1.306903 0.003704 0.076830
 -1.294336 0.004683 0.077631
 -1.281770 0.005618 0.069554
 -1.269203 0.006392 0.052202
 -1.256637 0.006897 0.027172
 -1.244071 0.007057 -0.002093
 -1.231504 0.006846 -0.031057
 -1.218938 0.006297 -0.055213
 -1.206372 0.005493 -0.071232
 -1.193805 0.004547 -0.077725
 -1.181239 0.003577 -0.075371
 -1.168672 0.002680 -0.066438
 -1.156106 0.001922 -0.053927
 -1.143540 0.001328 -0.040684
 -1.130973 0.000893 -0.028778
 -1.118407 0.000594 -0.019278
 -1.105841 0.000398 -0.012379
 -1.093274 0.000274 -0.007702
 -1.080708 0.000198 -0.004641
 -1.068142 0.000152 -0.002496
 -1.055575 0.000129 -0.001099
 -1.043009 0.000123 0.000052
 -1.030442 0.000129 0.001193
 -1.017876 0.000156 0.002530
 -1.005310 0.000196 0.003960
 -0.992743 0.000258 0.005962
 -0.980177 0.000350 0.009040
 -0.967611 0.000492 0.013960
 -0.955044 0.000713 0.021681
 -0.942478 0.001053 0.033091
 -0.929911 0.001561 0.048510
 -0.917345 0.002286 0.067144
 -0.904779 0.003252 0.086455
 -0.892212 0.004445 0.102328
 -0.879646 0.005789 0.109740
 -0.867080 0.007149 0.104292
 -0.854513 0.008347 0.083941
 -0.841947 0.009204 0.050449
 -0.829380 0.009583 0.009178
 -0.816814 0.009436 -0.031906
 -0.804248 0.008815 -0.064895
 -0.791681 0.007863 -0.084141
 -0.779115 0.006767 -0.087777
 -0.766549 0.005715 -0.077652
 -0.753982 0.004854 -0.058132
 -0.741416 0.004275 -0.034063
 -0.728849 0.003999 -0.010007
 -0.716283 0.004010 0.011097
 -0.703717 0.004259 0.027522
 -0.691150 0.004679 0.038432
 -0.678584 0.005201 0.043657
 -0.666018 0.005754 0.043713
 -0.653451 0.006283 0.039892
 -0.640885 0.006748 0.034066
 -0.628319 0.007136 0.028429
 -0.615752 0.007460 0.023355
 -0.603186 0.007727 0.019047
 -0.590619 0.007935 0.013839
 -0.578053 0.008062 0.005696
 -0.565487 0.008061 -0.006559
 -0.552920 0.007885 -0.022099
 -0.540354 0.007504 -0.038400
 -0.527788 0.006932 -0.051573
 -0.515221 0.006234 -0.058217
 -0.502655 0.005505 -0.056309
 -0.490088 0.004865 -0.045113
 -0.477522 0.004406 -0.026873
 -0.464956 0.004212 -0.003211
 -0.452389 0.004341 0.024831
 -0.439823 0.004849 0.056773
 -0.427257 0.005790 0.093926
 -0.414690 0.007274 0.139889
 -0.402124 0.009356 0.192931
 -0.389557 0.012322 0.267145
 -0.376991 0.016204 0.354090
 -0.364425 0.021330 0.466857
 -0.351858 0.028100 0.619560
 -0.339292 0.037148 0.832608
 -0.326726 0.049388 1.131870
 -0.314159 0.066082 1.541186
 -0.301593 0.088606 2.060389
 -0.289027 0.118194 2.654926
 -0.276460 0.155291 3.237208
 -0.263894 0.198941 3.672493
 -0.251327 0.246325 3.806534
 -0.238761 0.292816 3.515537
 -0.226195 0.332715 2.759827
 -0.213628 0.360541 1.616969
 -0.201062 0.372500 0.271978
 -0.188496 0.367538 -1.035434
 -0.175929 0.347557 -2.088099
 -0.163363 0.316674 -2.757819
 -0.150796 0.280604 -2.979548
 -0.138230 0.243533 -2.870043
 -0.125664 0.209593 -2.492568
 -0.113097 0.181833 -1.886499
 -0.100531 0.163306 -1.003497
 -0.087965 0.158261 0.281780
 -0.075398 0.172774 2.134789
 -0.062832 0.214760 4.661924
 -0.050265 0.292569 7.808177
 -0.037699 0.412348 11.267745
 -0.025133 0.574590 14.457705
 -0.012566 0.771158 16.580179
 0.000000 0.983591 16.869428
 0.012566 1.184911 14.755538
 0.025133 1.344332 10.251205
 0.037699 1.435048 3.974213
 0.050265 1.441548 -2.931873
 0.062832 1.364443 -9.108812
 0.075398 1.220615 -13.380151
 0.087965 1.038853 -15.101195
 0.100531 0.851818 -14.275630
 0.113097 0.688263 -11.503456
 0.125664 0.566882 -7.736370
 0.138230 0.493720 -3.988267
 0.150796 0.463118 -1.078401
 0.163363 0.461072 0.515353
 0.175929 0.470197 0.718979
 0.188496 0.474431 -0.194017
 0.201062 0.462733 -1.722419
 0.213628 0.430948 -3.300003
 0.226195 0.381605 -4.452156
 0.238761 0.321293 -4.849715
 0.251327 0.261152 -4.601785
 0.263894 0.208107 -3.763504
 0.276460 0.167827 -2.622628
 0.289027 0.142207 -1.477315
 0.301593 0.129708 -0.565129
 0.314159 0.126494 -0.013426
 0.326726 0.127781 0.159419
 0.339292 0.129243 0.033360
 0.351858 0.127938 -0.255518
 0.364425 0.122772 -0.557401
 0.376991 0.114394 -0.750581
 0.389557 0.104430 -0.750777
 0.402124 0.095763 -0.599903
 0.414690 0.089935 -0.310756
 0.427257 0.088191 0.035609
 0.439823 0.090717 0.355347
 0.452389 0.096877 0.590913
 0.464956 0.105071 0.689639
 0.477522 0.113640 0.650909
 0.490088 0.120971 0.501668
 0.502655 0.126032 0.301837
 0.515221 0.128678 0.132081
 0.527788 0.129823 0.075155
 0.540354 0.131246 0.196851
 0.552920 0.135444 0.499877
 0.565487 0.144510 0.950640
 0.578053 0.159521 1.432955
 0.590619 0.180075 1.808711
 0.603186 0.203973 1.947048
 0.615752 0.227703 1.776604
 0.628319 0.247414 1.320138
 0.640885 0.260161 0.698140
 0.653451 0.264985 0.087802
 0.666018 0.263174 -0.332730
 0.678584 0.257859 -0.459775
 0.691150 0.252790 -0.307338
 0.703717 0.250739 0.002697
 0.716283 0.252591 0.269527
 0.728849 0.256583 0.320116
 0.741416 0.259273 0.053459
 0.753982 0.256670 -0.508968
 0.766549 0.245765 -1.239424
 0.779115 0.225583 -1.954579
 0.791681 0.197424 -2.485002
 0.804248 0.164349 -2.727177
 0.816814 0.130161 -2.666871
 0.829380 0.098343 -2.364446
 0.841947 0.071272 -1.914462
 0.854513 0.050259 -1.430257
 0.867080 0.035180 -0.975274
 0.879646 0.025393 -0.595652
 0.892212 0.019854 -0.299640
 0.904779 0.017543 -0.079826
 0.917345 0.017590 0.078398
 0.929911 0.019317 0.189811
 0.942478 0.022200 0.266539
 0.955044 0.025773 0.321433
 0.967611 0.029947 0.339564
 0.980177 0.034217 0.336130
 0.992743 0.038287 0.306945
 1.005310 0.041800 0.248145
 1.017876 0.044380 0.157357
 1.030442 0.045635 0.038635
 1.043009 0.045286 -0.095741
 1.055575 0.043248 -0.226594
 1.068142 0.039698 -0.332206
 1.080708 0.035087 -0.392784
 1.093274 0.030067 -0.396549
 1.105841 0.025363 -0.342887
 1.118407 0.021650 -0.241348
 1.130973 0.019433 -0.108336
 1.143540 0.018974 0.035436
 1.156106 0.020281 0.169277
 1.168672 0.023106 0.275169
 1.181239 0.027013 0.338966
 1.193805 0.031415 0.353703
 1.206372 0.035696 0.320684
 1.218938 0.039311 0.249589
 1.231504 0.041871 0.157167
 1.244071 0.043227 0.060489
 1.256637 0.043425 -0.024815
 1.269203 0.042676 -0.090708
 1.281770 0.041233 -0.135658
 1.294336 0.039332 -0.164565
 1.306903 0.037133 -0.184563
 1.319469 0.034707 -0.201226
 1.332035 0.032078 -0.217157
 1.344602 0.029254 -0.231879
 1.357168 0.026303 -0.240069
 1.369734 0.023266 -0.241553
 1.382301 0.020283 -0.230860
 1.394867 0.017534 -0.203179
 1.407434 0.015258 -0.151696
 1.420000 0.013818 -0.071770
 1.432566 0.013606 0.045080
 1.445133 0.015105 0.201255
 1.457699 0.018793 0.389983
 1.470265 0.024969 0.592918
 1.482832 0.033609 0.777417
 1.495398 0.044229 0.898736
 1.507964 0.055755 0.915535
 1.520531 0.066675 0.800673
 1.533097 0.075310 0.554176
 1.545664 0.080190 0.210752
 1.558230 0.080455 -0.168618
 1.570796 0.076093 -0.513571
 1.583363 0.067932 -0.766027
 1.595929 0.057364 -0.894383
 1.608495 0.045971 -0.899990
 1.621062 0.035145 -0.810345
 1.633628 0.025834 -0.665705
 1.646195 0.018479 -0.505008
 1.658761 0.013088 -0.356614
 1.671327 0.009400 -0.235512
 1.683894 0.007039 -0.145424
 1.696460 0.005628 -0.083207
 1.709026 0.004855 -0.043032
 1.721593 0.004479 -0.019089
 1.734159 0.004327 -0.006644
 1.746726 0.004240 0.000689
 1.759292 0.004234 -0.002225
 1.771858 0.004174 -0.007521
 1.784425 0.004041 -0.013935
 1.796991 0.003825 -0.019927
 1.809557 0.003545 -0.024161
 1.822124 0.003230 -0.025262
 1.834690 0.002926 -0.022435
 1.847256 0.002683 -0.015524
 1.859823 0.002548 -0.005327
 1.872389 0.002559 0.007180
 1.884956 0.002732 0.020409
 1.897522 0.003067 0.032575
 1.910088 0.003539 0.041926
 1.922655 0.004102 0.046822
 1.935221 0.004692 0.046190
 1.947787 0.005243 0.040422
 1.960354 0.005693 0.030609
 1.972920 0.006007 0.019401
 1.985487 0.006187 0.010186
 1.998053 0.006307 0.007921
 2.010619 0.006434 0.014057
 2.023186 0.006712 0.032092
 2.035752 0.007300 0.063956
 2.048318 0.008386 0.111522
 2.060885 0.010176 0.176359
 2.073451 0.012895 0.259423
 2.086018 0.016769 0.359660
 2.098584 0.021990 0.472127
 2.111150 0.028645 0.585272
 2.123717 0.036627 0.680047
 2.136283 0.045559 0.732258
 2.148849 0.054749 0.717579
 2.161416 0.063362 0.629102
 2.173982 0.070284 0.461829
 2.186548 0.074774 0.248288
 2.199115 0.076543 0.038991
 2.211681 0.076041 -0.102817
 2.224248 0.074495 -0.117929
 2.236814 0.073778 0.033170
 2.249380 0.076056 0.356370
 2.261947 0.083314 0.816405
 2.274513 0.096850 1.338016
 2.287079 0.116752 1.811205
 2.299646 0.141656 2.114757
 2.312212 0.168734 2.142295
 2.324779 0.194091 1.836951
 2.337345 0.213576 1.217509
 2.349911 0.223767 0.380303
 2.362478 0.222887 -0.516573
 2.375044 0.211257 -1.302800
 2.387610 0.191154 -1.840836
 2.400177 0.166223 -2.074338
 2.412743 0.140248 -2.016474
 2.425310 0.116421 -1.749182
 2.437876 0.096748 -1.375189
 2.450442 0.081934 -0.988975
 2.463009 0.071740 -0.648246
 2.475575 0.065372 -0.376190
 2.488141 0.062045 -0.160177
 2.500708 0.061224 0.028250
 2.513274 0.062773 0.221966
 2.525840 0.066953 0.450757
 2.538407 0.074323 0.731615
 2.550973 0.085485 1.069617
 2.563540 0.101193 1.425382
 2.576106 0.121214 1.751296
 2.588672 0.144755 1.971562
 2.601239 0.169993 2.010243
 2.613805 0.194303 1.819466
 2.626371 0.214786 1.407895
 2.638938 0.229064 0.849505
 2.651504 0.236035 0.268085
 2.664071 0.236263 -0.201584
 2.676637 0.233082 -0.365935
 2.689203 0.228808 -0.260523
 2.701770 0.227922 0.176385
 2.714336 0.234764 0.980385
 2.726902 0.254584 2.273997
 2.739469 0.295037 4.319268
 2.752035 0.367892 7.502425
 2.764602 0.489948 12.198605
 2.777168 0.681442 18.539435
 2.789734 0.961246 26.128950
 2.802301 1.338774 33.848154
 2.814867 1.805009 39.902999
 2.827433 2.325840 42.204035
 2.840000 2.842459 39.011145
 2.852566 3.280246 29.676162
 2.865133 3.565990 15.085842
 2.877699 3.647261 -2.370722
 2.890265 3.507989 -19.451565
 2.902832 3.173194 -33.032850
 2.915398 2.701384 -41.032801
 2.927964 2.167749 -42.917588
 2.940531 1.644568 -39.619127
 2.953097 1.185856 -32.993099
 2.965663 0.820424 -25.114467
 2.978230 0.552820 -17.650381
 2.990796 0.370812 -11.596863
 3.003363 0.254046 -7.272259
 3.015929 0.181453 -4.512450
 3.028495 0.135741 -2.920376
 3.041062 0.104970 -2.068082
 3.053628 0.082122 -1.611747
 3.066194 0.061106 -1.127234
 3.078761 0.047525 -1.021141
 3.091327 0.035683 -0.856781
 3.103894 0.026088 -0.669472
 3.116460 0.018833 -0.487863
 3.129026 0.013722 -0.330396
