#! FIELDS psi3 ffpsi3 dffpsi3_psi3
#! SET min_psi3 -pi
#! SET max_psi3 pi
#! SET nbins_psi3  100
#! SET periodic_psi3 true
 -3.141593 9.497898 19.042721
 -3.078761 10.710349 19.084050
 -3.015929 11.924302 20.050251
 -2.953097 13.173072 17.309913
 -2.890265 14.049558 13.667704
 -2.827433 15.301431 26.317736
 -2.764602 16.965564 22.112143
 -2.701770 18.102524 17.572251
 -2.638938 19.319026 20.806210
 -2.576106 20.915080 29.255458
 -2.513274 22.323782 13.331347
 -2.450442 23.135164 12.684339
 -2.387610 23.591257 3.842470
 -2.324779 23.739270 -7.592475
 -2.261947 22.425980 -19.915545
 -2.199115 22.398391 18.865581
 -2.136283 23.992073 23.794806
 -2.073451 25.161443 13.516768
 -2.010619 25.424245 -5.741750
 -1.947787 24.636375 -15.326274
 -1.884956 24.228838 5.702021
 -1.822124 25.053565 13.114967
 -1.759292 25.147668 -9.311002
 -1.696460 24.533096 -6.116227
 -1.633628 24.354821 -2.871536
 -1.570796 24.037486 -5.154324
 -1.507964 23.737323 -8.391740
 -1.445133 22.546392 -28.136060
 -1.382301 20.596841 -32.503693
 -1.319469 18.522989 -32.229421
 -1.256637 16.704296 -25.812955
 -1.193805 15.201899 -21.916777
 -1.130973 13.893466 -21.583521
 -1.068142 12.319890 -28.347859
 -1.005310 10.419280 -31.285644
 -0.942478 8.559100 -26.638646
 -0.879646 7.098282 -20.247919
 -0.816814 6.015849 -14.266739
 -0.753982 5.200832 -12.839260
 -0.691150 4.331746 -14.648985
 -0.628319 3.420648 -13.911463
 -0.565487 2.639064 -10.724817
 -0.502655 2.007689 -10.369702
 -0.439823 1.334229 -10.182480
 -0.376991 0.787575 -7.224371
 -0.314159 0.437701 -4.062770
 -0.251327 0.215927 -3.385114
 -0.188496 0.015590 -2.854762
 -0.125664 -0.101757 -0.356694
 -0.062832 0.016960 3.934477
 0.000000 0.341961 6.113348
 0.062832 0.754884 6.464229
 0.125664 1.109910 4.897250
 0.188496 1.429488 5.744238
 0.251327 1.848920 7.034107
 0.314159 2.251445 5.796276
 0.376991 2.617216 5.892280
 0.439823 3.005225 6.547912
 0.502655 3.443169 7.145334
 0.565487 3.871110 6.126976
 0.628319 4.186495 3.901819
 0.691150 4.435287 4.694641
 0.753982 4.816838 7.137456
 0.816814 5.229156 4.896880
 0.879646 5.441583 2.974396
 0.942478 5.711794 5.744240
 1.005310 6.143866 7.560135
 1.068142 6.586110 5.292422
 1.130973 6.666140 -2.029575
 1.193805 6.682759 4.519821
 1.256637 7.132569 7.296756
 1.319469 7.461041 3.914866
 1.382301 7.705090 3.110102
 1.445133 7.773522 -0.343794
 1.507964 7.779865 0.346114
 1.570796 7.731975 -1.742037
 1.633628 7.655357 -0.531718
 1.696460 7.626933 -0.728682
 1.759292 7.509012 -3.311242
 1.822124 7.224122 -6.024833
 1.884956 6.804313 -5.885270
 1.947787 6.569733 -2.135710
 2.010619 6.482919 -0.521887
 2.073451 6.523113 1.247619
 2.136283 6.499472 -2.758378
 2.199115 6.216331 -5.411384
 2.261947 5.919497 -3.600533
 2.324779 5.785513 -0.879116
 2.387610 5.732098 -1.427210
 2.450442 5.613295 -2.164539
 2.513274 5.444971 -3.430591
 2.576106 5.236593 -2.305293
 2.638938 5.207238 1.057787
 2.701770 5.334523 2.688572
 2.764602 5.484979 2.054478
 2.827433 5.714026 5.953273
 2.890265 6.152291 6.744539
 2.953097 6.609160 9.393956
 3.015929 7.409694 15.026684
 3.078761 8.383844 16.124692
