#! FIELDS phi2 ffphi2 dffphi2_phi2
#! SET min_phi2 -pi
#! SET max_phi2 pi
#! SET nbins_phi2  100
#! SET periodic_phi2 true
 -3.141593 16.442767 -46.398751
 -3.078761 13.663135 -42.050949
 -3.015929 11.172461 -36.692907
 -2.953097 9.092227 -29.915175
 -2.890265 7.326705 -26.679937
 -2.827433 5.762016 -22.549640
 -2.764602 4.537944 -16.795740
 -2.701770 3.539280 -15.413556
 -2.638938 2.677921 -11.323699
 -2.576106 2.098885 -7.534390
 -2.513274 1.731494 -4.129439
 -2.450442 1.550914 -1.755452
 -2.387610 1.516490 0.266052
 -2.324779 1.513135 -0.497093
 -2.261947 1.497691 0.252930
 -2.199115 1.557405 1.636266
 -2.136283 1.708945 3.151567
 -2.073451 1.939578 4.007785
 -2.010619 2.215276 4.534390
 -1.947787 2.442269 2.329956
 -1.884956 2.548317 1.436172
 -1.822124 2.611694 0.067362
 -1.759292 2.568567 -0.910544
 -1.696460 2.489003 -2.473824
 -1.633628 2.212414 -5.869397
 -1.570796 1.840425 -5.573161
 -1.507964 1.519055 -4.768507
 -1.445133 1.245015 -4.065075
 -1.382301 0.960070 -5.386931
 -1.319469 0.601830 -5.270392
 -1.256637 0.379986 -1.587282
 -1.193805 0.386318 1.488763
 -1.130973 0.554873 4.028151
 -1.068142 0.934177 8.280452
 -1.005310 1.614262 13.292237
 -0.942478 2.592924 17.632708
 -0.879646 3.800960 20.374169
 -0.816814 5.149817 22.739559
 -0.753982 6.716159 27.052388
 -0.691150 8.497436 28.814764
 -0.628319 10.324774 29.287923
 -0.565487 12.208998 30.394015
 -0.502655 14.123098 29.742983
 -0.439823 15.917201 27.496844
 -0.376991 17.683683 28.599489
 -0.314159 19.457556 27.336275
 -0.251327 21.162213 26.778425
 -0.188496 22.767991 23.407714
 -0.125664 24.032306 15.684332
 -0.062832 24.736662 7.817374
 0.000000 25.142317 5.116935
 0.062832 25.352398 1.004037
 0.125664 25.212568 -5.566485
 0.188496 24.675926 -11.483409
 0.251327 23.773075 -17.112000
 0.314159 22.589088 -19.919063
 0.376991 21.279141 -22.449900
 0.439823 19.708934 -27.164579
 0.502655 17.998715 -26.358722
 0.565487 16.399969 -24.905550
 0.628319 14.910595 -21.633238
 0.691150 13.717739 -16.957205
 0.753982 12.686759 -15.907107
 0.816814 11.815671 -10.989714
 0.879646 11.306416 -5.930753
 0.942478 11.030735 -2.336606
 1.005310 11.113799 5.372136
 1.068142 11.688079 12.580221
 1.130973 12.698646 19.676352
 1.193805 14.158727 26.642853
 1.256637 16.084193 34.747633
 1.319469 18.517220 42.100911
 1.382301 21.409654 49.950941
 1.445133 24.800895 56.160998
 1.507964 28.443289 59.504839
 1.570796 32.479629 67.973915
 1.633628 36.990805 72.193910
 1.696460 41.414133 66.027303
 1.759292 45.740167 69.854139
 1.822124 50.194732 67.075089
 1.884956 54.055428 52.544441
 1.947787 56.940385 38.605077
 2.010619 59.111732 29.891897
 2.073451 60.639415 18.739218
 2.136283 61.631290 12.690697
 2.199115 62.167647 3.497657
 2.261947 61.805854 -16.547325
 2.324779 60.339964 -27.662360
 2.387610 58.397606 -34.821635
 2.450442 55.900475 -44.356678
 2.513274 52.899714 -50.764706
 2.576106 49.568978 -54.894726
 2.638938 45.977157 -59.652103
 2.701770 42.131581 -62.030228
 2.764602 38.177986 -64.027955
 2.827433 34.156182 -62.924591
 2.890265 30.308247 -60.200822
 2.953097 26.489917 -61.124151
 3.015929 22.777077 -56.002157
 3.078761 19.466957 -49.897636
