#! FIELDS psi4 ffpsi4 dffpsi4_psi4
#! SET min_psi4 -pi
#! SET max_psi4 pi
#! SET nbins_psi4  100
#! SET periodic_psi4 true
 -3.141593 4.388441 26.885269
 -3.078761 6.663152 33.111113
 -3.015929 6.644470 -27.181446
 -2.953097 5.391612 -3.447505
 -2.890265 6.653950 43.734434
 -2.827433 10.450634 68.242223
 -2.764602 13.766509 34.771875
 -2.701770 15.927142 38.457755
 -2.638938 18.427036 40.262685
 -2.576106 21.203936 44.901280
 -2.513274 22.679485 -5.516893
 -2.450442 22.036449 -2.991701
 -2.387610 22.523705 15.059829
 -2.324779 23.676073 20.248087
 -2.261947 24.520434 -1.299578
 -2.199115 23.283597 -27.186881
 -2.136283 22.290616 -2.091698
 -2.073451 22.783148 13.598663
 -2.010619 23.626113 12.780889
 -1.947787 24.105636 -4.140538
 -1.884956 22.736176 -33.810328
 -1.822124 20.675394 -27.819093
 -1.759292 19.451700 -12.810926
 -1.696460 18.631939 -13.512617
 -1.633628 17.978372 -8.860129
 -1.570796 17.232796 -14.328633
 -1.507964 16.232126 -16.642700
 -1.445133 15.491999 -6.970667
 -1.382301 14.728332 -19.491552
 -1.319469 13.590233 -13.875880
 -1.256637 12.889729 -9.160680
 -1.193805 12.398074 -8.404581
 -1.130973 11.661613 -13.571638
 -1.068142 10.984938 -7.039378
 -1.005310 10.606777 -9.023434
 -0.942478 9.087630 -42.017849
 -0.879646 6.304743 -35.625761
 -0.816814 5.275291 2.055655
 -0.753982 5.544369 -5.386584
 -0.691150 4.787074 -9.338207
 -0.628319 4.422910 -8.873330
 -0.565487 3.615923 -10.532088
 -0.502655 3.325265 -2.482604
 -0.439823 2.988999 -7.169176
 -0.376991 2.685480 -0.281080
 -0.314159 3.082861 11.235823
 -0.251327 3.474903 -4.590024
 -0.188496 2.446296 -25.189882
 -0.125664 0.869748 -17.556105
 -0.062832 0.974509 22.166189
 0.000000 2.982929 29.474776
 0.062832 3.813297 1.985940
 0.125664 3.985355 6.140885
 0.188496 4.565337 10.477201
 0.251327 5.133675 6.416390
 0.314159 5.354501 2.781493
 0.376991 5.594960 1.353108
 0.439823 5.187017 -12.266201
 0.502655 4.362093 -11.991073
 0.565487 4.054641 3.730724
 0.628319 4.588551 9.453314
 0.691150 4.975997 2.654526
 0.753982 5.004018 -0.775403
 0.816814 4.915869 -2.278261
 0.879646 4.813967 -0.309740
 0.942478 4.796918 -0.409996
 1.005310 4.905032 3.800816
 1.068142 5.040137 -0.427545
 1.130973 5.014587 0.873569
 1.193805 5.233286 6.955292
 1.256637 6.005839 17.406330
 1.319469 7.123082 14.843456
 1.382301 7.777442 6.377081
 1.445133 7.855201 -5.016736
 1.507964 7.077457 -16.988099
 1.570796 6.444853 -0.649885
 1.633628 6.542018 0.087954
 1.696460 6.794115 10.800257
 1.759292 7.650535 11.747165
 1.822124 7.572952 -17.996300
 1.884956 6.205768 -15.370169
 1.947787 6.053488 7.040072
 2.010619 6.276022 -7.018741
 2.073451 4.727996 -34.627976
 2.136283 3.409761 -1.150301
 2.199115 4.407896 22.546541
 2.261947 4.639281 -12.473176
 2.324779 3.979731 -8.030475
 2.387610 3.171034 -18.572260
 2.450442 2.067177 -14.194256
 2.513274 1.345790 -9.431043
 2.576106 0.952284 -2.347916
 2.638938 1.011857 1.804427
 2.701770 0.773411 -8.901516
 2.764602 0.410282 0.166821
 2.827433 0.807397 11.376455
 2.890265 1.732053 16.748440
 2.953097 2.627426 9.791425
 3.015929 3.080469 6.869716
 3.078761 3.494261 6.220047
