#! FIELDS psi2 ffpsi2 dffpsi2_psi2
#! SET min_psi2 -pi
#! SET max_psi2 pi
#! SET nbins_psi2  100
#! SET periodic_psi2 true
 -3.141593 14.701437 43.941074
 -3.078761 17.204040 35.145371
 -3.015929 19.340777 34.115032
 -2.953097 21.571165 34.968786
 -2.890265 23.522414 26.770423
 -2.827433 25.131349 25.420053
 -2.764602 26.712299 23.271414
 -2.701770 27.752946 6.525446
 -2.638938 27.499851 -11.903916
 -2.576106 26.598381 -15.167540
 -2.513274 25.664419 -15.666622
 -2.450442 24.355530 -26.665582
 -2.387610 22.636290 -25.053916
 -2.324779 21.264930 -19.879805
 -2.261947 20.071844 -17.658227
 -2.199115 19.022484 -16.826456
 -2.136283 17.913537 -17.537834
 -2.073451 16.927455 -14.044155
 -2.010619 16.062271 -13.416901
 -1.947787 15.356216 -8.869235
 -1.884956 14.824944 -8.783812
 -1.822124 14.244410 -10.111678
 -1.759292 13.550724 -10.804365
 -1.696460 13.046027 -4.962859
 -1.633628 12.831960 -3.434135
 -1.570796 12.476172 -7.104423
 -1.507964 12.210198 0.272397
 -1.445133 12.519110 7.954428
 -1.382301 12.914291 3.065915
 -1.319469 12.992800 1.231487
 -1.256637 13.194308 4.836810
 -1.193805 13.487013 3.470893
 -1.130973 13.627993 2.054058
 -1.068142 13.786846 1.951981
 -1.005310 13.861417 1.788305
 -0.942478 14.081317 3.815941
 -0.879646 14.197900 0.262780
 -0.816814 14.159456 -1.931076
 -0.753982 14.001168 -2.261688
 -0.691150 13.850771 -3.949490
 -0.628319 13.387051 -10.096812
 -0.565487 12.826627 -5.976596
 -0.502655 12.655713 -1.614988
 -0.439823 12.228571 -13.243438
 -0.376991 11.396388 -8.464314
 -0.314159 11.301268 2.342506
 -0.251327 11.294584 -2.972528
 -0.188496 11.083726 -2.840483
 -0.125664 10.893520 -3.963217
 -0.062832 10.741021 1.596086
 0.000000 11.109194 6.898167
 0.062832 11.380935 3.775201
 0.125664 11.760936 6.482635
 0.188496 11.864281 -4.244350
 0.251327 11.320441 -12.741266
 0.314159 10.161402 -22.470975
 0.376991 9.074513 -10.908255
 0.439823 8.238168 -17.145323
 0.502655 7.718847 5.780691
 0.565487 8.745254 19.099296
 0.628319 9.138311 -8.608989
 0.691150 8.034318 -21.832595
 0.753982 6.989153 -8.929087
 0.816814 6.782365 -0.557446
 0.879646 6.760228 -0.109009
 0.942478 6.768477 0.720718
 1.005310 6.869516 1.768915
 1.068142 6.940038 0.577857
 1.130973 6.943968 -0.355343
 1.193805 6.949847 0.659616
 1.256637 7.000162 0.568421
 1.319469 6.962677 -2.326613
 1.382301 6.724075 -4.467833
 1.445133 6.467364 -3.932645
 1.507964 6.200849 -4.715023
 1.570796 5.776686 -9.970521
 1.633628 4.998792 -12.876453
 1.696460 4.302570 -9.667195
 1.759292 3.700446 -9.253763
 1.822124 3.182813 -8.417461
 1.884956 2.464799 -13.954078
 1.947787 1.654619 -10.600569
 2.010619 1.203711 -3.326772
 2.073451 1.160610 -0.233086
 2.136283 0.964678 -5.640923
 2.199115 0.609981 -5.236604
 2.261947 0.225562 -7.690813
 2.324779 -0.284664 -7.345273
 2.387610 -0.650573 -4.883532
 2.450442 -0.945084 -4.028110
 2.513274 -1.034694 1.782092
 2.576106 -0.698557 8.981295
 2.638938 0.073270 14.942707
 2.701770 1.103607 17.428563
 2.764602 2.258352 19.477404
 2.827433 3.642526 25.222163
 2.890265 5.435077 30.863394
 2.953097 7.401762 31.081158
 3.015929 9.430846 34.452787
 3.078761 11.872990 43.036833
