#! FIELDS phi4 ffphi4 dffphi4_phi4
#! SET min_phi4 -pi
#! SET max_phi4 pi
#! SET nbins_phi4  100
#! SET periodic_phi4 true
 -3.141593 13.075080 -45.231517
 -3.078761 10.270134 -44.091623
 -3.015929 7.715187 -36.002134
 -2.953097 5.634320 -32.112436
 -2.890265 3.679360 -28.604651
 -2.827433 2.121550 -21.381535
 -2.764602 1.006905 -12.893152
 -2.701770 0.539159 -4.606085
 -2.638938 0.033669 -10.265688
 -2.576106 -0.257267 2.323234
 -2.513274 0.023725 3.707221
 -2.450442 0.265215 6.238522
 -2.387610 0.850133 10.170400
 -2.324779 1.424288 10.298455
 -2.261947 2.298782 14.513736
 -2.199115 2.874082 5.028050
 -2.136283 3.193689 4.822747
 -2.073451 3.449501 3.860263
 -2.010619 3.584955 -2.072906
 -1.947787 3.091652 -11.315425
 -1.884956 2.574151 -3.435204
 -1.822124 2.604424 2.830833
 -1.759292 2.754414 0.850518
 -1.696460 2.644490 -4.404567
 -1.633628 2.278922 -6.095523
 -1.570796 1.954868 -4.822924
 -1.507964 1.570653 -7.599570
 -1.445133 1.086762 -6.824857
 -1.382301 0.840000 0.145661
 -1.319469 1.179726 9.658527
 -1.256637 1.772695 7.092651
 -1.193805 2.156673 8.518719
 -1.130973 3.139868 22.231031
 -1.068142 4.702653 25.426400
 -1.005310 6.116402 18.032832
 -0.942478 7.083815 16.202699
 -0.879646 8.614683 33.535784
 -0.816814 11.066210 40.832528
 -0.753982 13.387889 31.667306
 -0.691150 15.296756 31.829795
 -0.628319 17.540622 37.997118
 -0.565487 19.838919 33.912269
 -0.502655 21.963373 34.735459
 -0.439823 24.269031 38.661616
 -0.376991 26.855402 41.398967
 -0.314159 29.209616 33.440858
 -0.251327 31.227933 29.227178
 -0.188496 32.761163 20.849773
 -0.125664 34.123049 22.532830
 -0.062832 35.412197 16.644575
 0.000000 36.154437 6.512749
 0.062832 36.149283 -6.915002
 0.125664 35.361014 -17.841422
 0.188496 33.931386 -26.984619
 0.251327 32.102462 -30.775897
 0.314159 30.005209 -36.552381
 0.376991 27.528182 -41.648940
 0.439823 24.839752 -43.766803
 0.502655 22.025771 -45.309496
 0.565487 19.292567 -40.757945
 0.628319 16.879637 -36.842574
 0.691150 14.616651 -35.157906
 0.753982 12.489250 -31.896811
 0.816814 10.704293 -24.871873
 0.879646 9.295994 -20.197892
 0.942478 8.159634 -16.103169
 1.005310 7.394360 -6.328677
 1.068142 7.463892 7.615006
 1.130973 8.192872 14.846277
 1.193805 9.252669 18.146352
 1.256637 10.556915 25.079489
 1.319469 12.513440 36.384840
 1.382301 15.079182 45.471554
 1.445133 18.275110 55.114839
 1.507964 21.942111 60.091217
 1.570796 25.869072 63.795201
 1.633628 30.046532 67.480112
 1.696460 34.441371 69.635206
 1.759292 38.831605 66.776597
 1.822124 42.905961 60.580594
 1.884956 46.586421 54.957514
 1.947787 49.906107 49.406986
 2.010619 52.834038 42.385999
 2.073451 55.223656 32.793512
 2.136283 56.919868 20.028069
 2.199115 57.706588 5.049647
 2.261947 57.690140 -5.220368
 2.324779 56.958528 -18.948256
 2.387610 55.323681 -32.362491
 2.450442 52.979689 -42.039254
 2.513274 50.008124 -52.220840
 2.576106 46.566206 -56.503881
 2.638938 42.923137 -59.121758
 2.701770 39.153282 -61.506321
 2.764602 35.144532 -65.107131
 2.827433 31.145089 -61.539191
 2.890265 27.369346 -59.405309
 2.953097 23.556566 -62.525765
 3.015929 19.629650 -60.577290
 3.078761 16.091256 -51.774761
