#! FIELDS psi3 ffpsi3 dffpsi3_psi3
#! SET min_psi3 -pi
#! SET max_psi3 pi
#! SET nbins_psi3  100
#! SET periodic_psi3 true
 -3.141593 8.217080 16.922116
 -3.078761 9.455632 21.853434
 -3.015929 10.812669 20.233876
 -2.953097 12.027651 19.292148
 -2.890265 13.333241 22.094918
 -2.827433 14.775134 23.554109
 -2.764602 16.281438 23.667056
 -2.701770 17.701550 21.515000
 -2.638938 19.053339 21.466781
 -2.576106 20.375743 20.393414
 -2.513274 21.628530 19.091858
 -2.450442 22.776377 17.923211
 -2.387610 23.978591 20.244488
 -2.324779 25.231378 18.538892
 -2.261947 26.239152 13.361396
 -2.199115 27.007789 11.895438
 -2.136283 27.783370 12.618778
 -2.073451 28.548036 10.820159
 -2.010619 29.069867 6.062099
 -1.947787 29.426817 5.519080
 -1.884956 29.650558 0.327848
 -1.822124 29.522242 -2.673252
 -1.759292 29.398254 -2.510123
 -1.696460 29.034296 -9.383474
 -1.633628 28.282287 -14.273467
 -1.570796 27.203174 -20.740546
 -1.507964 25.645444 -28.086866
 -1.445133 23.836061 -28.807459
 -1.382301 21.966665 -31.439651
 -1.319469 19.926242 -32.819269
 -1.256637 17.811953 -34.732914
 -1.193805 15.721342 -29.978302
 -1.130973 14.072208 -23.922436
 -1.068142 12.574807 -24.164591
 -1.005310 10.902109 -29.924034
 -0.942478 9.091529 -23.944669
 -0.879646 8.087199 -9.262822
 -0.816814 7.453461 -15.433790
 -0.753982 6.225812 -19.341501
 -0.691150 5.162104 -16.233117
 -0.628319 4.054171 -19.447323
 -0.565487 2.822612 -16.416983
 -0.502655 2.324539 -1.191745
 -0.439823 1.850101 -17.846809
 -0.376991 0.764976 -10.009051
 -0.314159 0.752113 6.062907
 -0.251327 0.814852 -7.291334
 -0.188496 0.229644 -6.514113
 -0.125664 0.139738 1.798367
 -0.062832 0.293556 2.574725
 0.000000 0.183482 -7.076477
 0.062832 0.020544 7.264482
 0.125664 0.992380 16.816047
 0.188496 1.426542 -2.080860
 0.251327 1.354302 4.937136
 0.314159 2.345216 23.990196
 0.376991 3.434527 5.025957
 0.439823 3.459094 0.592757
 0.502655 3.349322 -6.584796
 0.565487 3.043870 1.317591
 0.628319 3.587119 13.961560
 0.691150 4.462869 10.952034
 0.753982 4.855386 3.416404
 0.816814 5.138367 5.525318
 0.879646 5.362587 0.792384
 0.942478 5.388280 1.388784
 1.005310 5.625033 6.485529
 1.068142 6.118186 7.122976
 1.130973 6.400819 3.020265
 1.193805 6.657133 5.210040
 1.256637 6.991647 4.737778
 1.319469 7.218798 2.561783
 1.382301 7.347578 1.701568
 1.445133 7.438405 1.096713
 1.507964 7.488779 0.468156
 1.570796 7.461075 -2.297665
 1.633628 7.114011 -8.035174
 1.696460 6.690680 -3.681653
 1.759292 6.743284 4.920348
 1.822124 7.106249 4.112800
 1.884956 7.079585 -4.825164
 1.947787 6.599192 -9.060955
 2.010619 6.174094 -3.383736
 2.073451 6.142172 1.090726
 2.136283 6.139070 -2.236412
 2.199115 5.809838 -7.372485
 2.261947 5.472487 -2.295562
 2.324779 5.368619 -2.760077
 2.387610 5.148018 -3.303757
 2.450442 4.956898 -3.262966
 2.513274 4.758944 -2.260033
 2.576106 4.742362 1.168798
 2.638938 4.788684 0.247494
 2.701770 4.836260 1.157457
 2.764602 4.920060 2.034458
 2.827433 5.179550 6.230138
 2.890265 5.633430 7.669902
 2.953097 6.135200 8.287114
 3.015929 6.665893 8.647760
 3.078761 7.305108 12.214188
