#! FIELDS phi2 ffphi2 dffphi2_phi2
#! SET min_phi2 -pi
#! SET max_phi2 pi
#! SET nbins_phi2  100
#! SET periodic_phi2 true
 -3.141593 16.507986 -45.956193
 -3.078761 13.730429 -42.322486
 -3.015929 11.212465 -37.715705
 -2.953097 8.992576 -32.809303
 -2.890265 7.124825 -26.758381
 -2.827433 5.539556 -24.148899
 -2.764602 4.169562 -18.615112
 -2.701770 3.180471 -13.592473
 -2.638938 2.439333 -9.816951
 -2.576106 1.925919 -6.916269
 -2.513274 1.555742 -4.885988
 -2.450442 1.304757 -3.093151
 -2.387610 1.191239 -0.383698
 -2.324779 1.229991 0.993416
 -2.261947 1.287658 1.316974
 -2.199115 1.454663 3.587100
 -2.136283 1.634202 1.831826
 -2.073451 1.776711 3.440434
 -2.010619 2.055389 4.692534
 -1.947787 2.306384 3.215488
 -1.884956 2.488046 2.684825
 -1.822124 2.645710 2.160864
 -1.759292 2.725364 0.053181
 -1.696460 2.664656 -1.799672
 -1.633628 2.502112 -3.493876
 -1.570796 2.223963 -5.335031
 -1.507964 1.844575 -6.858865
 -1.445133 1.345985 -8.703136
 -1.382301 0.864834 -5.771154
 -1.319469 0.628415 -2.408304
 -1.256637 0.505410 -1.451214
 -1.193805 0.490671 1.186002
 -1.130973 0.661242 4.353642
 -1.068142 1.081640 9.201624
 -1.005310 1.797342 13.182816
 -0.942478 2.740277 17.021133
 -0.879646 3.927030 20.165993
 -0.816814 5.272082 23.034170
 -0.753982 6.883048 28.077296
 -0.691150 8.749121 30.484114
 -0.628319 10.709406 31.934337
 -0.565487 12.761283 32.454671
 -0.502655 14.760373 30.973814
 -0.439823 16.691966 30.154371
 -0.376991 18.557711 28.842505
 -0.314159 20.314290 26.796427
 -0.251327 21.942462 24.519203
 -0.188496 23.349372 19.854712
 -0.125664 24.485781 16.641789
 -0.062832 25.462789 13.793005
 0.000000 26.101578 5.868887
 0.062832 26.293863 1.224632
 0.125664 26.222570 -4.679176
 0.188496 25.719275 -10.185925
 0.251327 25.023538 -12.070822
 0.314159 24.177462 -15.116173
 0.376991 23.114667 -18.246309
 0.439823 21.984085 -17.256960
 0.502655 20.965325 -15.015122
 0.565487 20.138975 -11.081917
 0.628319 19.534699 -8.791110
 0.691150 19.010972 -7.498134
 0.753982 18.658739 -3.268543
 0.816814 18.660415 3.605209
 0.879646 19.104046 10.283584
 0.942478 19.942722 16.082075
 1.005310 21.048259 18.661440
 1.068142 22.378884 24.582974
 1.130973 24.139935 30.759449
 1.193805 26.241870 35.822838
 1.256637 28.601629 39.033266
 1.319469 31.228111 44.095763
 1.382301 34.124684 47.087461
 1.445133 37.115567 47.109961
 1.507964 40.107584 47.626946
 1.570796 43.150146 48.148229
 1.633628 46.127796 45.429831
 1.696460 48.935287 43.845606
 1.759292 51.688925 42.476686
 1.822124 54.260004 38.989568
 1.884956 56.687521 38.437061
 1.947787 59.115593 37.177986
 2.010619 61.142163 25.505401
 2.073451 62.532765 21.225422
 2.136283 63.491641 1.470898
 2.199115 62.851796 -12.795848
 2.261947 62.420561 -5.728269
 2.324779 60.911580 -41.766318
 2.387610 58.317469 -36.861827
 2.450442 56.020093 -40.296575
 2.513274 53.096123 -51.290080
 2.576106 49.705966 -56.559493
 2.638938 45.990355 -61.228813
 2.701770 42.101418 -61.927923
 2.764602 38.206161 -62.379595
 2.827433 34.266456 -62.623175
 2.890265 30.366587 -61.325520
 2.953097 26.574037 -59.393695
 3.015929 22.911503 -56.714437
 3.078761 19.528195 -50.667323
