#! FIELDS psi3 ffpsi3 dffpsi3_psi3
#! SET min_psi3 -pi
#! SET max_psi3 pi
#! SET nbins_psi3  100
#! SET periodic_psi3 true
 -3.141593 8.335139 16.249933
 -3.078761 9.444169 19.139541
 -3.015929 10.642634 18.009873
 -2.953097 11.799924 20.023357
 -2.890265 13.214994 24.994249
 -2.827433 14.976355 30.368529
 -2.764602 16.866653 28.356871
 -2.701770 18.491413 23.190862
 -2.638938 19.837662 19.759977
 -2.576106 21.145868 22.654513
 -2.513274 22.416729 13.950627
 -2.450442 23.006746 8.371164
 -2.387610 23.508287 5.954107
 -2.324779 24.087868 16.929431
 -2.261947 25.548746 23.539795
 -2.199115 26.594310 11.128927
 -2.136283 27.131141 5.789485
 -2.073451 27.338571 0.985452
 -2.010619 27.334543 0.121833
 -1.947787 27.512693 5.964143
 -1.884956 27.956551 5.202803
 -1.822124 27.760448 -10.934018
 -1.759292 27.279990 0.846044
 -1.696460 27.904011 14.416427
 -1.633628 28.322617 -3.604126
 -1.570796 27.941539 -4.564151
 -1.507964 27.349420 -22.304221
 -1.445133 25.152930 -40.619464
 -1.382301 22.552559 -43.275914
 -1.319469 19.843774 -40.689072
 -1.256637 17.582017 -31.106359
 -1.193805 15.776352 -28.982879
 -1.130973 13.801558 -32.197984
 -1.068142 11.996131 -24.727196
 -1.005310 10.530824 -23.501580
 -0.942478 9.069859 -21.708161
 -0.879646 7.833335 -18.668170
 -0.816814 6.612072 -20.202206
 -0.753982 5.360856 -19.004685
 -0.691150 4.300860 -14.506956
 -0.628319 3.477331 -12.429564
 -0.565487 2.715785 -11.652952
 -0.502655 2.016990 -10.743641
 -0.439823 1.361893 -9.866108
 -0.376991 0.821555 -7.184949
 -0.314159 0.456262 -4.556598
 -0.251327 0.227759 -3.013553
 -0.188496 0.076054 -1.393980
 -0.125664 0.101324 2.007140
 -0.062832 0.266340 2.795923
 0.000000 0.439635 2.914975
 0.062832 0.703587 5.896948
 0.125664 1.150009 7.355384
 0.188496 1.536572 4.886258
 0.251327 1.874844 6.876247
 0.314159 2.385865 7.966848
 0.376991 2.760862 4.262241
 0.439823 3.049492 5.699115
 0.502655 3.504528 8.385559
 0.565487 4.028895 7.493106
 0.628319 4.387266 4.097377
 0.691150 4.645355 4.496016
 0.753982 4.910325 3.636110
 0.816814 5.161838 4.649808
 0.879646 5.474785 5.423650
 0.942478 5.874476 6.553035
 1.005310 6.203594 4.407227
 1.068142 6.551085 6.507075
 1.130973 6.893783 3.555039
 1.193805 7.029657 1.459983
 1.256637 7.145523 2.518641
 1.319469 7.327293 2.331476
 1.382301 7.392760 0.439975
 1.445133 7.413441 -0.565151
 1.507964 7.325462 -1.037636
 1.570796 7.450296 5.363636
 1.633628 7.778668 1.794870
 1.696460 7.513264 -8.499275
 1.759292 7.027674 -5.435004
 1.822124 6.871221 -0.394552
 1.884956 6.785251 -3.403696
 1.947787 6.524335 -3.714456
 2.010619 6.347966 -2.199454
 2.073451 6.287117 0.641246
 2.136283 6.340351 -0.590603
 2.199115 6.102897 -6.457710
 2.261947 5.682072 -6.064516
 2.324779 5.377224 -3.693695
 2.387610 5.177887 -3.181361
 2.450442 4.990152 -2.341094
 2.513274 4.861516 -2.434393
 2.576106 4.691088 -2.177836
 2.638938 4.663514 0.969032
 2.701770 4.723315 0.739420
 2.764602 4.827172 2.956239
 2.827433 5.081605 4.742290
 2.890265 5.398095 5.408103
 2.953097 5.824977 8.605677
 3.015929 6.484268 12.138347
 3.078761 7.345839 15.048848
