#! FIELDS psi2 ffpsi2 dffpsi2_psi2
#! SET min_psi2 -pi
#! SET max_psi2 pi
#! SET nbins_psi2  100
#! SET periodic_psi2 true
 -3.141593 15.133336 45.022304
 -3.078761 18.105073 49.570535
 -3.015929 21.208254 45.206117
 -2.953097 23.795045 40.188131
 -2.890265 26.638347 47.783630
 -2.827433 29.096436 24.260841
 -2.764602 29.901207 6.017248
 -2.701770 30.023878 -6.608242
 -2.638938 28.644427 -31.699770
 -2.576106 26.831522 -26.039141
 -2.513274 25.104285 -28.606618
 -2.450442 23.473888 -22.730565
 -2.387610 22.121618 -21.197759
 -2.324779 20.907544 -16.370168
 -2.261947 19.898025 -18.383567
 -2.199115 18.624804 -19.784608
 -2.136283 17.525842 -15.967235
 -2.073451 16.537497 -15.388737
 -2.010619 15.623150 -13.672570
 -1.947787 14.821203 -11.913120
 -1.884956 14.122288 -10.232300
 -1.822124 13.548374 -8.116013
 -1.759292 13.093404 -6.427568
 -1.696460 12.726635 -5.289756
 -1.633628 12.439580 -3.888154
 -1.570796 12.236622 -2.525597
 -1.507964 12.115459 -1.493879
 -1.445133 12.089659 1.265552
 -1.382301 12.268800 3.461661
 -1.319469 12.410501 0.965025
 -1.256637 12.504921 2.725917
 -1.193805 12.710395 3.127793
 -1.130973 12.907511 3.283969
 -1.068142 13.070931 1.489232
 -1.005310 13.179934 2.972473
 -0.942478 13.432882 4.070690
 -0.879646 13.654672 3.363962
 -0.816814 13.882275 3.779694
 -0.753982 14.107822 2.545769
 -0.691150 14.042256 -5.233723
 -0.628319 13.554203 -9.184423
 -0.565487 13.008288 -7.163524
 -0.502655 12.711734 -2.907418
 -0.439823 12.513520 -4.405819
 -0.376991 12.123760 -7.474734
 -0.314159 11.625852 -8.195876
 -0.251327 11.185710 -4.792137
 -0.188496 11.096269 1.638620
 -0.125664 11.204157 -0.210910
 -0.062832 11.082607 -1.532481
 0.000000 11.171899 3.779493
 0.062832 11.404615 2.352805
 0.125664 11.387169 -2.233589
 0.188496 11.305314 0.161276
 0.251327 11.309929 -1.192421
 0.314159 11.134503 -3.977777
 0.376991 10.826981 -5.825367
 0.439823 10.444613 -5.864590
 0.502655 10.128808 -4.470052
 0.565487 9.817930 -5.516366
 0.628319 9.469181 -5.591048
 0.691150 9.119481 -5.243178
 0.753982 8.830068 -4.238260
 0.816814 8.562619 -4.258694
 0.879646 8.303272 -3.997105
 0.942478 8.081109 -2.842464
 1.005310 7.949094 -1.711148
 1.068142 7.838210 -1.802907
 1.130973 7.724327 -2.047626
 1.193805 7.556583 -3.311471
 1.256637 7.341800 -3.325003
 1.319469 7.129063 -3.666105
 1.382301 6.879654 -4.340302
 1.445133 6.564975 -5.805896
 1.507964 6.145046 -7.607941
 1.570796 5.634195 -8.478463
 1.633628 5.050802 -10.406248
 1.696460 4.354595 -11.377149
 1.759292 3.636808 -11.475550
 1.822124 2.939143 -10.357935
 1.884956 2.369275 -7.820329
 1.947787 1.938198 -6.015982
 2.010619 1.608074 -4.594877
 2.073451 1.331498 -4.652851
 2.136283 0.980745 -6.558881
 2.199115 0.538461 -7.310851
 2.261947 0.068721 -7.702986
 2.324779 -0.414690 -7.368080
 2.387610 -0.805627 -4.844395
 2.450442 -1.015098 -1.755070
 2.513274 -0.990958 2.745747
 2.576106 -0.667087 7.417701
 2.638938 -0.064921 11.702171
 2.701770 0.812366 16.264128
 2.764602 1.993398 21.205814
 2.827433 3.464730 25.366441
 2.890265 5.174139 28.792545
 2.953097 7.119703 33.502193
 3.015929 9.469308 41.222202
 3.078761 12.260001 45.953831
