#! FIELDS phi4 ffphi4 dffphi4_phi4
#! SET min_phi4 -pi
#! SET max_phi4 pi
#! SET nbins_phi4  100
#! SET periodic_phi4 true
 -3.141593 12.838508 -46.782270
 -3.078761 10.027901 -42.491497
 -3.015929 7.496798 -38.139105
 -2.953097 5.264554 -32.621393
 -2.890265 3.437803 -24.999664
 -2.827433 2.129586 -17.486950
 -2.764602 1.147432 -13.559673
 -2.701770 0.489356 -7.604401
 -2.638938 0.111289 -4.500064
 -2.576106 0.000799 1.285254
 -2.513274 0.182474 3.214526
 -2.450442 0.388500 4.463230
 -2.387610 0.816325 8.409439
 -2.324779 1.376707 9.525240
 -2.261947 1.992966 9.283161
 -2.199115 2.482551 6.299302
 -2.136283 2.835533 4.988167
 -2.073451 3.103195 3.997348
 -2.010619 3.413280 5.256543
 -1.947787 3.599838 -0.044962
 -1.884956 3.439490 -4.536764
 -1.822124 3.138589 -4.268016
 -1.759292 2.924153 -3.054766
 -1.696460 2.640005 -6.991612
 -1.633628 2.049534 -10.634179
 -1.570796 1.506595 -5.405585
 -1.507964 1.334426 -1.936845
 -1.445133 1.110166 -4.721451
 -1.382301 0.900676 -0.780568
 -1.319469 1.066959 5.345357
 -1.256637 1.478494 8.110479
 -1.193805 2.183060 13.934449
 -1.130973 3.103418 15.091934
 -1.068142 4.161439 18.608810
 -1.005310 5.403626 21.085880
 -0.942478 6.906779 26.837514
 -0.879646 8.698611 28.807335
 -0.816814 10.489419 29.220411
 -0.753982 12.585441 37.393532
 -0.691150 15.005730 37.064188
 -0.628319 17.215075 34.645403
 -0.565487 19.600935 40.420532
 -0.502655 22.058612 36.130535
 -0.439823 24.246399 33.808562
 -0.376991 26.367580 34.198286
 -0.314159 28.670184 38.002934
 -0.251327 30.892681 30.541353
 -0.188496 32.588396 24.955546
 -0.125664 34.132395 22.941925
 -0.062832 35.367780 16.091903
 0.000000 36.158395 8.812812
 0.062832 36.438920 -0.894735
 0.125664 35.968397 -14.173313
 0.188496 34.650608 -27.191263
 0.251327 32.746534 -32.085193
 0.314159 30.665035 -34.758632
 0.376991 28.315688 -39.417209
 0.439823 25.809575 -40.301585
 0.502655 23.264634 -40.444983
 0.565487 20.653661 -43.586742
 0.628319 17.841545 -44.061932
 0.691150 15.306621 -36.359138
 0.753982 13.241717 -29.423047
 0.816814 11.576122 -24.413641
 0.879646 10.086401 -22.881295
 0.942478 8.827847 -15.805201
 1.005310 8.230434 -2.816208
 1.068142 8.416338 7.503524
 1.130973 9.050750 12.707048
 1.193805 10.100073 21.013948
 1.256637 11.657666 27.967753
 1.319469 13.604854 34.075908
 1.382301 16.037825 44.089606
 1.445133 19.216603 55.904536
 1.507964 22.932196 60.679472
 1.570796 26.914948 65.209929
 1.633628 31.221546 68.663906
 1.696460 35.486297 64.228422
 1.759292 39.626257 66.251084
 1.822124 43.811038 62.371577
 1.884956 47.469064 54.203222
 1.947787 50.955632 54.367121
 2.010619 54.023923 40.021689
 2.073451 55.838089 19.143067
 2.136283 57.513311 42.452778
 2.199115 61.047007 36.988042
 2.261947 58.542590 -60.449033
 2.324779 56.096744 -20.360184
 2.387610 54.895442 -26.993727
 2.450442 52.635618 -42.850488
 2.513274 49.499644 -54.899671
 2.576106 46.069472 -53.920832
 2.638938 42.599432 -57.569315
 2.701770 38.766860 -63.839471
 2.764602 34.723524 -64.043476
 2.827433 30.747035 -62.236200
 2.890265 26.919339 -59.988253
 2.953097 23.128851 -60.826990
 3.015929 19.359368 -58.040492
 3.078761 15.915344 -51.555150
