#! FIELDS phi2 ffphi2 dffphi2_phi2
#! SET min_phi2 -pi
#! SET max_phi2 pi
#! SET nbins_phi2  100
#! SET periodic_phi2 true
 -3.141593 16.487876 -47.493298
 -3.078761 13.676017 -41.635759
 -3.015929 11.222067 -36.961223
 -2.953097 9.033623 -32.279857
 -2.890265 7.187374 -26.725710
 -2.827433 5.632147 -22.983904
 -2.764602 4.298541 -19.312025
 -2.701770 3.232212 -14.555190
 -2.638938 2.453027 -10.459970
 -2.576106 1.900158 -7.210703
 -2.513274 1.540294 -4.396903
 -2.450442 1.329290 -2.502601
 -2.387610 1.203160 -1.533285
 -2.324779 1.165044 0.439048
 -2.261947 1.263541 2.615249
 -2.199115 1.452829 2.832261
 -2.136283 1.606454 2.415397
 -2.073451 1.792231 3.285133
 -2.010619 1.986157 2.821666
 -1.947787 2.175228 3.287303
 -1.884956 2.371880 2.451344
 -1.822124 2.458613 0.496081
 -1.759292 2.477186 0.094762
 -1.696460 2.435729 -1.658431
 -1.633628 2.297933 -2.520947
 -1.570796 2.089026 -4.511997
 -1.507964 1.756779 -5.692601
 -1.445133 1.387746 -6.053691
 -1.382301 1.014380 -5.613445
 -1.319469 0.733340 -3.050106
 -1.256637 0.617002 -1.014099
 -1.193805 0.597958 0.705821
 -1.130973 0.763750 4.729045
 -1.068142 1.182355 8.539327
 -1.005310 1.852389 12.677876
 -0.942478 2.763216 16.354142
 -0.879646 3.933161 20.741110
 -0.816814 5.348703 23.981149
 -0.753982 6.929927 26.105831
 -0.691150 8.651955 28.644090
 -0.628319 10.537170 30.968714
 -0.565487 12.527443 31.845261
 -0.502655 14.518218 31.009035
 -0.439823 16.432808 29.705278
 -0.376991 18.278572 28.714371
 -0.314159 20.031287 26.657303
 -0.251327 21.633296 23.885643
 -0.188496 23.019931 20.176209
 -0.125664 24.219737 17.777644
 -0.062832 25.199702 12.903106
 0.000000 25.857323 7.933429
 0.062832 26.138674 0.508890
 0.125664 25.973166 -5.099118
 0.188496 25.538309 -8.773621
 0.251327 24.874732 -12.440720
 0.314159 23.974207 -15.922640
 0.376991 22.923311 -17.376043
 0.439823 21.807976 -17.875669
 0.502655 20.704234 -17.136575
 0.565487 19.668588 -15.842812
 0.628319 18.710848 -14.438358
 0.691150 17.892357 -11.603891
 0.753982 17.229902 -9.517955
 0.816814 16.728238 -6.170794
 0.879646 16.471946 -1.963286
 0.942478 16.495789 2.879417
 1.005310 16.848462 8.273855
 1.068142 17.527314 13.210870
 1.130973 18.508186 18.120037
 1.193805 19.856421 25.024756
 1.256637 21.675681 32.818743
 1.319469 24.001660 41.011509
 1.382301 26.842817 49.002590
 1.445133 30.174696 56.112317
 1.507964 33.903631 61.368879
 1.570796 37.969923 66.718721
 1.633628 42.358501 70.111544
 1.696460 46.759951 66.434459
 1.759292 50.764314 58.110805
 1.822124 54.183455 48.776573
 1.884956 56.971274 40.182265
 1.947787 59.512738 40.640160
 2.010619 61.936247 34.284267
 2.073451 63.439358 2.471353
 2.136283 62.398266 -16.456454
 2.199115 62.442602 12.704037
 2.261947 62.068750 -32.180917
 2.324779 60.030429 -23.414096
 2.387610 58.911143 -21.059389
 2.450442 56.593116 -50.095892
 2.513274 53.178410 -56.852141
 2.576106 49.502868 -59.394953
 2.638938 45.787640 -59.068678
 2.701770 42.003271 -61.624181
 2.764602 38.070845 -63.165087
 2.827433 34.088154 -63.345563
 2.890265 30.163064 -61.144164
 2.953097 26.424913 -57.879449
 3.015929 22.884420 -54.668308
 3.078761 19.576295 -50.687754
