#! FIELDS psi4 ffpsi4 dffpsi4_psi4
#! SET min_psi4 -pi
#! SET max_psi4 pi
#! SET nbins_psi4  100
#! SET periodic_psi4 true
 -3.141593 4.598446 19.968423
 -3.078761 5.847130 19.538269
 -3.015929 7.082998 19.290799
 -2.953097 8.335272 22.394783
 -2.890265 9.908414 23.223798
 -2.827433 10.854807 11.134547
 -2.764602 12.164373 33.580701
 -2.701770 14.897921 47.447260
 -2.638938 17.047590 16.573719
 -2.576106 17.939530 21.458203
 -2.513274 19.879839 28.713264
 -2.450442 20.224299 -7.407991
 -2.387610 20.439054 14.927225
 -2.324779 21.042392 -9.942617
 -2.261947 19.282993 -29.606916
 -2.199115 18.593662 10.171684
 -2.136283 20.329200 36.767111
 -2.073451 21.400817 -2.850836
 -2.010619 21.487933 4.352999
 -1.947787 20.284304 -39.821697
 -1.884956 18.533175 -8.558593
 -1.822124 18.939487 11.438407
 -1.759292 18.728471 -16.609487
 -1.696460 17.777990 -9.628918
 -1.633628 17.407689 -5.388658
 -1.570796 16.963388 -7.716090
 -1.507964 16.455201 -9.752372
 -1.445133 15.607593 -16.758419
 -1.382301 14.474299 -19.959546
 -1.319469 13.053209 -22.293416
 -1.256637 12.113328 -7.710399
 -1.193805 11.598399 -11.823805
 -1.130973 10.783294 -12.262608
 -1.068142 10.031202 -12.526839
 -1.005310 9.090895 -18.376509
 -0.942478 7.831586 -19.677930
 -0.879646 6.717998 -16.157844
 -0.816814 5.729586 -15.938435
 -0.753982 4.699887 -15.924516
 -0.691150 3.874977 -10.069548
 -0.628319 3.348309 -7.515144
 -0.565487 2.905208 -6.325773
 -0.502655 2.579441 -4.267711
 -0.439823 2.329592 -3.624361
 -0.376991 2.169859 -1.432024
 -0.314159 2.119907 -0.236869
 -0.251327 2.182544 2.565450
 -0.188496 2.426101 4.410204
 -0.125664 2.662891 3.396504
 -0.062832 2.947494 5.577494
 0.000000 3.264626 4.147195
 0.062832 3.548862 5.455280
 0.125664 3.923148 5.733618
 0.188496 4.263759 5.448577
 0.251327 4.559854 2.905889
 0.314159 4.659579 1.801768
 0.376991 4.906728 5.419806
 0.439823 5.149232 1.269231
 0.502655 5.159602 0.173853
 0.565487 5.156401 -1.144432
 0.628319 5.017569 -2.667220
 0.691150 4.872048 -1.981691
 0.753982 4.760946 -1.422523
 0.816814 4.727854 0.203221
 0.879646 4.724791 -0.589729
 0.942478 4.699427 0.335178
 1.005310 4.800113 2.812063
 1.068142 5.052617 4.838897
 1.130973 5.288644 1.954196
 1.193805 5.366176 1.627956
 1.256637 5.606002 6.282695
 1.319469 6.082493 7.703894
 1.382301 6.547996 7.797536
 1.445133 7.102002 9.221143
 1.507964 7.606379 5.969788
 1.570796 7.773245 -1.014513
 1.633628 7.602337 -2.183178
 1.696460 7.715874 5.562583
 1.759292 8.043410 2.248937
 1.822124 7.930091 -4.685593
 1.884956 7.554395 -6.754293
 1.947787 7.170697 -5.976623
 2.010619 6.602981 -12.613163
 2.073451 5.771582 -12.046290
 2.136283 5.167909 -7.749112
 2.199115 4.684787 -8.459467
 2.261947 4.039021 -11.824018
 2.324779 3.324272 -10.279954
 2.387610 2.727366 -9.471100
 2.450442 2.056521 -11.482684
 2.513274 1.437845 -7.505462
 2.576106 1.078508 -4.497737
 2.638938 0.852147 -2.798368
 2.701770 0.719921 -1.112395
 2.764602 0.768291 2.630145
 2.827433 1.014725 4.872095
 2.890265 1.356441 6.057510
 2.953097 1.843503 9.866764
 3.015929 2.572809 12.741309
 3.078761 3.451214 15.774657
