#! FIELDS phi4 ffphi4 dffphi4_phi4
#! SET min_phi4 -pi
#! SET max_phi4 pi
#! SET nbins_phi4  100
#! SET periodic_phi4 true
 -3.141593 11.490060 -43.724230
 -3.078761 9.051654 -30.617043
 -3.015929 7.924680 -6.471998
 -2.953097 7.633401 -9.019036
 -2.890265 6.284708 -34.767305
 -2.827433 3.833821 -35.111754
 -2.764602 2.513235 -6.332000
 -2.701770 2.573417 1.406892
 -2.638938 2.432390 -0.296543
 -2.576106 3.053457 17.905493
 -2.513274 3.634484 -10.821305
 -2.450442 1.487549 -42.921262
 -2.387610 -0.164776 -6.240781
 -2.324779 0.166186 7.737964
 -2.261947 0.567852 11.199376
 -2.199115 1.948510 30.268123
 -2.136283 3.426796 7.190752
 -2.073451 2.943327 -11.955369
 -2.010619 2.832763 8.128029
 -1.947787 3.272426 0.889105
 -1.884956 2.747605 -18.543924
 -1.822124 1.593086 -9.553686
 -1.759292 1.927410 16.543461
 -1.696460 2.650692 -0.970476
 -1.633628 1.876630 -16.936926
 -1.570796 1.336047 1.616161
 -1.507964 1.249538 -14.432399
 -1.445133 -0.171349 -22.415912
 -1.382301 -1.059995 -3.625806
 -1.319469 -0.316181 28.425172
 -1.256637 1.973745 32.918015
 -1.193805 3.140264 12.127295
 -1.130973 4.148697 16.979689
 -1.068142 4.724443 1.959149
 -1.005310 5.009330 10.169375
 -0.942478 6.014199 20.844611
 -0.879646 7.429775 20.996553
 -0.816814 8.644707 22.249091
 -0.753982 10.658447 40.973279
 -0.691150 13.383941 41.829986
 -0.628319 15.834833 37.334707
 -0.565487 18.207385 36.949784
 -0.502655 20.455053 35.005339
 -0.439823 22.704337 35.618442
 -0.376991 24.905143 34.616251
 -0.314159 27.122977 35.148079
 -0.251327 29.205336 29.843210
 -0.188496 30.964527 27.228056
 -0.125664 32.688031 26.104010
 -0.062832 34.110721 18.879154
 0.000000 35.064174 10.567290
 0.062832 35.373556 -1.016034
 0.125664 34.919558 -13.587395
 0.188496 33.751584 -22.443136
 0.251327 32.153036 -28.804346
 0.314159 30.129609 -35.384004
 0.376991 27.696607 -41.651539
 0.439823 25.055971 -41.319010
 0.502655 22.490998 -41.304831
 0.565487 19.830290 -42.237247
 0.628319 17.309062 -38.798016
 0.691150 14.738365 -42.780113
 0.753982 11.893537 -52.364494
 0.816814 8.339201 -50.066775
 0.879646 6.504816 -7.333507
 0.942478 6.897527 11.594164
 1.005310 7.256395 0.411847
 1.068142 7.185876 -2.594830
 1.130973 6.959512 -1.463845
 1.193805 7.564622 23.344946
 1.256637 9.790113 43.657563
 1.319469 12.585083 43.769332
 1.382301 15.450661 48.520235
 1.445133 18.810923 56.373832
 1.507964 22.497204 59.948801
 1.570796 26.463776 65.203892
 1.633628 30.719414 67.223796
 1.696460 34.970153 66.095727
 1.759292 39.203297 66.376050
 1.822124 43.220136 58.002233
 1.884956 46.720087 53.653907
 1.947787 50.070784 49.677263
 2.010619 52.803210 36.421335
 2.073451 54.822041 26.894757
 2.136283 56.160748 17.001708
 2.199115 56.986914 6.861714
 2.261947 57.025288 -4.340686
 2.324779 56.302091 -21.180945
 2.387610 54.296479 -39.844247
 2.450442 51.811616 -38.314092
 2.513274 49.047575 -52.640012
 2.576106 45.383740 -60.945931
 2.638938 41.615780 -58.502659
 2.701770 37.936176 -59.636248
 2.764602 34.105509 -61.901974
 2.827433 30.150723 -63.850815
 2.890265 26.180227 -62.070900
 2.953097 22.201887 -65.832295
 3.015929 18.064614 -63.069799
 3.078761 14.455134 -51.729206
