#! FIELDS psi3 ffpsi3 dffpsi3_psi3
#! SET min_psi3 -pi
#! SET max_psi3 pi
#! SET nbins_psi3  100
#! SET periodic_psi3 true
 -3.141593 8.967865 10.788186
 -3.078761 9.694970 13.431655
 -3.015929 10.793569 22.533119
 -2.953097 12.549194 31.505769
 -2.890265 14.321604 21.698450
 -2.827433 15.417408 16.177848
 -2.764602 16.481107 17.221912
 -2.701770 17.805873 25.750863
 -2.638938 19.185567 14.746313
 -2.576106 20.424408 31.479767
 -2.513274 23.075947 44.426807
 -2.450442 24.498823 -1.836662
 -2.387610 24.361600 7.895819
 -2.324779 25.597313 24.302705
 -2.261947 26.518972 5.162136
 -2.199115 26.730217 3.347279
 -2.136283 26.959187 2.138426
 -2.073451 26.211345 -29.877717
 -2.010619 24.509735 -12.300802
 -1.947787 25.179385 30.789225
 -1.884956 26.643530 -2.475814
 -1.822124 26.054830 0.661851
 -1.759292 27.087959 24.340305
 -1.696460 27.963129 5.210270
 -1.633628 28.361498 5.844128
 -1.570796 28.588965 4.416101
 -1.507964 28.886555 -2.958920
 -1.445133 27.057029 -51.687988
 -1.382301 23.821943 -45.779955
 -1.319469 21.101645 -43.684491
 -1.256637 18.492623 -37.820209
 -1.193805 16.153770 -37.810301
 -1.130973 13.903734 -32.404014
 -1.068142 12.105527 -25.388268
 -1.005310 10.599634 -23.667966
 -0.942478 9.036366 -25.796757
 -0.879646 7.505582 -21.824808
 -0.816814 6.306567 -17.384355
 -0.753982 5.173556 -18.853974
 -0.691150 4.047566 -16.135099
 -0.628319 3.154107 -12.717635
 -0.565487 2.402865 -11.616356
 -0.502655 1.668661 -11.362372
 -0.439823 1.042560 -8.609586
 -0.376991 0.542664 -7.347255
 -0.314159 0.160078 -4.676448
 -0.251327 -0.062998 -2.616891
 -0.188496 -0.165116 -0.562408
 -0.125664 -0.125878 1.758888
 -0.062832 0.044938 3.552909
 0.000000 0.330271 5.677325
 0.062832 0.752364 7.297487
 0.125664 1.212801 7.257876
 0.188496 1.649226 6.386406
 0.251327 2.050485 6.963283
 0.314159 2.549993 8.271745
 0.376991 3.021492 6.817392
 0.439823 3.450903 6.594048
 0.502655 3.791402 4.179981
 0.565487 4.066493 5.176868
 0.628319 4.440372 6.188599
 0.691150 4.799086 5.128646
 0.753982 5.097232 4.205427
 0.816814 5.341245 4.057576
 0.879646 5.662092 6.022582
 0.942478 6.026949 4.767333
 1.005310 6.261989 3.581089
 1.068142 6.577252 6.250516
 1.130973 6.914837 3.432102
 1.193805 7.063759 2.600763
 1.256637 7.317561 5.033674
 1.319469 7.617124 4.008795
 1.382301 7.805395 1.715984
 1.445133 7.801213 -1.555575
 1.507964 7.717097 -0.728871
 1.570796 7.696790 -0.155870
 1.633628 7.643456 -1.874867
 1.696460 7.566547 0.471719
 1.759292 7.664071 1.437460
 1.822124 7.696735 -0.208225
 1.884956 7.653021 -1.291365
 1.947787 7.520695 -3.104928
 2.010619 7.255888 -5.111822
 2.073451 6.961789 -3.606635
 2.136283 6.805770 -1.984937
 2.199115 6.635200 -3.731982
 2.261947 6.376577 -3.930909
 2.324779 6.164110 -3.237538
 2.387610 5.930782 -4.097392
 2.450442 5.703854 -2.806469
 2.513274 5.567151 -1.934051
 2.576106 5.449813 -1.686048
 2.638938 5.352316 -1.579428
 2.701770 5.283920 -0.072321
 2.764602 5.379715 3.003411
 2.827433 5.644870 5.297254
 2.890265 6.069509 8.698634
 2.953097 6.741929 11.691803
 3.015929 7.446870 11.097878
 3.078761 8.216315 12.938637
