#! FIELDS psi3 ffpsi3 dffpsi3_psi3
#! SET min_psi3 -pi
#! SET max_psi3 pi
#! SET nbins_psi3  100
#! SET periodic_psi3 true
 -3.141593 9.606627 15.417304
 -3.078761 10.576174 15.627600
 -3.015929 11.671455 19.346729
 -2.953097 12.985259 22.682682
 -2.890265 14.600692 27.999170
 -2.827433 16.214953 20.287085
 -2.764602 17.159154 13.165040
 -2.701770 18.281935 22.355409
 -2.638938 19.548424 13.999864
 -2.576106 19.736423 -8.531729
 -2.513274 19.282036 1.174720
 -2.450442 19.452037 -7.668248
 -2.387610 18.460790 -13.054336
 -2.324779 18.081029 -2.900621
 -2.261947 17.883185 -4.519968
 -2.199115 17.109806 -20.229507
 -2.136283 15.923877 -12.809182
 -2.073451 15.770637 6.291753
 -2.010619 15.914215 -6.384309
 -1.947787 15.530147 -1.027035
 -1.884956 15.582117 -2.455331
 -1.822124 14.881773 -17.084987
 -1.759292 14.159246 -2.736345
 -1.696460 14.264218 0.477289
 -1.633628 13.867051 -11.093911
 -1.570796 13.330833 -3.560755
 -1.507964 13.335538 0.639520
 -1.445133 13.138357 -7.146559
 -1.382301 12.528746 -11.928844
 -1.319469 11.598485 -17.504927
 -1.256637 10.490708 -16.395943
 -1.193805 9.572875 -13.803013
 -1.130973 8.591430 -18.109181
 -1.068142 7.372444 -19.239194
 -1.005310 6.308792 -14.555658
 -0.942478 5.480062 -12.263514
 -0.879646 4.732028 -11.936783
 -0.816814 3.956760 -12.528011
 -0.753982 3.199395 -11.458012
 -0.691150 2.509633 -10.595861
 -0.628319 1.866610 -9.899540
 -0.565487 1.267009 -9.074118
 -0.502655 0.760618 -6.833783
 -0.439823 0.395775 -5.171458
 -0.376991 0.091535 -4.317786
 -0.314159 -0.109668 -1.981653
 -0.251327 -0.163718 0.135158
 -0.188496 -0.085533 2.426683
 -0.125664 0.138999 4.560472
 -0.062832 0.467200 5.596917
 0.000000 0.836313 6.292740
 0.062832 1.271731 7.367079
 0.125664 1.748124 7.786425
 0.188496 2.270232 8.706018
 0.251327 2.801664 7.884568
 0.314159 3.270093 7.155022
 0.376991 3.734547 7.695332
 0.439823 4.195822 6.318490
 0.502655 4.525518 4.693938
 0.565487 4.859610 6.069607
 0.628319 5.246462 5.590651
 0.691150 5.540579 3.872323
 0.753982 5.732388 1.992506
 0.816814 5.797911 0.414674
 0.879646 5.857552 2.020182
 0.942478 6.071972 4.365834
 1.005310 6.358552 4.617127
 1.068142 6.658335 4.978675
 1.130973 7.022934 6.655136
 1.193805 7.404447 4.547513
 1.256637 7.651959 4.623903
 1.319469 8.036783 6.332685
 1.382301 8.239019 -0.121018
 1.445133 8.241499 1.842747
 1.507964 8.484543 5.066368
 1.570796 8.814969 4.896383
 1.633628 9.000382 0.558066
 1.696460 8.953487 -1.190285
 1.759292 8.925025 0.056228
 1.822124 8.816686 -4.461679
 1.884956 8.484417 -4.523967
 1.947787 8.292880 -2.193095
 2.010619 8.168206 -1.819293
 2.073451 8.021306 -3.363828
 2.136283 7.766795 -4.221507
 2.199115 7.520282 -3.790734
 2.261947 7.278474 -3.855741
 2.324779 7.029467 -4.339969
 2.387610 6.731632 -4.888185
 2.450442 6.435360 -4.439882
 2.513274 6.235788 -1.592895
 2.576106 6.171232 -1.396514
 2.638938 6.053980 -1.666005
 2.701770 6.007484 -0.018372
 2.764602 6.047243 1.568693
 2.827433 6.248289 4.918854
 2.890265 6.658512 7.868248
 2.953097 7.212538 9.732090
 3.015929 7.903584 12.087113
 3.078761 8.697337 13.198793
