#! FIELDS psi3 ffpsi3 dffpsi3_psi3
#! SET min_psi3 -pi
#! SET max_psi3 pi
#! SET nbins_psi3  100
#! SET periodic_psi3 true
 -3.141593 10.075959 15.120913
 -3.078761 11.095210 17.150330
 -3.015929 12.192999 17.427368
 -2.953097 13.331816 19.419009
 -2.890265 14.676135 22.758766
 -2.827433 16.107989 22.238378
 -2.764602 17.430472 19.297024
 -2.701770 18.487640 12.377980
 -2.638938 18.699250 -4.167701
 -2.576106 18.486346 -1.214884
 -2.513274 18.360801 -4.273932
 -2.450442 17.901410 -10.579687
 -2.387610 17.200507 -9.075582
 -2.324779 16.755212 -8.776500
 -2.261947 15.917635 -14.581073
 -2.199115 15.293064 -5.338569
 -2.136283 15.014766 -5.176258
 -2.073451 14.637826 -6.027055
 -2.010619 14.293429 -5.513319
 -1.947787 13.844073 -8.922429
 -1.884956 13.306327 -6.868231
 -1.822124 13.012031 -3.475576
 -1.759292 12.768164 -4.184261
 -1.696460 12.551176 -2.358164
 -1.633628 12.480086 -0.614530
 -1.570796 12.344197 -3.998339
 -1.507964 12.040982 -5.358992
 -1.445133 11.669441 -6.736997
 -1.382301 11.129219 -10.897352
 -1.319469 10.336632 -13.789975
 -1.256637 9.389767 -16.781204
 -1.193805 8.265336 -18.166085
 -1.130973 7.156141 -17.271800
 -1.068142 6.088092 -16.543824
 -1.005310 5.122837 -13.871177
 -0.942478 4.343040 -11.259694
 -0.879646 3.670563 -10.372181
 -0.816814 3.021274 -10.468495
 -0.753982 2.340827 -11.114158
 -0.691150 1.663173 -10.168356
 -0.628319 1.077680 -8.553611
 -0.565487 0.575109 -7.482262
 -0.502655 0.151281 -5.912817
 -0.439823 -0.166519 -4.260885
 -0.376991 -0.376021 -2.310132
 -0.314159 -0.447935 -0.022931
 -0.251327 -0.379527 2.203167
 -0.188496 -0.166875 4.473910
 -0.125664 0.173322 6.289366
 -0.062832 0.630813 8.198964
 0.000000 1.187096 9.281810
 0.062832 1.793231 9.984953
 0.125664 2.446080 10.622682
 0.188496 3.112181 10.425792
 0.251327 3.760559 10.169930
 0.314159 4.395661 9.839377
 0.376991 4.965808 8.101232
 0.439823 5.436762 6.975483
 0.502655 5.833950 5.396990
 0.565487 6.106272 3.302457
 0.628319 6.282814 2.538358
 0.691150 6.436169 2.153969
 0.753982 6.550369 1.639284
 0.816814 6.676676 2.467404
 0.879646 6.866425 3.630579
 0.942478 7.146784 5.064023
 1.005310 7.445304 4.026554
 1.068142 7.679672 4.015311
 1.130973 8.005050 6.110918
 1.193805 8.384837 5.730978
 1.256637 8.781653 7.404294
 1.319469 9.330163 9.617535
 1.382301 9.918746 8.481840
 1.445133 10.373043 6.110592
 1.507964 10.729953 5.541184
 1.570796 11.094528 5.628629
 1.633628 11.375364 3.440956
 1.696460 11.607997 3.974116
 1.759292 11.786962 0.822539
 1.822124 11.683475 -3.569143
 1.884956 11.469294 -2.493326
 1.947787 11.352186 -2.231418
 2.010619 11.095167 -5.946856
 2.073451 10.668697 -7.475530
 2.136283 10.142520 -8.841175
 2.199115 9.646577 -7.036442
 2.261947 9.167456 -8.638673
 2.324779 8.621520 -8.020436
 2.387610 8.175017 -6.639180
 2.450442 7.758681 -6.429481
 2.513274 7.408834 -4.584744
 2.576106 7.160534 -3.603558
 2.638938 6.961277 -2.528199
 2.701770 6.865980 -0.452966
 2.764602 6.902573 1.484612
 2.827433 7.056310 3.574879
 2.890265 7.373217 6.440734
 2.953097 7.852073 8.633677
 3.015929 8.453116 10.488652
 3.078761 9.189030 12.947371
