#! FIELDS psi2 hhpsi2 dhhpsi2_psi2
#! SET min_psi2 -pi
#! SET max_psi2 pi
#! SET nbins_psi2  100
#! SET periodic_psi2 true
 -3.141593 0.197926 -0.579239
 -3.078761 0.156085 -0.718934
 -3.015929 0.112580 -0.625475
 -2.953097 0.079367 -0.432729
 -2.890265 0.056787 -0.293134
 -2.827433 0.041150 -0.213316
 -2.764602 0.029029 -0.174354
 -2.701770 0.019074 -0.139774
 -2.638938 0.011773 -0.091986
 -2.576106 0.007098 -0.058791
 -2.513274 0.004292 -0.031007
 -2.450442 0.002919 -0.015252
 -2.387610 0.002172 -0.008157
 -2.324779 0.001966 0.001814
 -2.261947 0.002391 0.011702
 -2.199115 0.003407 0.020175
 -2.136283 0.004863 0.026385
 -2.073451 0.006855 0.037936
 -2.010619 0.009574 0.047131
 -1.947787 0.012515 0.044012
 -1.884956 0.014879 0.031667
 -1.822124 0.016707 0.027480
 -1.759292 0.018161 0.016554
 -1.696460 0.018564 -0.004037
 -1.633628 0.017693 -0.022392
 -1.570796 0.015922 -0.032669
 -1.507964 0.013691 -0.035251
 -1.445133 0.012142 -0.009358
 -1.382301 0.012535 0.019515
 -1.319469 0.014317 0.036773
 -1.256637 0.016999 0.045101
 -1.193805 0.019587 0.039253
 -1.130973 0.022530 0.055732
 -1.068142 0.025888 0.044848
 -1.005310 0.028183 0.034862
 -0.942478 0.030797 0.046529
 -0.879646 0.033614 0.045245
 -0.816814 0.037089 0.068343
 -0.753982 0.041877 0.079153
 -0.691150 0.046357 0.059747
 -0.628319 0.049127 0.030238
 -0.565487 0.050653 0.024528
 -0.502655 0.052728 0.043246
 -0.439823 0.055651 0.045681
 -0.376991 0.058329 0.042234
 -0.314159 0.060932 0.040357
 -0.251327 0.063422 0.040805
 -0.188496 0.066099 0.045549
 -0.125664 0.069112 0.050144
 -0.062832 0.072321 0.056974
 0.000000 0.077011 0.094286
 0.062832 0.083234 0.095957
 0.125664 0.088460 0.068138
 0.188496 0.091298 0.023754
 0.251327 0.092337 0.021731
 0.314159 0.094997 0.067581
 0.376991 0.100716 0.111709
 0.439823 0.108546 0.139108
 0.502655 0.117906 0.151626
 0.565487 0.126582 0.127124
 0.628319 0.134828 0.142985
 0.691150 0.143940 0.137780
 0.753982 0.151392 0.103903
 0.816814 0.157447 0.092239
 0.879646 0.162698 0.073301
 0.942478 0.166400 0.052525
 1.005310 0.170607 0.091427
 1.068142 0.177478 0.124069
 1.130973 0.186793 0.187219
 1.193805 0.201051 0.259302
 1.256637 0.218136 0.277868
 1.319469 0.234416 0.239226
 1.382301 0.249697 0.265458
 1.445133 0.266997 0.266251
 1.507964 0.281048 0.184360
 1.570796 0.291512 0.168251
 1.633628 0.303677 0.231055
 1.696460 0.320584 0.307645
 1.759292 0.342435 0.403155
 1.822124 0.371857 0.531062
 1.884956 0.406995 0.570786
 1.947787 0.441297 0.521376
 2.010619 0.472046 0.453913
 2.073451 0.496876 0.333263
 2.136283 0.512745 0.183358
 2.199115 0.522982 0.177320
 2.261947 0.534093 0.152637
 2.324779 0.539721 0.040873
 2.387610 0.540114 -0.023949
 2.450442 0.534350 -0.171410
 2.513274 0.516787 -0.381342
 2.576106 0.486672 -0.561956
 2.638938 0.447414 -0.661571
 2.701770 0.404690 -0.688568
 2.764602 0.361412 -0.663317
 2.827433 0.323209 -0.539317
 2.890265 0.293065 -0.419705
 2.953097 0.269575 -0.328159
 3.015929 0.250043 -0.308120
 3.078761 0.228283 -0.396278
