#! FIELDS psi2 ffpsi2 dffpsi2_psi2
#! SET min_psi2 -pi
#! SET max_psi2 pi
#! SET nbins_psi2  100
#! SET periodic_psi2 true
 -3.141593 15.233732 42.554168
 -3.078761 18.102087 48.380555
 -3.015929 21.299770 51.961070
 -2.953097 24.602216 52.126609
 -2.890265 27.944383 53.544022
 -2.827433 31.342323 52.505267
 -2.764602 34.435179 43.201605
 -2.701770 36.604163 23.572739
 -2.638938 37.228307 -3.452104
 -2.576106 36.624875 -13.883514
 -2.513274 35.461178 -22.006648
 -2.450442 34.253162 -14.800635
 -2.387610 33.220406 -24.440724
 -2.324779 31.120150 -34.412355
 -2.261947 29.709166 -10.588588
 -2.199115 28.884711 -23.533928
 -2.136283 27.171586 -22.894758
 -2.073451 26.445422 -1.406541
 -2.010619 26.432268 -3.621073
 -1.947787 25.839061 -14.475408
 -1.884956 25.020780 -7.291698
 -1.822124 24.989801 2.626089
 -1.759292 24.881472 -7.495359
 -1.696460 24.149235 -13.877751
 -1.633628 23.190198 -16.700188
 -1.570796 22.519503 -0.213218
 -1.507964 22.975993 7.053141
 -1.445133 22.895860 -4.745152
 -1.382301 23.019767 8.818092
 -1.319469 23.557187 4.451448
 -1.256637 23.583442 -2.039488
 -1.193805 23.413071 -2.104355
 -1.130973 23.502869 4.945249
 -1.068142 23.835331 3.636023
 -1.005310 23.867900 -1.806416
 -0.942478 23.812629 1.237232
 -0.879646 23.954990 1.332865
 -0.816814 23.955108 0.596466
 -0.753982 24.208052 7.096171
 -0.691150 24.537219 -0.863034
 -0.628319 23.845725 -18.642311
 -0.565487 22.577379 -21.303388
 -0.502655 21.118507 -24.412768
 -0.439823 19.700039 -19.815597
 -0.376991 18.581455 -16.558035
 -0.314159 17.617749 -14.227593
 -0.251327 16.669739 -16.718371
 -0.188496 15.575064 -17.059429
 -0.125664 14.629049 -12.982445
 -0.062832 13.862667 -11.801179
 0.000000 13.210298 -8.482108
 0.062832 12.755644 -7.102435
 0.125664 12.233507 -8.135308
 0.188496 11.992121 0.408847
 0.251327 12.065416 0.543271
 0.314159 11.996285 -3.558683
 0.376991 11.484428 -12.317961
 0.439823 10.775071 -8.263600
 0.502655 10.357535 -6.857994
 0.565487 9.886884 -7.025955
 0.628319 9.561746 -3.580648
 0.691150 9.363359 -3.341785
 0.753982 9.044359 -7.607063
 0.816814 8.490432 -7.838399
 0.879646 8.215434 -1.744990
 0.942478 8.113920 -2.119350
 1.005310 7.915094 -3.998326
 1.068142 7.746669 -0.766225
 1.130973 7.723026 -1.106350
 1.193805 7.590418 -2.731922
 1.256637 7.417610 -2.663665
 1.319469 7.250321 -2.877821
 1.382301 7.027006 -4.710941
 1.445133 6.635529 -7.149177
 1.507964 6.200060 -7.135166
 1.570796 5.689718 -8.620272
 1.633628 5.185724 -7.729740
 1.696460 4.630896 -10.334489
 1.759292 3.893649 -12.855074
 1.822124 3.099651 -11.569337
 1.884956 2.503859 -7.194818
 1.947787 2.201504 -3.089948
 2.010619 1.972322 -4.778974
 2.073451 1.624229 -6.248765
 2.136283 1.145777 -9.281269
 2.199115 0.545279 -8.602929
 2.261947 0.061039 -8.240800
 2.324779 -0.587199 -11.587352
 2.387610 -1.186911 -6.306462
 2.450442 -1.383498 -0.597056
 2.513274 -1.310546 2.504117
 2.576106 -1.006100 9.009594
 2.638938 -0.055684 20.025615
 2.701770 1.331946 23.939303
 2.764602 2.863784 22.330157
 2.827433 4.207705 23.743870
 2.890265 5.996556 30.984597
 2.953097 7.981013 32.953746
 3.015929 10.236830 37.971288
 3.078761 12.673062 39.095260
