#! FIELDS phi4 ffphi4 dffphi4_phi4
#! SET min_phi4 -pi
#! SET max_phi4 pi
#! SET nbins_phi4  100
#! SET periodic_phi4 true
 -3.141593 13.131434 -34.627231
 -3.078761 10.159863 -58.755379
 -3.015929 6.797060 -43.628602
 -2.953097 4.482956 -32.200794
 -2.890265 2.990232 -13.547345
 -2.827433 2.289461 -15.941600
 -2.764602 0.692136 -33.459446
 -2.701770 -1.517089 -30.226332
 -2.638938 -2.342330 6.496607
 -2.576106 -1.056009 24.816224
 -2.513274 -0.347719 1.373255
 -2.450442 0.248037 21.332208
 -2.387610 1.925479 22.612575
 -2.324779 2.608598 5.740625
 -2.261947 3.332168 16.624009
 -2.199115 4.152149 5.276882
 -2.136283 3.997833 -7.039684
 -2.073451 3.725131 -0.558220
 -2.010619 3.616221 -5.344721
 -1.947787 3.328735 0.410138
 -1.884956 3.759384 8.944003
 -1.822124 3.880163 -3.754797
 -1.759292 3.717731 -2.368559
 -1.696460 3.241470 -11.141080
 -1.633628 2.952629 5.056640
 -1.570796 3.616285 8.966256
 -1.507964 3.367281 -14.659362
 -1.445133 2.566220 -6.628866
 -1.382301 2.659168 8.149517
 -1.319469 3.080814 0.085541
 -1.256637 2.738063 -5.650941
 -1.193805 2.901557 13.024615
 -1.130973 4.286330 26.567983
 -1.068142 5.742833 20.854863
 -1.005310 7.303150 28.751319
 -0.942478 8.947177 20.419552
 -0.879646 10.169344 22.527291
 -0.816814 11.702364 20.363205
 -0.753982 12.447083 9.069519
 -0.691150 13.715814 34.043260
 -0.628319 16.464375 48.114843
 -0.565487 19.335628 40.899181
 -0.502655 21.371652 25.277345
 -0.439823 23.113507 32.883507
 -0.376991 25.568724 42.560989
 -0.314159 28.144133 37.837724
 -0.251327 30.317353 30.516057
 -0.188496 32.098176 27.039410
 -0.125664 33.694262 22.351711
 -0.062832 34.911520 16.474263
 0.000000 35.696564 7.783634
 0.062832 35.904723 -1.724078
 0.125664 35.360795 -15.490778
 0.188496 34.120743 -23.228384
 0.251327 32.454347 -29.346882
 0.314159 30.451778 -35.997716
 0.376991 27.697785 -50.397144
 0.439823 24.677327 -42.044513
 0.502655 22.395312 -33.766532
 0.565487 20.082659 -40.366179
 0.628319 17.459307 -41.623103
 0.691150 15.042117 -34.317995
 0.753982 13.054135 -30.826488
 0.816814 11.107612 -30.500761
 0.879646 9.312836 -24.621903
 0.942478 8.306465 -7.132816
 1.005310 8.146272 -0.741893
 1.068142 8.038112 -2.463722
 1.130973 8.035870 3.766971
 1.193805 8.522584 12.193153
 1.256637 9.794048 28.954796
 1.319469 11.942528 37.407736
 1.382301 14.586507 47.905850
 1.445133 18.033526 59.841451
 1.507964 21.811357 56.300801
 1.570796 25.362648 57.954147
 1.633628 29.411209 68.867897
 1.696460 33.852842 68.852415
 1.759292 38.103960 64.273192
 1.822124 42.135904 62.197880
 1.884956 45.957303 56.991823
 1.947787 49.393479 50.980230
 2.010619 52.375093 41.580698
 2.073451 54.590125 27.978129
 2.136283 55.906066 13.937033
 2.199115 56.455133 3.331200
 2.261947 56.190987 -12.424947
 2.324779 55.040491 -22.697896
 2.387610 53.393279 -30.128685
 2.450442 51.173300 -41.238983
 2.513274 48.218023 -51.607991
 2.576106 44.820282 -56.306323
 2.638938 41.185054 -58.671527
 2.701770 37.378949 -64.023575
 2.764602 33.188117 -67.166515
 2.827433 29.023930 -65.837119
 2.890265 24.939031 -63.594132
 2.953097 21.139083 -56.022480
 3.015929 17.953444 -46.187193
 3.078761 15.285601 -38.027356
