#! FIELDS phi2 ffphi2 dffphi2_phi2
#! SET min_phi2 -pi
#! SET max_phi2 pi
#! SET nbins_phi2  100
#! SET periodic_phi2 true
 -3.141593 16.170400 -43.815906
 -3.078761 13.526896 -41.748260
 -3.015929 10.974608 -37.838376
 -2.953097 8.881976 -29.194372
 -2.890265 7.149026 -27.101000
 -2.827433 5.488945 -24.677284
 -2.764602 4.156980 -17.480281
 -2.701770 3.258412 -11.776211
 -2.638938 2.585028 -10.010905
 -2.576106 2.013209 -8.192312
 -2.513274 1.534640 -7.008622
 -2.450442 1.186781 -3.493750
 -2.387610 1.139804 1.738807
 -2.324779 1.303531 2.692320
 -2.261947 1.463747 2.397406
 -2.199115 1.583772 1.465778
 -2.136283 1.728196 3.638696
 -2.073451 2.018184 4.764575
 -2.010619 2.262624 3.023559
 -1.947787 2.408818 1.459849
 -1.884956 2.457897 0.338305
 -1.822124 2.486420 0.708814
 -1.759292 2.537178 0.492170
 -1.696460 2.501221 -1.842468
 -1.633628 2.320578 -3.578475
 -1.570796 2.089434 -4.005165
 -1.507964 1.766254 -6.277703
 -1.445133 1.345822 -6.982162
 -1.382301 0.897328 -7.018668
 -1.319469 0.533242 -4.011567
 -1.256637 0.420972 0.112605
 -1.193805 0.500998 2.370683
 -1.130973 0.740506 5.233487
 -1.068142 1.143097 7.554471
 -1.005310 1.751080 12.395919
 -0.942478 2.710254 17.434543
 -0.879646 3.878978 19.745078
 -0.816814 5.236467 23.431060
 -0.753982 6.820736 26.858811
 -0.691150 8.611277 29.649652
 -0.628319 10.532302 31.313820
 -0.565487 12.546732 31.941807
 -0.502655 14.511287 30.633144
 -0.439823 16.468353 31.016839
 -0.376991 18.351200 28.878672
 -0.314159 20.208780 29.900848
 -0.251327 21.957535 24.261530
 -0.188496 23.297313 19.178642
 -0.125664 24.437822 16.618897
 -0.062832 25.326598 11.358658
 0.000000 25.891064 6.573130
 0.062832 26.143027 1.267137
 0.125664 26.046968 -4.433236
 0.188496 25.585158 -10.314672
 0.251327 24.755976 -15.901514
 0.314159 23.653226 -18.529285
 0.376991 22.471253 -19.098775
 0.439823 21.246152 -20.217531
 0.502655 19.884346 -22.835651
 0.565487 18.506727 -20.198232
 0.628319 17.317701 -18.491715
 0.691150 16.143609 -18.493443
 0.753982 15.070782 -15.040995
 0.816814 14.342676 -7.602560
 0.879646 14.059574 -2.709678
 0.942478 13.935481 -0.643096
 1.005310 14.059049 4.760779
 1.068142 14.552118 11.068759
 1.130973 15.465456 17.979452
 1.193805 16.821198 25.125395
 1.256637 18.619182 31.863163
 1.319469 20.854184 39.506136
 1.382301 23.673544 50.269612
 1.445133 27.110624 56.428302
 1.507964 30.651766 56.592527
 1.570796 34.583290 68.070034
 1.633628 39.140711 73.167341
 1.696460 43.765651 70.574710
 1.759292 48.175919 66.493419
 1.822124 52.135990 56.376602
 1.884956 55.385248 45.954554
 1.947787 57.999945 35.872977
 2.010619 59.932894 26.147471
 2.073451 61.501501 24.226229
 2.136283 62.732365 10.203696
 2.199115 62.608297 -11.259275
 2.261947 61.707577 -16.145015
 2.324779 60.507310 -23.449225
 2.387610 58.675406 -35.078861
 2.450442 56.137819 -44.777970
 2.513274 53.121356 -51.226246
 2.576106 49.708934 -56.882476
 2.638938 46.030322 -60.075129
 2.701770 42.129395 -64.162416
 2.764602 38.043223 -64.810786
 2.827433 34.049419 -62.566738
 2.890265 30.089654 -63.882702
 2.953097 26.114347 -61.151463
 3.015929 22.494089 -54.504418
 3.078761 19.171309 -51.239007
