#! FIELDS psi4 ffpsi4 dffpsi4_psi4
#! SET min_psi4 -pi
#! SET max_psi4 pi
#! SET nbins_psi4  100
#! SET periodic_psi4 true
 -3.141593 4.725001 17.772523
 -3.078761 5.973242 22.168281
 -3.015929 7.422555 22.559724
 -2.953097 8.749992 20.008543
 -2.890265 10.116553 24.734850
 -2.827433 11.778671 26.325962
 -2.764602 13.524690 30.240445
 -2.701770 15.298865 22.980162
 -2.638938 16.566649 19.971748
 -2.576106 17.921377 21.751552
 -2.513274 18.997198 11.065500
 -2.450442 19.520785 7.899965
 -2.387610 20.012555 6.572396
 -2.324779 20.532349 12.348728
 -2.261947 21.228436 2.377050
 -2.199115 20.719111 -11.936079
 -2.136283 20.172607 -7.457194
 -2.073451 19.510698 -12.004773
 -2.010619 18.967780 -5.584729
 -1.947787 18.551682 -9.311983
 -1.884956 17.732980 -15.595774
 -1.822124 16.887757 -10.384840
 -1.759292 16.248210 -11.522715
 -1.696460 15.485369 -12.006808
 -1.633628 14.702390 -13.433432
 -1.570796 13.814938 -14.338123
 -1.507964 12.936797 -13.830616
 -1.445133 12.024689 -15.459543
 -1.382301 11.029966 -15.563168
 -1.319469 10.119402 -13.372444
 -1.256637 9.347512 -11.358869
 -1.193805 8.648072 -11.206565
 -1.130973 7.932265 -11.755088
 -1.068142 7.132713 -13.272269
 -1.005310 6.460169 -7.235546
 -0.942478 6.048111 -8.069899
 -0.879646 5.361281 -14.085195
 -0.816814 4.223951 -20.437628
 -0.753982 3.283089 -6.570946
 -0.691150 3.342235 5.090592
 -0.628319 3.494192 -1.683180
 -0.565487 3.185212 -7.090871
 -0.502655 2.780753 -4.310451
 -0.439823 2.686372 0.166348
 -0.376991 2.659622 -1.312127
 -0.314159 2.567182 -1.011875
 -0.251327 2.598484 1.799107
 -0.188496 2.692185 0.482688
 -0.125664 2.738855 2.872778
 -0.062832 3.187680 10.099080
 0.000000 3.720109 6.022743
 0.062832 4.059315 5.240248
 0.125664 4.313526 2.183963
 0.188496 4.418715 2.792728
 0.251327 4.765713 7.561345
 0.314159 5.201197 4.712801
 0.376991 5.269146 -1.939562
 0.439823 5.047220 -5.090610
 0.502655 4.774809 -1.318867
 0.565487 4.957620 4.791989
 0.628319 4.982686 -5.780394
 0.691150 4.271340 -13.752174
 0.753982 3.885239 4.731455
 0.816814 4.656855 13.918209
 0.879646 5.106470 0.980119
 0.942478 5.068197 -0.744734
 1.005310 5.125074 2.908238
 1.068142 5.400711 4.936049
 1.130973 5.650761 2.729405
 1.193805 5.826984 4.096396
 1.256637 6.238244 8.448094
 1.319469 6.806395 9.212381
 1.382301 7.346919 7.362094
 1.445133 7.710842 4.490909
 1.507964 7.955312 3.406091
 1.570796 8.170529 3.520420
 1.633628 8.357539 1.489627
 1.696460 8.277574 -3.328245
 1.759292 8.117251 -1.162930
 1.822124 8.137136 1.079610
 1.884956 7.985402 -7.481690
 1.947787 7.423833 -8.168383
 2.010619 6.875311 -10.986275
 2.073451 6.032172 -15.025029
 2.136283 5.163437 -11.012922
 2.199115 4.628448 -8.436376
 2.261947 3.901252 -13.550922
 2.324779 3.152990 -9.813893
 2.387610 2.591946 -8.630660
 2.450442 2.055985 -8.637094
 2.513274 1.481523 -9.199320
 2.576106 1.006814 -5.627832
 2.638938 0.723102 -3.879783
 2.701770 0.544740 -1.286174
 2.764602 0.572911 1.949118
 2.827433 0.806818 5.714599
 2.890265 1.277417 9.013495
 2.953097 1.957241 12.514248
 3.015929 2.782333 13.324351
 3.078761 3.676734 15.470181
