#! FIELDS psi2 ffpsi2 dffpsi2_psi2
#! SET min_psi2 -pi
#! SET max_psi2 pi
#! SET nbins_psi2  100
#! SET periodic_psi2 true
 -3.141593 14.957473 45.282765
 -3.078761 17.910001 49.386585
 -3.015929 21.399878 61.013539
 -2.953097 25.105158 49.156567
 -2.890265 27.621304 33.930060
 -2.827433 29.498733 25.300210
 -2.764602 31.534457 47.501216
 -2.701770 36.159933 101.476149
 -2.638938 44.448776 162.310627
 -2.576106 inf nan
 -2.513274 inf nan
 -2.450442 inf nan
 -2.387610 inf nan
 -2.324779 inf nan
 -2.261947 inf nan
 -2.199115 inf nan
 -2.136283 inf nan
 -2.073451 inf nan
 -2.010619 inf nan
 -1.947787 inf nan
 -1.884956 inf nan
 -1.822124 inf nan
 -1.759292 inf nan
 -1.696460 inf nan
 -1.633628 inf nan
 -1.570796 inf nan
 -1.507964 inf nan
 -1.445133 inf nan
 -1.382301 inf nan
 -1.319469 inf nan
 -1.256637 51.013772 -191.902651
 -1.193805 40.864048 -131.334846
 -1.130973 34.481345 -72.171395
 -1.068142 31.698364 -18.170950
 -1.005310 31.625081 7.324214
 -0.942478 31.477374 -17.844687
 -0.879646 29.326088 -43.280643
 -0.816814 27.101498 -23.324280
 -0.753982 26.306515 -6.784032
 -0.691150 25.593200 -17.002085
 -0.628319 24.492534 -16.817485
 -0.565487 23.317169 -21.402759
 -0.502655 21.937253 -21.169404
 -0.439823 20.660913 -20.750450
 -0.376991 19.248939 -23.177636
 -0.314159 17.875923 -20.600869
 -0.251327 16.610568 -19.836786
 -0.188496 15.414370 -17.451874
 -0.125664 14.475036 -13.313905
 -0.062832 13.638399 -12.342004
 0.000000 13.109047 -4.626927
 0.062832 12.843028 -5.505297
 0.125664 12.401909 -7.932369
 0.188496 11.873357 -8.666455
 0.251327 11.383471 -6.424482
 0.314159 11.134481 -1.298097
 0.376991 11.104315 -1.301783
 0.439823 10.873955 -5.852649
 0.502655 10.433107 -8.050681
 0.565487 9.878512 -8.871975
 0.628319 9.405822 -6.290218
 0.691150 9.042271 -5.374146
 0.753982 8.740010 -4.380838
 0.816814 8.479212 -3.764646
 0.879646 8.274490 -3.211801
 0.942478 8.029791 -4.326986
 1.005310 7.813327 -2.275063
 1.068142 7.704376 -1.828502
 1.130973 7.538678 -3.420418
 1.193805 7.313795 -3.590674
 1.256637 7.073632 -4.270918
 1.319469 6.776521 -5.114503
 1.382301 6.427326 -6.242582
 1.445133 5.980592 -7.829339
 1.507964 5.481123 -7.884167
 1.570796 4.987758 -8.061867
 1.633628 4.442125 -9.402362
 1.696460 3.819997 -10.186156
 1.759292 3.189180 -9.786918
 1.822124 2.601386 -8.849687
 1.884956 2.098146 -6.977014
 1.947787 1.732533 -4.826655
 2.010619 1.470519 -3.645069
 2.073451 1.262126 -3.294612
 2.136283 0.980570 -6.190168
 2.199115 0.554194 -6.180714
 2.261947 0.241016 -4.806257
 2.324779 -0.153415 -7.419442
 2.387610 -0.577523 -5.734389
 2.450442 -0.883839 -3.574183
 2.513274 -0.906866 2.978649
 2.576106 -0.626587 5.220199
 2.638938 -0.193284 9.116784
 2.701770 0.555869 15.098632
 2.764602 1.694859 20.073438
 2.827433 3.052056 24.210287
 2.890265 4.874594 33.580718
 2.953097 7.118613 36.001682
 3.015929 9.418695 38.588804
 3.078761 12.092271 45.089444
