#! FIELDS psi3 ffpsi3 dffpsi3_psi3
#! SET min_psi3 -pi
#! SET max_psi3 pi
#! SET nbins_psi3  100
#! SET periodic_psi3 true
 -3.141593 8.785790 15.305790
 -3.078761 9.819479 17.433712
 -3.015929 10.989482 19.926304
 -2.953097 12.317451 21.769970
 -2.890265 13.689092 21.507648
 -2.827433 15.001982 20.335918
 -2.764602 16.309057 21.067480
 -2.701770 17.589968 19.131901
 -2.638938 18.718416 16.759072
 -2.576106 19.687389 13.706387
 -2.513274 20.481745 12.029027
 -2.450442 21.198269 10.138297
 -2.387610 21.723688 6.675907
 -2.324779 22.122446 6.826114
 -2.261947 22.588851 6.721616
 -2.199115 22.839875 1.962164
 -2.136283 23.091843 7.290141
 -2.073451 23.680173 9.692354
 -2.010619 24.211933 7.922695
 -1.947787 24.828952 12.057325
 -1.884956 25.626239 12.068042
 -1.822124 26.324675 10.693530
 -1.759292 27.015708 11.180612
 -1.696460 27.680687 8.537887
 -1.633628 27.902043 -1.666131
 -1.570796 27.517655 -11.483949
 -1.507964 26.376957 -23.966677
 -1.445133 24.621977 -31.434683
 -1.382301 22.584910 -32.067176
 -1.319469 20.545856 -34.009044
 -1.256637 18.369777 -33.836129
 -1.193805 16.295561 -33.169090
 -1.130973 14.253838 -29.919721
 -1.068142 12.668155 -21.600270
 -1.005310 11.227611 -25.920798
 -0.942478 9.528441 -26.337379
 -0.879646 8.002014 -22.397622
 -0.816814 6.683208 -19.790270
 -0.753982 5.532824 -16.587592
 -0.691150 4.553295 -15.150730
 -0.628319 3.637787 -13.779285
 -0.565487 2.820130 -12.176655
 -0.502655 2.102916 -11.001451
 -0.439823 1.438693 -9.749907
 -0.376991 0.875621 -8.575526
 -0.314159 0.384285 -6.491110
 -0.251327 0.068753 -3.895879
 -0.188496 -0.097879 -1.084775
 -0.125664 -0.068922 1.629089
 -0.062832 0.090982 3.486113
 0.000000 0.367491 5.320973
 0.062832 0.775767 7.311981
 0.125664 1.217217 6.803674
 0.188496 1.742054 10.199602
 0.251327 2.333661 6.590709
 0.314159 2.581260 3.074716
 0.376991 2.885559 6.938179
 0.439823 3.452040 10.690677
 0.502655 4.151809 10.382217
 0.565487 4.541861 1.195015
 0.628319 4.551157 1.750140
 0.691150 4.855091 6.963315
 0.753982 5.310044 7.004424
 0.816814 5.684369 4.418497
 0.879646 5.943094 5.347615
 0.942478 6.392556 6.880677
 1.005310 6.587771 0.114944
 1.068142 6.639229 1.916729
 1.130973 6.724939 0.342274
 1.193805 6.723931 -0.376963
 1.256637 6.668528 -0.973705
 1.319469 6.724085 3.536941
 1.382301 7.065193 5.711153
 1.445133 7.324131 2.418379
 1.507964 7.225783 -6.700791
 1.570796 6.798667 -2.965657
 1.633628 6.952076 5.298334
 1.696460 7.130227 -0.084206
 1.759292 7.163315 2.682207
 1.822124 7.266362 -3.812408
 1.884956 6.602621 -12.307024
 1.947787 6.217604 0.111538
 2.010619 6.315618 -0.578927
 2.073451 5.916579 -9.600770
 2.136283 5.518037 -3.811623
 2.199115 5.074448 -10.016197
 2.261947 4.656775 -1.491755
 2.324779 4.836802 5.393688
 2.387610 5.057295 0.202168
 2.450442 4.791831 -8.777525
 2.513274 4.200623 -6.635910
 2.576106 4.167743 4.717917
 2.638938 4.535779 5.131436
 2.701770 4.769203 3.180479
 2.764602 5.038285 5.293834
 2.827433 5.379336 5.516246
 2.890265 5.791475 7.738205
 2.953097 6.323489 9.089217
 3.015929 6.991242 12.477873
 3.078761 7.859753 14.443135
