#! FIELDS psi4 ffpsi4 dffpsi4_psi4
#! SET min_psi4 -pi
#! SET max_psi4 pi
#! SET nbins_psi4  100
#! SET periodic_psi4 true
 -3.141593 4.650303 15.766315
 -3.078761 5.957892 24.783492
 -3.015929 7.504756 23.039635
 -2.953097 8.968444 24.855130
 -2.890265 10.605543 25.538416
 -2.827433 12.193304 26.347996
 -2.764602 13.915390 26.090184
 -2.701770 15.484742 27.589030
 -2.638938 17.762631 41.418035
 -2.576106 19.542427 12.502872
 -2.513274 20.469390 23.191548
 -2.450442 22.259613 27.237172
 -2.387610 23.480466 10.910505
 -2.324779 23.662501 -1.746803
 -2.261947 23.566224 -2.120488
 -2.199115 23.461171 -1.129191
 -2.136283 23.082597 -9.560528
 -2.073451 23.041280 10.045341
 -2.010619 23.372505 -11.291220
 -1.947787 21.599970 -35.069513
 -1.884956 20.044658 -11.342580
 -1.822124 19.735099 -6.219760
 -1.759292 19.066422 -10.080480
 -1.696460 18.759493 -1.023824
 -1.633628 18.603211 -6.523361
 -1.570796 17.891236 -14.972481
 -1.507964 16.854481 -17.209231
 -1.445133 15.788186 -17.057436
 -1.382301 14.683308 -17.567736
 -1.319469 13.631233 -16.070985
 -1.256637 12.701512 -12.901443
 -1.193805 11.962134 -12.179566
 -1.130973 11.015445 -17.808486
 -1.068142 9.883338 -16.917486
 -1.005310 8.989168 -11.547498
 -0.942478 8.252024 -14.324716
 -0.879646 7.054174 -22.513947
 -0.816814 5.712789 -18.744117
 -0.753982 4.701818 -13.852381
 -0.691150 3.947491 -10.655524
 -0.628319 3.272114 -11.058870
 -0.565487 2.619047 -9.133435
 -0.502655 2.157437 -5.532642
 -0.439823 1.953445 -0.775595
 -0.376991 2.018172 2.214791
 -0.314159 2.179792 2.315406
 -0.251327 2.224196 -0.934082
 -0.188496 2.201552 1.450291
 -0.125664 2.422094 4.618280
 -0.062832 2.701397 4.291591
 0.000000 2.995210 5.081547
 0.062832 3.342147 6.137741
 0.125664 3.826011 9.332391
 0.188496 4.426979 8.417112
 0.251327 4.771838 2.801517
 0.314159 4.886449 0.880107
 0.376991 4.847485 -1.630501
 0.439823 4.825406 1.395294
 0.502655 4.937700 0.913669
 0.565487 4.895490 -1.558079
 0.628319 4.844340 0.121795
 0.691150 4.865305 0.041648
 0.753982 4.879040 0.953084
 0.816814 4.962505 0.703569
 0.879646 4.937423 -0.490838
 0.942478 5.014471 2.520334
 1.005310 5.153266 1.875994
 1.068142 5.332274 4.120677
 1.130973 5.632598 4.840055
 1.193805 5.916562 4.391177
 1.256637 6.212638 4.663756
 1.319469 6.462520 3.878589
 1.382301 6.858295 8.673404
 1.445133 7.297689 3.350034
 1.507964 7.330433 -1.034972
 1.570796 7.347951 3.336442
 1.633628 7.795306 8.465506
 1.696460 8.017887 -2.091702
 1.759292 7.813129 -2.191651
 1.822124 7.743074 -1.649469
 1.884956 7.518147 -5.032065
 1.947787 7.129480 -7.746654
 2.010619 6.572852 -9.207350
 2.073451 6.029691 -8.354547
 2.136283 5.450649 -10.451745
 2.199115 4.741682 -11.470129
 2.261947 4.069419 -10.162008
 2.324779 3.370067 -12.607769
 2.387610 2.562145 -11.936547
 2.450442 1.947324 -7.678871
 2.513274 1.559758 -5.257377
 2.576106 1.218038 -5.627567
 2.638938 0.903368 -4.290149
 2.701770 0.665920 -2.934740
 2.764602 0.642772 2.740195
 2.827433 0.972734 6.852830
 2.890265 1.438883 8.121785
 2.953097 2.057380 11.876677
 3.015929 2.928523 15.142910
 3.078761 3.826530 12.639976
