#! FIELDS psi4 ffpsi4 dffpsi4_psi4
#! SET min_psi4 -pi
#! SET max_psi4 pi
#! SET nbins_psi4  100
#! SET periodic_psi4 true
 -3.141593 4.630958 16.103019
 -3.078761 6.035776 27.981918
 -3.015929 7.762921 24.620494
 -2.953097 9.193249 22.060240
 -2.890265 10.740632 28.113659
 -2.827433 12.786304 36.295494
 -2.764602 15.101954 34.650673
 -2.701770 17.109145 31.516950
 -2.638938 19.220497 29.968953
 -2.576106 19.790362 -9.726047
 -2.513274 19.581992 12.330466
 -2.450442 21.771005 55.373237
 -2.387610 24.351239 -7.549169
 -2.324779 22.189963 -34.378877
 -2.261947 21.170556 2.358345
 -2.199115 22.063765 18.692569
 -2.136283 22.329656 -16.584994
 -2.073451 20.346597 -40.481429
 -2.010619 18.026188 -25.741500
 -1.947787 17.684921 13.342198
 -1.884956 17.984083 -21.386106
 -1.822124 16.385877 -12.939579
 -1.759292 16.805589 22.059709
 -1.696460 17.783735 -7.560027
 -1.633628 15.821182 -37.777514
 -1.570796 14.005318 -22.756053
 -1.507964 12.567586 -21.158107
 -1.445133 11.686993 -8.060718
 -1.382301 11.083789 -12.519520
 -1.319469 10.352747 -9.663981
 -1.256637 9.712246 -12.738324
 -1.193805 8.696263 -18.009572
 -1.130973 7.699563 -12.956817
 -1.068142 7.015831 -9.011799
 -1.005310 6.597926 -4.853833
 -0.942478 6.240425 -7.107520
 -0.879646 5.827495 -5.416140
 -0.816814 5.374351 -10.796259
 -0.753982 4.528791 -14.393508
 -0.691150 3.792429 -7.593423
 -0.628319 3.547282 -2.261855
 -0.565487 3.324418 -4.339860
 -0.502655 3.149745 -1.171040
 -0.439823 3.000479 -4.629167
 -0.376991 2.730731 -2.244207
 -0.314159 2.701685 0.281458
 -0.251327 2.773371 2.557295
 -0.188496 2.961896 1.807143
 -0.125664 2.937595 -0.905227
 -0.062832 3.076264 5.436154
 0.000000 3.544677 9.363129
 0.062832 4.219865 10.242954
 0.125664 4.560938 0.455777
 0.188496 4.514238 -0.090230
 0.251327 4.608906 1.973343
 0.314159 4.648948 -0.141904
 0.376991 4.711004 2.069530
 0.439823 4.832837 1.175601
 0.502655 4.812626 -1.730644
 0.565487 4.702042 -1.174071
 0.628319 4.666311 -0.647918
 0.691150 4.541605 -3.248699
 0.753982 4.382173 -1.007010
 0.816814 4.378707 -0.212713
 0.879646 4.280926 -2.450199
 0.942478 4.204873 0.797379
 1.005310 4.387682 4.283300
 1.068142 4.609546 2.311767
 1.130973 4.806610 5.137187
 1.193805 5.187632 5.285255
 1.256637 5.426857 2.887081
 1.319469 5.546358 0.814059
 1.382301 5.674153 4.621815
 1.445133 6.133266 8.388045
 1.507964 6.533555 4.697548
 1.570796 6.953921 8.870157
 1.633628 7.255387 -2.230623
 1.696460 7.015412 -0.807086
 1.759292 7.236115 5.702763
 1.822124 7.651817 7.404824
 1.884956 7.890906 -1.676276
 1.947787 7.589853 -6.657201
 2.010619 6.996362 -13.072647
 2.073451 6.081484 -14.166987
 2.136283 5.312978 -10.084849
 2.199115 4.799674 -7.253354
 2.261947 4.254640 -11.076256
 2.324779 3.335671 -17.547324
 2.387610 2.314717 -12.813543
 2.450442 1.737716 -7.148452
 2.513274 1.382998 -3.126935
 2.576106 1.225784 -4.474058
 2.638938 0.820353 -5.883635
 2.701770 0.695453 1.774789
 2.764602 0.915779 4.017280
 2.827433 1.135546 3.230161
 2.890265 1.347657 3.041832
 2.953097 1.556161 5.587165
 3.015929 2.308565 18.514587
 3.078761 3.614055 19.461351
