#! FIELDS phi3 ffphi3 dffphi3_phi3
#! SET min_phi3 -pi
#! SET max_phi3 pi
#! SET nbins_phi3  100
#! SET periodic_phi3 true
 -3.141593 21.198590 -50.589734
 -3.078761 18.152466 -45.857179
 -3.015929 15.434888 -40.451236
 -2.953097 13.089091 -34.297292
 -2.890265 11.111902 -28.725909
 -2.827433 9.495253 -22.317030
 -2.764602 8.309370 -16.201197
 -2.701770 7.358502 -14.182470
 -2.638938 6.559850 -11.331065
 -2.576106 5.885265 -10.478149
 -2.513274 5.223357 -10.381563
 -2.450442 4.630958 -9.211277
 -2.387610 3.818338 -16.956506
 -2.324779 2.892930 -9.175426
 -2.261947 2.705558 0.984067
 -2.199115 2.731754 -1.193266
 -2.136283 2.558435 -3.855507
 -2.073451 2.369478 -1.286371
 -2.010619 2.326298 -1.803260
 -1.947787 2.079778 -4.905950
 -1.884956 1.866769 -1.665229
 -1.822124 1.749916 -3.593054
 -1.759292 1.369319 -7.133528
 -1.696460 1.068030 -2.239624
 -1.633628 0.942623 -2.821594
 -1.570796 0.661943 -6.298321
 -1.507964 0.243468 -5.939853
 -1.445133 -0.085610 -5.514588
 -1.382301 -0.511612 -7.352842
 -1.319469 -0.781034 0.670250
 -1.256637 -0.353863 11.802820
 -1.193805 0.431631 10.877783
 -1.130973 0.936392 6.883765
 -1.068142 1.595021 15.100042
 -1.005310 2.761927 20.212277
 -0.942478 3.981557 19.134271
 -0.879646 5.377577 25.913076
 -0.816814 7.151527 29.189632
 -0.753982 9.040329 31.878440
 -0.691150 11.303151 39.287588
 -0.628319 13.741884 36.676403
 -0.565487 16.075206 38.934660
 -0.502655 18.643182 40.205945
 -0.439823 21.020859 35.802688
 -0.376991 23.303831 36.875348
 -0.314159 25.636846 36.088912
 -0.251327 27.850917 34.340547
 -0.188496 29.856696 27.463438
 -0.125664 31.299393 19.355622
 -0.062832 32.360850 13.346114
 0.000000 32.833658 1.466479
 0.062832 32.672999 -6.203628
 0.125664 31.985456 -15.879892
 0.188496 30.760905 -22.532149
 0.251327 29.172659 -28.100306
 0.314159 27.272854 -31.484112
 0.376991 25.272970 -32.798297
 0.439823 23.019393 -39.166531
 0.502655 20.496979 -39.690383
 0.565487 18.074854 -37.982146
 0.628319 15.646046 -39.353147
 0.691150 13.220342 -36.942625
 0.753982 11.093103 -30.263738
 0.816814 9.425499 -23.101338
 0.879646 8.174722 -16.733541
 0.942478 7.276845 -12.376602
 1.005310 6.635639 -7.154563
 1.068142 6.488013 2.653733
 1.130973 6.905558 10.183985
 1.193805 7.860637 21.518068
 1.256637 9.632853 33.439391
 1.319469 11.951628 40.836179
 1.382301 14.857682 50.527501
 1.445133 18.217435 55.993802
 1.507964 21.973035 61.925936
 1.570796 26.032083 66.430339
 1.633628 30.436583 70.417375
 1.696460 34.796916 65.411549
 1.759292 38.966312 66.505022
 1.822124 43.314916 68.298458
 1.884956 47.443427 59.966755
 1.947787 51.043158 53.470717
 2.010619 54.302538 48.714956
 2.073451 57.150123 40.005717
 2.136283 59.277160 26.562019
 2.199115 60.487808 11.997034
 2.261947 60.873769 0.126756
 2.324779 60.507210 -11.445236
 2.387610 59.418893 -24.245012
 2.450442 57.453135 -36.671911
 2.513274 54.994418 -41.574573
 2.576106 52.161929 -48.530129
 2.638938 48.936837 -54.011697
 2.701770 45.399869 -58.026246
 2.764602 41.718686 -58.596664
 2.827433 38.078705 -57.140462
 2.890265 34.525571 -56.233035
 2.953097 30.963396 -57.060088
 3.015929 27.478729 -52.643007
 3.078761 24.341354 -48.773469
