#! FIELDS psi4 ffpsi4 dffpsi4_psi4
#! SET min_psi4 -pi
#! SET max_psi4 pi
#! SET nbins_psi4  100
#! SET periodic_psi4 true
 -3.141593 3.178716 48.467871
 -3.078761 6.869258 56.492736
 -3.015929 9.322721 25.185197
 -2.953097 10.799426 25.408274
 -2.890265 12.557755 27.926526
 -2.827433 14.317569 31.497684
 -2.764602 16.761375 42.589202
 -2.701770 19.089664 31.814956
 -2.638938 20.791859 14.183290
 -2.576106 20.967204 6.003647
 -2.513274 22.729467 51.778616
 -2.450442 26.744403 56.995971
 -2.387610 28.126455 -3.267602
 -2.324779 27.241704 -22.425733
 -2.261947 25.452185 -33.807861
 -2.199115 23.899015 -7.395591
 -2.136283 24.846939 34.270575
 -2.073451 27.114864 27.779071
 -2.010619 27.629481 -12.578122
 -1.947787 26.130838 -29.712670
 -1.884956 24.460971 -20.114954
 -1.822124 23.415231 -20.727315
 -1.759292 21.069140 -47.916617
 -1.696460 18.869219 -15.011907
 -1.633628 19.239940 19.204902
 -1.570796 19.135622 -29.873125
 -1.507964 16.987282 -29.530616
 -1.445133 15.719223 -12.814362
 -1.382301 14.818462 -17.664280
 -1.319469 13.949004 -6.876431
 -1.256637 13.809094 -1.123568
 -1.193805 13.449963 -11.437353
 -1.130973 12.544921 -14.699171
 -1.068142 11.661491 -15.296970
 -1.005310 10.484702 -22.634793
 -0.942478 8.783591 -28.649902
 -0.879646 7.491121 -10.825990
 -0.816814 6.857073 -15.430605
 -0.753982 5.803690 -13.460834
 -0.691150 4.759126 -26.112151
 -0.628319 3.059867 -19.433511
 -0.565487 2.506874 -2.370995
 -0.502655 2.430424 1.123851
 -0.439823 2.540924 -1.714093
 -0.376991 2.200254 -4.641729
 -0.314159 2.373745 10.196745
 -0.251327 3.017939 5.710901
 -0.188496 3.203442 3.764798
 -0.125664 3.699241 12.281272
 -0.062832 4.569161 10.578411
 0.000000 4.578684 -7.933996
 0.062832 4.154252 -2.747925
 0.125664 4.257186 2.686461
 0.188496 4.116521 -4.406936
 0.251327 4.226885 6.563460
 0.314159 4.053033 -15.456781
 0.376991 3.208205 -3.371119
 0.439823 3.860417 20.473805
 0.502655 4.873114 5.890782
 0.565487 5.039468 6.581843
 0.628319 5.839762 13.672895
 0.691150 6.056719 -8.344372
 0.753982 5.143602 -15.324139
 0.816814 4.671478 1.077335
 0.879646 5.127888 11.651693
 0.942478 5.373772 -14.185897
 1.005310 3.836945 -20.596513
 1.068142 3.592513 11.867805
 1.130973 4.695510 17.586210
 1.193805 5.632559 12.014108
 1.256637 5.747226 -13.499297
 1.319469 4.141730 -27.010518
 1.382301 3.561206 13.183896
 1.445133 5.839694 54.488129
 1.507964 8.754192 23.643566
 1.570796 8.751400 -18.313435
 1.633628 7.834607 -1.562293
 1.696460 8.772774 24.542850
 1.759292 9.529121 -4.798138
 1.822124 8.716085 -15.258963
 1.884956 8.289057 4.956040
 1.947787 9.111232 12.842350
 2.010619 9.017321 -11.634991
 2.073451 8.513015 -4.144456
 2.136283 7.820635 -21.753618
 2.199115 6.253462 -21.970023
 2.261947 5.230232 -17.368684
 2.324779 3.186999 -39.849522
 2.387610 1.688640 -3.818200
 2.450442 2.041839 1.416802
 2.513274 1.385195 -12.152562
 2.576106 1.057950 -0.931070
 2.638938 1.097007 3.006739
 2.701770 1.230667 -4.036928
 2.764602 0.393432 -16.888685
 2.827433 -0.039134 7.063277
 2.890265 1.207382 27.107224
 2.953097 2.581027 13.295002
 3.015929 2.448329 -18.286953
 3.078761 1.582786 1.471642
