#! FIELDS phi3 ffphi3 dffphi3_phi3
#! SET min_phi3 -pi
#! SET max_phi3 pi
#! SET nbins_phi3  100
#! SET periodic_phi3 true
 -3.141593 14.373554 -44.201110
 -3.078761 11.754532 -38.985003
 -3.015929 9.499161 -32.805717
 -2.953097 7.599349 -27.914370
 -2.890265 5.992338 -23.213426
 -2.827433 4.616264 -21.449204
 -2.764602 3.312270 -18.789085
 -2.701770 2.408102 -9.324698
 -2.638938 2.113320 -1.412999
 -2.576106 2.060914 -0.661770
 -2.513274 2.020288 -0.989225
 -2.450442 1.956156 -0.359773
 -2.387610 2.013552 1.883983
 -2.324779 2.148457 1.896471
 -2.261947 2.239897 1.605169
 -2.199115 2.402681 3.133926
 -2.136283 2.565489 1.887429
 -2.073451 2.679165 1.859079
 -2.010619 2.769268 0.783938
 -1.947787 2.785175 -0.513822
 -1.884956 2.657466 -3.755284
 -1.822124 2.327766 -6.273101
 -1.759292 1.959785 -5.340713
 -1.696460 1.576691 -7.577678
 -1.633628 1.010325 -9.782928
 -1.570796 0.431277 -8.406272
 -1.507964 -0.050974 -7.020555
 -1.445133 -0.416605 -4.179907
 -1.382301 -0.521032 1.313937
 -1.319469 -0.228699 7.621095
 -1.256637 0.383850 11.501546
 -1.193805 1.198647 14.508325
 -1.130973 2.247231 19.012183
 -1.068142 3.589242 23.325827
 -1.005310 5.145637 25.892267
 -0.942478 6.843022 27.922816
 -0.879646 8.700677 31.495444
 -0.816814 10.821921 35.163149
 -0.753982 13.072208 36.205982
 -0.691150 15.432790 38.600088
 -0.628319 17.897969 38.915918
 -0.565487 20.338839 38.677099
 -0.502655 22.847650 41.127275
 -0.439823 25.460015 40.030078
 -0.376991 27.819135 35.166769
 -0.314159 30.172432 42.277271
 -0.251327 32.945739 34.624840
 -0.188496 33.775842 3.767651
 -0.125664 34.899265 36.607728
 -0.062832 38.027116 40.818674
 0.000000 37.625424 -22.831526
 0.062832 36.861903 -11.577900
 0.125664 35.812820 -10.311049
 0.188496 36.203195 13.450652
 0.251327 35.747359 -21.102814
 0.314159 34.582555 -24.695287
 0.376991 31.977784 -48.970680
 0.439823 29.264027 -37.151909
 0.502655 26.976725 -38.673908
 0.565487 24.379838 -41.760379
 0.628319 21.932575 -36.177176
 0.691150 19.734873 -33.940610
 0.753982 17.723773 -29.904060
 0.816814 15.995857 -24.569815
 0.879646 14.660594 -18.398590
 0.942478 13.658844 -12.917167
 1.005310 13.127820 -3.649202
 1.068142 13.195016 5.454556
 1.130973 13.767580 12.622755
 1.193805 14.814185 20.907037
 1.256637 16.377135 28.291936
 1.319469 18.389615 36.410827
 1.382301 21.035947 47.286757
 1.445133 24.302619 56.184147
 1.507964 27.955937 53.312733
 1.570796 30.408014 28.825236
 1.633628 32.839806 53.986504
 1.696460 37.570501 97.747980
 1.759292 45.390668 146.950336
 1.822124 inf nan
 1.884956 inf nan
 1.947787 inf nan
 2.010619 inf nan
 2.073451 inf nan
 2.136283 inf nan
 2.199115 inf nan
 2.261947 inf nan
 2.324779 inf nan
 2.387610 inf nan
 2.450442 inf nan
 2.513274 inf nan
 2.576106 55.970059 -201.391342
 2.638938 45.206672 -141.352257
 2.701770 38.152091 -84.059724
 2.764602 34.238720 -48.255389
 2.827433 30.820134 -62.524867
 2.890265 27.001240 -57.249089
 2.953097 23.501050 -54.456307
 3.015929 20.241734 -48.979660
 3.078761 17.258000 -46.851180
