#! FIELDS phi3 ffphi3 dffphi3_phi3
#! SET min_phi3 -pi
#! SET max_phi3 pi
#! SET nbins_phi3  100
#! SET periodic_phi3 true
 -3.141593 23.687553 -54.757482
 -3.078761 20.419020 -48.432389
 -3.015929 17.628114 -41.315939
 -2.953097 15.099484 -39.237974
 -2.890265 12.804336 -32.958559
 -2.827433 10.980006 -25.066376
 -2.764602 9.721020 -14.781324
 -2.701770 8.957470 -11.781071
 -2.638938 8.138581 -13.471210
 -2.576106 7.254788 -16.207879
 -2.513274 6.078894 -18.998510
 -2.450442 5.144319 -10.320141
 -2.387610 4.605756 -8.930832
 -2.324779 3.921318 -11.870146
 -2.261947 3.281693 -8.379193
 -2.199115 2.736248 -9.364601
 -2.136283 2.277395 -3.827333
 -2.073451 2.254416 2.032128
 -2.010619 2.423936 3.030493
 -1.947787 2.468216 -4.188194
 -1.884956 2.004596 -6.442456
 -1.822124 1.805604 -2.905207
 -1.759292 1.293114 -13.453428
 -1.696460 0.474313 -8.033960
 -1.633628 0.555390 8.024530
 -1.570796 0.737164 -5.934137
 -1.507964 0.198262 -7.125222
 -1.445133 -0.136824 -5.405756
 -1.382301 -0.567800 -7.633354
 -1.319469 -0.988853 -4.938113
 -1.256637 -0.996728 6.032126
 -1.193805 -0.337866 12.353816
 -1.130973 0.516209 17.465740
 -1.068142 2.057241 29.288325
 -1.005310 3.602534 17.750832
 -0.942478 4.739505 22.870882
 -0.879646 6.700028 37.909393
 -0.816814 9.050692 32.877106
 -0.753982 10.805480 25.431653
 -0.691150 12.643301 35.008751
 -0.628319 15.208581 43.467033
 -0.565487 17.819967 40.650498
 -0.502655 20.588481 45.829061
 -0.439823 23.325132 41.397886
 -0.376991 26.142367 47.783714
 -0.314159 28.974471 37.623351
 -0.251327 31.025883 31.196345
 -0.188496 33.164670 35.671492
 -0.125664 35.447532 37.303030
 -0.062832 37.721535 30.404786
 0.000000 39.018904 13.021245
 0.062832 39.659361 6.764871
 0.125664 39.700668 -6.270290
 0.188496 38.990437 -14.622916
 0.251327 37.975096 -18.073312
 0.314159 36.637768 -24.687058
 0.376991 34.920704 -29.301403
 0.439823 33.046456 -29.957267
 0.502655 31.093179 -33.097315
 0.565487 28.969155 -32.516450
 0.628319 27.126874 -26.692349
 0.691150 25.520759 -24.671169
 0.753982 24.068095 -20.868633
 0.816814 22.939220 -15.416481
 0.879646 22.112119 -10.344794
 0.942478 21.706638 -2.655125
 1.005310 21.752305 4.128969
 1.068142 22.207866 9.795470
 1.130973 22.939169 13.509607
 1.193805 23.948025 18.942441
 1.256637 25.376394 26.584255
 1.319469 27.262873 32.822612
 1.382301 29.480058 37.545381
 1.445133 31.993042 42.112237
 1.507964 34.883221 50.140340
 1.570796 38.292540 56.375209
 1.633628 41.824445 54.246778
 1.696460 45.282178 56.327658
 1.759292 49.036888 60.961960
 1.822124 52.981776 64.833333
 1.884956 57.521066 76.569881
 1.947787 61.942292 52.678645
 2.010619 64.062589 22.783887
 2.073451 66.560185 63.922216
 2.136283 71.550832 42.891553
 2.199115 67.726055 -75.016387
 2.261947 64.941150 -13.094262
 2.324779 66.087865 49.595339
 2.387610 71.169097 111.702631
 2.450442 74.822974 -120.063638
 2.513274 66.998069 -100.524437
 2.576106 62.377515 -48.892962
 2.638938 59.682417 -56.817724
 2.701770 54.571294 -90.672607
 2.764602 49.202234 -79.467162
 2.827433 44.466439 -73.219559
 2.890265 39.786136 -75.642797
 2.953097 35.157119 -69.947366
 3.015929 31.034840 -62.143628
 3.078761 27.248571 -58.528977
