#! FIELDS phi3 ffphi3 dffphi3_phi3
#! SET min_phi3 -pi
#! SET max_phi3 pi
#! SET nbins_phi3  100
#! SET periodic_phi3 true
 -3.141593 21.960112 -51.098845
 -3.078761 19.144725 -40.326066
 -3.015929 16.678278 -40.272694
 -2.953097 13.888500 -47.452837
 -2.890265 11.120406 -37.412074
 -2.827433 9.398150 -17.783035
 -2.764602 8.500386 -15.540749
 -2.701770 7.339000 -17.530172
 -2.638938 6.548709 -9.664530
 -2.576106 5.843513 -12.920119
 -2.513274 4.711529 -26.357481
 -2.450442 3.036997 -18.324890
 -2.387610 2.816660 8.005133
 -2.324779 3.326402 6.167420
 -2.261947 3.804737 8.502708
 -2.199115 4.086005 0.256135
 -2.136283 3.984717 -4.206494
 -2.073451 3.440285 -11.247083
 -2.010619 2.964817 -2.555211
 -1.947787 2.957526 -0.156753
 -1.884956 2.796830 -4.859939
 -1.822124 2.467566 -4.111673
 -1.759292 2.259536 -5.339384
 -1.696460 1.696117 -8.634813
 -1.633628 1.636758 6.340193
 -1.570796 1.851774 -6.604545
 -1.507964 0.676921 -25.458137
 -1.445133 -0.860453 -22.459648
 -1.382301 -1.871539 -6.318842
 -1.319469 -1.469495 18.154467
 -1.256637 0.006271 21.282098
 -1.193805 0.151017 -12.671928
 -1.130973 -0.152472 8.273859
 -1.068142 1.001459 24.162526
 -1.005310 2.728121 31.561869
 -0.942478 4.591001 22.066726
 -0.879646 5.657090 17.727771
 -0.816814 7.195550 31.022396
 -0.753982 9.381346 36.450666
 -0.691150 11.793662 41.957919
 -0.628319 14.673598 46.597639
 -0.565487 17.423432 38.572794
 -0.502655 19.491916 30.652279
 -0.439823 21.957816 49.344904
 -0.376991 25.444027 56.662879
 -0.314159 28.757877 46.442278
 -0.251327 31.287118 32.294360
 -0.188496 33.168496 29.797007
 -0.125664 34.974579 25.689718
 -0.062832 36.524704 24.217008
 0.000000 37.817469 14.249453
 0.062832 38.153227 -3.351164
 0.125664 37.639481 -11.250131
 0.188496 36.846063 -13.910175
 0.251327 35.812603 -20.921042
 0.314159 34.037182 -33.750999
 0.376991 31.944588 -32.298068
 0.439823 29.777320 -37.879277
 0.502655 27.218375 -43.082566
 0.565487 24.414148 -45.534685
 0.628319 21.566063 -44.374488
 0.691150 18.992117 -36.701676
 0.753982 16.874452 -32.209038
 0.816814 14.917957 -28.939125
 0.879646 13.288137 -23.342462
 0.942478 12.049081 -14.579811
 1.005310 11.591324 -0.239718
 1.068142 11.828113 6.259498
 1.130973 12.392072 12.611113
 1.193805 13.417892 19.390281
 1.256637 14.959365 31.943923
 1.319469 17.461393 44.213934
 1.382301 20.186694 43.722658
 1.445133 23.306202 54.695554
 1.507964 26.828635 55.833192
 1.570796 30.635763 65.955232
 1.633628 35.209365 75.703163
 1.696460 39.905962 69.587420
 1.759292 44.342430 69.914789
 1.822124 48.730907 66.136526
 1.884956 52.687761 57.767576
 1.947787 56.244435 54.477742
 2.010619 59.570755 49.144898
 2.073451 62.359890 37.846338
 2.136283 64.453599 31.392144
 2.199115 66.480140 27.745482
 2.261947 67.029961 -10.368525
 2.324779 66.052260 -15.835395
 2.387610 65.067490 -17.994885
 2.450442 63.570844 -29.904823
 2.513274 61.316749 -42.226620
 2.576106 58.240140 -54.916078
 2.638938 54.536835 -62.596961
 2.701770 50.403390 -67.862009
 2.764602 46.153779 -67.111427
 2.827433 41.889192 -69.238768
 2.890265 37.475297 -70.021225
 2.953097 33.295141 -61.955796
 3.015929 29.583841 -58.893827
 3.078761 25.652228 -64.414856
