#! FIELDS psi2 ffpsi2 dffpsi2_psi2
#! SET min_psi2 -pi
#! SET max_psi2 pi
#! SET nbins_psi2  100
#! SET periodic_psi2 true
 -3.141593 17.493124 54.941647
 -3.078761 21.863813 85.227834
 -3.015929 28.446375 116.967308
 -2.953097 36.501919 110.272031
 -2.890265 42.112394 62.319040
 -2.827433 45.022739 33.900919
 -2.764602 47.971186 64.843998
 -2.701770 51.932300 40.227548
 -2.638938 54.016016 41.961609
 -2.576106 58.210092 89.281495
 -2.513274 64.620042 101.544584
 -2.450442 68.664944 11.385809
 -2.387610 67.709210 -22.756008
 -2.324779 67.412915 13.014584
 -2.261947 63.726436 -148.094064
 -2.199115 55.555210 -101.493944
 -2.136283 51.112237 -40.469601
 -2.073451 50.239229 8.395550
 -2.010619 51.353858 23.472027
 -1.947787 53.667691 55.306554
 -1.884956 57.964253 60.927170
 -1.822124 57.963927 -35.970200
 -1.759292 56.566734 -6.204505
 -1.696460 56.166291 -22.532630
 -1.633628 53.532779 -44.134260
 -1.570796 51.936440 -5.218117
 -1.507964 52.491293 17.112668
 -1.445133 53.368876 6.647392
 -1.382301 53.113706 -13.243252
 -1.319469 52.468471 -1.741214
 -1.256637 52.782058 5.994611
 -1.193805 52.908007 -1.657963
 -1.130973 52.282189 -19.200421
 -1.068142 51.101325 -12.801712
 -1.005310 50.909301 5.039701
 -0.942478 51.305919 3.954413
 -0.879646 51.173200 -7.891679
 -0.816814 50.601391 -6.470091
 -0.753982 50.767765 12.398484
 -0.691150 51.617857 0.765516
 -0.628319 45.879349 -160.059660
 -0.565487 36.924050 -117.152286
 -0.502655 31.324294 -61.126453
 -0.439823 29.044003 -18.633246
 -0.376991 26.450499 -70.086679
 -0.314159 22.842391 -33.882305
 -0.251327 21.943382 -10.250432
 -0.188496 19.258461 -66.420057
 -0.125664 15.328771 -52.813682
 -0.062832 13.047506 -18.385301
 0.000000 12.964957 14.303891
 0.062832 14.599336 32.916188
 0.125664 15.541452 -13.335002
 0.188496 13.384939 -49.384119
 0.251327 10.410299 -37.404589
 0.314159 9.035305 -7.615359
 0.376991 8.940776 -1.064236
 0.439823 8.705398 -2.568978
 0.502655 8.967699 9.777997
 0.565487 9.525600 5.346423
 0.628319 9.519040 -6.146923
 0.691150 9.022857 -5.197296
 0.753982 8.915743 -3.661822
 0.816814 8.221558 -12.735266
 0.879646 8.060485 8.511214
 0.942478 8.843477 11.268001
 1.005310 9.211663 -0.472884
 1.068142 8.538372 -19.119054
 1.130973 7.582488 -6.811365
 1.193805 7.610781 2.390854
 1.256637 7.400735 -6.477800
 1.319469 7.319797 4.314458
 1.382301 7.372536 -6.936649
 1.445133 6.904565 -3.443971
 1.507964 6.619493 -10.525735
 1.570796 5.745196 -13.840608
 1.633628 4.905351 -13.383937
 1.696460 4.234448 -6.844407
 1.759292 3.890420 -6.543296
 1.822124 3.336345 -9.791527
 1.884956 2.817390 -6.493811
 1.947787 2.367633 -9.828440
 2.010619 1.603153 -11.985487
 2.073451 1.046603 -6.499298
 2.136283 0.653447 -6.045577
 2.199115 0.326312 -4.584834
 2.261947 0.022103 -5.761887
 2.324779 -0.532295 -12.190250
 2.387610 -1.218799 -6.587267
 2.450442 -1.294556 2.381231
 2.513274 -1.107442 3.448744
 2.576106 -0.701658 11.013117
 2.638938 0.266835 17.642449
 2.701770 1.265718 14.318505
 2.764602 2.300926 19.880030
 2.827433 3.859133 30.108193
 2.890265 5.993778 35.345150
 2.953097 8.166543 34.905174
 3.015929 10.740399 49.161574
 3.078761 14.208532 55.048585
