#! FIELDS phi2 ffphi2 dffphi2_phi2
#! SET min_phi2 -pi
#! SET max_phi2 pi
#! SET nbins_phi2  100
#! SET periodic_phi2 true
 -3.141593 15.955427 -40.620367
 -3.078761 13.455073 -39.322684
 -3.015929 11.087006 -34.788419
 -2.953097 9.128716 -28.257778
 -2.890265 7.422012 -26.594233
 -2.827433 5.792717 -24.857582
 -2.764602 4.359348 -20.356911
 -2.701770 3.272349 -13.942057
 -2.638938 2.627280 -7.001264
 -2.576106 2.247888 -6.540910
 -2.513274 1.749269 -8.303638
 -2.450442 1.376892 -2.901017
 -2.387610 1.365679 1.820214
 -2.324779 1.489647 1.142285
 -2.261947 1.467429 -1.290084
 -2.199115 1.462935 1.950073
 -2.136283 1.714266 5.317245
 -2.073451 2.049753 4.939624
 -2.010619 2.280805 1.901521
 -1.947787 2.327713 0.339227
 -1.884956 2.359875 0.471544
 -1.822124 2.402746 1.106573
 -1.759292 2.456676 -0.103107
 -1.696460 2.371268 -2.513466
 -1.633628 2.125698 -5.427572
 -1.570796 1.765455 -5.141498
 -1.507964 1.515484 -3.321195
 -1.445133 1.253452 -5.765569
 -1.382301 0.801022 -7.467503
 -1.319469 0.487505 -2.027665
 -1.256637 0.464507 0.234817
 -1.193805 0.498833 1.543094
 -1.130973 0.743250 6.201116
 -1.068142 1.198101 7.825714
 -1.005310 1.803327 12.230519
 -0.942478 2.763218 17.955313
 -0.879646 3.985876 19.823419
 -0.816814 5.153680 17.654575
 -0.753982 6.408946 23.504913
 -0.691150 8.159328 32.192987
 -0.628319 10.481487 41.109195
 -0.565487 13.084338 38.222085
 -0.502655 15.197604 30.822027
 -0.439823 17.144024 29.773300
 -0.376991 18.711503 19.074613
 -0.314159 19.807719 18.923428
 -0.251327 21.268717 26.223771
 -0.188496 22.851572 23.194617
 -0.125664 24.267292 21.198753
 -0.062832 25.286510 9.730534
 0.000000 25.705102 5.989046
 0.062832 26.012660 0.594334
 0.125664 25.534662 -14.173560
 0.188496 24.590939 -14.556288
 0.251327 23.679332 -14.856244
 0.314159 22.721563 -15.847957
 0.376991 21.659298 -17.701975
 0.439823 20.566984 -16.800515
 0.502655 19.459591 -20.206715
 0.565487 17.936395 -26.531289
 0.628319 16.446370 -19.659297
 0.691150 15.415813 -13.793939
 0.753982 14.726626 -8.407870
 0.816814 14.133004 -12.089526
 0.879646 13.407581 -7.990712
 0.942478 13.233163 1.222031
 1.005310 13.483426 7.268147
 1.068142 14.167859 13.978526
 1.130973 15.213135 19.401821
 1.193805 16.659153 27.157377
 1.256637 18.692601 37.098645
 1.319469 21.176020 40.460621
 1.382301 23.834127 44.768912
 1.445133 26.901510 52.448001
 1.507964 30.539419 63.359019
 1.570796 34.908794 73.088601
 1.633628 39.582447 71.125195
 1.696460 43.947482 65.915442
 1.759292 48.007740 58.778365
 1.822124 51.312495 45.990520
 1.884956 54.094196 40.905804
 1.947787 56.506386 36.669583
 2.010619 58.715686 31.585426
 2.073451 60.478514 24.527441
 2.136283 61.709930 13.497872
 2.199115 62.136346 -0.477989
 2.261947 61.634399 -15.083481
 2.324779 60.349895 -25.292191
 2.387610 58.441856 -35.732905
 2.450442 55.887437 -45.141908
 2.513274 52.784830 -53.388742
 2.576106 49.257454 -58.148464
 2.638938 45.566550 -58.611566
 2.701770 41.823250 -62.057979
 2.764602 37.740491 -66.442902
 2.827433 33.654974 -62.665092
 2.890265 29.906226 -56.814645
 2.953097 26.269729 -62.791814
 3.015929 22.065254 -64.812873
 3.078761 18.620458 -45.819299
