#! FIELDS psi2 ffpsi2 dffpsi2_psi2
#! SET min_psi2 -pi
#! SET max_psi2 pi
#! SET nbins_psi2  100
#! SET periodic_psi2 true
 -3.141593 15.260257 45.872781
 -3.078761 18.242237 48.314715
 -3.015929 21.240380 45.410634
 -2.953097 24.236027 53.673025
 -2.890265 28.330302 72.339092
 -2.827433 32.105077 41.942047
 -2.764602 35.203730 66.678224
 -2.701770 41.237039 124.811175
 -2.638938 51.048608 187.500777
 -2.576106 inf nan
 -2.513274 inf nan
 -2.450442 inf nan
 -2.387610 inf nan
 -2.324779 inf nan
 -2.261947 inf nan
 -2.199115 inf nan
 -2.136283 inf nan
 -2.073451 inf nan
 -2.010619 inf nan
 -1.947787 inf nan
 -1.884956 inf nan
 -1.822124 inf nan
 -1.759292 inf nan
 -1.696460 inf nan
 -1.633628 inf nan
 -1.570796 inf nan
 -1.507964 inf nan
 -1.445133 64.451366 -248.773734
 -1.382301 50.092748 -190.902596
 -1.319469 39.962400 -131.917133
 -1.256637 33.396364 -78.789240
 -1.193805 29.665200 -44.453866
 -1.130973 27.421833 -26.848742
 -1.068142 26.302511 -12.226637
 -1.005310 25.290782 -20.562375
 -0.942478 23.956612 -21.232360
 -0.879646 22.699841 -17.996770
 -0.816814 21.680203 -14.936104
 -0.753982 20.822986 -12.182247
 -0.691150 20.132348 -10.144422
 -0.628319 19.547696 -8.215021
 -0.565487 19.073524 -7.552582
 -0.502655 18.569596 -8.443755
 -0.439823 17.982453 -10.453647
 -0.376991 17.319290 -9.968565
 -0.314159 16.726137 -9.424614
 -0.251327 16.112291 -10.159574
 -0.188496 15.436275 -11.392693
 -0.125664 14.708264 -11.212258
 -0.062832 14.096414 -8.526419
 0.000000 13.549016 -9.008090
 0.062832 13.054208 -6.134769
 0.125664 12.741097 -4.616988
 0.188496 12.448418 -4.681509
 0.251327 12.101988 -6.700061
 0.314159 11.674740 -6.203514
 0.376991 11.293575 -6.694518
 0.439823 10.812829 -8.423603
 0.502655 10.265929 -8.557793
 0.565487 9.809912 -5.555960
 0.628319 9.540596 -4.194962
 0.691150 9.135359 -8.572455
 0.753982 8.637960 -6.119795
 0.816814 8.379401 -2.654555
 0.879646 8.252768 -1.498292
 0.942478 8.197716 -0.445796
 1.005310 8.144889 -1.385766
 1.068142 8.082373 -0.256532
 1.130973 8.094878 0.152631
 1.193805 8.027109 -2.803956
 1.256637 7.794306 -3.663596
 1.319469 7.585251 -3.931197
 1.382301 7.244518 -6.276683
 1.445133 6.896100 -4.770505
 1.507964 6.571175 -6.314273
 1.570796 6.071086 -9.499028
 1.633628 5.405810 -11.469331
 1.696460 4.645150 -12.722958
 1.759292 3.837593 -12.569937
 1.822124 3.099496 -10.865822
 1.884956 2.492382 -8.221835
 1.947787 2.078528 -5.141828
 2.010619 1.784097 -5.040379
 2.073451 1.387730 -7.258151
 2.136283 0.937438 -7.280693
 2.199115 0.394672 -10.045494
 2.261947 -0.201322 -7.865647
 2.324779 -0.605558 -6.129328
 2.387610 -1.009865 -5.748161
 2.450442 -1.205495 -0.211553
 2.513274 -1.047669 4.982795
 2.576106 -0.625894 7.944752
 2.638938 -0.040035 11.288163
 2.701770 0.844363 16.658064
 2.764602 2.029971 21.114095
 2.827433 3.528452 26.215798
 2.890265 5.270871 29.067223
 2.953097 7.260789 34.506394
 3.015929 9.649742 41.130552
 3.078761 12.390004 44.890314
