#! FIELDS phi2 ffphi2 dffphi2_phi2
#! SET min_phi2 -pi
#! SET max_phi2 pi
#! SET nbins_phi2  100
#! SET periodic_phi2 true
 -3.141593 16.367589 -46.946872
 -3.078761 13.558201 -42.139729
 -3.015929 11.073898 -37.223877
 -2.953097 8.887322 -31.929504
 -2.890265 7.084086 -25.739871
 -2.827433 5.603471 -21.673257
 -2.764602 4.377002 -16.815332
 -2.701770 3.497737 -12.083791
 -2.638938 2.770282 -10.939993
 -2.576106 2.121636 -9.991474
 -2.513274 1.592001 -5.707674
 -2.450442 1.381387 -3.041918
 -2.387610 1.027262 -7.172543
 -2.324779 0.762821 -0.014000
 -2.261947 0.974229 5.612711
 -2.199115 1.364593 5.775423
 -2.136283 1.616964 3.117502
 -2.073451 1.926204 6.376260
 -2.010619 2.179458 0.423733
 -1.947787 2.139893 0.487229
 -1.884956 2.340541 5.001873
 -1.822124 2.593036 2.001438
 -1.759292 2.627032 0.094421
 -1.696460 2.618659 -1.410272
 -1.633628 2.417912 -4.153635
 -1.570796 2.167471 -3.968174
 -1.507964 1.892556 -4.904429
 -1.445133 1.546753 -6.187141
 -1.382301 1.106582 -7.673853
 -1.319469 0.695426 -4.365814
 -1.256637 0.543476 -1.675835
 -1.193805 0.451483 -0.162388
 -1.130973 0.600737 4.406052
 -1.068142 1.018148 9.839311
 -1.005310 1.860944 15.963019
 -0.942478 2.952539 18.620302
 -0.879646 4.144009 18.722771
 -0.816814 5.380416 21.490900
 -0.753982 6.919936 27.309958
 -0.691150 8.755688 30.280380
 -0.628319 10.687707 30.889577
 -0.565487 12.641007 30.940453
 -0.502655 14.592842 30.898334
 -0.439823 16.527221 30.206571
 -0.376991 18.381057 28.431264
 -0.314159 20.136544 27.267878
 -0.251327 21.775334 24.102326
 -0.188496 23.160255 19.988936
 -0.125664 24.324352 16.969765
 -0.062832 25.292221 13.339813
 0.000000 25.940967 6.980253
 0.062832 26.200556 1.366765
 0.125664 26.102841 -4.581332
 0.188496 25.664590 -9.044392
 0.251327 24.973027 -13.011237
 0.314159 24.068650 -15.322082
 0.376991 23.094908 -15.490433
 0.439823 22.120518 -15.630891
 0.502655 21.141732 -15.264498
 0.565487 20.236248 -13.422279
 0.628319 19.465741 -10.907547
 0.691150 18.926239 -5.786946
 0.753982 18.738004 -0.598413
 0.816814 18.836098 3.846985
 0.879646 19.231511 8.697045
 0.942478 19.939274 13.868751
 1.005310 20.984878 19.429568
 1.068142 22.395667 25.348316
 1.130973 24.154014 30.278682
 1.193805 26.212701 35.127850
 1.256637 28.570818 39.341926
 1.319469 31.154270 42.543318
 1.382301 33.993577 47.930521
 1.445133 37.255829 54.490542
 1.507964 40.633355 50.008750
 1.570796 43.538214 42.630614
 1.633628 46.402103 50.937565
 1.696460 50.342245 76.613688
 1.759292 56.540908 119.355976
 1.822124 66.036997 173.682131
 1.884956 inf nan
 1.947787 inf nan
 2.010619 inf nan
 2.073451 inf nan
 2.136283 inf nan
 2.199115 inf nan
 2.261947 inf nan
 2.324779 inf nan
 2.387610 81.295395 -247.500979
 2.450442 66.456898 -189.400946
 2.513274 56.391049 -131.340816
 2.576106 49.748214 -82.758456
 2.638938 45.438145 -60.204603
 2.701770 41.585637 -63.799184
 2.764602 37.613682 -60.951584
 2.827433 33.870359 -59.634041
 2.890265 30.072829 -60.459334
 2.953097 26.345191 -58.149980
 3.015929 22.770495 -55.264100
 3.078761 19.436744 -50.828302
