#! FIELDS phi4 ffphi4 dffphi4_phi4
#! SET min_phi4 -pi
#! SET max_phi4 pi
#! SET nbins_phi4  100
#! SET periodic_phi4 true
 -3.141593 13.012742 -49.407008
 -3.078761 10.119140 -41.897214
 -3.015929 7.759393 -34.045553
 -2.953097 5.721413 -31.062808
 -2.890265 3.926042 -25.446592
 -2.827433 2.534519 -19.099779
 -2.764602 1.489162 -14.713223
 -2.701770 0.609379 -13.215284
 -2.638938 -0.026124 -5.699247
 -2.576106 -0.081676 3.183824
 -2.513274 0.299595 8.436981
 -2.450442 0.842904 7.394331
 -2.387610 1.181026 4.273077
 -2.324779 1.517131 6.509511
 -2.261947 1.915684 5.553598
 -2.199115 2.289463 7.422796
 -2.136283 2.846983 9.018860
 -2.073451 3.280386 4.326004
 -2.010619 3.442246 1.319667
 -1.947787 3.426426 -2.291297
 -1.884956 3.233930 -2.659891
 -1.822124 3.087702 -3.370043
 -1.759292 2.730258 -7.231401
 -1.696460 2.307827 -6.034044
 -1.633628 1.909769 -7.095562
 -1.570796 1.467037 -6.226475
 -1.507964 1.119683 -5.632891
 -1.445133 0.795027 -3.195319
 -1.382301 0.799944 2.419515
 -1.319469 0.999528 4.057959
 -1.256637 1.364222 7.783475
 -1.193805 1.996769 12.203196
 -1.130973 2.875377 15.758387
 -1.068142 4.013900 20.378569
 -1.005310 5.387256 22.822318
 -0.942478 6.900648 25.560748
 -0.879646 8.620411 28.723099
 -0.816814 10.486197 30.536409
 -0.753982 12.504228 33.416002
 -0.691150 14.651492 34.368704
 -0.628319 16.881386 36.823406
 -0.565487 19.309331 39.380987
 -0.502655 21.745016 37.291737
 -0.439823 24.056228 36.406483
 -0.376991 26.354603 35.658312
 -0.314159 28.485696 32.062730
 -0.251327 30.485014 31.319116
 -0.188496 32.388943 28.594860
 -0.125664 34.064294 24.019708
 -0.062832 35.358511 16.905940
 0.000000 36.191406 8.589605
 0.062832 36.335832 -4.011000
 0.125664 35.772399 -13.792492
 0.188496 34.557411 -24.859715
 0.251327 32.747187 -32.051322
 0.314159 30.583624 -36.441177
 0.376991 28.180174 -40.141412
 0.439823 25.548590 -43.461356
 0.502655 22.773587 -44.012035
 0.565487 20.085809 -41.655528
 0.628319 17.517896 -39.889176
 0.691150 15.110452 -36.566695
 0.753982 12.952019 -31.711250
 0.816814 11.167855 -25.030170
 0.879646 9.797130 -18.733621
 0.942478 8.787407 -13.401250
 1.005310 8.179894 -5.309856
 1.068142 8.136552 3.630271
 1.130973 8.603475 11.102405
 1.193805 9.545788 19.154158
 1.256637 11.056787 29.035704
 1.319469 13.192968 38.551690
 1.382301 15.872850 46.022053
 1.445133 18.967609 51.984467
 1.507964 22.485856 59.274014
 1.570796 26.442266 65.102682
 1.633628 30.731192 69.598753
 1.696460 35.299900 72.302422
 1.759292 39.587795 58.928444
 1.822124 43.135245 56.641705
 1.884956 46.941546 60.642017
 1.947787 51.026523 75.102627
 2.010619 57.270417 123.534781
 2.073451 67.627126 176.979640
 2.136283 inf nan
 2.199115 inf nan
 2.261947 inf nan
 2.324779 80.540938 -244.570648
 2.387610 66.645177 -186.835313
 2.450442 56.716766 -129.627184
 2.513274 50.223469 -78.564761
 2.576106 46.476102 -46.161465
 2.638938 43.358011 -60.022042
 2.701770 39.087712 -70.799812
 2.764602 34.788764 -65.632219
 2.827433 30.782869 -62.411897
 2.890265 26.916797 -60.554457
 2.953097 23.184727 -58.108784
 3.015929 19.626572 -55.163869
 3.078761 16.236603 -52.786315
