#! FIELDS phi4 ffphi4 dffphi4_phi4
#! SET min_phi4 -pi
#! SET max_phi4 pi
#! SET nbins_phi4  100
#! SET periodic_phi4 true
 -3.141593 13.335951 -46.554266
 -3.078761 10.481804 -43.975162
 -3.015929 7.908253 -37.393672
 -2.953097 5.770202 -31.084648
 -2.890265 3.978089 -25.890641
 -2.827433 2.530412 -20.118861
 -2.764602 1.455353 -14.104867
 -2.701770 0.746149 -8.579754
 -2.638938 0.379645 -3.137303
 -2.576106 0.325276 1.099444
 -2.513274 0.470874 3.209964
 -2.450442 0.741627 5.520341
 -2.387610 1.134884 6.549116
 -2.324779 1.569045 7.560767
 -2.261947 2.100920 9.012100
 -2.199115 2.646587 7.904036
 -2.136283 3.057818 4.849962
 -2.073451 3.250033 1.392251
 -2.010619 3.281870 0.038654
 -1.947787 3.276901 -0.587663
 -1.884956 3.169568 -2.786803
 -1.822124 2.947101 -4.300174
 -1.759292 2.642034 -5.293202
 -1.696460 2.275331 -6.685612
 -1.633628 1.794724 -8.263581
 -1.570796 1.298460 -7.190180
 -1.507964 0.928920 -4.466455
 -1.445133 0.713345 -2.669869
 -1.382301 0.609070 -0.266907
 -1.319469 0.731395 4.372195
 -1.256637 1.158513 9.032154
 -1.193805 1.858007 13.175520
 -1.130973 2.818694 17.290628
 -1.068142 4.008648 20.109894
 -1.005310 5.315865 21.465746
 -0.942478 6.760946 24.602277
 -0.879646 8.400062 27.407044
 -0.816814 10.264600 32.041118
 -0.753982 12.396614 34.845999
 -0.691150 14.612244 35.459743
 -0.628319 16.896968 36.841058
 -0.565487 19.242031 37.219160
 -0.502655 21.559934 35.968648
 -0.439823 23.838325 36.687025
 -0.376991 26.160247 35.927420
 -0.314159 28.303715 32.046010
 -0.251327 30.283146 30.969956
 -0.188496 32.155344 27.413990
 -0.125664 33.708247 22.138325
 -0.062832 34.968515 17.378453
 0.000000 35.783926 7.247475
 0.062832 35.840713 -4.813442
 0.125664 35.246563 -14.499951
 0.188496 33.964977 -25.994842
 0.251327 32.100474 -32.492654
 0.314159 29.924830 -36.831976
 0.376991 27.449368 -41.862621
 0.439823 24.752434 -43.023469
 0.502655 22.092150 -41.887986
 0.565487 19.475307 -41.020496
 0.628319 16.974106 -38.815569
 0.691150 14.579935 -36.906176
 0.753982 12.423023 -31.368915
 0.816814 10.642412 -25.361311
 0.879646 9.243185 -19.145313
 0.942478 8.229386 -13.074703
 1.005310 7.631976 -5.668916
 1.068142 7.552444 3.413319
 1.130973 8.063449 12.483811
 1.193805 9.088007 20.116565
 1.256637 10.611336 28.263390
 1.319469 12.625715 35.531786
 1.382301 15.108055 43.663481
 1.445133 18.172764 53.239715
 1.507964 21.777236 60.278401
 1.570796 25.803242 66.416263
 1.633628 30.161186 69.368738
 1.696460 34.553775 67.812629
 1.759292 38.811195 64.859718
 1.822124 42.848788 61.924570
 1.884956 46.727439 59.195463
 1.947787 50.279802 51.370697
 2.010619 53.220038 41.031844
 2.073451 55.510171 30.990601
 2.136283 57.096803 18.656893
 2.199115 57.850290 5.298634
 2.261947 57.784997 -7.573309
 2.324779 56.915013 -20.131356
 2.387610 55.229237 -33.343738
 2.450442 52.815408 -42.815434
 2.513274 49.896206 -49.861090
 2.576106 46.572080 -55.665098
 2.638938 42.948501 -59.360879
 2.701770 39.121548 -62.253142
 2.764602 35.156939 -63.721837
 2.827433 31.162817 -62.728380
 2.890265 27.312572 -60.019418
 2.953097 23.563696 -59.657197
 3.015929 19.839648 -57.982156
 3.078761 16.390466 -51.430670
