#! FIELDS phi ffphi dffphi_phi
#! SET min_phi -pi
#! SET max_phi pi
#! SET nbins_phi  500
#! SET periodic_phi true
 -3.141593 14.151236 -45.845422
 -3.129026 13.576438 -45.375537
 -3.116460 13.009877 -44.559457
 -3.103894 12.455772 -43.419607
 -3.091327 11.917248 -42.144741
 -3.078761 11.393999 -41.014374
 -3.066194 10.883571 -40.127896
 -3.053628 10.383160 -39.377036
 -3.041062 9.892833 -38.485045
 -3.028495 9.415860 -37.253632
 -3.015929 8.956303 -35.743082
 -3.003363 8.516173 -34.210765
 -2.990796 8.094080 -32.925355
 -2.978230 7.685802 -32.024646
 -2.965663 7.286727 -31.444573
 -2.953097 6.893956 -30.990996
 -2.940531 6.507241 -30.453709
 -2.927964 6.128738 -29.672592
 -2.915398 5.762022 -28.576210
 -2.902832 5.411100 -27.172172
 -2.890265 5.079393 -25.544857
 -2.877699 4.768769 -23.845755
 -2.865133 4.479059 -22.246691
 -2.852566 4.208046 -20.886204
 -2.840000 3.952449 -19.809181
 -2.827433 3.708669 -19.000380
 -2.814867 3.473728 -18.401843
 -2.802301 3.245271 -17.948416
 -2.789734 3.022254 -17.519231
 -2.777168 2.805411 -16.935051
 -2.764602 2.598041 -15.981690
 -2.752035 2.405633 -14.560110
 -2.739469 2.233604 -12.779876
 -2.726902 2.084619 -10.962260
 -2.714336 1.956642 -9.494511
 -2.701770 1.843566 -8.616682
 -2.689203 1.737898 -8.283026
 -2.676637 1.634552 -8.194229
 -2.664071 1.532688 -7.996232
 -2.651504 1.435209 -7.474235
 -2.638938 1.346721 -6.579610
 -2.626371 1.271376 -5.401022
 -2.613805 1.211990 -4.069388
 -2.601239 1.169580 -2.738701
 -2.588672 1.143017 -1.584904
 -2.576106 1.128872 -0.779331
 -2.563540 1.122100 -0.415086
 -2.550973 1.117412 -0.421000
 -2.538407 1.111538 -0.569954
 -2.525840 1.104503 -0.560263
 -2.513274 1.099751 -0.199103
 -2.500708 1.101883 0.524703
 -2.488141 1.114629 1.456605
 -2.475575 1.139511 2.416370
 -2.463009 1.176006 3.305133
 -2.450442 1.223091 4.092465
 -2.437876 1.279451 4.784541
 -2.425310 1.343718 5.329579
 -2.412743 1.413507 5.657909
 -2.400177 1.485738 5.717416
 -2.387610 1.557302 5.539337
 -2.375044 1.625959 5.305059
 -2.362478 1.692267 5.175843
 -2.349911 1.758536 5.318597
 -2.337345 1.828439 5.747558
 -2.324779 1.904878 6.333576
 -2.312212 1.988609 6.847624
 -2.299646 2.077386 7.118633
 -2.287079 2.167496 7.072493
 -2.274513 2.255512 6.818972
 -2.261947 2.340444 6.609157
 -2.249380 2.424354 6.713704
 -2.236814 2.512055 7.206302
 -2.224248 2.607779 7.927740
 -2.211681 2.712312 8.549972
 -2.199115 2.822121 8.702562
 -2.186548 2.929861 8.236851
 -2.173982 3.028371 7.272932
 -2.161416 3.113671 6.205079
 -2.148849 3.186994 5.419003
 -2.136283 3.253295 5.093698
 -2.123717 3.317832 5.097893
 -2.111150 3.382984 5.150815
 -2.098584 3.447908 5.025868
 -2.086018 3.510165 4.762637
 -2.073451 3.569231 4.563142
 -2.060885 3.627258 4.628559
 -2.048318 3.687614 4.903714
 -2.035752 3.751316 5.098746
 -2.023186 3.815114 4.871701
 -2.010619 3.872716 4.120691
 -1.998053 3.918684 3.093096
 -1.985487 3.952368 2.228425
 -1.972920 3.978057 1.871850
 -1.960354 4.002606 2.022521
 -1.947787 4.030861 2.394037
 -1.935221 4.062998 2.587471
 -1.922655 4.094806 2.285725
 -1.910088 4.119098 1.400841
 -1.897522 4.129051 0.063016
 -1.884956 4.120706 -1.464854
 -1.872389 4.093450 -2.901505
 -1.859823 4.049561 -4.088900
 -1.847256 3.992528 -5.003204
 -1.834690 3.925521 -5.691082
 -1.822124 3.850893 -6.215639
 -1.809557 3.770323 -6.643608
 -1.796991 3.684589 -7.037120
 -1.784425 3.593750 -7.464841
 -1.771858 3.497032 -7.968724
 -1.759292 3.393358 -8.565855
 -1.746726 3.281751 -9.223314
 -1.734159 3.161694 -9.904392
 -1.721593 3.032902 -10.608158
 -1.709026 2.894899 -11.383744
 -1.696460 2.746484 -12.261801
 -1.683894 2.586526 -13.200120
 -1.671327 2.415117 -14.068140
 -1.658761 2.234015 -14.705449
 -1.646195 2.046794 -15.038462
 -1.633628 1.857412 -15.058851
 -1.621062 1.669426 -14.820719
 -1.608495 1.485701 -14.393208
 -1.595929 1.308109 -13.859245
 -1.583363 1.137408 -13.319799
 -1.570796 0.972956 -12.876886
 -1.558230 0.813161 -12.582589
 -1.545664 0.656242 -12.408100
 -1.533097 0.501327 -12.241930
 -1.520531 0.349216 -11.941907
 -1.507964 0.202340 -11.400036
 -1.495398 0.064042 -10.580662
 -1.482832 -0.062394 -9.526897
 -1.470265 -0.174614 -8.343444
 -1.457699 -0.271787 -7.152195
 -1.445133 -0.354408 -6.043922
 -1.432566 -0.423746 -5.039872
 -1.420000 -0.480918 -4.097881
 -1.407434 -0.526158 -3.125912
 -1.394867 -0.558582 -2.054987
 -1.382301 -0.576677 -0.850692
 -1.369734 -0.578831 0.472057
 -1.357168 -0.563817 1.866961
 -1.344602 -0.531020 3.290721
 -1.332035 -0.480337 4.700961
 -1.319469 -0.412219 6.056051
 -1.306903 -0.327600 7.306973
 -1.294336 -0.228083 8.422230
 -1.281770 -0.115495 9.375428
 -1.269203 0.008172 10.183215
 -1.256637 0.141413 10.904101
 -1.244071 0.283663 11.628578
 -1.231504 0.435675 12.456063
 -1.218938 0.599205 13.472606
 -1.206372 0.776789 14.686768
 -1.193805 0.970759 16.049917
 -1.181239 1.182544 17.501614
 -1.168672 1.412823 18.985317
 -1.156106 1.661779 20.452604
 -1.143540 1.928943 21.874254
 -1.130973 2.213407 23.176704
 -1.118407 2.513198 24.288468
 -1.105841 2.825480 25.166633
 -1.093274 3.147452 25.797143
 -1.080708 3.476360 26.268994
 -1.068142 3.810749 26.678274
 -1.055575 4.150392 27.113166
 -1.043009 4.496093 27.639310
 -1.030442 4.849342 28.287754
 -1.017876 5.211591 29.059447
 -1.005310 5.584045 29.879750
 -0.992743 5.966689 30.681336
 -0.980177 6.359000 31.394239
 -0.967611 6.759884 32.050199
 -0.955044 7.169004 32.712032
 -0.942478 7.586982 33.436459
 -0.929911 8.014697 34.272048
 -0.917345 8.453534 35.176985
 -0.904779 8.904066 36.103425
 -0.892212 9.366181 36.962583
 -0.879646 9.838233 37.688524
 -0.867080 10.317980 38.171822
 -0.854513 10.802330 38.365867
 -0.841947 11.287598 38.386179
 -0.829380 11.772881 38.306151
 -0.816814 12.257684 38.358663
 -0.804248 12.744359 38.609902
 -0.791681 13.235485 39.033832
 -0.779115 13.732626 39.529467
 -0.766549 14.235798 39.986713
 -0.753982 14.743990 40.334419
 -0.741416 15.255975 40.566892
 -0.728849 15.770465 40.767449
 -0.716283 16.287419 40.948850
 -0.703717 16.806702 41.115110
 -0.691150 17.328091 41.241603
 -0.678584 17.850725 41.338538
 -0.666018 18.374195 41.373932
 -0.653451 18.897898 41.316344
 -0.640885 19.420183 41.199055
 -0.628319 19.940434 40.958675
 -0.615752 20.457057 40.657905
 -0.603186 20.969839 40.304843
 -0.590619 21.478194 40.006666
 -0.578053 21.983019 39.769732
 -0.565487 22.485329 39.581947
 -0.552920 22.985732 39.447792
 -0.540354 23.484676 39.363166
 -0.527788 23.982586 39.314139
 -0.515221 24.479823 39.247184
 -0.502655 24.975771 39.082920
 -0.490088 25.468362 38.693291
 -0.477522 25.954005 37.960379
 -0.464956 26.428245 36.917859
 -0.452389 26.888349 35.764355
 -0.439823 27.334760 34.802909
 -0.427257 27.771357 34.222671
 -0.414690 28.202844 33.993470
 -0.402124 28.632408 33.859505
 -0.389557 29.059528 33.567175
 -0.376991 29.481156 32.996023
 -0.364425 29.893864 32.218988
 -0.351858 30.296050 31.369976
 -0.339292 30.687536 30.542967
 -0.326726 31.068527 29.659943
 -0.314159 31.437350 28.578161
 -0.301593 31.790736 27.190030
 -0.289027 32.124869 25.582241
 -0.276460 32.438312 23.946950
 -0.263894 32.732018 22.520690
 -0.251327 33.009423 21.336652
 -0.238761 33.272952 20.321020
 -0.226195 33.523753 19.286811
 -0.213628 33.760875 18.174045
 -0.201062 33.983610 16.998395
 -0.188496 34.191508 15.873037
 -0.175929 34.385365 14.769242
 -0.163363 34.565022 13.601193
 -0.150796 34.729058 12.284392
 -0.138230 34.875658 10.836942
 -0.125664 35.003922 9.423307
 -0.113097 35.115552 8.211347
 -0.100531 35.213742 7.322971
 -0.087965 35.302302 6.654661
 -0.075398 35.382512 5.957308
 -0.062832 35.452237 4.946457
 -0.050265 35.506447 3.485426
 -0.037699 35.539764 1.680640
 -0.025133 35.549351 -0.224224
 -0.012566 35.535700 -1.981230
 0.000000 35.501457 -3.494873
 0.012566 35.449423 -4.836092
 0.025133 35.380319 -6.230144
 0.037699 35.292079 -7.931234
 0.050265 35.179752 -10.062582
 0.062832 35.038157 -12.515899
 0.075398 34.865356 -14.941908
 0.087965 34.664682 -16.882053
 0.100531 34.444204 -18.063751
 0.113097 34.213229 -18.576327
 0.125664 33.978061 -18.801230
 0.138230 33.739192 -19.245957
 0.150796 33.491140 -20.297485
 0.163363 33.225298 -22.057076
 0.175929 32.933993 -24.286838
 0.188496 32.613641 -26.587206
 0.201062 32.266275 -28.523170
 0.213628 31.898438 -29.825503
 0.226195 31.518483 -30.459553
 0.238761 31.133748 -30.599308
 0.251327 30.749175 -30.479893
 0.263894 30.366032 -30.383351
 0.276460 29.983044 -30.492677
 0.289027 29.596155 -31.018634
 0.301593 29.199061 -32.136209
 0.314159 28.783600 -33.929229
 0.326726 28.342128 -36.222853
 0.339292 27.870997 -38.553305
 0.351858 27.373020 -40.392728
 0.364425 26.857049 -41.400007
 0.376991 26.333751 -41.599754
 0.389557 25.811565 -41.280942
 0.402124 25.294849 -40.787006
 0.414690 24.784009 -40.372508
 0.427257 24.277241 -40.137527
 0.439823 23.772379 -40.055996
 0.452389 23.268004 -40.043702
 0.464956 22.764030 -40.002803
 0.477522 22.260545 -39.936666
 0.490088 21.757900 -39.875583
 0.502655 21.255819 -39.871649
 0.515221 20.752869 -40.000505
 0.527788 20.247367 -40.287193
 0.540354 19.737015 -40.759287
 0.552920 19.219970 -41.376739
 0.565487 18.694392 -42.085155
 0.578053 18.160094 -42.727466
 0.590619 17.619379 -43.090753
 0.603186 17.076753 -43.027991
 0.615752 16.537826 -42.515611
 0.628319 16.007805 -41.642763
 0.640885 15.490367 -40.552535
 0.653451 14.987204 -39.385739
 0.666018 14.498966 -38.197909
 0.678584 14.025492 -37.014888
 0.691150 13.567129 -35.807891
 0.703717 13.124064 -34.605079
 0.716283 12.695576 -33.510759
 0.728849 12.279535 -32.647473
 0.741416 11.872535 -32.075750
 0.753982 11.471518 -31.695024
 0.766549 11.074965 -31.314556
 0.779115 10.684543 -30.692553
 0.791681 10.304320 -29.677546
 0.804248 9.939631 -28.240503
 0.816814 9.595172 -26.479346
 0.829380 9.274085 -24.563326
 0.841947 8.976970 -22.711296
 0.854513 8.701537 -21.155200
 0.867080 8.442902 -20.054537
 0.879646 8.195229 -19.391732
 0.892212 7.954400 -18.921344
 0.904779 7.720018 -18.308112
 0.917345 7.495793 -17.288933
 0.929911 7.287345 -15.808694
 0.942478 7.099799 -14.001780
 0.955044 6.935959 -12.070735
 0.967611 6.796414 -10.157353
 0.980177 6.680542 -8.311832
 0.992743 6.587661 -6.490808
 1.005310 6.517720 -4.664751
 1.017876 6.470674 -2.852928
 1.030442 6.445930 -1.141484
 1.043009 6.441737 0.405415
 1.055575 6.456087 1.812405
 1.068142 6.488018 3.230582
 1.080708 6.538902 4.845867
 1.093274 6.612091 6.788411
 1.105841 6.711766 9.035138
 1.118407 6.840942 11.447024
 1.130973 7.000513 13.825668
 1.143540 7.188993 16.013357
 1.156106 7.403303 17.920374
 1.168672 7.639772 19.520117
 1.181239 7.894704 20.879273
 1.193805 8.165759 22.085893
 1.206372 8.451879 23.290456
 1.218938 8.754088 24.603839
 1.231504 9.074123 26.143367
 1.244071 9.415005 27.877233
 1.256637 9.778732 29.775372
 1.269203 10.167039 31.736025
 1.281770 10.580311 33.714259
 1.294336 11.018417 35.684189
 1.306903 11.481143 37.617699
 1.319469 11.968249 39.505421
 1.332035 12.479214 41.405651
 1.344602 13.014552 43.363407
 1.357168 13.575705 45.435926
 1.369734 14.164288 47.709681
 1.382301 14.782521 50.134588
 1.394867 15.431807 52.484784
 1.407434 16.109666 54.551570
 1.420000 16.810538 56.174060
 1.432566 17.529096 57.201234
 1.445133 18.258343 57.862849
 1.457699 18.995065 58.387544
 1.470265 19.739024 58.964898
 1.482832 20.491778 59.712243
 1.495398 21.256248 60.669615
 1.507964 22.034865 61.948520
 1.520531 22.831283 63.597438
 1.533097 23.650135 65.525740
 1.545664 24.495126 67.530076
 1.558230 25.365956 69.451507
 1.570796 26.259309 71.095935
 1.583363 27.170748 72.221586
 1.595929 28.093447 72.799056
 1.608495 29.021407 72.919512
 1.621062 29.949932 72.803604
 1.633628 30.876862 72.675329
 1.646195 31.804206 72.569727
 1.658761 32.730949 72.783037
 1.671327 33.661846 73.091738
 1.683894 34.595952 73.492547
 1.696460 35.534421 73.623764
 1.709026 36.472542 73.482146
 1.721593 37.407989 73.011398
 1.734159 38.335913 72.566248
 1.746726 39.258748 72.132977
 1.759292 40.177300 71.819317
 1.771858 41.092687 71.628407
 1.784425 42.006031 71.457043
 1.796991 42.916427 71.346350
 1.809557 43.824902 71.210271
 1.822124 44.731166 71.014874
 1.834690 45.634422 70.520352
 1.847256 46.528083 69.548662
 1.859823 47.404865 67.723712
 1.872389 48.252749 65.136781
 1.884956 49.064771 62.110073
 1.897522 49.838694 59.426974
 1.910088 50.584217 57.552149
 1.922655 51.312165 56.994449
 1.935221 52.039437 57.402874
 1.947787 52.776061 58.275581
 1.960354 53.522085 59.134404
 1.972920 54.272977 59.188823
 1.985487 55.016840 57.743960
 1.998053 55.732258 54.627519
 2.010619 56.397561 49.719755
 2.023186 56.990873 43.584536
 2.035752 57.504939 37.123496
 2.048318 57.945170 32.172466
 2.060885 58.338383 29.960196
 2.073451 58.718782 30.360898
 2.086018 59.112997 31.817248
 2.098584 59.522978 32.562252
 2.111150 59.929199 31.344574
 2.123717 60.306008 28.026935
 2.136283 60.634202 23.690757
 2.148849 60.906385 19.396798
 2.161416 61.124348 14.720738
 2.173982 61.277759 9.423572
 2.186548 61.361504 3.741004
 2.199115 61.380821 -0.708677
 2.211681 61.359755 -2.299547
 2.224248 61.334647 -1.489001
 2.236814 61.326030 -0.065363
 2.249380 61.325861 -0.536539
 2.261947 61.296441 -4.769148
 2.274513 61.192964 -12.156798
 2.287079 60.992465 -19.505099
 2.299646 60.714966 -23.994293
 2.312212 60.401773 -25.341820
 2.324779 60.083615 -25.018967
 2.337345 59.770951 -24.744109
 2.349911 59.456585 -25.292694
 2.362478 59.127536 -27.053459
 2.375044 58.767619 -30.310531
 2.387610 58.355475 -35.289866
 2.400177 57.871420 -41.571132
 2.412743 57.305946 -47.910394
 2.425310 56.669225 -52.756779
 2.437876 55.984429 -55.524783
 2.450442 55.277049 -56.464604
 2.463009 54.564805 -56.414863
 2.475575 53.855687 -56.057319
 2.488141 53.150506 -55.799651
 2.500708 52.447657 -55.711861
 2.513274 51.744479 -55.800211
 2.525840 51.039285 -56.045664
 2.538407 50.328823 -56.569146
 2.550973 49.609487 -57.438433
 2.563540 48.877539 -58.609536
 2.576106 48.130118 -59.940360
 2.588672 47.364914 -61.326771
 2.601239 46.582710 -62.556143
 2.613805 45.787635 -63.368578
 2.626371 44.986062 -63.616483
 2.638938 44.184138 -63.412928
 2.651504 43.386899 -62.972947
 2.664071 42.594020 -62.690177
 2.676637 41.802794 -62.732630
 2.689203 41.008756 -63.116495
 2.701770 40.208543 -63.708625
 2.714336 39.400285 -64.374529
 2.726902 38.583611 -65.011897
 2.739469 37.759860 -65.492183
 2.752035 36.930958 -65.759998
 2.764602 36.100853 -65.736390
 2.777168 35.272420 -65.525183
 2.789734 34.446768 -65.311987
 2.802301 33.623405 -65.205641
 2.814867 32.801134 -65.164091
 2.827433 31.979374 -65.060789
 2.840000 31.161028 -64.655770
 2.852566 30.350472 -63.858207
 2.865133 29.550861 -62.844081
 2.877699 28.765123 -61.751245
 2.890265 27.992612 -60.802090
 2.902832 27.230259 -60.150934
 2.915398 26.473520 -59.866528
 2.927964 25.718256 -59.885102
 2.940531 24.962317 -60.010417
 2.953097 24.205484 -60.047388
 2.965663 23.448749 -59.923320
 2.978230 22.695296 -59.554101
 2.990796 21.948456 -58.926592
 3.003363 21.211173 -58.061959
 3.015929 20.486198 -56.977430
 3.028495 19.776369 -55.680049
 3.041062 19.084043 -54.215386
 3.053628 18.410788 -52.658031
 3.066194 17.757445 -51.075622
 3.078761 17.123215 -49.599267
 3.091327 16.506912 -48.295906
 3.103894 15.905392 -47.278711
 3.116460 15.314718 -46.586105
 3.129026 14.730762 -46.172184
