#! FIELDS phi2 ffphi2 dffphi2_phi2
#! SET min_phi2 -pi
#! SET max_phi2 pi
#! SET nbins_phi2  100
#! SET periodic_phi2 true
 -3.141593 16.160337 -45.931330
 -3.078761 13.318948 -38.047017
 -3.015929 11.286380 -30.950893
 -2.953097 9.229196 -33.176951
 -2.890265 7.231865 -30.379395
 -2.827433 5.490117 -23.801572
 -2.764602 4.278240 -15.763016
 -2.701770 3.391536 -12.771014
 -2.638938 2.647616 -11.177435
 -2.576106 2.008949 -8.580496
 -2.513274 1.606509 -4.385186
 -2.450442 1.438840 -1.161611
 -2.387610 1.399933 -0.651486
 -2.324779 1.365712 0.103332
 -2.261947 1.452873 2.539183
 -2.199115 1.660411 3.734399
 -2.136283 1.867851 2.410241
 -2.073451 1.972046 1.319247
 -2.010619 2.079014 1.983171
 -1.947787 2.187436 1.429940
 -1.884956 2.285096 1.352232
 -1.822124 2.303706 -0.436679
 -1.759292 2.304480 0.079945
 -1.696460 2.223899 -2.680486
 -1.633628 2.020113 -3.767856
 -1.570796 1.757401 -4.385570
 -1.507964 1.480102 -4.555867
 -1.445133 1.187898 -4.597084
 -1.382301 0.909605 -4.490982
 -1.319469 0.624284 -4.104718
 -1.256637 0.481703 -0.104626
 -1.193805 0.581038 2.675129
 -1.130973 0.772800 3.491502
 -1.068142 1.124978 8.715200
 -1.005310 1.882566 14.592271
 -0.942478 2.897693 17.566700
 -0.879646 4.076334 19.859179
 -0.816814 5.441885 23.480163
 -0.753982 6.993991 25.689430
 -0.691150 8.683390 27.978805
 -0.628319 10.612626 33.726574
 -0.565487 12.768040 32.005905
 -0.502655 14.630194 29.136610
 -0.439823 16.481178 28.166981
 -0.376991 18.432517 36.797273
 -0.314159 20.739908 27.381881
 -0.251327 21.741701 12.750303
 -0.188496 22.965537 24.571164
 -0.125664 24.258088 14.295595
 -0.062832 25.199315 18.518019
 0.000000 26.244031 8.371411
 0.062832 25.918431 -15.962897
 0.125664 24.904800 -12.895217
 0.188496 24.306024 -7.721286
 0.251327 23.716668 -12.849655
 0.314159 22.715825 -16.202351
 0.376991 21.976142 -8.011965
 0.439823 21.220242 -19.054761
 0.502655 19.918226 -18.143067
 0.565487 19.037163 -11.279347
 0.628319 18.460474 -6.472931
 0.691150 18.198277 -2.896785
 0.753982 18.032673 -2.109711
 0.816814 18.032339 3.033642
 0.879646 18.441995 9.187326
 0.942478 19.149670 14.438272
 1.005310 20.411107 25.293700
 1.068142 22.093180 26.373571
 1.130973 23.774904 28.860693
 1.193805 25.958210 41.267847
 1.256637 28.762793 43.138610
 1.319469 31.318016 44.370817
 1.382301 35.316866 86.362495
 1.445133 42.482754 141.152180
 1.507964 56.118395 177.903412
 1.570796 inf nan
 1.633628 inf nan
 1.696460 inf nan
 1.759292 inf nan
 1.822124 inf nan
 1.884956 inf nan
 1.947787 inf nan
 2.010619 inf nan
 2.073451 inf nan
 2.136283 inf nan
 2.199115 inf nan
 2.261947 inf nan
 2.324779 inf nan
 2.387610 inf nan
 2.450442 inf nan
 2.513274 inf nan
 2.576106 inf nan
 2.638938 inf nan
 2.701770 inf nan
 2.764602 60.194293 -226.768120
 2.827433 46.385794 -185.889993
 2.890265 35.702387 -151.572359
 2.953097 27.309843 -114.072871
 3.015929 21.528214 -69.418037
 3.078761 18.438466 -33.423937
