#! FIELDS phi2 ffphi2 dffphi2_phi2
#! SET min_phi2 -pi
#! SET max_phi2 pi
#! SET nbins_phi2  100
#! SET periodic_phi2 true
 -3.141593 19.383963 -59.338343
 -3.078761 15.043075 -65.300210
 -3.015929 11.492007 -49.241368
 -2.953097 8.762316 -37.901078
 -2.890265 6.657031 -28.913582
 -2.827433 5.271569 -14.990937
 -2.764602 4.520477 -11.810187
 -2.701770 3.671173 -13.836285
 -2.638938 2.974601 -8.084221
 -2.576106 2.554793 -6.077020
 -2.513274 2.218417 -4.259645
 -2.450442 2.032693 -1.632832
 -2.387610 2.004662 0.067842
 -2.324779 1.964294 -1.132369
 -2.261947 1.934090 0.322599
 -2.199115 2.004554 1.725665
 -2.136283 2.099787 0.779264
 -2.073451 2.103828 -0.019988
 -2.010619 2.165117 1.688156
 -1.947787 2.217084 -0.648078
 -1.884956 2.137845 -0.856449
 -1.822124 2.152144 0.384432
 -1.759292 2.050875 -3.613253
 -1.696460 1.839713 -2.247341
 -1.633628 1.719955 -2.699871
 -1.570796 1.451067 -5.415949
 -1.507964 1.121014 -4.695702
 -1.445133 0.854999 -4.258778
 -1.382301 0.572599 -4.209178
 -1.319469 0.386344 -1.711096
 -1.256637 0.357347 0.722253
 -1.193805 0.439334 1.741362
 -1.130973 0.654634 5.690546
 -1.068142 1.116976 8.223185
 -1.005310 1.712215 11.887237
 -0.942478 2.711878 19.373503
 -0.879646 3.997789 20.516332
 -0.816814 5.310078 22.093598
 -0.753982 6.862503 26.467502
 -0.691150 8.403117 20.864841
 -0.628319 9.698781 24.623520
 -0.565487 11.868691 42.899725
 -0.502655 14.413277 33.471627
 -0.439823 16.490098 38.253368
 -0.376991 19.382308 49.916532
 -0.314159 22.161904 31.614624
 -0.251327 22.592053 -9.153530
 -0.188496 22.884574 24.491165
 -0.125664 25.578958 57.376094
 -0.062832 29.956930 84.310166
 0.000000 32.250419 -86.971862
 0.062832 26.524341 -69.899113
 0.125664 23.610605 -27.584415
 0.188496 21.924492 -34.220914
 0.251327 19.704350 -29.214160
 0.314159 18.173149 -27.218508
 0.376991 16.242807 -24.881732
 0.439823 15.657041 2.868282
 0.502655 15.417831 -16.310862
 0.565487 14.352038 -10.655898
 0.628319 14.109209 -1.899077
 0.691150 13.665815 -10.996937
 0.753982 13.171966 -1.835302
 0.816814 13.461047 8.128295
 0.879646 13.801878 3.090087
 0.942478 14.249707 12.885256
 1.005310 15.285528 19.036414
 1.068142 16.925765 35.761954
 1.130973 19.478391 37.886550
 1.193805 21.304912 23.025740
 1.256637 22.598300 21.456569
 1.319469 24.949369 59.531295
 1.382301 30.480778 117.381534
 1.445133 39.824984 178.662378
 1.507964 inf nan
 1.570796 inf nan
 1.633628 inf nan
 1.696460 inf nan
 1.759292 inf nan
 1.822124 inf nan
 1.884956 inf nan
 1.947787 inf nan
 2.010619 inf nan
 2.073451 inf nan
 2.136283 inf nan
 2.199115 inf nan
 2.261947 inf nan
 2.324779 inf nan
 2.387610 inf nan
 2.450442 inf nan
 2.513274 inf nan
 2.576106 inf nan
 2.638938 inf nan
 2.701770 inf nan
 2.764602 inf nan
 2.827433 50.067573 -239.691934
 2.890265 36.976736 -177.002333
 2.953097 27.821765 -114.425025
 3.015929 22.578155 -52.921728
 3.078761 20.916577 -6.577102
