#! FIELDS psi4 ffpsi4 dffpsi4_psi4
#! SET min_psi4 -pi
#! SET max_psi4 pi
#! SET nbins_psi4  100
#! SET periodic_psi4 true
 -3.141593 4.695284 18.079043
 -3.078761 5.895810 20.242241
 -3.015929 7.295439 24.610314
 -2.953097 8.943424 25.751942
 -2.890265 10.280187 17.116989
 -2.827433 11.525023 25.353148
 -2.764602 13.423761 31.357225
 -2.701770 15.215876 28.093037
 -2.638938 17.347799 38.195414
 -2.576106 19.117875 10.665527
 -2.513274 19.146741 -2.706084
 -2.450442 19.244483 9.329290
 -2.387610 20.795711 40.294985
 -2.324779 23.348110 26.307360
 -2.261947 23.591379 -11.036182
 -2.199115 22.850177 -8.280845
 -2.136283 22.596240 -2.559670
 -2.073451 22.426442 -1.751118
 -2.010619 22.308741 -2.871064
 -1.947787 22.204181 0.508701
 -1.884956 22.146880 -6.226776
 -1.822124 21.270631 -18.778932
 -1.759292 20.175876 -14.972144
 -1.696460 19.275555 -15.742049
 -1.633628 18.177337 -16.602650
 -1.570796 17.420694 -8.625023
 -1.507964 16.759871 -13.937517
 -1.445133 15.735476 -17.666519
 -1.382301 14.606063 -17.478889
 -1.319469 13.682748 -11.948795
 -1.256637 12.865237 -15.898115
 -1.193805 11.791635 -16.007677
 -1.130973 10.939474 -12.565757
 -1.068142 9.963397 -19.320470
 -1.005310 8.691835 -18.852848
 -0.942478 7.689793 -14.003658
 -0.879646 6.797872 -14.806360
 -0.816814 5.823906 -15.961105
 -0.753982 4.867873 -13.923945
 -0.691150 4.085250 -11.229948
 -0.628319 3.433168 -9.593138
 -0.565487 2.890183 -7.608937
 -0.502655 2.484727 -5.172104
 -0.439823 2.260269 -2.038143
 -0.376991 2.191656 -0.538895
 -0.314159 2.173483 -0.022014
 -0.251327 2.209067 1.292545
 -0.188496 2.343904 2.916747
 -0.125664 2.578226 4.523202
 -0.062832 2.897732 5.347236
 0.000000 3.231107 5.118596
 0.062832 3.539204 4.809612
 0.125664 3.865486 5.524423
 0.188496 4.235700 6.313061
 0.251327 4.614191 4.698289
 0.314159 4.779454 1.229155
 0.376991 4.848218 0.825754
 0.439823 4.879017 0.399356
 0.502655 4.916974 0.658303
 0.565487 4.949052 0.270137
 0.628319 4.954357 -0.047042
 0.691150 4.944442 -0.617370
 0.753982 4.840818 -2.446210
 0.816814 4.730143 -0.526014
 0.879646 4.777247 1.553764
 0.942478 4.877007 1.503267
 1.005310 4.987997 2.227320
 1.068142 5.174045 3.619958
 1.130973 5.435922 4.673486
 1.193805 5.772175 6.024688
 1.256637 6.166216 5.914509
 1.319469 6.489625 4.893177
 1.382301 6.852432 6.428186
 1.445133 7.274655 7.224444
 1.507964 7.729356 6.132595
 1.570796 7.997461 2.958692
 1.633628 8.125784 0.544148
 1.696460 8.089768 -0.996279
 1.759292 7.994960 -2.597342
 1.822124 7.776001 -3.869330
 1.884956 7.544227 -3.729329
 1.947787 7.235829 -6.669569
 2.010619 6.713071 -9.504418
 2.073451 6.088980 -10.242776
 2.136283 5.421421 -11.214672
 2.199115 4.663433 -12.833663
 2.261947 3.871724 -11.631075
 2.324779 3.233415 -9.257417
 2.387610 2.624694 -10.274716
 2.450442 1.987903 -9.561607
 2.513274 1.450238 -7.552480
 2.576106 1.042018 -5.415511
 2.638938 0.773927 -3.071619
 2.701770 0.667911 -0.333789
 2.764602 0.724794 2.075170
 2.827433 0.928240 4.383506
 2.890265 1.287781 7.072039
 2.953097 1.814843 9.755164
 3.015929 2.565890 14.410554
 3.078761 3.587765 17.259534
