#! FIELDS phi2 ffphi2 dffphi2_phi2
#! SET min_phi2 -pi
#! SET max_phi2 pi
#! SET nbins_phi2  100
#! SET periodic_phi2 true
 -3.141593 16.503706 -47.518984
 -3.078761 13.716253 -40.971873
 -3.015929 11.320108 -35.933617
 -2.953097 9.137300 -33.605909
 -2.890265 7.171407 -28.070694
 -2.827433 5.632639 -21.629953
 -2.764602 4.361812 -18.952881
 -2.701770 3.309043 -13.947901
 -2.638938 2.623737 -8.480301
 -2.576106 2.140439 -7.239115
 -2.513274 1.738008 -5.471760
 -2.450442 1.452457 -3.510764
 -2.387610 1.300311 -1.619732
 -2.324779 1.241184 0.013324
 -2.261947 1.317768 2.123420
 -2.199115 1.494296 3.753227
 -2.136283 1.801248 5.243292
 -2.073451 2.040068 2.236617
 -2.010619 2.142884 1.241772
 -1.947787 2.232083 1.959318
 -1.884956 2.396810 3.031631
 -1.822124 2.592112 2.646103
 -1.759292 2.663646 -0.353100
 -1.696460 2.579566 -2.408558
 -1.633628 2.365963 -4.249715
 -1.570796 2.054355 -5.680146
 -1.507964 1.668546 -6.412693
 -1.445133 1.292908 -5.300227
 -1.382301 0.984848 -4.819318
 -1.319469 0.700513 -3.926951
 -1.256637 0.496108 -2.778888
 -1.193805 0.394287 0.279582
 -1.130973 0.556351 4.324447
 -1.068142 0.914179 7.571749
 -1.005310 1.573019 13.295643
 -0.942478 2.549404 17.456271
 -0.879646 3.744400 20.439218
 -0.816814 5.148567 24.197166
 -0.753982 6.751079 26.302476
 -0.691150 8.462185 28.130171
 -0.628319 10.320232 30.807531
 -0.565487 12.304628 31.655036
 -0.502655 14.284684 30.983586
 -0.439823 16.213632 30.042665
 -0.376991 18.038872 27.649482
 -0.314159 19.754967 27.247700
 -0.251327 21.479358 26.776619
 -0.188496 23.010572 20.987799
 -0.125664 24.149743 15.968460
 -0.062832 25.086728 13.191500
 0.000000 25.704890 6.062932
 0.062832 25.929353 1.766805
 0.125664 25.908181 -3.377400
 0.188496 25.471942 -9.918172
 0.251327 24.743423 -13.114634
 0.314159 23.839358 -15.327991
 0.376991 22.868216 -15.358520
 0.439823 21.899711 -15.767839
 0.502655 20.895388 -15.726711
 0.565487 19.977542 -13.303954
 0.628319 19.221631 -10.839959
 0.691150 18.644815 -7.033492
 0.753982 18.379504 -1.484626
 0.816814 18.435986 3.304125
 0.879646 18.817457 8.773198
 0.942478 19.519023 13.498918
 1.005310 20.539973 19.101883
 1.068142 21.916458 24.373582
 1.130973 23.599376 29.259281
 1.193805 25.620492 34.673325
 1.256637 27.926901 38.275320
 1.319469 30.454284 41.774582
 1.382301 33.194806 44.973198
 1.445133 36.139723 47.882113
 1.507964 39.166829 47.186669
 1.570796 42.126889 46.670387
 1.633628 45.058580 45.356490
 1.696460 47.869887 44.030905
 1.759292 50.669262 43.818406
 1.822124 53.307110 39.196945
 1.884956 55.677443 36.101220
 1.947787 57.843445 32.007776
 2.010619 59.722976 27.351329
 2.073451 61.217155 19.224591
 2.136283 62.079262 6.930672
 2.199115 62.072797 -5.476894
 2.261947 61.570568 -11.035148
 2.324779 60.543750 -22.363440
 2.387610 58.670394 -37.940527
 2.450442 55.901541 -47.694964
 2.513274 52.883449 -48.567709
 2.576106 49.648007 -55.189151
 2.638938 45.974976 -60.981444
 2.701770 42.065099 -62.918780
 2.764602 38.092447 -63.516841
 2.827433 34.096117 -63.472473
 2.890265 30.147478 -61.664199
 2.953097 26.410910 -57.122825
 3.015929 22.937010 -53.816807
 3.078761 19.626853 -51.448417
