#! FIELDS phi3 ffphi3 dffphi3_phi3
#! SET min_phi3 -pi
#! SET max_phi3 pi
#! SET nbins_phi3  100
#! SET periodic_phi3 true
 -3.141593 21.794820 -52.755341
 -3.078761 18.653182 -47.284243
 -3.015929 15.859734 -41.609584
 -2.953097 13.415486 -36.182288
 -2.890265 11.329378 -30.167919
 -2.827433 9.600962 -25.159858
 -2.764602 8.148221 -20.997738
 -2.701770 6.985069 -15.975715
 -2.638938 6.106367 -12.518710
 -2.576106 5.365190 -11.174276
 -2.513274 4.699316 -10.114512
 -2.450442 4.092735 -9.159917
 -2.387610 3.550886 -8.041080
 -2.324779 3.101764 -6.220010
 -2.261947 2.752154 -5.014078
 -2.199115 2.491163 -3.197487
 -2.136283 2.333721 -2.073359
 -2.073451 2.212474 -1.897400
 -2.010619 2.096284 -1.846753
 -1.947787 1.956079 -2.912824
 -1.884956 1.725669 -4.259438
 -1.822124 1.454958 -4.192247
 -1.759292 1.203141 -3.980843
 -1.696460 0.939579 -4.429552
 -1.633628 0.659268 -4.470273
 -1.570796 0.374516 -4.714689
 -1.507964 0.064365 -4.953585
 -1.445133 -0.195275 -3.090496
 -1.382301 -0.336573 -1.606756
 -1.319469 -0.374402 0.738639
 -1.256637 -0.225501 3.935597
 -1.193805 0.132151 7.552416
 -1.130973 0.741977 12.011849
 -1.068142 1.663002 17.148030
 -1.005310 2.870154 21.002075
 -0.942478 4.308042 24.756004
 -0.879646 6.002002 29.048194
 -0.816814 7.970903 33.394491
 -0.753982 10.190121 36.631036
 -0.691150 12.558340 38.290086
 -0.628319 15.004235 38.972206
 -0.565487 17.504905 40.682459
 -0.502655 20.176683 43.593845
 -0.439823 22.936863 43.084691
 -0.376991 25.589886 40.978433
 -0.314159 28.180217 40.954909
 -0.251327 30.717632 39.027306
 -0.188496 33.096661 35.821536
 -0.125664 35.225646 31.756361
 -0.062832 37.091984 26.568231
 0.000000 38.525649 18.810525
 0.062832 39.479480 11.179457
 0.125664 39.877484 0.893436
 0.188496 39.586324 -9.883919
 0.251327 38.714375 -17.363005
 0.314159 37.417721 -23.950830
 0.376991 35.753895 -28.457566
 0.439823 33.869445 -31.488191
 0.502655 31.834276 -32.853106
 0.565487 29.776991 -32.468947
 0.628319 27.771657 -31.221587
 0.691150 25.880263 -28.741415
 0.753982 24.179226 -25.261657
 0.816814 22.741043 -20.205708
 0.879646 21.658795 -14.268210
 0.942478 20.945771 -8.344737
 1.005310 20.630617 -1.591578
 1.068142 20.747172 5.271125
 1.130973 21.306410 12.715158
 1.193805 22.370470 21.090275
 1.256637 23.931398 28.197403
 1.319469 25.903309 34.400323
 1.382301 28.266434 40.475517
 1.445133 30.994133 45.760961
 1.507964 34.023048 49.873858
 1.570796 37.282400 53.004364
 1.633628 40.747782 56.391478
 1.696460 44.429772 59.596085
 1.759292 48.288219 61.401222
 1.822124 52.215979 62.105358
 1.884956 56.208596 63.429908
 1.947787 60.262032 63.053183
 2.010619 64.175832 59.839855
 2.073451 67.964233 60.143177
 2.136283 72.090658 69.960225
 2.199115 75.080444 3.524937
 2.261947 74.794942 5.014358
 2.324779 75.345514 -5.309850
 2.387610 73.493686 -44.196377
 2.450442 70.163764 -60.791853
 2.513274 66.048322 -69.433952
 2.576106 61.468616 -76.107332
 2.638938 56.559153 -78.859271
 2.701770 51.660224 -76.920659
 2.764602 46.848621 -76.252458
 2.827433 42.119107 -73.817911
 2.890265 37.572967 -70.962216
 2.953097 33.218832 -67.310950
 3.015929 29.121297 -63.160262
 3.078761 25.291490 -58.490839
