#! FIELDS phi1 file.free der_phi1
#! SET min_phi1 -pi
#! SET max_phi1 pi
#! SET nbins_phi1  500
#! SET periodic_phi1 true
   -3.141592654   37.601213062    2.712130232
   -3.129026283   37.639701948    3.418938587
   -3.116459912   37.687139429    4.145743532
   -3.103893542   37.743946092    4.909871270
   -3.091327171   37.810206271    5.605026410
   -3.078760801   37.885478137    6.329691886
   -3.066194430   37.969768261    7.100444694
   -3.053628059   38.063413955    7.801491688
   -3.041061689   38.166155455    8.547723032
   -3.028495318   38.278708911    9.366265233
   -3.015928947   38.401511280   10.174458979
   -3.003362577   38.534437419   10.978846635
   -2.990796206   38.677550980   11.827174399
   -2.978229836   38.831417834   12.675228932
   -2.965663465   38.995842447   13.514960545
   -2.953097094   39.170445568   14.307561403
   -2.940530724   39.355943400   15.209903991
   -2.927964353   39.552716584   16.104853637
   -2.915397983   39.760770330   17.011460707
   -2.902831612   39.979865321   17.862073760
   -2.890265241   40.210133838   18.775326396
   -2.877698871   40.451531236   19.618164029
   -2.865132500   40.703393031   20.465125672
   -2.852566129   40.966030020   21.325403626
   -2.839999759   41.238950191   22.102930695
   -2.827433388   41.521515117   22.870077450
   -2.814867018   41.813494350   23.601386787
   -2.802300647   42.114388153   24.282006417
   -2.789734276   42.423412117   24.891811210
   -2.777167906   42.739823701   25.460945635
   -2.764601535   43.062833263   25.961357242
   -2.752035165   43.391315339   26.351006218
   -2.739468794   43.724800212   26.705034514
   -2.726902423   44.062138912   26.989898499
   -2.714336053   44.402676100   27.185951262
   -2.701769682   44.745084895   27.266404094
   -2.689203311   45.087813774   27.256249624
   -2.676636941   45.429733698   27.122657647
   -2.664070570   45.769273415   26.899816572
   -2.651504200   46.105294867   26.586939508
   -2.638937829   46.437007170   26.189749873
   -2.626371458   46.762758543   25.665180680
   -2.613805088   47.081536494   25.059739747
   -2.601238717   47.392256802   24.370997136
   -2.588672347   47.693270590   23.536925890
   -2.576105976   47.983332908   22.609731733
   -2.563539605   48.261199120   21.609037455
   -2.550973235   48.526492120   20.592117867
   -2.538406864   48.778505525   19.493374411
   -2.525840493   49.016262113   18.318723080
   -2.513274123   49.238966314   17.108823730
   -2.500707752   49.446048899   15.804084432
   -2.488141382   49.636454719   14.504894509
   -2.475575011   49.810404810   13.152615569
   -2.463008640   49.966818536   11.734226440
   -2.450442270   50.105363607   10.313786380
   -2.437875899   50.225825108    8.863137741
   -2.425309529   50.328135458    7.417029798
   -2.412743158   50.411891635    5.916639596
   -2.400176787   50.476883599    4.433638701
   -2.387610417   50.523563575    2.933269320
   -2.375044046   50.551354571    1.474995456
   -2.362477675   50.560882484    0.043175832
   -2.349911305   50.552226339   -1.430741183
   -2.337344934   50.525353291   -2.830711458
   -2.324778564   50.480729921   -4.294931836
   -2.312212193   50.417674790   -5.709392953
   -2.299645822   50.337180817   -7.121842709
   -2.287079452   50.239335549   -8.481859883
   -2.274513081   50.124238515   -9.807920717
   -2.261946711   49.992345006  -11.169759071
   -2.249380340   49.843821167  -12.466070076
   -2.236813969   49.679001589  -13.765501413
   -2.224247599   49.497553758  -15.115099355
   -2.211681228   49.299671623  -16.396788944
   -2.199114858   49.085523747  -17.678068994
   -2.186548487   48.855065858  -18.983881405
   -2.173982116   48.608664359  -20.233643687
   -2.161415746   48.346438359  -21.506997088
   -2.148849375   48.067858762  -22.830420958
   -2.136283004   47.773032130  -24.126981101
   -2.123716634   47.461594643  -25.431257628
   -2.111150263   47.133742767  -26.744772509
   -2.098583893   46.789657756  -28.031949773
   -2.086017522   46.429244041  -29.341927727
   -2.073451151   46.051832897  -30.723535429
   -2.060884781   45.657293440  -32.070844927
   -2.048318410   45.245773024  -33.417431767
   -2.035752040   44.817766720  -34.701753861
   -2.023185669   44.373049951  -36.065220350
   -2.010619298   43.911545459  -37.385281312
   -1.998052928   43.433671834  -38.655156276
   -1.985486557   42.939857107  -39.942262573
   -1.972920186   42.430036384  -41.192048933
   -1.960353816   41.904550511  -42.423658349
   -1.947787445   41.363748158  -43.637498585
   -1.935221075   40.807478214  -44.866043696
   -1.922654704   40.236563653  -45.980085935
   -1.910088333   39.651391395  -47.121248945
   -1.897521963   39.052488295  -48.171439532
   -1.884955592   38.440662051  -49.194689729
   -1.872389222   37.816138628  -50.180517834
   -1.859822851   37.179551478  -51.104660063
   -1.847256480   36.532022236  -51.932176357
   -1.834690110   35.874692336  -52.705147913
   -1.822123739   35.207777185  -53.403178246
   -1.809557368   34.532498840  -54.066091568
   -1.796990998   33.849343383  -54.649579700
   -1.784424627   33.158997306  -55.205492630
   -1.771858257   32.462471758  -55.648535708
   -1.759291886   31.760561436  -56.063469529
   -1.746725515   31.054354801  -56.327671222
   -1.734159145   30.345135777  -56.549569909
   -1.721592774   29.633482670  -56.729433724
   -1.709026404   28.919701854  -56.859020281
   -1.696460033   28.204954721  -56.923381445
   -1.683893662   27.489579257  -56.914704734
   -1.671327292   26.774849251  -56.820721192
   -1.658760921   26.061057686  -56.763776550
   -1.646194550   25.348921830  -56.560747641
   -1.633628180   24.639517000  -56.339993357
   -1.621061809   23.933479784  -56.035868623
   -1.608495439   23.230576709  -55.813285175
   -1.595929068   22.531213228  -55.484889294
   -1.583362697   21.836090065  -55.176079738
   -1.570796327   21.145255197  -54.775217935
   -1.558229956   20.459699204  -54.330726692
   -1.545663586   19.779381461  -53.937580870
   -1.533097215   19.104731973  -53.441422460
   -1.520530844   18.436383714  -52.925467714
   -1.507964474   17.774647865  -52.367409762
   -1.495398103   17.119995759  -51.824821269
   -1.482831732   16.472339140  -51.257118490
   -1.470265362   15.831970029  -50.659507920
   -1.457698991   15.199499737  -50.023374157
   -1.445132621   14.574847387  -49.365876716
   -1.432566250   13.958814005  -48.665109908
   -1.419999879   13.351515096  -47.990970462
   -1.407433509   12.752977463  -47.257970420
   -1.394867138   12.163990803  -46.500415657
   -1.382300768   11.584488229  -45.739238300
   -1.369734397   11.014909096  -44.922606492
   -1.357168026   10.455871965  -44.059024748
   -1.344601656    9.907739482  -43.177307018
   -1.332035285    9.371015637  -42.250623783
   -1.319468915    8.845346484  -41.374883581
   -1.306902544    8.331574811  -40.408413304
   -1.294336173    7.830358233  -39.375757165
   -1.281769803    7.341880293  -38.341878868
   -1.269203432    6.866775531  -37.262623029
   -1.256637061    6.405298501  -36.164854522
   -1.244070691    5.957937677  -35.028445569
   -1.231504320    5.525080270  -33.858773936
   -1.218937950    5.107328633  -32.629887094
   -1.206371579    4.704809410  -31.444886099
   -1.193805208    4.317189107  -30.221360508
   -1.181238838    3.945248689  -28.970167155
   -1.168672467    3.589276767  -27.696544477
   -1.156106097    3.249447432  -26.380934140
   -1.143539726    2.926167907  -25.064458200
   -1.130973355    2.619452830  -23.728432651
   -1.118406985    2.329837126  -22.362053630
   -1.105840614    2.057276959  -21.021706564
   -1.093274243    1.801737647  -19.659423808
   -1.080707873    1.563368718  -18.283929742
   -1.068141502    1.341907474  -16.944803376
   -1.055575132    1.137704340  -15.563791766
   -1.043008761    0.950810722  -14.187773661
   -1.030442390    0.781088113  -12.829316019
   -1.017876020    0.628386069  -11.486785839
   -1.005309649    0.492672470  -10.123910646
   -0.992743279    0.374002061   -8.783199455
   -0.980176908    0.272136738   -7.431427275
   -0.967610537    0.186732413   -6.149635750
   -0.955044167    0.117607527   -4.846532956
   -0.942477796    0.064812914   -3.569472725
   -0.929911425    0.027741259   -2.330308366
   -0.917345055    0.006286317   -1.086636068
   -0.904778684    0.000000000    0.083123259
   -0.892212314    0.008243740    1.225710011
   -0.879645943    0.031022797    2.401451664
   -0.867079572    0.068064147    3.472903208
   -0.854513202    0.118488757    4.565149970
   -0.841946831    0.182637197    5.626561042
   -0.829380461    0.259590711    6.634048038
   -0.816814090    0.349239451    7.649322598
   -0.804247719    0.451240128    8.578781700
   -0.791681349    0.565250730    9.560341990
   -0.779114978    0.691283104   10.507386029
   -0.766548607    0.828955809   11.413768246
   -0.753982237    0.977953990   12.297844588
   -0.741415866    1.137761964   13.138713127
   -0.728849496    1.308071233   13.956978366
   -0.716283125    1.488707354   14.787454407
   -0.703716754    1.679319667   15.538728738
   -0.691150384    1.879160377   16.269087322
   -0.678584013    2.088182950   16.964422620
   -0.666017643    2.305592462   17.635433715
   -0.653451272    2.531107437   18.250296179
   -0.640884901    2.763901854   18.795899281
   -0.628318531    3.003967937   19.409236226
   -0.615752160    3.251159299   19.926629022
   -0.603185789    3.505029673   20.479375309
   -0.590619419    3.765768874   20.999619222
   -0.578053048    4.032484007   21.454649468
   -0.565486678    4.304853613   21.901820283
   -0.552920307    4.582409264   22.267570067
   -0.540353936    4.864649555   22.636286213
   -0.527787566    5.151139368   22.954018480
   -0.515221195    5.441694803   23.276020747
   -0.502654825    5.735931983   23.531622469
   -0.490088454    6.032700497   23.681537940
   -0.477522083    6.331430638   23.856113130
   -0.464955713    6.631708080   23.906158643
   -0.452389342    6.932609643   23.981428694
   -0.439822972    7.234197984   24.009070027
   -0.427256601    7.535747141   23.935192652
   -0.414690230    7.836000502   23.851978873
   -0.402123860    8.135001431   23.722743063
   -0.389557489    8.431426549   23.469018335
   -0.376991118    8.724774195   23.220973072
   -0.364424748    9.014248788   22.837761984
   -0.351858377    9.298982762   22.443508987
   -0.339292007    9.578251730   22.006230982
   -0.326725636    9.851861227   21.522569770
   -0.314159265   10.118661042   20.917197273
   -0.301592895   10.377768135   20.315130328
   -0.289026524   10.629130561   19.675606046
   -0.276460154   10.871731043   18.923193117
   -0.263893783   11.104191494   18.081981549
   -0.251327412   11.326488530   17.281113994
   -0.238761042   11.537948197   16.369032426
   -0.226194671   11.737840909   15.450074855
   -0.213628300   11.925940680   14.491445610
   -0.201061930   12.101707522   13.472524149
   -0.188495559   12.264321080   12.406349763
   -0.175929189   12.413568455   11.342548726
   -0.163362818   12.549182696   10.255498204
   -0.150796447   12.671380925    9.183209913
   -0.138230077   12.779627503    8.043641909
   -0.125663706   12.873691953    6.926092329
   -0.113097336   12.953350839    5.764400240
   -0.100530965   13.018420353    4.590929748
   -0.087964594   13.068726198    3.420555483
   -0.075398224   13.104487510    2.270301849
   -0.062831853   13.125624894    1.103538904
   -0.050265482   13.132178803   -0.042934624
   -0.037699112   13.124535978   -1.169218521
   -0.025132741   13.102551587   -2.330420420
   -0.012566371   13.066378208   -3.425647138
    0.000000000   13.016743857   -4.470104839
    0.012566371   12.953399815   -5.608045406
    0.025132741   12.876383068   -6.642920720
    0.037699112   12.786038483   -7.722064487
    0.050265482   12.682432140   -8.774900855
    0.062831853   12.565318547   -9.842334554
    0.075398224   12.435158747  -10.867245445
    0.087964594   12.292170423  -11.883875693
    0.100530965   12.136780634  -12.836488013
    0.113097336   11.969082130  -13.817438024
    0.125663706   11.789800380  -14.720208409
    0.138230077   11.599374969  -15.581887055
    0.150796447   11.398166463  -16.456907736
    0.163362818   11.186326374  -17.270605388
    0.175929189   10.964422466  -18.045964910
    0.188495559   10.732242858  -18.869184969
    0.201061930   10.490528847  -19.580152293
    0.213628300   10.240183558  -20.261095188
    0.226194671    9.981130192  -20.927968830
    0.238761042    9.714625921  -21.501722484
    0.251327412    9.441003712  -22.051257822
    0.263893783    9.160899039  -22.504488067
    0.276460154    8.875261284  -22.939691599
    0.289026524    8.584463775  -23.318384977
    0.301592895    8.289535740  -23.599113410
    0.314159265    7.991373711  -23.879304857
    0.326725636    7.690392539  -24.027377243
    0.339292007    7.387384114  -24.158765661
    0.351858377    7.083304092  -24.221707651
    0.364424748    6.779069023  -24.182781707
    0.376991118    6.475704310  -24.077682787
    0.389557489    6.174200136  -23.912423358
    0.402123860    5.875368351  -23.631585849
    0.414690230    5.580118555  -23.336900858
    0.427256601    5.289030348  -22.969288813
    0.439822972    5.003169127  -22.534764659
    0.452389342    4.722866575  -22.020968072
    0.464955713    4.449937237  -21.407457404
    0.477522083    4.184821373  -20.766345967
    0.490088454    3.928361390  -20.060380448
    0.502654825    3.680696643  -19.346518868
    0.515221195    3.442604094  -18.532412044
    0.527787566    3.215017383  -17.672237871
    0.540353936    2.998333734  -16.780624582
    0.552920307    2.793352764  -15.847720641
    0.565486678    2.599876371  -14.937914397
    0.578053048    2.418347119  -13.931662023
    0.590619419    2.249791661  -12.891133737
    0.603185789    2.094268279  -11.851372126
    0.615752160    1.951728022  -10.828938389
    0.628318531    1.822215748   -9.785610637
    0.640884901    1.706094864   -8.695124953
    0.653451272    1.603739810   -7.598955597
    0.666017643    1.515260677   -6.475790053
    0.678584013    1.440908308   -5.356009514
    0.691150384    1.380553770   -4.258675900
    0.703716754    1.334144756   -3.148805366
    0.716283125    1.301753091   -2.004687617
    0.728849496    1.283664211   -0.885589894
    0.741415866    1.279486344    0.235414870
    0.753982237    1.289590715    1.363247308
    0.766548607    1.313910124    2.522640284
    0.779114978    1.352963522    3.692804353
    0.791681349    1.406528255    4.837881613
    0.804247719    1.474474471    5.982951293
    0.816814090    1.556906176    7.140770078
    0.829380461    1.653948402    8.296169608
    0.841946831    1.765704202    9.489241877
    0.854513202    1.892537023   10.676738130
    0.867079572    2.034194840   11.860570776
    0.879645943    2.190838777   13.078854932
    0.892212314    2.362532731   14.260708185
    0.904778684    2.549069184   15.437352477
    0.917345055    2.750919791   16.679935051
    0.929911425    2.967904604   17.842917560
    0.942477796    3.199801585   19.069443513
    0.955044167    3.447026651   20.280283839
    0.967610537    3.709539660   21.502397130
    0.980176908    3.987386188   22.719126314
    0.992743279    4.280431629   23.915043830
    1.005309649    4.588345929   25.086690107
    1.017876020    4.910967804   26.243836814
    1.030442390    5.247913091   27.381032488
    1.043008761    5.599081296   28.492300925
    1.055575132    5.963937277   29.579237410
    1.068141502    6.342019272   30.590537232
    1.080707873    6.732725108   31.591430069
    1.093274243    7.135474310   32.510653158
    1.105840614    7.549194950   33.367578496
    1.118406985    7.973628243   34.172235450
    1.130973355    8.407910435   34.967618562
    1.143539726    8.852239692   35.746157912
    1.156106097    9.305883301   36.460827987
    1.168672467    9.768452420   37.151282911
    1.181238838   10.239372483   37.791278732
    1.193805208   10.717971323   38.374248536
    1.206371579   11.203499300   38.893019285
    1.218937950   11.695346412   39.387937290
    1.231504320   12.193163795   39.838896077
    1.244070691   12.696204840   40.230392187
    1.256637061   13.204079501   40.610337202
    1.269203432   13.716887242   40.966716542
    1.281769803   14.233519981   41.277987625
    1.294336173   14.754523935   41.630865729
    1.306902544   15.279957389   41.979445951
    1.319468915   15.809360234   42.319463509
    1.332035285   16.343424271   42.688061971
    1.344601656   16.881933095   43.021466032
    1.357168026   17.424921385   43.411498243
    1.369734397   17.972913817   43.800149565
    1.382300768   18.525499936   44.191524561
    1.394867138   19.083542547   44.616366645
    1.407433509   19.647250579   45.105379372
    1.419999879   20.217187036   45.581642713
    1.432566250   20.793117179   46.083047300
    1.445132621   21.375691848   46.626833618
    1.457698991   21.965335167   47.215698025
    1.470265362   22.562128438   47.789466591
    1.482831732   23.166434369   48.403532342
    1.495398103   23.778170719   48.951399409
    1.507964474   24.397084141   49.562166991
    1.520530844   25.024018499   50.212129864
    1.533097215   25.658724987   50.812760198
    1.545663586   26.301038304   51.420201200
    1.558229956   26.950641489   51.957173807
    1.570796327   27.606863844   52.503708402
    1.583362697   28.269789662   53.006122592
    1.595929068   28.939108485   53.505817103
    1.608495439   29.614063557   53.906196317
    1.621061809   30.293855018   54.258580190
    1.633628180   30.977565430   54.544745959
    1.646194550   31.664253682   54.734561892
    1.658760921   32.353065807   54.872397953
    1.671327292   33.043055003   54.927312375
    1.683893662   33.733174551   54.883770047
    1.696460033   34.422091548   54.742855437
    1.709026404   35.108525594   54.501983349
    1.721592774   35.791474391   54.176770133
    1.734159145   36.469947455   53.769964654
    1.746725515   37.142336535   53.228343680
    1.759291886   37.807153777   52.555693039
    1.771858257   38.463266694   51.836545959
    1.784424627   39.109250017   50.972828321
    1.796990998   39.744404469   50.095544119
    1.809557368   40.367647856   49.090807312
    1.822123739   40.977785147   48.006554679
    1.834690110   41.573652745   46.811738562
    1.847256480   42.154385400   45.611426894
    1.859822851   42.719203304   44.294651224
    1.872389222   43.267708201   42.981488233
    1.884955592   43.799180686   41.612546285
    1.897521963   44.313364342   40.232844190
    1.910088333   44.810091488   38.815410861
    1.922654704   45.288921522   37.369360209
    1.935221075   45.749173160   35.885659608
    1.947787445   46.190653594   34.376797225
    1.960353816   46.613024456   32.845268057
    1.972920186   47.016617355   31.378812444
    1.985486557   47.401297222   29.838557019
    1.998052928   47.766880124   28.363441397
    2.010619298   48.114067725   26.888539343
    2.023185669   48.442129402   25.359574915
    2.035752040   48.751951623   23.944869499
    2.048318410   49.043576652   22.484355886
    2.060884781   49.317135906   21.043837635
    2.073451151   49.572527207   19.600983700
    2.086017522   49.809350052   18.127661436
    2.098583893   50.028163408   16.654093046
    2.111150263   50.228769805   15.271507585
    2.123716634   50.411969157   13.887111099
    2.136283004   50.577372609   12.462262638
    2.148849375   50.725099603   11.049393447
    2.161415746   50.855243022    9.645122885
    2.173982116   50.967797527    8.243992774
    2.186548487   51.062666611    6.818852321
    2.199114858   51.139066971    5.366009244
    2.211681228   51.197556819    3.941541143
    2.224247599   51.237884946    2.505244492
    2.236813969   51.259644702    0.996273311
    2.249380340   51.263148808   -0.437440973
    2.261946711   51.248307671   -1.913232271
    2.274513081   51.215273230   -3.340519629
    2.287079452   51.164415887   -4.759379417
    2.299645822   51.095205324   -6.238921624
    2.312212193   51.008017873   -7.646319130
    2.324778564   50.903216846   -9.043915012
    2.337344934   50.780809813  -10.431326673
    2.349911305   50.641602975  -11.724886222
    2.362477675   50.485943536  -13.049216412
    2.375044046   50.313747549  -14.338271436
    2.387610417   50.125548629  -15.571906420
    2.400176787   49.921793222  -16.821391881
    2.412743158   49.703317185  -17.934885149
    2.425309529   49.470850569  -19.039645869
    2.437875899   49.225361006  -20.024398631
    2.450442270   48.967287166  -21.031671201
    2.463008640   48.697146210  -21.973358312
    2.475575011   48.415630972  -22.807947377
    2.488141382   48.124183023  -23.576840101
    2.500707752   47.823272202  -24.298561256
    2.513274123   47.513994097  -24.908910381
    2.525840493   47.197446897  -25.447588417
    2.538406864   46.874789614  -25.887515820
    2.550973235   46.547186185  -26.243029982
    2.563539605   46.215524858  -26.525435582
    2.576105976   45.880689817  -26.744936040
    2.588672347   45.543620388  -26.880719243
    2.601238717   45.205273603  -26.946555683
    2.613805088   44.866823180  -26.898228480
    2.626371458   44.529254205  -26.818720696
    2.638937829   44.193074043  -26.672841676
    2.651504200   43.859138956  -26.468213374
    2.664070570   43.528379573  -26.156001988
    2.676636941   43.202169368  -25.755790744
    2.689203311   42.880832939  -25.350554539
    2.701769682   42.565184827  -24.881870783
    2.714336053   42.255973588  -24.314627766
    2.726902423   41.954198800  -23.709386155
    2.739468794   41.660147267  -23.066222262
    2.752035165   41.374182190  -22.456599828
    2.764601535   41.096534709  -21.716101519
    2.777167906   40.828176859  -20.971373016
    2.789734276   40.569492571  -20.195773962
    2.802300647   40.320364364  -19.433592295
    2.814867018   40.081364262  -18.610332928
    2.827433388   39.852645115  -17.779530984
    2.839999759   39.634472443  -16.923611149
    2.852566129   39.427120280  -16.079764263
    2.865132500   39.230341972  -15.233007835
    2.877698871   39.044475102  -14.337313390
    2.890265241   38.869571328  -13.476837056
    2.902831612   38.705867413  -12.573527619
    2.915397983   38.553215643  -11.704870951
    2.927964353   38.411910042  -10.786218034
    2.940530724   38.281937250   -9.901009866
    2.953097094   38.162988595   -9.020176757
    2.965663465   38.055140925   -8.165777985
    2.978229836   37.957706379   -7.319254609
    2.990796206   37.870999701   -6.496745799
    3.003362577   37.794485078   -5.669027658
    3.015928947   37.728222544   -4.892372411
    3.028495318   37.671646831   -4.079973880
    3.041061689   37.625248480   -3.299234121
    3.053628059   37.588702413   -2.500709056
    3.066194430   37.562017972   -1.743756332
    3.078760801   37.545073408   -0.980931677
    3.091327171   37.537593479   -0.221330770
    3.103893542   37.539556860    0.522254262
    3.116459912   37.550971552    1.284349756
    3.129026283   37.571705013    2.013157936
