#! FIELDS phi2 ffphi2 dffphi2_phi2
#! SET min_phi2 -pi
#! SET max_phi2 pi
#! SET nbins_phi2  500
#! SET periodic_phi2 true
 -3.141593 15.201997 -49.060348
 -3.129026 14.554839 -53.050592
 -3.116460 13.890668 -51.956520
 -3.103894 13.257514 -48.765885
 -3.091327 12.661291 -46.324104
 -3.078761 12.088957 -44.827934
 -3.066194 11.534397 -43.372265
 -3.053628 10.999791 -41.693340
 -3.041062 10.485588 -40.217491
 -3.028495 9.986026 -39.419346
 -3.015929 9.491613 -39.340739
 -3.003363 8.997746 -39.100040
 -2.990796 8.516600 -37.035782
 -2.978230 8.078739 -32.227021
 -2.965663 7.712659 -26.039624
 -2.953097 7.416677 -21.641403
 -2.940531 7.149989 -21.589848
 -2.927964 6.858337 -25.167945
 -2.915398 6.517911 -28.663838
 -2.902832 6.151040 -29.147711
 -2.890265 5.797297 -26.840799
 -2.877699 5.479357 -23.825940
 -2.865133 5.193948 -21.844312
 -2.852566 4.924432 -21.243072
 -2.840000 4.657745 -21.193760
 -2.827433 4.394742 -20.463121
 -2.814867 4.149519 -18.334791
 -2.802301 3.937626 -15.372180
 -2.789734 3.759965 -13.174394
 -2.777168 3.597908 -12.997390
 -2.764602 3.425432 -14.688844
 -2.752035 3.225870 -17.078783
 -2.739469 2.999209 -18.777358
 -2.726902 2.762041 -18.598006
 -2.714336 2.541106 -16.275188
 -2.701770 2.357130 -13.008561
 -2.689203 2.211362 -10.384330
 -2.676637 2.092214 -8.679473
 -2.664071 1.993186 -7.047839
 -2.651504 1.915453 -5.400915
 -2.638938 1.853496 -4.703487
 -2.626371 1.791888 -5.254519
 -2.613805 1.721386 -5.848198
 -2.601239 1.650803 -5.141248
 -2.588672 1.597885 -3.174593
 -2.576106 1.571081 -1.231990
 -2.563540 1.562532 -0.330007
 -2.550973 1.560964 0.108931
 -2.538407 1.569802 1.519697
 -2.525840 1.604515 4.085191
 -2.513274 1.671087 6.269043
 -2.500708 1.754491 6.647348
 -2.488141 1.831738 5.469635
 -2.475575 1.891540 4.090366
 -2.463009 1.937864 3.383200
 -2.450442 1.979448 3.269328
 -2.437876 2.021386 3.417002
 -2.425310 2.066961 3.893121
 -2.412743 2.122503 5.031231
 -2.400177 2.195043 6.446738
 -2.387610 2.280974 6.953064
 -2.375044 2.362910 5.799596
 -2.362478 2.423421 3.803548
 -2.349911 2.462205 2.578570
 -2.337345 2.495159 2.869779
 -2.324779 2.538199 3.988149
 -2.312212 2.594809 4.915004
 -2.299646 2.660569 5.522347
 -2.287079 2.735920 6.578164
 -2.274513 2.829710 8.417138
 -2.261947 2.948041 10.307613
 -2.249380 3.085604 11.394209
 -2.236814 3.231728 11.744634
 -2.224248 3.379285 11.599651
 -2.211681 3.519292 10.410723
 -2.199115 3.635287 7.838145
 -2.186548 3.715009 4.871615
 -2.173982 3.761322 2.613418
 -2.161416 3.784283 1.109365
 -2.148849 3.793092 0.464208
 -2.136283 3.803430 1.498279
 -2.123717 3.838893 4.321276
 -2.111150 3.912292 7.102909
 -2.098584 4.006951 7.401023
 -2.086018 4.086714 4.984394
 -2.073451 4.132974 2.669147
 -2.060885 4.166331 3.144816
 -2.048318 4.222019 5.849822
 -2.035752 4.311077 7.980930
 -2.023186 4.412478 7.713365
 -2.010619 4.497516 5.602757
 -1.998053 4.552116 3.083601
 -1.985487 4.577060 0.976638
 -1.972920 4.581216 -0.121931
 -1.960354 4.580375 0.188343
 -1.947787 4.590531 1.476891
 -1.935221 4.617885 2.784067
 -1.922655 4.658757 3.623027
 -1.910088 4.707563 4.045738
 -1.897522 4.757503 3.664621
 -1.884956 4.792154 1.458255
 -1.872389 4.786383 -2.588172
 -1.859823 4.728338 -6.399855
 -1.847256 4.636432 -7.767121
 -1.834690 4.543397 -6.808420
 -1.822124 4.467390 -5.388896
 -1.809557 4.404110 -4.891483
 -1.796991 4.340799 -5.299613
 -1.784425 4.269929 -6.009890
 -1.771858 4.189981 -6.721906
 -1.759292 4.101517 -7.348248
 -1.746726 4.006014 -7.857469
 -1.734159 3.903374 -8.574519
 -1.721593 3.787916 -9.932114
 -1.709026 3.652065 -11.703226
 -1.696460 3.496289 -12.923706
 -1.683894 3.332900 -12.868388
 -1.671327 3.177470 -11.778737
 -1.658761 3.037025 -10.678279
 -1.646195 2.904809 -10.606790
 -1.633628 2.764299 -12.005288
 -1.621062 2.598193 -14.576571
 -1.608495 2.397106 -17.365108
 -1.595929 2.166610 -19.033171
 -1.583363 1.927741 -18.625228
 -1.570796 1.706518 -16.371820
 -1.558230 1.518677 -13.577016
 -1.545664 1.361353 -11.725680
 -1.533097 1.216884 -11.547062
 -1.520531 1.066481 -12.470708
 -1.507964 0.904974 -13.079828
 -1.495398 0.742960 -12.524189
 -1.482832 0.593039 -11.336506
 -1.470265 0.456220 -10.580060
 -1.457699 0.324145 -10.531248
 -1.445133 0.191613 -10.501187
 -1.432566 0.063386 -9.780900
 -1.420000 -0.051186 -8.400745
 -1.407434 -0.147582 -7.011905
 -1.394867 -0.229532 -6.138620
 -1.382301 -0.303395 -5.657807
 -1.369734 -0.371298 -5.135253
 -1.357168 -0.431929 -4.550070
 -1.344602 -0.487304 -4.396043
 -1.332035 -0.545292 -4.946710
 -1.319469 -0.611850 -5.576219
 -1.306903 -0.680348 -5.069991
 -1.294336 -0.731667 -2.850992
 -1.281770 -0.747427 0.395931
 -1.269203 -0.722118 3.518628
 -1.256637 -0.662019 5.889488
 -1.244071 -0.577144 7.468282
 -1.231504 -0.477622 8.185429
 -1.218938 -0.375320 7.918689
 -1.206372 -0.280555 7.139603
 -1.193805 -0.192941 6.968244
 -1.181239 -0.099336 8.109237
 -1.168672 0.015003 10.122308
 -1.156106 0.154976 12.048115
 -1.143540 0.316113 13.495578
 -1.130973 0.493786 14.745998
 -1.118407 0.687211 15.980515
 -1.105841 0.893658 16.686527
 -1.093274 1.101640 16.134124
 -1.080708 1.294611 14.416284
 -1.068142 1.464570 12.724961
 -1.055575 1.621291 12.504648
 -1.043009 1.787396 14.162408
 -1.030442 1.981927 16.804407
 -1.017876 2.209064 19.186390
 -1.005310 2.461659 20.865299
 -0.992743 2.732190 22.092539
 -0.980177 3.015614 22.868992
 -0.967611 3.304032 22.830828
 -0.955044 3.586537 21.996369
 -0.942478 3.857020 21.048874
 -0.929911 4.119490 20.823352
 -0.917345 4.385452 21.604584
 -0.904779 4.665382 22.913718
 -0.892212 4.961085 24.006461
 -0.879646 5.267460 24.641484
 -0.867080 5.581225 25.284548
 -0.854513 5.905316 26.295506
 -0.841947 6.243213 27.399654
 -0.829380 6.593081 28.138692
 -0.816814 6.948785 28.293754
 -0.804248 7.302282 27.778091
 -0.791681 7.645395 26.716797
 -0.779115 7.975810 25.956463
 -0.766549 8.304691 26.600151
 -0.753982 8.651492 28.677816
 -0.741416 9.026987 30.908542
 -0.728849 9.423920 31.927620
 -0.716283 9.824419 31.563580
 -0.703717 10.216293 30.751680
 -0.691150 10.600802 30.509054
 -0.678584 10.987196 30.997817
 -0.666018 11.381663 31.679525
 -0.653451 11.782983 32.031997
 -0.640885 12.186662 32.131368
 -0.628319 12.592683 32.487506
 -0.615752 13.005831 33.185628
 -0.603186 13.424350 33.060456
 -0.590619 13.828444 30.785096
 -0.578053 14.193075 27.157399
 -0.565487 14.518275 24.978727
 -0.552920 14.835681 25.982411
 -0.540354 15.183093 29.548627
 -0.527788 15.583612 34.168729
 -0.515221 16.041603 38.449370
 -0.502655 16.542256 40.628908
 -0.490088 17.048230 39.157598
 -0.477522 17.512524 34.264708
 -0.464956 17.906248 28.400512
 -0.452389 18.235116 24.314431
 -0.439823 18.531007 23.191694
 -0.427257 18.829830 24.553467
 -0.414690 19.150430 26.172791
 -0.402124 19.477651 25.250454
 -0.389557 19.772751 21.363116
 -0.376991 20.017361 17.981340
 -0.364425 20.243516 18.749702
 -0.351858 20.506589 23.515457
 -0.339292 20.838230 28.950794
 -0.326726 21.220481 30.958551
 -0.314159 21.592863 27.473943
 -0.301593 21.905807 22.746238
 -0.289027 22.192829 24.332225
 -0.276460 22.549154 33.055668
 -0.263894 23.024190 41.637487
 -0.251327 23.559004 41.449559
 -0.238761 24.021427 30.577794
 -0.226195 24.302951 13.382728
 -0.213628 24.344244 -7.224797
 -0.201062 24.137339 -23.899388
 -0.188496 23.815254 -24.095207
 -0.175929 23.607112 -6.881345
 -0.163363 23.673670 17.688081
 -0.150796 24.033834 37.948277
 -0.138230 24.565094 43.458954
 -0.125664 25.045146 30.191259
 -0.113097 25.286145 7.978430
 -0.100531 25.273245 -8.188752
 -0.087965 25.132046 -12.335513
 -0.075398 25.000499 -7.844575
 -0.062832 24.940871 -2.029676
 -0.050265 24.938118 1.294782
 -0.037699 24.980001 6.127138
 -0.025133 25.115966 16.261061
 -0.012566 25.390387 26.535858
 0.000000 25.740692 26.906656
 0.012566 26.013711 15.210929
 0.025133 26.123707 3.337313
 0.037699 26.137020 0.170741
 0.050265 26.157296 3.914315
 0.062832 26.256064 12.645152
 0.075398 26.495518 25.905581
 0.087965 26.901122 37.283151
 0.100531 27.363545 32.162349
 0.113097 27.586494 -1.361497
 0.125664 27.263005 -50.011577
 0.138230 26.398180 -83.108663
 0.150796 25.297190 -87.768435
 0.163363 24.273823 -73.041741
 0.175929 23.487481 -51.927422
 0.188496 22.958754 -33.062656
 0.201062 22.630510 -20.257505
 0.213628 22.425170 -13.222333
 0.226195 22.282340 -10.034505
 0.238761 22.162014 -9.482675
 0.251327 22.038080 -10.272692
 0.263894 21.908681 -9.920195
 0.276460 21.802340 -6.442242
 0.289027 21.757284 -0.638465
 0.301593 21.773178 1.846504
 0.314159 21.750808 -7.956169
 0.326726 21.524010 -28.703801
 0.339292 21.060645 -42.530405
 0.351858 20.520141 -41.517087
 0.364425 20.042266 -34.481412
 0.376991 19.641232 -30.135528
 0.389557 19.267226 -29.810596
 0.402124 18.890488 -29.901244
 0.414690 18.524580 -28.004159
 0.427257 18.190653 -25.200221
 0.439823 17.884051 -24.041033
 0.452389 17.573642 -25.811245
 0.464956 17.228890 -29.052979
 0.477522 16.850021 -30.807503
 0.490088 16.465043 -30.181006
 0.502655 16.091898 -29.437407
 0.515221 15.715498 -30.865592
 0.527788 15.310132 -33.637423
 0.540354 14.876254 -34.998564
 0.552920 14.440943 -33.953571
 0.565487 14.026246 -32.106468
 0.578053 13.628251 -31.567171
 0.590619 13.224341 -32.972809
 0.603186 12.797348 -34.860946
 0.615752 12.356003 -34.923798
 0.628319 11.931396 -32.242191
 0.640885 11.552011 -28.068572
 0.653451 11.222731 -24.632886
 0.666018 10.922403 -23.641127
 0.678584 10.617136 -25.305878
 0.691150 10.281326 -28.148587
 0.703717 9.913546 -30.108829
 0.716283 9.531914 -30.375791
 0.728849 9.154269 -29.646420
 0.741416 8.787904 -28.621673
 0.753982 8.436788 -27.157568
 0.766549 8.108018 -25.089647
 0.779115 7.807075 -22.818335
 0.791681 7.533813 -20.705860
 0.804248 7.286087 -18.743352
 0.816814 7.062059 -16.948945
 0.829380 6.859272 -15.357606
 0.841947 6.675466 -13.947822
 0.854513 6.506255 -13.161388
 0.867080 6.338973 -13.715441
 0.879646 6.157140 -15.288143
 0.892212 5.957786 -16.161336
 0.904779 5.761201 -14.673227
 0.917345 5.599592 -10.759402
 0.929911 5.493580 -6.238727
 0.942478 5.435072 -3.532776
 0.955044 5.393541 -3.449026
 0.967611 5.344668 -4.277673
 0.980177 5.291973 -3.792297
 0.992743 5.257447 -1.474409
 1.005310 5.258225 1.571449
 1.017876 5.293898 3.861864
 1.030442 5.348747 4.574915
 1.043009 5.404278 4.153254
 1.055575 5.454764 4.048685
 1.068142 5.513209 5.542422
 1.080708 5.601205 8.623355
 1.093274 5.732071 12.136653
 1.105841 5.903499 14.950525
 1.118407 6.104510 16.908194
 1.130973 6.328122 18.690987
 1.143540 6.576712 20.926964
 1.156106 6.855807 23.436856
 1.168672 7.164025 25.427141
 1.181239 7.491822 26.585713
 1.193805 7.832725 27.704735
 1.206372 8.192270 29.584560
 1.218938 8.578325 31.731793
 1.231504 8.986384 32.927215
 1.244071 9.402278 33.106149
 1.256637 9.820445 33.508015
 1.269203 10.250262 34.992056
 1.281770 10.703884 37.166328
 1.294336 11.184997 39.269844
 1.306903 11.691115 41.199190
 1.319469 12.224043 43.693551
 1.332035 12.796435 47.547372
 1.344602 13.424157 52.266915
 1.357168 14.107510 56.033722
 1.369734 14.825565 57.816799
 1.382301 15.559635 58.946999
 1.394867 16.315244 61.418858
 1.407434 17.108165 64.391433
 1.420000 17.921466 63.878871
 1.432566 18.686103 56.478319
 1.445133 19.330815 46.178401
 1.457699 19.880226 42.837969
 1.470265 20.453125 49.414119
 1.482832 21.140086 59.533150
 1.495398 21.931807 65.059277
 1.507964 22.746241 63.268289
 1.520531 23.507021 57.224614
 1.533097 24.178492 49.212442
 1.545664 24.739178 39.993888
 1.558230 25.200453 34.346498
 1.570796 25.651706 39.163622
 1.583363 26.238935 55.901731
 1.595929 27.096561 81.831388
 1.608495 28.322876 113.879552
 1.621062 29.981731 150.734346
 1.633628 32.129334 190.786166
 1.646195 34.796372 234.057114
 1.658761 38.023366 279.096845
 1.671327 41.870564 324.036668
 1.683894 46.371292 369.192900
 1.696460 inf nan
 1.709026 inf nan
 1.721593 inf nan
 1.734159 inf nan
 1.746726 inf nan
 1.759292 inf nan
 1.771858 inf nan
 1.784425 inf nan
 1.796991 inf nan
 1.809557 inf nan
 1.822124 inf nan
 1.834690 inf nan
 1.847256 inf nan
 1.859823 inf nan
 1.872389 inf nan
 1.884956 inf nan
 1.897522 inf nan
 1.910088 inf nan
 1.922655 inf nan
 1.935221 inf nan
 1.947787 inf nan
 1.960354 inf nan
 1.972920 inf nan
 1.985487 inf nan
 1.998053 inf nan
 2.010619 inf nan
 2.023186 inf nan
 2.035752 inf nan
 2.048318 inf nan
 2.060885 inf nan
 2.073451 inf nan
 2.086018 inf nan
 2.098584 inf nan
 2.111150 inf nan
 2.123717 inf nan
 2.136283 inf nan
 2.148849 inf nan
 2.161416 inf nan
 2.173982 inf nan
 2.186548 inf nan
 2.199115 inf nan
 2.211681 inf nan
 2.224248 inf nan
 2.236814 inf nan
 2.249380 inf nan
 2.261947 inf nan
 2.274513 inf nan
 2.287079 inf nan
 2.299646 inf nan
 2.312212 inf nan
 2.324779 inf nan
 2.337345 inf nan
 2.349911 inf nan
 2.362478 inf nan
 2.375044 inf nan
 2.387610 inf nan
 2.400177 inf nan
 2.412743 inf nan
 2.425310 inf nan
 2.437876 inf nan
 2.450442 inf nan
 2.463009 inf nan
 2.475575 inf nan
 2.488141 inf nan
 2.500708 inf nan
 2.513274 inf nan
 2.525840 inf nan
 2.538407 inf nan
 2.550973 inf nan
 2.563540 inf nan
 2.576106 inf nan
 2.588672 inf nan
 2.601239 inf nan
 2.613805 inf nan
 2.626371 inf nan
 2.638938 inf nan
 2.651504 inf nan
 2.664071 inf nan
 2.676637 inf nan
 2.689203 inf nan
 2.701770 inf nan
 2.714336 inf nan
 2.726902 inf nan
 2.739469 inf nan
 2.752035 50.054411 -407.291142
 2.764602 45.251352 -357.139461
 2.777168 41.078518 -306.987779
 2.789734 37.535908 -256.836098
 2.802301 34.618508 -207.119927
 2.814867 32.325595 -157.918843
 2.827433 30.640963 -110.664098
 2.840000 29.520648 -69.118715
 2.852566 28.841685 -42.580443
 2.865133 28.331135 -43.828724
 2.877699 27.652850 -64.537306
 2.890265 26.776199 -70.588065
 2.902832 25.978925 -53.408774
 2.915398 25.473930 -26.440064
 2.927964 25.307138 -1.047393
 2.940531 25.403036 13.641005
 2.953097 25.550158 4.596458
 2.965663 25.383062 -35.196679
 2.978230 24.651941 -78.027620
 2.990796 23.536582 -94.870555
 3.003363 22.353998 -90.998079
 3.015929 21.287096 -77.875793
 3.028495 20.406652 -62.312107
 3.041062 19.707385 -49.934925
 3.053628 19.120238 -44.839231
 3.066194 18.552187 -46.226194
 3.078761 17.955174 -48.387507
 3.091327 17.352452 -46.798323
 3.103894 16.791774 -42.247481
 3.116460 16.283186 -39.412064
 3.129026 15.775823 -42.344175
