#! FIELDS phi3 file.free der_phi3
#! SET min_phi3 -pi
#! SET max_phi3 pi
#! SET nbins_phi3  500
#! SET periodic_phi3 true
   -3.141592654   15.668497045  -45.941276535
   -3.129026283   15.096569611  -45.091595019
   -3.116459912   14.535376526  -44.217335957
   -3.103893542   13.985414332  -43.324737129
   -3.091327171   13.446507867  -42.460172416
   -3.078760801   12.918354965  -41.590783901
   -3.066194430   12.401600440  -40.650542280
   -3.053628059   11.896685825  -39.703067345
   -3.041061689   11.403676758  -38.765951959
   -3.028495318   10.922627425  -37.804442232
   -3.015928947   10.453382583  -36.865806994
   -3.003362577    9.996489210  -35.860557746
   -2.990796206    9.551837205  -34.881432355
   -2.978229836    9.120085209  -33.845622053
   -2.965663465    8.701124704  -32.808108497
   -2.953097094    8.295510694  -31.737047171
   -2.940530724    7.903279974  -30.664626483
   -2.927964353    7.524541649  -29.588717331
   -2.915397983    7.159702413  -28.477946798
   -2.902831612    6.808890122  -27.367744393
   -2.890265241    6.472013847  -26.235999106
   -2.877698871    6.149628786  -25.079830441
   -2.865132500    5.841329386  -23.986683345
   -2.852566129    5.547103963  -22.838379089
   -2.839999759    5.267194648  -21.720665798
   -2.827433388    5.001199539  -20.615442399
   -2.814867018    4.748958328  -19.523492542
   -2.802300647    4.509895757  -18.488976621
   -2.789734276    4.284344098  -17.415546814
   -2.777167906    4.072174327  -16.363073795
   -2.764601535    3.873219302  -15.318910888
   -2.752035165    3.687105069  -14.308306454
   -2.739468794    3.513340408  -13.346353427
   -2.726902423    3.351834408  -12.355158292
   -2.714336053    3.202391129  -11.427734022
   -2.701769682    3.064308031  -10.534135611
   -2.689203311    2.937427588   -9.685386555
   -2.676636941    2.820657417   -8.900280911
   -2.664070570    2.713811865   -8.100004925
   -2.651504200    2.616848169   -7.331877373
   -2.638937829    2.529188638   -6.624413245
   -2.626371458    2.450491676   -5.906040373
   -2.613805088    2.380571423   -5.227712155
   -2.601238717    2.318941243   -4.593510919
   -2.588672347    2.264965171   -3.998192364
   -2.576105976    2.218496659   -3.404418908
   -2.563539605    2.178826435   -2.893227966
   -2.550973235    2.145680679   -2.374332115
   -2.538406864    2.119108443   -1.849616961
   -2.525840493    2.099050271   -1.348140287
   -2.513274123    2.084934696   -0.917747993
   -2.500707752    2.076298736   -0.458427651
   -2.488141382    2.072640524   -0.116657464
   -2.475575011    2.073358924    0.255475711
   -2.463008640    2.078806862    0.606967616
   -2.450442270    2.088262797    0.881309917
   -2.437875899    2.101364286    1.214171005
   -2.425309529    2.118087573    1.440249991
   -2.412743158    2.137784924    1.693152370
   -2.400176787    2.160715502    1.955417700
   -2.387610417    2.186519991    2.139035354
   -2.375044046    2.214187291    2.284381087
   -2.362477675    2.244009811    2.472051197
   -2.349911305    2.276105344    2.605374858
   -2.337344934    2.309952269    2.739600301
   -2.324778564    2.345355701    2.884912487
   -2.312212193    2.381636427    2.916372123
   -2.299645822    2.419206367    3.029890193
   -2.287079452    2.457699085    3.089577058
   -2.274513081    2.496955005    3.137068077
   -2.261946711    2.536696801    3.195820694
   -2.249380340    2.576861999    3.206583326
   -2.236813969    2.617318745    3.218629431
   -2.224247599    2.657732540    3.211980029
   -2.211681228    2.698021751    3.208267534
   -2.199114858    2.738024595    3.183819817
   -2.186548487    2.778120175    3.174469203
   -2.173982116    2.817642236    3.120940135
   -2.161415746    2.856439058    3.052456253
   -2.148849375    2.894449017    3.000316402
   -2.136283004    2.931473557    2.897368064
   -2.123716634    2.967164016    2.781109813
   -2.111150263    3.001296926    2.658717546
   -2.098583893    3.033610471    2.507846599
   -2.086017522    3.064298082    2.374807363
   -2.073451151    3.093164845    2.218422622
   -2.060884781    3.120074865    2.061604515
   -2.048318410    3.144524964    1.825142468
   -2.035752040    3.165940199    1.606298181
   -2.023185669    3.184901002    1.396444111
   -2.010619298    3.201255212    1.191950971
   -1.998052928    3.214756396    0.957365246
   -1.985486557    3.225145455    0.683900708
   -1.972920186    3.231836024    0.409898956
   -1.960353816    3.235133592    0.111410977
   -1.947787445    3.234234576   -0.245015503
   -1.935221075    3.228574712   -0.665017885
   -1.922654704    3.218219596   -0.987522335
   -1.910088333    3.203291373   -1.396295522
   -1.897521963    3.183621356   -1.737109244
   -1.884955592    3.159204357   -2.150059024
   -1.872389222    3.129300882   -2.600271264
   -1.859822851    3.093862494   -3.048759167
   -1.847256480    3.053080419   -3.442785373
   -1.834690110    3.006704516   -3.950350599
   -1.822123739    2.954236536   -4.381532934
   -1.809557368    2.896448413   -4.813952879
   -1.796990998    2.833135818   -5.271461271
   -1.784424627    2.764253996   -5.693189220
   -1.771858257    2.689782563   -6.147850168
   -1.759291886    2.609671355   -6.578623878
   -1.746725515    2.524378119   -7.005078160
   -1.734159145    2.433658719   -7.412883249
   -1.721592774    2.338015875   -7.792005150
   -1.709026404    2.237859605   -8.131445515
   -1.696460033    2.133735500   -8.434895271
   -1.683893662    2.026074189   -8.699704500
   -1.671327292    1.915313945   -8.933367931
   -1.658760921    1.801785150   -9.137460797
   -1.646194550    1.685644377   -9.323214192
   -1.633628180    1.567920493   -9.407836484
   -1.621061809    1.449539018   -9.422062934
   -1.608495439    1.331101918   -9.418809898
   -1.595929068    1.213092543   -9.374089519
   -1.583362697    1.096050586   -9.268327734
   -1.570796327    0.980969012   -9.034590799
   -1.558229956    0.868895526   -8.777012868
   -1.545663586    0.760360854   -8.483206282
   -1.533097215    0.655971129   -8.127664932
   -1.520530844    0.556548538   -7.681218283
   -1.507964474    0.462815191   -7.209308349
   -1.495398103    0.375966382   -6.606159424
   -1.482831732    0.296855705   -5.978120011
   -1.470265362    0.226030071   -5.325865621
   -1.457698991    0.163427730   -4.625291195
   -1.445132621    0.109906707   -3.876317700
   -1.432566250    0.066491726   -3.023669121
   -1.419999879    0.033575203   -2.216303677
   -1.407433509    0.011321966   -1.315024646
   -1.394867138    0.000000000   -0.447632459
   -1.382300768    0.000411345    0.508878482
   -1.369734397    0.013055826    1.507292054
   -1.357168026    0.037843954    2.439628950
   -1.344601656    0.074651301    3.425055396
   -1.332035285    0.124077790    4.442783134
   -1.319468915    0.186228190    5.458229553
   -1.306902544    0.261326977    6.508200653
   -1.294336173    0.349662575    7.549980720
   -1.281769803    0.450756184    8.540016086
   -1.269203432    0.564572622    9.561703391
   -1.256637061    0.690960393   10.545007125
   -1.244070691    0.829865092   11.548480672
   -1.231504320    0.981270240   12.532399437
   -1.218937950    1.144892393   13.526536133
   -1.206371579    1.320871279   14.468995385
   -1.193805208    1.508562774   15.399543305
   -1.181238838    1.707831578   16.305171445
   -1.168672467    1.918738509   17.243389784
   -1.156106097    2.141169386   18.153903414
   -1.143539726    2.374839615   19.045010593
   -1.130973355    2.619677787   19.927447211
   -1.118406985    2.875653287   20.806177762
   -1.105840614    3.142688198   21.686707867
   -1.093274243    3.420294656   22.495252700
   -1.080707873    3.708234315   23.334114531
   -1.068141502    4.006406226   24.127943505
   -1.055575132    4.314589255   24.916512663
   -1.043008761    4.632563007   25.649046820
   -1.030442390    4.959359196   26.316534453
   -1.017876020    5.294513938   27.033613360
   -1.005309649    5.638580987   27.741292867
   -0.992743279    5.991374467   28.406967209
   -0.980176908    6.352309013   29.051886802
   -0.967610537    6.721490328   29.703563257
   -0.955044167    7.098994893   30.368217797
   -0.942477796    7.484233700   30.940858970
   -0.929911425    7.876883026   31.551827295
   -0.917345055    8.277043408   32.110693797
   -0.904778684    8.684169970   32.684763085
   -0.892212314    9.098196237   33.213153745
   -0.879645943    9.518755855   33.708188045
   -0.867079572    9.945488974   34.199668012
   -0.854513202   10.378215607   34.666511404
   -0.841946831   10.816743322   35.127719120
   -0.829380461   11.260784198   35.533394160
   -0.816814090   11.709830731   35.923068541
   -0.804247719   12.163667203   36.316602346
   -0.791681349   12.622492747   36.691566530
   -0.779114978   13.085814270   37.043762074
   -0.766548607   13.553421342   37.373282221
   -0.753982237   14.024988054   37.676244313
   -0.741415866   14.499998252   37.921653876
   -0.728849496   14.977843232   38.140224806
   -0.716283125   15.458096998   38.307863929
   -0.703716754   15.940719640   38.505443072
   -0.691150384   16.425604410   38.647840317
   -0.678584013   16.912124893   38.788097368
   -0.666017643   17.400578751   38.943126447
   -0.653451272   17.890467073   39.024427843
   -0.640884901   18.381242312   39.071357483
   -0.628318531   18.872513155   39.094284786
   -0.615752160   19.364173696   39.140981473
   -0.603185789   19.855964446   39.134774945
   -0.590619419   20.347566817   39.107529636
   -0.578053048   20.838716518   39.053786350
   -0.565486678   21.329233188   39.000549697
   -0.552920307   21.818444656   38.845481189
   -0.540353936   22.305567433   38.703070116
   -0.527787566   22.791169708   38.546752992
   -0.515221195   23.273991824   38.283122136
   -0.502654825   23.753677109   38.043198193
   -0.490088454   24.230103200   37.784374981
   -0.477522083   24.702644724   37.466765301
   -0.464955713   25.171301396   37.112714895
   -0.452389342   25.635461731   36.731307031
   -0.439822972   26.094670273   36.338388790
   -0.427256601   26.548602410   35.908752933
   -0.414690230   26.996366684   35.347554608
   -0.402123860   27.437137823   34.797684656
   -0.389557489   27.870381439   34.152973290
   -0.376991118   28.295767635   33.536280833
   -0.364424748   28.713063408   32.869622790
   -0.351858377   29.121511071   32.126605568
   -0.339292007   29.520134080   31.287682305
   -0.326725636   29.908564694   30.528292727
   -0.314159265   30.286950489   29.673898810
   -0.301592895   30.654277552   28.779804340
   -0.289026524   31.010150600   27.834033791
   -0.276460154   31.353770343   26.827034480
   -0.263893783   31.684596551   25.841758003
   -0.251327412   32.002721711   24.772068686
   -0.238761042   32.307405537   23.717205178
   -0.226194671   32.598346781   22.587160361
   -0.213628300   32.874868854   21.419114496
   -0.201061930   33.136672808   20.240508503
   -0.188495559   33.383171336   18.961543064
   -0.175929189   33.613540464   17.691027158
   -0.163362818   33.827813400   16.395154592
   -0.150796447   34.025639830   15.078856889
   -0.138230077   34.206633707   13.756493711
   -0.125663706   34.370969211   12.363295987
   -0.113097336   34.517876266   11.011795171
   -0.100530965   34.647389798    9.602812779
   -0.087964594   34.759235193    8.210819336
   -0.075398224   34.853454732    6.773682776
   -0.062831853   34.929280886    5.301908366
   -0.050265482   34.986861664    3.876297986
   -0.037699112   35.026491086    2.412167026
   -0.025132741   35.047393209    0.931524146
   -0.012566371   35.050005740   -0.564164436
    0.000000000   35.033597558   -2.093456804
    0.012566371   34.998152288   -3.539397905
    0.025132741   34.944339943   -5.046449347
    0.037699112   34.871534166   -6.566453853
    0.050265482   34.779422716   -8.065700595
    0.062831853   34.668920396   -9.531007803
    0.075398224   34.539768274  -11.031043354
    0.087964594   34.391973085  -12.489464340
    0.100530965   34.225602991  -14.001519351
    0.113097336   34.039972577  -15.535536891
    0.125663706   33.835116209  -17.030801507
    0.138230077   33.612178462  -18.460180281
    0.150796447   33.371342966  -19.862242491
    0.163362818   33.113007890  -21.254328688
    0.175929189   32.837235911  -22.634045345
    0.188495559   32.544245142  -23.990667005
    0.201061930   32.234214041  -25.334532323
    0.213628300   31.907544346  -26.642767519
    0.226194671   31.564986285  -27.864244095
    0.238761042   31.206909295  -29.127533448
    0.251327412   30.833056426  -30.341481382
    0.263893783   30.444525046  -31.461976434
    0.276460154   30.042496138  -32.521741156
    0.289026524   29.627209094  -33.564625035
    0.301592895   29.199066386  -34.579943582
    0.314159265   28.758908419  -35.470985480
    0.326725636   28.307684492  -36.325263218
    0.339292007   27.845815783  -37.197782764
    0.351858377   27.373342741  -37.968784473
    0.364424748   26.891824152  -38.674957340
    0.376991118   26.401599338  -39.325108968
    0.389557489   25.903808275  -39.876438297
    0.402123860   25.399610321  -40.369656536
    0.414690230   24.888644875  -40.902263500
    0.427256601   24.372106166  -41.312975498
    0.439822972   23.850523665  -41.657350782
    0.452389342   23.325449995  -41.921296391
    0.464955713   22.797572098  -42.099790688
    0.477522083   22.267663032  -42.246772528
    0.490088454   21.735949570  -42.365432083
    0.502654825   21.203385803  -42.379186954
    0.515221195   20.670909557  -42.344818898
    0.527787566   20.139100994  -42.267499518
    0.540353936   19.608556658  -42.167156073
    0.552920307   19.080063612  -41.942704936
    0.565486678   18.554497638  -41.719534690
    0.578053048   18.031988524  -41.440928319
    0.590619419   17.513566989  -41.057863202
    0.603185789   17.000392316  -40.611415482
    0.615752160   16.492907092  -40.137032481
    0.628318531   15.991773461  -39.606642058
    0.640884901   15.497713091  -39.039910825
    0.653451272   15.011009806  -38.410013674
    0.666017643   14.532529783  -37.727882040
    0.678584013   14.062650000  -37.064598313
    0.691150384   13.601441729  -36.341261566
    0.703716754   13.149423982  -35.572127144
    0.716283125   12.707583311  -34.737626920
    0.728849496   12.276294637  -33.892811784
    0.741415866   11.854815329  -33.144950027
    0.753982237   11.444001761  -32.212647348
    0.766548607   11.045510988  -31.205279001
    0.779114978   10.659766842  -30.180475721
    0.791681349   10.287107584  -29.111002604
    0.804247719    9.928187644  -27.998422494
    0.816814090    9.583411289  -26.850563476
    0.829380461    9.253349561  -25.663976511
    0.841946831    8.938436293  -24.445215101
    0.854513202    8.639011847  -23.197293041
    0.867079572    8.355545164  -21.907883296
    0.879645943    8.088327777  -20.618260370
    0.892212314    7.837624470  -19.262560898
    0.904778684    7.604017944  -17.900117236
    0.917345055    7.388117468  -16.461119012
    0.929911425    7.190523488  -14.989044889
    0.942477796    7.011374109  -13.499283797
    0.955044167    6.851268947  -11.969035418
    0.967610537    6.711014579  -10.350887608
    0.980176908    6.591446567   -8.677607699
    0.992743279    6.492688345   -7.023734518
    1.005309649    6.415027792   -5.321556387
    1.017876020    6.358941008   -3.587911968
    1.030442390    6.324958204   -1.821357636
    1.043008761    6.313190979   -0.016594728
    1.055575132    6.324313722    1.801183688
    1.068141502    6.358831542    3.684180405
    1.080707873    6.416957827    5.573304278
    1.093274243    6.499198385    7.514155490
    1.105840614    6.605966040    9.484916857
    1.118406985    6.737487952   11.458662413
    1.130973355    6.893715786   13.425354704
    1.143539726    7.075162167   15.464546607
    1.156106097    7.282508649   17.521730044
    1.168672467    7.515638967   19.580857430
    1.181238838    7.774591396   21.640980254
    1.193805208    8.059370592   23.691673386
    1.206371579    8.370131594   25.761186828
    1.218937950    8.706699950   27.814352355
    1.231504320    9.069221010   29.880212722
    1.244070691    9.457482818   31.910985002
    1.256637061    9.871045538   33.916575927
    1.269203432   10.310053778   35.940083657
    1.281769803   10.773935101   37.894795896
    1.294336173   11.262633540   39.864530880
    1.306902544   11.775591115   41.782310834
    1.319468915   12.312624633   43.692316201
    1.332035285   12.873401949   45.547847294
    1.344601656   13.457094390   47.330577765
    1.357168026   14.062274099   49.030625087
    1.369734397   14.689047058   50.709202293
    1.382300768   15.336391347   52.321787674
    1.394867138   16.003801757   53.889637805
    1.407433509   16.690597464   55.415413302
    1.419999879   17.395743292   56.795533200
    1.432566250   18.117667649   58.095528980
    1.445132621   18.855790265   59.369826905
    1.457698991   19.609380524   60.559081392
    1.470265362   20.377416027   61.646271109
    1.482831732   21.158374880   62.631835565
    1.495398103   21.951138908   63.498270948
    1.507964474   22.754707674   64.380387736
    1.520530844   23.567974466   65.049286274
    1.533097215   24.389748388   65.716826753
    1.545663586   25.219120523   66.271579208
    1.558229956   26.055095265   66.749299462
    1.570796327   26.896437535   67.133180730
    1.583362697   27.741778713   67.392591151
    1.595929068   28.590101216   67.604150583
    1.608495439   29.440605976   67.743427559
    1.621061809   30.292158942   67.791108112
    1.633628180   31.144206732   67.778245989
    1.646194550   31.994735735   67.588793427
    1.658760921   32.842978747   67.393088408
    1.671327292   33.688115298   67.114139590
    1.683893662   34.529410602   66.749796515
    1.696460033   35.365421983   66.292027869
    1.709026404   36.195197562   65.761286395
    1.721592774   37.018100288   65.198329975
    1.734159145   37.833149029   64.520832439
    1.746725515   38.639371394   63.798293819
    1.759291886   39.436230895   62.998386244
    1.771858257   40.222499157   62.115485911
    1.784424627   40.997658570   61.234294051
    1.796990998   41.761253550   60.289674488
    1.809557368   42.512458181   59.270308962
    1.822123739   43.250499408   58.191224094
    1.834690110   43.974778650   57.047412900
    1.847256480   44.684222147   55.868347656
    1.859822851   45.378662880   54.619493811
    1.872389222   46.057034669   53.320127424
    1.884955592   46.718861279   51.988594812
    1.897521963   47.363611916   50.623139967
    1.910088333   47.990952305   49.215573358
    1.922654704   48.600378285   47.765865758
    1.935221075   49.191193597   46.254189909
    1.947787445   49.762591954   44.632938106
    1.960353816   50.313159125   42.977716567
    1.972920186   50.842776842   41.330666340
    1.985486557   51.351414146   39.627581973
    1.998052928   51.838652701   37.916211495
    2.010619298   52.303765462   36.091469353
    2.023185669   52.745580547   34.210481113
    2.035752040   53.163947493   32.349764092
    2.048318410   53.558778759   30.479242353
    2.060884781   53.929412748   28.525087513
    2.073451151   54.275449330   26.554692697
    2.086017522   54.596591327   24.535984669
    2.098583893   54.891832812   22.437108321
    2.111150263   55.160439963   20.328210681
    2.123716634   55.402890874   18.252367603
    2.136283004   55.618403998   16.042992050
    2.148849375   55.806296116   13.870863399
    2.161415746   55.967159890   11.728257885
    2.173982116   56.100434952    9.492442296
    2.186548487   56.205235030    7.233188024
    2.199114858   56.281936979    4.972577986
    2.211681228   56.330171894    2.741788605
    2.224247599   56.350413255    0.498773608
    2.236813969   56.342748778   -1.712569836
    2.249380340   56.307315684   -3.914283770
    2.261946711   56.244037202   -6.138146701
    2.274513081   56.153330503   -8.308417656
    2.287079452   56.035186336  -10.501713914
    2.299645822   55.889567175  -12.656534901
    2.312212193   55.716935218  -14.797881430
    2.324778564   55.517996986  -16.861117597
    2.337344934   55.293136496  -18.914567281
    2.349911305   55.042879761  -20.907883484
    2.362477675   54.768074971  -22.823469719
    2.375044046   54.469089326  -24.758535759
    2.387610417   54.146166505  -26.637083332
    2.400176787   53.799788665  -28.469062391
    2.412743158   53.430617396  -30.282767591
    2.425309529   53.039289208  -31.996809380
    2.437875899   52.626856382  -33.634016499
    2.450442270   52.193679782  -35.296505344
    2.463008640   51.740188164  -36.893453041
    2.475575011   51.266556299  -38.445054723
    2.488141382   50.774279187  -39.904293797
    2.500707752   50.263989411  -41.323194357
    2.513274123   49.735926246  -42.724087856
    2.525840493   49.191108528  -43.987112871
    2.538406864   48.630161406  -45.255109354
    2.550973235   48.054079922  -46.435940944
    2.563539605   47.463277922  -47.590870638
    2.576105976   46.858056741  -48.766566947
    2.588672347   46.238652490  -49.802914552
    2.601238717   45.606597054  -50.776143391
    2.613805088   44.962532231  -51.716114167
    2.626371458   44.306919272  -52.634908108
    2.638937829   43.640039806  -53.512409001
    2.651504200   42.962462925  -54.323356958
    2.664070570   42.274980303  -55.061249795
    2.676636941   41.578435457  -55.776033180
    2.689203311   40.873385714  -56.409342929
    2.701769682   40.160783791  -57.010116234
    2.714336053   39.441199093  -57.500269575
    2.726902423   38.715699252  -57.942578200
    2.739468794   37.984916831  -58.370320262
    2.752035165   37.249396532  -58.699315672
    2.764601535   36.509929656  -58.999700649
    2.777167906   35.766723012  -59.268747567
    2.789734276   35.020854425  -59.438376695
    2.802300647   34.273243625  -59.576129893
    2.814867018   33.524281140  -59.630090878
    2.827433388   32.775041749  -59.614077305
    2.839999759   32.026098019  -59.603676595
    2.852566129   31.277539995  -59.508595953
    2.865132500   30.530741034  -59.322721056
    2.877698871   29.786646061  -59.085687773
    2.890265241   29.045870750  -58.788235242
    2.902831612   28.309076881  -58.448502371
    2.915397983   27.576971452  -58.063588578
    2.927964353   26.850029355  -57.654521888
    2.940530724   26.128256969  -57.212901634
    2.953097094   25.412576521  -56.694947383
    2.965663465   24.703588685  -56.161424859
    2.978229836   24.001453345  -55.589086359
    2.990796206   23.306665929  -54.968848023
    3.003362577   22.619764050  -54.355929581
    3.015928947   21.940940824  -53.673241840
    3.028495318   21.270958041  -52.954261067
    3.041061689   20.610133046  -52.220274713
    3.053628059   19.958454665  -51.485185309
    3.066194430   19.316077043  -50.765837460
    3.078760801   18.683005974  -49.976268794
    3.091327171   18.060098646  -49.164772550
    3.103893542   17.447211220  -48.367558804
    3.116459912   16.844139781  -47.613602684
    3.129026283   16.251033851  -46.775798417
