#! FIELDS phi4 ffphi4 dffphi4_phi4
#! SET min_phi4 -pi
#! SET max_phi4 pi
#! SET nbins_phi4  100
#! SET periodic_phi4 true
 -3.141593 13.653625 -46.668677
 -3.078761 10.800877 -44.881820
 -3.015929 8.094870 -39.940792
 -2.953097 5.855943 -31.435477
 -2.890265 4.101485 -24.813113
 -2.827433 2.702840 -19.799082
 -2.764602 1.625573 -14.288728
 -2.701770 0.914165 -8.561304
 -2.638938 0.512080 -4.512784
 -2.576106 0.339242 -0.872117
 -2.513274 0.412588 3.033430
 -2.450442 0.685133 5.345825
 -2.387610 1.077906 7.103253
 -2.324779 1.540919 7.068198
 -2.261947 1.950305 6.152486
 -2.199115 2.334094 5.894829
 -2.136283 2.677030 4.847355
 -2.073451 2.922966 2.769705
 -2.010619 3.038673 1.067251
 -1.947787 3.062190 -0.484343
 -1.884956 2.953754 -3.168610
 -1.822124 2.697958 -4.436008
 -1.759292 2.425167 -4.587115
 -1.696460 2.077120 -6.485448
 -1.633628 1.658491 -6.576681
 -1.570796 1.254076 -6.330444
 -1.507964 0.877158 -5.461578
 -1.445133 0.624341 -2.131470
 -1.382301 0.620925 1.757207
 -1.319469 0.830274 4.929173
 -1.256637 1.251639 8.494514
 -1.193805 1.900141 12.071685
 -1.130973 2.771111 15.535508
 -1.068142 3.840157 18.329527
 -1.005310 5.089295 21.445364
 -0.942478 6.567014 25.755739
 -0.879646 8.298677 27.955631
 -0.816814 9.965196 25.573332
 -0.753982 11.815737 35.283490
 -0.691150 14.343689 41.602946
 -0.628319 16.901446 42.610583
 -0.565487 19.830645 42.086585
 -0.502655 21.589700 25.763485
 -0.439823 24.646870 76.289729
 -0.376991 31.378744 138.196225
 -0.314159 inf nan
 -0.251327 inf nan
 -0.188496 inf nan
 -0.125664 inf nan
 -0.062832 inf nan
 0.000000 inf nan
 0.062832 inf nan
 0.125664 inf nan
 0.188496 inf nan
 0.251327 inf nan
 0.314159 inf nan
 0.376991 inf nan
 0.439823 inf nan
 0.502655 inf nan
 0.565487 inf nan
 0.628319 inf nan
 0.691150 inf nan
 0.753982 inf nan
 0.816814 inf nan
 0.879646 inf nan
 0.942478 inf nan
 1.005310 inf nan
 1.068142 inf nan
 1.130973 inf nan
 1.193805 inf nan
 1.256637 inf nan
 1.319469 inf nan
 1.382301 inf nan
 1.445133 inf nan
 1.507964 inf nan
 1.570796 inf nan
 1.633628 inf nan
 1.696460 inf nan
 1.759292 inf nan
 1.822124 inf nan
 1.884956 inf nan
 1.947787 inf nan
 2.010619 inf nan
 2.073451 inf nan
 2.136283 inf nan
 2.199115 inf nan
 2.261947 inf nan
 2.324779 inf nan
 2.387610 inf nan
 2.450442 inf nan
 2.513274 inf nan
 2.576106 inf nan
 2.638938 inf nan
 2.701770 inf nan
 2.764602 inf nan
 2.827433 44.278821 -213.728667
 2.890265 32.746979 -153.462312
 2.953097 24.887433 -97.956864
 3.015929 20.091985 -59.299011
 3.078761 16.742649 -50.980595
