#! FIELDS psi3 ffpsi3 dffpsi3_psi3
#! SET min_psi3 -pi
#! SET max_psi3 pi
#! SET nbins_psi3  100
#! SET periodic_psi3 true
 -3.141593 8.686845 14.720850
 -3.078761 9.740508 18.826092
 -3.015929 11.114809 25.239715
 -2.953097 12.782422 25.302435
 -2.890265 14.325045 26.906319
 -2.827433 16.463299 40.408244
 -2.764602 19.038503 37.392831
 -2.701770 21.020052 26.648237
 -2.638938 22.712421 28.781087
 -2.576106 24.397252 20.501447
 -2.513274 24.684165 -20.252717
 -2.450442 22.708608 -24.236032
 -2.387610 22.737209 26.224547
 -2.324779 25.359621 40.366284
 -2.261947 25.656207 -17.732739
 -2.199115 25.277881 10.445513
 -2.136283 26.662774 26.056712
 -2.073451 27.417431 -10.364976
 -2.010619 25.627351 -31.564852
 -1.947787 24.867394 11.540982
 -1.884956 27.034872 51.778179
 -1.822124 29.775061 25.222962
 -1.759292 30.872032 16.609458
 -1.696460 32.182722 21.810842
 -1.633628 32.959320 -5.099635
 -1.570796 30.892184 -47.504469
 -1.507964 28.855114 -14.012007
 -1.445133 27.743564 -44.447441
 -1.382301 23.893393 -56.746094
 -1.319469 21.354710 -28.846466
 -1.256637 19.434432 -33.705747
 -1.193805 17.311306 -34.772818
 -1.130973 15.067159 -33.875849
 -1.068142 13.136164 -30.884214
 -1.005310 10.911619 -36.627478
 -0.942478 9.149626 -17.598830
 -0.879646 8.366133 -12.509273
 -0.816814 7.287624 -20.726745
 -0.753982 5.907998 -22.122001
 -0.691150 4.669052 -16.697152
 -0.628319 3.783595 -12.181185
 -0.565487 2.991008 -14.040366
 -0.502655 2.094659 -12.840260
 -0.439823 1.477369 -7.413080
 -0.376991 1.045702 -6.900802
 -0.314159 0.587770 -7.406036
 -0.251327 0.202315 -4.393381
 -0.188496 0.048751 -0.402540
 -0.125664 0.162079 3.563697
 -0.062832 0.385754 2.853475
 0.000000 0.527314 1.954134
 0.062832 0.667505 2.775069
 0.125664 0.918607 5.312692
 0.188496 1.323652 7.042246
 0.251327 1.721184 5.750245
 0.314159 2.178068 8.742554
 0.376991 2.624139 4.358215
 0.439823 2.852606 4.383258
 0.502655 3.212780 6.177804
 0.565487 3.577665 6.195134
 0.628319 4.101453 10.235535
 0.691150 4.741974 8.792439
 0.753982 5.098533 2.699196
 0.816814 5.167021 0.227111
 0.879646 5.287394 4.356512
 0.942478 5.633634 5.357791
 1.005310 5.877096 2.374081
 1.068142 6.053182 4.320775
 1.130973 6.367564 3.876853
 1.193805 6.457976 -0.179533
 1.256637 6.453791 0.530205
 1.319469 6.620464 5.557176
 1.382301 7.110306 7.557035
 1.445133 7.177747 -6.232408
 1.507964 6.636174 -8.128578
 1.570796 6.370018 0.615716
 1.633628 6.737415 9.496997
 1.696460 7.083231 -2.459345
 1.759292 6.610576 -6.751841
 1.822124 6.605264 4.378251
 1.884956 6.690656 -2.733428
 1.947787 6.465661 -2.689311
 2.010619 6.414928 0.064691
 2.073451 6.366305 -1.540995
 2.136283 6.160750 -6.087162
 2.199115 5.754684 -4.161231
 2.261947 5.687298 -0.175244
 2.324779 5.531781 -4.452899
 2.387610 5.227861 -4.943587
 2.450442 4.960412 -2.983770
 2.513274 4.889834 0.348392
 2.576106 4.891496 -0.938194
 2.638938 4.858516 1.132867
 2.701770 5.057164 3.911132
 2.764602 5.198231 0.810269
 2.827433 5.382910 6.706964
 2.890265 5.996050 10.343006
 2.953097 6.478281 5.907825
 3.015929 6.990046 11.334597
 3.078761 7.823511 13.659137
