#! FIELDS phi2 ffphi2 dffphi2_phi2
#! SET min_phi2 -pi
#! SET max_phi2 pi
#! SET nbins_phi2  100
#! SET periodic_phi2 true
 -3.141593 16.321871 -44.690927
 -3.078761 13.709557 -39.769669
 -3.015929 11.233626 -38.206914
 -2.953097 9.064904 -30.476921
 -2.890265 7.310399 -26.247608
 -2.827433 5.764641 -22.695687
 -2.764602 4.414661 -20.651472
 -2.701770 3.222177 -16.561404
 -2.638938 2.395732 -9.524724
 -2.576106 1.990910 -4.236616
 -2.513274 1.754162 -3.646273
 -2.450442 1.556404 -2.384151
 -2.387610 1.480670 -0.021258
 -2.324779 1.545854 2.020472
 -2.261947 1.695682 1.916047
 -2.199115 1.701695 -1.589924
 -2.136283 1.630335 0.094911
 -2.073451 1.723937 2.946745
 -2.010619 2.006682 5.288196
 -1.947787 2.274610 2.994175
 -1.884956 2.430301 2.194116
 -1.822124 2.548231 1.426105
 -1.759292 2.605350 -0.059651
 -1.696460 2.478295 -3.910599
 -1.633628 2.187874 -4.943691
 -1.570796 1.885157 -4.561957
 -1.507964 1.618043 -4.186516
 -1.445133 1.300786 -6.230216
 -1.382301 0.897805 -5.852278
 -1.319469 0.593970 -3.906062
 -1.256637 0.429643 -1.129336
 -1.193805 0.437663 0.980704
 -1.130973 0.548611 3.105448
 -1.068142 0.930323 9.437465
 -1.005310 1.695596 14.074256
 -0.942478 2.654298 16.629275
 -0.879646 3.828019 20.731799
 -0.816814 5.268477 24.795976
 -0.753982 6.889855 26.257449
 -0.691150 8.585456 27.687358
 -0.628319 10.383294 29.262881
 -0.565487 12.279518 31.058352
 -0.502655 14.313447 32.881942
 -0.439823 16.312156 29.920066
 -0.376991 18.101703 26.971904
 -0.314159 19.765628 26.199198
 -0.251327 21.410225 25.267096
 -0.188496 22.878025 20.981568
 -0.125664 24.063448 16.881925
 -0.062832 25.028240 13.527604
 0.000000 25.704834 7.129438
 0.062832 25.874028 -1.393679
 0.125664 25.660433 -4.585259
 0.188496 25.299631 -7.685035
 0.251327 24.637693 -13.019767
 0.314159 23.762730 -14.391026
 0.376991 22.809796 -16.210541
 0.439823 21.763489 -16.468836
 0.502655 20.806456 -13.781324
 0.565487 19.998108 -12.276224
 0.628319 19.312237 -9.034018
 0.691150 18.844733 -6.077073
 0.753982 18.624741 -0.160784
 0.816814 18.785259 4.056287
 0.879646 19.097342 6.679022
 0.942478 19.646710 10.106775
 1.005310 20.446733 17.124884
 1.068142 21.890044 27.630224
 1.130973 23.720959 29.776509
 1.193805 25.724227 34.756420
 1.256637 28.056390 37.867238
 1.319469 30.512346 41.353834
 1.382301 33.346174 47.564444
 1.445133 36.408643 49.056020
 1.507964 39.567095 50.573945
 1.570796 42.732595 48.366579
 1.633628 45.678269 45.275609
 1.696460 48.542802 44.743824
 1.759292 51.172024 37.413447
 1.822124 53.357395 33.063987
 1.884956 55.501257 35.743103
 1.947787 57.918094 39.835659
 2.010619 60.174660 29.101560
 2.073451 61.719497 20.541627
 2.136283 62.349914 -0.741128
 2.199115 62.303200 -0.340118
 2.261947 61.771991 -18.144934
 2.324779 60.258368 -27.575329
 2.387610 58.423271 -32.698314
 2.450442 55.943424 -46.098997
 2.513274 52.750351 -53.933733
 2.576106 49.298500 -55.932010
 2.638938 45.661401 -60.075056
 2.701770 41.798958 -62.012829
 2.764602 37.926835 -61.254756
 2.827433 34.091707 -60.680060
 2.890265 30.292763 -60.655977
 2.953097 26.443801 -61.142399
 3.015929 22.744342 -56.094380
 3.078761 19.366222 -51.592081
