#! FIELDS phi2 ffphi2 dffphi2_phi2
#! SET min_phi2 -pi
#! SET max_phi2 pi
#! SET nbins_phi2  100
#! SET periodic_phi2 true
 -3.141593 16.493423 -41.282702
 -3.078761 13.960432 -38.614643
 -3.015929 11.596118 -38.067808
 -2.953097 9.202450 -35.841315
 -2.890265 7.272902 -26.097041
 -2.827433 5.760353 -22.763342
 -2.764602 4.444793 -18.745863
 -2.701770 3.374954 -15.744646
 -2.638938 2.484545 -12.037786
 -2.576106 1.880665 -7.656957
 -2.513274 1.457639 -6.040776
 -2.450442 1.132872 -4.096771
 -2.387610 0.958127 -1.558457
 -2.324779 0.915764 -0.014459
 -2.261947 0.947897 1.103013
 -2.199115 1.067480 2.583062
 -2.136283 1.251502 3.165393
 -2.073451 1.472867 3.797006
 -2.010619 1.711329 3.671070
 -1.947787 1.947242 3.908734
 -1.884956 2.200518 3.942345
 -1.822124 2.433758 3.415745
 -1.759292 2.592272 0.917072
 -1.696460 2.523662 -2.550069
 -1.633628 2.347595 -3.073291
 -1.570796 2.112044 -4.480196
 -1.507964 1.804025 -5.224120
 -1.445133 1.467114 -5.391040
 -1.382301 1.159979 -4.226079
 -1.319469 0.922607 -3.483986
 -1.256637 0.759611 -1.178031
 -1.193805 0.811906 2.677580
 -1.130973 1.062680 5.190378
 -1.068142 1.492892 8.763061
 -1.005310 2.191486 13.522986
 -0.942478 3.176509 17.301156
 -0.879646 4.328855 19.383183
 -0.816814 5.659312 23.094815
 -0.753982 7.242813 27.092400
 -0.691150 9.022040 28.236304
 -0.628319 10.721508 26.749616
 -0.565487 12.582438 32.399453
 -0.502655 14.721338 34.927537
 -0.439823 16.864910 31.058993
 -0.376991 18.424947 17.331186
 -0.314159 19.442021 21.889708
 -0.251327 21.226467 21.841107
 -0.188496 21.671137 9.864405
 -0.125664 23.953727 65.435329
 -0.062832 30.034602 128.124931
 0.000000 inf nan
 0.062832 inf nan
 0.125664 inf nan
 0.188496 inf nan
 0.251327 inf nan
 0.314159 inf nan
 0.376991 inf nan
 0.439823 inf nan
 0.502655 inf nan
 0.565487 inf nan
 0.628319 inf nan
 0.691150 inf nan
 0.753982 inf nan
 0.816814 inf nan
 0.879646 inf nan
 0.942478 inf nan
 1.005310 inf nan
 1.068142 inf nan
 1.130973 inf nan
 1.193805 inf nan
 1.256637 inf nan
 1.319469 inf nan
 1.382301 inf nan
 1.445133 inf nan
 1.507964 inf nan
 1.570796 inf nan
 1.633628 inf nan
 1.696460 inf nan
 1.759292 inf nan
 1.822124 inf nan
 1.884956 inf nan
 1.947787 inf nan
 2.010619 inf nan
 2.073451 inf nan
 2.136283 inf nan
 2.199115 inf nan
 2.261947 inf nan
 2.324779 inf nan
 2.387610 inf nan
 2.450442 inf nan
 2.513274 inf nan
 2.576106 inf nan
 2.638938 inf nan
 2.701770 inf nan
 2.764602 inf nan
 2.827433 inf nan
 2.890265 41.850034 -203.912715
 2.953097 30.912670 -144.592750
 3.015929 23.578170 -90.163324
 3.078761 19.268423 -51.166291
