#! FIELDS phi2 ffphi2 dffphi2_phi2
#! SET min_phi2 -pi
#! SET max_phi2 pi
#! SET nbins_phi2  100
#! SET periodic_phi2 true
 -3.141593 16.772009 -48.201109
 -3.078761 13.873831 -43.567773
 -3.015929 11.379129 -35.642871
 -2.953097 9.297458 -31.907765
 -2.890265 7.351095 -28.702285
 -2.827433 5.835718 -19.384965
 -2.764602 4.862721 -12.385793
 -2.701770 4.115077 -12.722652
 -2.638938 3.231519 -14.729654
 -2.576106 2.389605 -11.015985
 -2.513274 1.924303 -3.863090
 -2.450442 1.850236 0.695837
 -2.387610 1.849405 -1.913307
 -2.324779 1.648153 -3.205865
 -2.261947 1.518578 -1.137232
 -2.199115 1.545193 2.887054
 -2.136283 1.952610 9.228890
 -2.073451 2.407589 3.442042
 -2.010619 2.555935 2.953000
 -1.947787 2.646978 -1.521049
 -1.884956 2.545570 0.334943
 -1.822124 2.690460 2.926516
 -1.759292 2.802589 0.218556
 -1.696460 2.695553 -3.455183
 -1.633628 2.427779 -4.730365
 -1.570796 2.144931 -4.341935
 -1.507964 1.790956 -7.538577
 -1.445133 1.232676 -9.534439
 -1.382301 0.727940 -5.559471
 -1.319469 0.481352 -3.889998
 -1.256637 0.161829 -5.330628
 -1.193805 -0.008926 0.651254
 -1.130973 0.171574 3.787005
 -1.068142 0.468701 7.002523
 -1.005310 1.167759 14.849373
 -0.942478 2.197717 16.829004
 -0.879646 3.252055 17.250320
 -0.816814 4.533659 24.527818
 -0.753982 6.287853 29.061564
 -0.691150 7.977709 24.924098
 -0.628319 9.680915 30.394580
 -0.565487 11.692824 31.396635
 -0.502655 13.607976 30.288770
 -0.439823 15.457554 27.530689
 -0.376991 17.239404 30.645759
 -0.314159 19.282553 31.794516
 -0.251327 21.004726 22.939086
 -0.188496 22.382936 21.671823
 -0.125664 23.708801 19.393172
 -0.062832 24.738856 12.697418
 0.000000 25.284753 5.220085
 0.062832 25.512617 1.986149
 0.125664 25.488915 -2.434413
 0.188496 25.285444 -4.402939
 0.251327 24.795887 -11.962215
 0.314159 23.851096 -16.684202
 0.376991 22.816471 -16.484847
 0.439823 21.735209 -17.527433
 0.502655 20.715366 -14.323427
 0.565487 19.954596 -10.275501
 0.628319 19.365920 -8.706755
 0.691150 18.855571 -7.316394
 0.753982 18.512962 -3.169717
 0.816814 18.478742 1.928354
 0.879646 18.716315 5.760981
 0.942478 19.314476 13.793542
 1.005310 20.367546 18.342545
 1.068142 21.526625 18.585740
 1.130973 22.807704 22.882339
 1.193805 24.438233 28.969068
 1.256637 26.502972 36.794077
 1.319469 29.017217 42.109254
 1.382301 31.810369 47.102758
 1.445133 35.018247 54.079661
 1.507964 38.610184 58.919464
 1.570796 42.293468 53.436683
 1.633628 45.272684 45.096841
 1.696460 48.619670 60.094097
 1.759292 51.994699 34.668824
 1.822124 52.883647 10.186916
 1.884956 54.982292 61.143067
 1.947787 60.759421 122.969599
 2.010619 70.455280 185.659201
 2.073451 inf nan
 2.136283 inf nan
 2.199115 inf nan
 2.261947 inf nan
 2.324779 inf nan
 2.387610 83.429280 -247.079493
 2.450442 69.579666 -188.432996
 2.513274 59.343617 -136.946015
 2.576106 51.999085 -99.572637
 2.638938 46.599614 -73.248432
 2.701770 42.484470 -62.037856
 2.764602 38.487942 -64.466222
 2.827433 34.451651 -64.227527
 2.890265 30.455585 -62.189789
 2.953097 26.696919 -57.207075
 3.015929 23.243386 -53.397939
 3.078761 19.923919 -51.993538
