#! FIELDS psi3 ffpsi3 dffpsi3_psi3
#! SET min_psi3 -pi
#! SET max_psi3 pi
#! SET nbins_psi3  100
#! SET periodic_psi3 true
 -3.141593 7.506508 17.360381
 -3.078761 8.593728 17.495570
 -3.015929 9.702757 17.650774
 -2.953097 10.923462 20.989487
 -2.890265 12.142086 17.572905
 -2.827433 13.604803 33.292577
 -2.764602 16.283305 44.265037
 -2.701770 18.183295 16.962078
 -2.638938 18.676395 -2.335802
 -2.576106 18.653776 10.147114
 -2.513274 20.386787 42.538612
 -2.450442 22.942725 29.613252
 -2.387610 24.404653 22.148215
 -2.324779 25.695698 16.492375
 -2.261947 26.479995 8.999254
 -2.199115 27.048660 11.127375
 -2.136283 27.889657 13.867568
 -2.073451 28.540772 5.028314
 -2.010619 28.724810 4.945870
 -1.947787 29.480403 19.052983
 -1.884956 30.625517 8.920405
 -1.822124 30.400355 -7.157955
 -1.759292 30.455794 8.128421
 -1.696460 31.009931 2.016932
 -1.633628 27.543347 -110.585590
 -1.570796 21.404121 -72.495199
 -1.507964 18.774936 -10.945785
 -1.445133 19.974909 46.914258
 -1.382301 22.197580 -26.966820
 -1.319469 18.515953 -53.409031
 -1.256637 16.386505 -17.668959
 -1.193805 15.340219 -24.430296
 -1.130973 13.356329 -30.878278
 -1.068142 11.908258 -17.720332
 -1.005310 10.585472 -26.716344
 -0.942478 8.711996 -29.796869
 -0.879646 7.046567 -23.569306
 -0.816814 5.779998 -15.723886
 -0.753982 4.979008 -11.632882
 -0.691150 4.247009 -11.725465
 -0.628319 3.481876 -12.187898
 -0.565487 2.772581 -10.863289
 -0.502655 2.020005 -13.166923
 -0.439823 1.191746 -12.238266
 -0.376991 0.654477 -4.020026
 -0.314159 0.536630 -2.338591
 -0.251327 0.273211 -4.492362
 -0.188496 0.110263 -0.742732
 -0.125664 0.194739 3.955236
 -0.062832 0.582335 6.841101
 0.000000 0.902899 3.629813
 0.062832 1.171760 5.651372
 0.125664 1.642473 8.905366
 0.188496 2.200063 8.207717
 0.251327 2.647390 5.495141
 0.314159 2.879749 3.181949
 0.376991 3.264791 9.442527
 0.439823 3.842693 6.076841
 0.502655 4.004764 1.820664
 0.565487 4.368076 10.193384
 0.628319 5.122947 10.902457
 0.691150 5.519829 3.176591
 0.753982 5.703260 1.948684
 0.816814 5.800584 2.548113
 0.879646 5.987468 2.457379
 0.942478 6.276048 7.790821
 1.005310 6.706964 3.234163
 1.068142 6.781510 1.711597
 1.130973 7.099008 7.988327
 1.193805 7.572600 5.684976
 1.256637 7.790014 -0.100512
 1.319469 7.384777 -9.877610
 1.382301 7.225387 6.724225
 1.445133 7.715359 2.377016
 1.507964 7.630745 0.829257
 1.570796 8.033208 8.626725
 1.633628 8.037765 -12.515109
 1.696460 6.762815 -21.235932
 1.759292 6.008909 -1.441419
 1.822124 6.314473 6.475239
 1.884956 6.371752 -3.801366
 1.947787 6.196329 -1.355502
 2.010619 5.940894 -8.156212
 2.073451 5.370564 -7.812556
 2.136283 4.958981 -6.975349
 2.199115 4.366558 -10.989773
 2.261947 3.931538 -0.104060
 2.324779 4.325382 8.500972
 2.387610 4.433144 -5.306119
 2.450442 4.026418 -5.610168
 2.513274 3.762096 -3.274702
 2.576106 3.634346 -0.445678
 2.638938 3.592944 -2.518827
 2.701770 3.420488 -0.019508
 2.764602 3.705065 6.899404
 2.827433 4.071902 5.322074
 2.890265 4.494969 8.195032
 2.953097 5.045262 8.555578
 3.015929 5.595917 10.263454
 3.078761 6.436104 15.932709
