#! FIELDS phi2 ffphi2 dffphi2_phi2
#! SET min_phi2 -pi
#! SET max_phi2 pi
#! SET nbins_phi2  100
#! SET periodic_phi2 true
 -3.141593 16.128518 -47.718689
 -3.078761 13.384631 -38.445448
 -3.015929 11.170059 -34.113409
 -2.953097 9.020767 -33.223652
 -2.890265 7.136574 -26.513552
 -2.827433 5.603925 -23.116922
 -2.764602 4.243921 -19.398799
 -2.701770 3.187041 -14.697752
 -2.638938 2.428438 -8.564045
 -2.576106 1.997461 -8.400975
 -2.513274 1.250413 -12.263966
 -2.450442 0.800147 -1.973220
 -2.387610 0.779846 -0.722478
 -2.324779 0.712505 0.245173
 -2.261947 0.912020 5.382506
 -2.199115 1.280310 6.145014
 -2.136283 1.683071 6.069283
 -2.073451 1.991951 3.898283
 -2.010619 2.206832 2.726871
 -1.947787 2.307963 1.126853
 -1.884956 2.526590 6.083788
 -1.822124 2.858279 2.555571
 -1.759292 2.824000 -3.196110
 -1.696460 2.533812 -4.863856
 -1.633628 2.363935 -0.404695
 -1.570796 2.342571 -1.997617
 -1.507964 2.011183 -7.992706
 -1.445133 1.519629 -6.328124
 -1.382301 1.239675 -3.764851
 -1.319469 0.887657 -7.373060
 -1.256637 0.539353 -1.791897
 -1.193805 0.650219 3.231621
 -1.130973 0.810190 3.148157
 -1.068142 1.246632 10.751475
 -1.005310 1.999955 12.023140
 -0.942478 2.832951 16.035480
 -0.879646 4.084648 22.610231
 -0.816814 5.528025 23.207889
 -0.753982 7.098540 26.790144
 -0.691150 8.807002 26.705249
 -0.628319 10.549596 29.920601
 -0.565487 12.598832 33.739742
 -0.502655 14.623284 29.914695
 -0.439823 16.439991 28.593327
 -0.376991 18.280844 29.217167
 -0.314159 20.015665 25.240229
 -0.251327 21.573203 25.684183
 -0.188496 23.232747 24.611855
 -0.125664 24.472271 15.228147
 -0.062832 25.290227 10.675105
 0.000000 25.772730 4.519240
 0.062832 25.880259 -0.869559
 0.125664 25.715760 -4.267753
 0.188496 25.316505 -8.458096
 0.251327 24.712010 -10.830755
 0.314159 23.852262 -16.995368
 0.376991 22.693432 -18.491710
 0.439823 21.590322 -17.007627
 0.502655 20.539729 -16.065105
 0.565487 19.597631 -14.227896
 0.628319 18.717438 -13.338020
 0.691150 18.041717 -7.751941
 0.753982 17.688574 -4.179369
 0.816814 17.487743 -1.854093
 0.879646 17.531493 3.412208
 0.942478 17.889329 7.763142
 1.005310 18.480812 10.468961
 1.068142 19.193019 13.058821
 1.130973 20.270308 21.658701
 1.193805 21.880340 28.770505
 1.256637 23.852011 34.072754
 1.319469 26.193377 39.767404
 1.382301 28.872299 46.024857
 1.445133 32.085264 55.474229
 1.507964 35.816373 61.602467
 1.570796 39.754930 60.873363
 1.633628 43.459542 54.992930
 1.696460 46.748382 48.359389
 1.759292 49.678460 44.882338
 1.822124 52.455480 41.931148
 1.884956 54.891151 34.972515
 1.947787 56.963851 31.301899
 2.010619 58.982569 33.953384
 2.073451 61.132125 29.187587
 2.136283 62.231902 7.861439
 2.199115 62.343749 -5.635037
 2.261947 61.576430 -17.264462
 2.324779 60.160011 -28.517765
 2.387610 58.080041 -36.497840
 2.450442 55.646610 -40.902455
 2.513274 52.914184 -46.602418
 2.576106 49.653895 -57.753337
 2.638938 45.810268 -62.427118
 2.701770 41.979240 -59.225185
 2.764602 38.273986 -59.642769
 2.827433 34.485941 -60.683477
 2.890265 30.557319 -64.860416
 2.953097 26.400237 -66.266215
 3.015929 22.447430 -57.794579
 3.078761 19.158664 -48.569406
