#! FIELDS phi3 ffphi3 dffphi3_phi3
#! SET min_phi3 -pi
#! SET max_phi3 pi
#! SET nbins_phi3  100
#! SET periodic_phi3 true
 -3.141593 14.227449 -42.848923
 -3.078761 11.682446 -38.416219
 -3.015929 9.424885 -33.080915
 -2.953097 7.505101 -28.548868
 -2.890265 5.813011 -25.104227
 -2.827433 4.396597 -19.604887
 -2.764602 3.349029 -14.248278
 -2.701770 2.559107 -10.754876
 -2.638938 2.024511 -6.379353
 -2.576106 1.747697 -2.316950
 -2.513274 1.713336 0.578238
 -2.450442 1.754412 0.590866
 -2.387610 1.821035 1.798274
 -2.324779 1.973764 2.633257
 -2.261947 2.124210 2.281744
 -2.199115 2.299487 3.353051
 -2.136283 2.535834 3.868845
 -2.073451 2.736573 2.255242
 -2.010619 2.841806 1.244351
 -1.947787 2.879017 -0.449197
 -1.884956 2.770575 -2.828198
 -1.822124 2.544267 -4.551505
 -1.759292 2.184300 -6.740490
 -1.696460 1.739896 -7.317862
 -1.633628 1.245150 -8.615927
 -1.570796 0.681123 -8.895639
 -1.507964 0.177552 -6.907247
 -1.445133 -0.159889 -3.633404
 -1.382301 -0.261536 0.368220
 -1.319469 -0.112598 4.478203
 -1.256637 0.331369 9.741675
 -1.193805 1.096205 14.309264
 -1.130973 2.126677 18.541276
 -1.068142 3.437637 22.974444
 -1.005310 4.994752 26.257979
 -0.942478 6.734623 28.951336
 -0.879646 8.651822 31.897656
 -0.816814 10.755183 34.703830
 -0.753982 13.005714 36.329111
 -0.691150 15.306703 36.399844
 -0.628319 17.628177 37.693199
 -0.565487 20.131101 41.387088
 -0.502655 22.707827 38.445567
 -0.439823 24.888636 31.480548
 -0.376991 27.016976 38.186313
 -0.314159 29.630385 41.005383
 -0.251327 31.810575 28.611647
 -0.188496 33.791054 35.131215
 -0.125664 34.750546 -10.812458
 -0.062832 34.309917 1.499308
 0.000000 34.324927 0.725151
 0.062832 35.507354 41.049778
 0.125664 36.781594 -47.769507
 0.188496 32.715618 -57.531944
 0.251327 29.780102 -36.245997
 0.314159 28.218783 -16.564290
 0.376991 26.633959 -39.350140
 0.439823 23.788532 -46.411769
 0.502655 20.977156 -42.940413
 0.565487 18.370839 -40.451897
 0.628319 15.883285 -38.219195
 0.691150 13.637906 -33.226396
 0.753982 11.652401 -30.208865
 0.816814 9.899438 -24.815351
 0.879646 8.583569 -17.192910
 0.942478 7.702988 -10.973215
 1.005310 7.216869 -4.346706
 1.068142 7.178032 3.310176
 1.130973 7.649804 11.632746
 1.193805 8.641128 20.023240
 1.256637 10.188758 29.184789
 1.319469 12.301096 37.671328
 1.382301 14.920250 45.377618
 1.445133 18.004319 51.636965
 1.507964 21.351363 54.058457
 1.570796 24.987124 61.450608
 1.633628 29.036799 63.755921
 1.696460 32.608279 43.354629
 1.759292 35.121059 48.246205
 1.822124 39.760483 101.836582
 1.884956 48.105595 163.838126
 1.947787 inf nan
 2.010619 inf nan
 2.073451 inf nan
 2.136283 inf nan
 2.199115 inf nan
 2.261947 inf nan
 2.324779 inf nan
 2.387610 inf nan
 2.450442 inf nan
 2.513274 57.325318 -212.698865
 2.576106 45.930506 -150.009264
 2.638938 38.467150 -87.671663
 2.701770 34.812541 -31.402328
 2.764602 33.309515 -32.514409
 2.827433 30.620743 -43.756755
 2.890265 27.652375 -55.750326
 2.953097 23.851244 -60.415926
 3.015929 20.296942 -53.158392
 3.078761 17.100441 -48.548516
