#! FIELDS psi3 ffpsi3 dffpsi3_psi3
#! SET min_psi3 -pi
#! SET max_psi3 pi
#! SET nbins_psi3  100
#! SET periodic_psi3 true
 -3.141593 8.798898 17.054166
 -3.078761 9.995176 18.721717
 -3.015929 11.047123 16.772842
 -2.953097 12.356941 24.306937
 -2.890265 13.744742 17.323877
 -2.827433 14.851128 21.387635
 -2.764602 16.327308 22.589299
 -2.701770 17.799283 26.841439
 -2.638938 19.671066 29.364918
 -2.576106 21.258419 21.730765
 -2.513274 22.198305 4.635428
 -2.450442 22.292253 4.747408
 -2.387610 22.913324 12.959603
 -2.324779 23.999696 21.991205
 -2.261947 25.302347 16.203625
 -2.199115 26.014971 6.527714
 -2.136283 26.248987 2.940136
 -2.073451 26.563018 7.714309
 -2.010619 27.217674 11.602788
 -1.947787 27.722456 2.835273
 -1.884956 27.741278 0.180581
 -1.822124 27.757052 -0.890773
 -1.759292 27.782240 4.370847
 -1.696460 28.463741 16.141644
 -1.633628 29.303023 4.801847
 -1.570796 28.902856 -13.919169
 -1.507964 27.799816 -22.125787
 -1.445133 26.140525 -29.451637
 -1.382301 23.922557 -44.204133
 -1.319469 20.841717 -47.540563
 -1.256637 18.258591 -38.858806
 -1.193805 15.298232 -52.982415
 -1.130973 12.579165 -27.864242
 -1.068142 11.831076 -1.578953
 -1.005310 11.272887 -20.586091
 -0.942478 9.588271 -29.194816
 -0.879646 7.920928 -22.706397
 -0.816814 6.642217 -19.424224
 -0.753982 5.480362 -16.894167
 -0.691150 4.522948 -13.800106
 -0.628319 3.714962 -12.490956
 -0.565487 2.875161 -14.470384
 -0.502655 1.963491 -13.583233
 -0.439823 1.251274 -8.926372
 -0.376991 0.823721 -5.201168
 -0.314159 0.518582 -4.804536
 -0.251327 0.239133 -4.056964
 -0.188496 -0.014096 -3.826323
 -0.125664 -0.128919 0.886451
 -0.062832 0.062649 4.232155
 0.000000 0.343905 4.920959
 0.062832 0.706601 6.300495
 0.125664 1.082348 5.285065
 0.188496 1.365647 4.158717
 0.251327 1.734031 8.308310
 0.314159 2.364835 10.376391
 0.376991 2.905687 6.734415
 0.439823 3.292833 5.909133
 0.502655 3.641238 5.270567
 0.565487 4.015374 6.314919
 0.628319 4.280435 1.367695
 0.691150 4.344873 2.622374
 0.753982 4.688594 7.407478
 0.816814 5.146669 6.665942
 0.879646 5.532074 5.601614
 0.942478 5.836903 4.007597
 1.005310 6.066008 3.396535
 1.068142 6.292167 4.165057
 1.130973 6.589493 4.823240
 1.193805 6.892205 4.947094
 1.256637 7.187427 3.860833
 1.319469 7.365000 2.198080
 1.382301 7.503976 2.283937
 1.445133 7.644555 1.372001
 1.507964 7.577910 -3.020969
 1.570796 7.437732 -0.756526
 1.633628 7.433048 -0.203558
 1.696460 7.354623 -2.518620
 1.759292 7.135797 -3.889066
 1.822124 6.964299 -1.188025
 1.884956 6.941858 -0.276581
 1.947787 6.878298 -1.958867
 2.010619 6.668455 -4.751253
 2.073451 6.357763 -4.595557
 2.136283 6.095458 -3.591561
 2.199115 5.951606 -1.501508
 2.261947 5.782012 -4.018836
 2.324779 5.564970 -2.105851
 2.387610 5.519938 0.070602
 2.450442 5.484237 -1.800406
 2.513274 5.293045 -3.947408
 2.576106 5.029922 -4.088377
 2.638938 4.880037 0.108999
 2.701770 5.033281 3.854865
 2.764602 5.275911 3.660346
 2.827433 5.532398 4.805411
 2.890265 5.884999 6.336191
 2.953097 6.355642 8.768882
 3.015929 7.001578 12.020492
 3.078761 7.854325 14.222453
