#! FIELDS psi3 ffpsi3 dffpsi3_psi3
#! SET min_psi3 -pi
#! SET max_psi3 pi
#! SET nbins_psi3  500
#! SET periodic_psi3 true
 -3.141593 9.438297 -24.546247
 -3.129026 9.159236 -19.754510
 -3.116460 8.943526 -14.548042
 -3.103894 8.793548 -9.360567
 -3.091327 8.706883 -4.512208
 -3.078761 8.677805 -0.226898
 -3.066194 8.698272 3.358968
 -3.053628 8.759004 6.173808
 -3.041062 8.850190 8.210851
 -3.028495 8.962266 9.501301
 -3.015929 9.086176 10.105746
 -3.003363 9.213795 10.111268
 -2.990796 9.338266 9.630046
 -2.978230 9.454428 8.816076
 -2.965663 9.559200 7.849247
 -2.953097 9.651805 6.911789
 -2.940531 9.733907 6.129998
 -2.927964 9.807754 5.617779
 -2.915398 9.876832 5.350180
 -2.902832 9.943678 5.254575
 -2.890265 10.009833 5.209259
 -2.877699 10.074902 5.080843
 -2.865133 10.137152 4.736280
 -2.852566 10.193253 4.098261
 -2.840000 10.239384 3.149107
 -2.827433 10.271936 1.958615
 -2.814867 10.288542 0.653073
 -2.802301 10.288843 -0.607690
 -2.789734 10.274396 -1.673190
 -2.777168 10.248181 -2.467667
 -2.764602 10.213648 -3.004138
 -2.752035 10.173698 -3.346476
 -2.739469 10.130010 -3.626798
 -2.726902 10.082525 -3.962706
 -2.714336 10.029661 -4.479611
 -2.701770 9.968856 -5.250215
 -2.689203 9.896636 -6.286553
 -2.676637 9.810020 -7.521727
 -2.664071 9.707279 -8.837979
 -2.651504 9.588206 -10.088892
 -2.638938 9.454490 -11.144245
 -2.626371 9.309182 -11.931612
 -2.613805 9.155634 -12.445639
 -2.601239 8.997340 -12.708614
 -2.588672 8.837090 -12.754615
 -2.576106 8.677476 -12.609187
 -2.563540 8.520887 -12.275443
 -2.550973 8.369649 -11.756506
 -2.538407 8.225970 -11.074497
 -2.525840 8.091579 -10.289734
 -2.513274 7.967255 -9.500402
 -2.500708 7.852234 -8.817394
 -2.488141 7.744654 -8.342072
 -2.475575 7.641373 -8.134854
 -2.463009 7.539050 -8.186850
 -2.450442 7.434794 -8.424414
 -2.437876 7.326986 -8.727088
 -2.425310 7.215759 -8.951897
 -2.412743 7.102956 -8.958994
 -2.400177 6.991903 -8.658728
 -2.387610 6.886830 -8.004520
 -2.375044 6.792225 -7.005870
 -2.362478 6.712050 -5.713982
 -2.349911 6.649450 -4.228469
 -2.337345 6.606151 -2.667225
 -2.324779 6.582311 -1.162029
 -2.312212 6.576365 0.167740
 -2.299646 6.585520 1.225165
 -2.287079 6.606012 1.969235
 -2.274513 6.633901 2.410605
 -2.261947 6.665747 2.609433
 -2.249380 6.699098 2.668724
 -2.236814 6.732915 2.699518
 -2.224248 6.767490 2.795922
 -2.211681 6.804072 3.031753
 -2.199115 6.844727 3.439932
 -2.186548 6.891697 4.037049
 -2.173982 6.947319 4.817323
 -2.161416 7.013823 5.761281
 -2.148849 7.093141 6.843289
 -2.136283 7.186782 8.038139
 -2.123717 7.295943 9.303181
 -2.111150 7.421243 10.586658
 -2.098584 7.562423 11.834661
 -2.086018 7.718685 12.959641
 -2.073451 7.887898 13.881542
 -2.060885 8.067004 14.525074
 -2.048318 8.252190 14.833159
 -2.035752 8.439183 14.814815
 -2.023186 8.624179 14.536858
 -2.010619 8.804683 14.109550
 -1.998053 8.979657 13.671339
 -1.985487 9.149609 13.330223
 -1.972920 9.316148 13.117225
 -1.960354 9.480809 13.008294
 -1.947787 9.644343 12.924556
 -1.935221 9.806351 12.765871
 -1.922655 9.965569 12.441707
 -1.910088 10.119535 11.939465
 -1.897522 10.266122 11.287157
 -1.884956 10.403934 10.567200
 -1.872389 10.532846 9.888706
 -1.859823 10.654174 9.369227
 -1.847256 10.770376 9.106266
 -1.834690 10.884966 9.128865
 -1.822124 11.001533 9.394963
 -1.809557 11.122520 9.816061
 -1.796991 11.249042 10.237305
 -1.784425 11.379973 10.481634
 -1.771858 11.512017 10.390570
 -1.759292 11.640141 9.867821
 -1.746726 11.759063 8.936706
 -1.734159 11.864262 7.728993
 -1.721593 11.953716 6.459137
 -1.709026 12.028075 5.353853
 -1.696460 12.090419 4.583861
 -1.683894 12.145433 4.187758
 -1.671327 12.197637 4.122991
 -1.658761 12.250545 4.266703
 -1.646195 12.305819 4.470167
 -1.633628 12.363179 4.579633
 -1.621062 12.420643 4.483513
 -1.608495 12.475300 4.140145
 -1.595929 12.524274 3.593441
 -1.583363 12.565987 2.978406
 -1.570796 12.600402 2.498207
 -1.558230 12.630185 2.280456
 -1.545664 12.659351 2.379355
 -1.533097 12.691381 2.742630
 -1.520531 12.728902 3.193349
 -1.507964 12.771746 3.551981
 -1.495398 12.817535 3.640628
 -1.482832 12.862102 3.366916
 -1.470265 12.901051 2.763434
 -1.457699 12.931115 1.967180
 -1.445133 12.950738 1.158329
 -1.432566 12.960884 0.469566
 -1.420000 12.963536 -0.050210
 -1.407434 12.960208 -0.439569
 -1.394867 12.952332 -0.809553
 -1.382301 12.938792 -1.337409
 -1.369734 12.916798 -2.228341
 -1.357168 12.880089 -3.706442
 -1.344602 12.818508 -6.168165
 -1.332035 12.718842 -9.814831
 -1.319469 12.565232 -14.705623
 -1.306903 12.343722 -20.479942
 -1.294336 12.047600 -26.425767
 -1.281770 11.679495 -31.749280
 -1.269203 11.251567 -35.909326
 -1.256637 10.778849 -38.830580
 -1.244071 10.276018 -40.738822
 -1.231504 9.753982 -41.969206
 -1.218938 9.218988 -42.841305
 -1.206372 8.674222 -43.559894
 -1.193805 8.121033 -44.207119
 -1.181239 7.560131 -44.790258
 -1.168672 6.992823 -45.241170
 -1.156106 6.420946 -45.490786
 -1.143540 5.848054 -45.436997
 -1.130973 5.278320 -45.016107
 -1.118407 4.716299 -44.216334
 -1.105841 4.166839 -43.050938
 -1.093274 3.633955 -41.589854
 -1.080708 3.121075 -39.904020
 -1.068142 2.630478 -38.074413
 -1.055575 2.163445 -36.171583
 -1.043009 1.720628 -34.238439
 -1.030442 1.302176 -32.300873
 -1.017876 0.908125 -30.365785
 -1.005310 0.538415 -28.434779
 -0.992743 0.192958 -26.512439
 -0.980177 -0.128419 -24.606677
 -0.967611 -0.425938 -22.724242
 -0.955044 -0.699995 -20.875755
 -0.942478 -0.951011 -19.060333
 -0.929911 -1.179391 -17.275281
 -0.917345 -1.385457 -15.511959
 -0.904779 -1.569465 -13.764112
 -0.892212 -1.731553 -12.025739
 -0.879646 -1.871820 -10.293496
 -0.867080 -1.990345 -8.568012
 -0.854513 -2.087212 -6.848024
 -0.841947 -2.162482 -5.131615
 -0.829380 -2.216172 -3.415133
 -0.816814 -2.248258 -1.693520
 -0.804248 -2.258635 0.039146
 -0.791681 -2.247138 1.785053
 -0.779115 -2.213602 3.544205
 -0.766549 -2.157883 5.307615
 -0.753982 -2.080037 7.061959
 -0.741416 -1.980326 8.782679
 -0.728849 -1.859340 10.435887
 -0.716283 -1.718158 11.986853
 -0.703717 -1.558285 13.397845
 -0.691150 -1.381684 14.641344
 -0.678584 -1.190580 15.702826
 -0.666018 -0.987219 16.585237
 -0.653451 -0.773718 17.319487
 -0.640885 -0.551640 17.948667
 -0.628319 -0.321973 18.527188
 -0.615752 -0.085067 19.103819
 -0.603186 0.159279 19.705575
 -0.590619 0.411477 20.340481
 -0.578053 0.671835 21.002496
 -0.565487 0.940649 21.659887
 -0.552920 1.217637 22.296434
 -0.540354 1.502387 22.885824
 -0.527788 1.794130 23.411596
 -0.515221 2.092069 23.843161
 -0.502655 2.394781 24.172768
 -0.490088 2.700842 24.371846
 -0.477522 3.008500 24.412568
 -0.464956 3.315617 24.284747
 -0.452389 3.620076 23.986713
 -0.439823 3.919835 23.542901
 -0.427257 4.213466 22.989987
 -0.414690 4.499785 22.408499
 -0.402124 4.778947 21.852090
 -0.389557 5.051593 21.385644
 -0.376991 5.319124 21.048934
 -0.364425 5.583332 20.856713
 -0.351858 5.846078 20.806827
 -0.339292 6.109019 20.890300
 -0.326726 6.373642 21.082448
 -0.314159 6.641220 21.353809
 -0.301593 6.912592 21.683491
 -0.289027 7.188295 22.049542
 -0.276460 7.468620 22.428241
 -0.263894 7.753615 22.777089
 -0.251327 8.042691 23.062297
 -0.238761 8.334702 23.247688
 -0.226195 8.628099 23.283284
 -0.213628 8.920811 23.110939
 -0.201062 9.209889 22.693692
 -0.188496 9.491948 21.986493
 -0.175929 9.763121 20.963382
 -0.163363 10.019410 19.633480
 -0.150796 10.257441 18.044053
 -0.138230 10.474313 16.320581
 -0.125664 10.669333 14.594993
 -0.113097 10.843459 13.001783
 -0.100531 10.998594 11.614096
 -0.087965 11.137413 10.371302
 -0.075398 11.260825 9.156558
 -0.062832 11.368135 7.774094
 -0.050265 11.456141 6.071146
 -0.037699 11.520350 4.029756
 -0.025133 11.557230 1.734319
 -0.012566 11.564641 -0.574551
 0.000000 11.544416 -2.659405
 0.012566 11.500084 -4.341179
 0.025133 11.437363 -5.614472
 0.037699 11.360677 -6.561624
 0.050265 11.273376 -7.319568
 0.062832 11.176889 -8.046401
 0.075398 11.071020 -8.819797
 0.087965 10.954747 -9.682242
 0.100531 10.827345 -10.605386
 0.113097 10.688165 -11.512711
 0.125664 10.538116 -12.337482
 0.138230 10.378666 -13.008099
 0.150796 10.211897 -13.492138
 0.163363 10.040012 -13.821237
 0.175929 9.864599 -14.064921
 0.188496 9.686208 -14.301148
 0.201062 9.504656 -14.583188
 0.213628 9.319256 -14.904481
 0.226195 9.129994 -15.182221
 0.238761 8.938030 -15.309973
 0.251327 8.745902 -15.207491
 0.263894 8.556748 -14.846100
 0.276460 8.373495 -14.277008
 0.289027 8.198092 -13.625420
 0.301593 8.030718 -13.010153
 0.314159 7.870426 -12.512134
 0.326726 7.715541 -12.139918
 0.339292 7.564940 -11.817069
 0.351858 7.418705 -11.426865
 0.364425 7.278338 -10.869432
 0.376991 7.146334 -10.101905
 0.389557 7.025193 -9.151188
 0.402124 6.916656 -8.113522
 0.414690 6.821109 -7.106976
 0.427257 6.737376 -6.245488
 0.439823 6.663299 -5.580128
 0.452389 6.596325 -5.105975
 0.464956 6.534456 -4.752727
 0.477522 6.476903 -4.408916
 0.490088 6.424259 -3.955220
 0.502655 6.378431 -3.313477
 0.515221 6.342015 -2.453903
 0.527788 6.317634 -1.409278
 0.540354 6.307188 -0.251107
 0.552920 6.311532 0.922336
 0.565487 6.330275 2.024590
 0.578053 6.362093 2.995656
 0.590619 6.405142 3.812845
 0.603186 6.457645 4.499088
 0.615752 6.518225 5.109965
 0.628319 6.586323 5.707982
 0.640885 6.662139 6.341194
 0.653451 6.746324 7.038732
 0.666018 6.839669 7.796660
 0.678584 6.942755 8.581309
 0.691150 7.055654 9.338630
 0.703717 7.177596 10.011026
 0.716283 7.307148 10.531371
 0.728849 7.442088 10.857160
 0.741416 7.579770 10.967716
 0.753982 7.717594 10.882118
 0.766549 7.853330 10.651250
 0.779115 7.985589 10.339009
 0.791681 8.113734 10.001626
 0.804248 8.237664 9.675169
 0.816814 8.357591 9.335645
 0.829380 8.472935 8.964194
 0.841947 8.583189 8.506676
 0.854513 8.687086 7.939269
 0.867080 8.783148 7.269380
 0.879646 8.870163 6.522177
 0.892212 8.947547 5.724097
 0.904779 9.014779 4.918336
 0.917345 9.072056 4.148001
 0.929911 9.120055 3.459725
 0.942478 9.160190 2.911262
 0.955044 9.194659 2.569269
 0.967611 9.226414 2.497397
 0.980177 9.259129 2.712594
 0.992743 9.296333 3.208652
 1.005310 9.341297 3.932501
 1.017876 9.396312 4.797602
 1.030442 9.462560 5.704474
 1.043009 9.539878 6.552450
 1.055575 9.626959 7.242255
 1.068142 9.721406 7.706916
 1.080708 9.820110 7.921117
 1.093274 9.919958 7.895722
 1.105841 10.018400 7.706701
 1.118407 10.113983 7.471988
 1.130973 10.207006 7.308401
 1.143540 10.299008 7.330565
 1.156106 10.392783 7.597801
 1.168672 10.491588 8.113086
 1.181239 10.598408 8.850375
 1.193805 10.715597 9.776481
 1.206372 10.845262 10.828907
 1.218938 10.988837 11.970059
 1.231504 11.147215 13.187562
 1.244071 11.321248 14.464623
 1.256637 11.511691 15.767217
 1.269203 11.718584 17.080277
 1.281770 11.941626 18.369360
 1.294336 12.180482 19.537469
 1.306903 12.432949 20.553766
 1.319469 12.696896 21.308951
 1.332035 12.968391 21.740753
 1.344602 13.242856 21.771426
 1.357168 13.514781 21.369765
 1.369734 13.779290 20.557375
 1.382301 14.032334 19.548579
 1.394867 14.272919 18.706490
 1.407434 14.505929 18.350597
 1.420000 14.739396 18.800594
 1.432566 14.983793 20.131855
 1.445133 15.249510 22.073439
 1.457699 15.541253 24.156366
 1.470265 15.855751 25.613294
 1.482832 16.180184 25.485175
 1.495398 16.488197 23.037050
 1.507964 16.749241 17.992097
 1.520531 16.934616 11.186050
 1.533097 17.032567 4.393388
 1.545664 17.054685 -0.594962
 1.558230 17.030373 -2.865492
 1.570796 16.994098 -2.625941
 1.583363 16.972623 -0.630054
 1.595929 16.982520 2.179880
 1.608495 17.028975 5.048792
 1.621062 17.109019 7.417628
 1.633628 17.213395 8.999656
 1.646195 17.331384 9.586040
 1.658761 17.450941 9.231945
 1.671327 17.561061 8.188181
 1.683894 17.655401 6.765599
 1.696460 17.731592 5.403771
 1.709026 17.793240 4.524452
 1.721593 17.848706 4.405416
 1.734159 17.907254 5.019769
 1.746726 17.976373 5.955960
 1.759292 18.056161 6.508266
 1.771858 18.135820 5.910203
 1.784425 18.197420 3.611347
 1.796991 18.220326 -0.210901
 1.809557 18.189338 -4.675511
 1.822124 18.104998 -8.581250
 1.834690 17.979401 -11.172574
 1.847256 17.829850 -12.420976
 1.859823 17.669251 -13.116986
 1.872389 17.498356 -14.182321
 1.884956 17.308074 -16.265838
 1.897522 17.084213 -19.365777
 1.910088 16.818699 -22.797445
 1.922655 16.512972 -25.611771
 1.935221 16.179942 -27.100534
 1.947787 15.837695 -27.147637
 1.960354 15.502378 -26.050429
 1.972920 15.184061 -24.498075
 1.985487 14.885028 -23.064094
 1.998053 14.601780 -22.095028
 2.010619 14.326365 -21.763334
 2.023186 14.051978 -21.914489
 2.035752 13.774315 -22.264095
 2.048318 13.492631 -22.516933
 2.060885 13.209472 -22.481530
 2.073451 12.928860 -22.090170
 2.086018 12.655312 -21.375317
 2.098584 12.392476 -20.391117
 2.111150 12.143560 -19.159081
 2.123717 11.911698 -17.680870
 2.136283 11.700159 -15.930501
 2.148849 11.512135 -13.931569
 2.161416 11.350650 -11.739963
 2.173982 11.217213 -9.482687
 2.186548 11.111744 -7.324279
 2.199115 11.031817 -5.462328
 2.211681 10.972283 -4.083709
 2.224248 10.926432 -3.314927
 2.236814 10.886160 -3.190721
 2.249380 10.843648 -3.649150
 2.261947 10.792615 -4.526257
 2.274513 10.728921 -5.622705
 2.287079 10.651224 -6.725112
 2.299646 10.560656 -7.642741
 2.312212 10.460533 -8.236160
 2.324779 10.355521 -8.409697
 2.337345 10.251312 -8.106839
 2.349911 10.153866 -7.328683
 2.362478 10.068970 -6.133799
 2.375044 10.001254 -4.623565
 2.387610 9.953680 -2.920353
 2.400177 9.928094 -1.184783
 2.412743 9.923927 0.486214
 2.425310 9.939767 1.990620
 2.437876 9.973023 3.248371
 2.450442 10.020291 4.214143
 2.463009 10.077565 4.822745
 2.475575 10.139917 5.015578
 2.488141 10.201876 4.749280
 2.500708 10.257594 4.025964
 2.513274 10.301878 2.955492
 2.525840 10.331417 1.729639
 2.538407 10.345985 0.594468
 2.550973 10.348129 -0.210785
 2.563540 10.343045 -0.566386
 2.576106 10.336458 -0.454356
 2.588672 10.333626 0.034475
 2.601239 10.338659 0.748894
 2.613805 10.353523 1.600709
 2.626371 10.379532 2.520062
 2.638938 10.417488 3.493910
 2.651504 10.467993 4.539958
 2.664071 10.532086 5.631849
 2.676637 10.609995 6.719572
 2.689203 10.700920 7.683180
 2.701770 10.802222 8.366287
 2.714336 10.909461 8.586680
 2.726902 11.015925 8.236926
 2.739469 11.114282 7.281506
 2.752035 11.197330 5.844838
 2.764602 11.260383 4.132887
 2.777168 11.301835 2.440230
 2.789734 11.323597 1.056008
 2.802301 11.330956 0.168681
 2.814867 11.330684 -0.136256
 2.827433 11.330211 0.099482
 2.840000 11.335562 0.778151
 2.852566 11.351409 1.742249
 2.865133 11.380304 2.810713
 2.877699 11.422344 3.817267
 2.890265 11.475709 4.590834
 2.902832 11.536540 5.001044
 2.915398 11.599863 4.961923
 2.927964 11.659952 4.508195
 2.940531 11.712300 3.756337
 2.953097 11.753759 2.870105
 2.965663 11.784466 2.062183
 2.978230 11.806070 1.435207
 2.990796 11.820906 0.961117
 3.003363 11.829730 0.413863
 3.015929 11.829459 -0.584539
 3.028495 11.811057 -2.545976
 3.041062 11.759418 -5.939190
 3.053628 11.655017 -10.922600
 3.066194 11.480026 -17.041768
 3.078761 11.226581 -23.197019
 3.091327 10.902674 -28.039129
 3.103894 10.531637 -30.590026
 3.116460 10.144653 -30.591709
 3.129026 9.772147 -28.374877
