#! FIELDS phi6 ffphi6 dffphi6_phi6
#! SET min_phi6 -pi
#! SET max_phi6 pi
#! SET nbins_phi6  500
#! SET periodic_phi6 true
 -3.141593 4.147168 6.470397
 -3.129026 4.236324 7.655266
 -3.116460 4.338702 8.565420
 -3.103894 4.450761 9.196721
 -3.091327 4.569187 9.585060
 -3.078761 4.691324 9.799000
 -3.066194 4.815521 9.921656
 -3.053628 4.941163 10.037911
 -3.041062 5.068629 10.218435
 -3.028495 5.199066 10.515093
 -3.015929 5.334124 10.950151
 -3.003363 5.475543 11.522305
 -2.990796 5.624923 12.201795
 -2.978230 5.783313 12.942513
 -2.965663 5.951142 13.689586
 -2.953097 6.128156 14.394929
 -2.940531 6.313569 15.032403
 -2.927964 6.506521 15.595208
 -2.915398 6.706204 16.106059
 -2.902832 6.912214 16.602549
 -2.890265 7.124584 17.122301
 -2.877699 7.343754 17.683471
 -2.865133 7.570265 18.283230
 -2.852566 7.804474 18.901812
 -2.840000 8.046420 19.505792
 -2.827433 8.295755 20.065388
 -2.814867 8.551788 20.564018
 -2.802301 8.813741 20.998511
 -2.789734 9.080863 21.383391
 -2.777168 9.352616 21.743601
 -2.764602 9.628860 22.100215
 -2.752035 9.909743 22.479789
 -2.739469 10.195695 22.911120
 -2.726902 10.487523 23.412656
 -2.714336 10.786228 23.999977
 -2.701770 11.092917 24.670127
 -2.689203 11.408479 25.397470
 -2.676637 11.733243 26.122872
 -2.664071 12.066610 26.749863
 -2.651504 12.406776 27.153867
 -2.638938 12.750044 27.249281
 -2.626371 13.092168 26.958778
 -2.613805 13.428299 26.294766
 -2.601239 13.754225 25.358564
 -2.588672 14.067591 24.298851
 -2.576106 14.367734 23.304153
 -2.563540 14.656424 22.487317
 -2.550973 14.936429 21.900311
 -2.538407 15.210361 21.557525
 -2.525840 15.481330 21.384942
 -2.513274 15.751022 21.378575
 -2.500708 16.021494 21.507231
 -2.488141 16.294515 21.766837
 -2.475575 16.571486 22.136890
 -2.463009 16.853150 22.553109
 -2.450442 17.139644 22.827330
 -2.437876 17.427796 22.821136
 -2.425310 17.712947 22.351802
 -2.412743 17.988915 21.324051
 -2.400177 18.248745 19.825558
 -2.387610 18.487708 18.053586
 -2.375044 18.704396 16.232934
 -2.362478 18.899080 14.639583
 -2.349911 19.075105 13.333922
 -2.337345 19.236263 12.201190
 -2.324779 19.383670 11.151229
 -2.312212 19.517730 10.063103
 -2.299646 19.637955 8.918776
 -2.287079 19.743527 7.816034
 -2.274513 19.836093 6.849809
 -2.261947 19.917648 6.095423
 -2.249380 19.991025 5.489662
 -2.236814 20.056563 4.879592
 -2.224248 20.112813 3.984216
 -2.211681 20.154614 2.543749
 -2.199115 20.174250 0.434601
 -2.186548 20.163357 -2.299616
 -2.173982 20.115701 -5.358223
 -2.161416 20.029574 -8.308445
 -2.148849 19.909273 -10.730665
 -2.136283 19.763474 -12.334026
 -2.123717 19.603096 -13.035734
 -2.111150 19.439064 -12.936296
 -2.098584 19.280205 -12.254543
 -2.086018 19.131936 -11.311758
 -2.073451 18.995610 -10.397522
 -2.060885 18.868912 -9.816701
 -2.048318 18.746282 -9.770802
 -2.035752 18.620216 -10.390689
 -2.023186 18.482184 -11.650268
 -2.010619 18.324818 -13.405039
 -1.998053 18.143834 -15.365163
 -1.985487 17.938472 -17.235608
 -1.972920 17.711501 -18.767799
 -1.960354 17.468180 -19.828693
 -1.947787 17.214683 -20.398057
 -1.935221 16.956656 -20.560559
 -1.922655 16.698490 -20.435874
 -1.910088 16.442857 -20.170742
 -1.897522 16.190762 -19.911443
 -1.884956 15.941236 -19.763540
 -1.872389 15.692399 -19.815851
 -1.859823 15.441421 -20.104692
 -1.847256 15.185256 -20.629605
 -1.834690 14.921227 -21.345530
 -1.822124 14.647201 -22.197990
 -1.809557 14.361988 -23.112399
 -1.796991 14.065272 -24.022664
 -1.784425 13.757392 -24.871275
 -1.771858 13.439603 -25.598560
 -1.759292 13.113499 -26.180721
 -1.746726 12.780984 -26.616959
 -1.734159 12.443855 -26.928214
 -1.721593 12.103292 -27.164391
 -1.709026 11.760099 -27.361431
 -1.696460 11.414473 -27.554882
 -1.683894 11.066311 -27.757909
 -1.671327 10.715584 -27.963813
 -1.658761 10.362360 -28.154916
 -1.646195 10.006923 -28.314621
 -1.633628 9.649768 -28.426149
 -1.621062 9.291629 -28.473350
 -1.608495 8.933387 -28.443432
 -1.595929 8.576055 -28.329515
 -1.583363 8.220729 -28.129661
 -1.570796 7.868421 -27.851915
 -1.558230 7.520078 -27.504867
 -1.545664 7.176470 -27.101288
 -1.533097 6.838289 -26.647092
 -1.520531 6.506117 -26.147914
 -1.507964 6.180495 -25.607440
 -1.495398 5.861893 -25.033153
 -1.482832 5.550692 -24.434302
 -1.470265 5.247106 -23.824967
 -1.457699 4.951182 -23.220289
 -1.445133 4.662756 -22.635383
 -1.432566 4.381515 -22.081466
 -1.420000 4.107002 -21.567017
 -1.407434 3.838702 -21.095167
 -1.394867 3.576081 -20.664412
 -1.382301 3.318664 -20.266840
 -1.369734 3.066119 -19.889303
 -1.357168 2.818299 -19.514078
 -1.344602 2.575290 -19.122159
 -1.332035 2.337426 -18.695807
 -1.319469 2.105223 -18.221859
 -1.306903 1.879323 -17.694566
 -1.294336 1.660403 -17.114036
 -1.281770 1.449107 -16.484472
 -1.269203 1.246014 -15.811402
 -1.256637 1.051649 -15.098928
 -1.244071 0.866491 -14.348212
 -1.231504 0.691033 -13.556970
 -1.218938 0.525804 -12.721570
 -1.206372 0.371384 -11.838323
 -1.193805 0.228392 -10.904688
 -1.181239 0.097461 -9.920710
 -1.168672 -0.020787 -8.888146
 -1.156106 -0.125749 -7.809151
 -1.143540 -0.216863 -6.685840
 -1.130973 -0.293581 -5.519842
 -1.118407 -0.355371 -4.311736
 -1.105841 -0.401710 -3.063178
 -1.093274 -0.432107 -1.776703
 -1.080708 -0.446112 -0.457497
 -1.068142 -0.443361 0.887420
 -1.055575 -0.423577 2.249417
 -1.043009 -0.386604 3.619471
 -1.030442 -0.332399 4.988229
 -1.017876 -0.261035 6.346368
 -1.005310 -0.172699 7.684791
 -0.992743 -0.067696 8.994780
 -0.980177 0.053575 10.269488
 -0.967611 0.190640 11.504322
 -0.955044 0.342991 12.697756
 -0.942478 0.510119 13.852705
 -0.929911 0.691565 14.972823
 -0.917345 0.886921 16.061340
 -0.904779 1.095805 17.119466
 -0.892212 1.317819 18.144233
 -0.879646 1.552515 19.128365
 -0.867080 1.799318 20.063781
 -0.854513 2.057568 20.940616
 -0.841947 2.326480 21.753013
 -0.829380 2.605227 22.497693
 -0.816814 2.892967 23.174808
 -0.804248 3.188860 23.787238
 -0.791681 3.492094 24.336968
 -0.779115 3.801904 24.821793
 -0.766549 4.117417 25.241717
 -0.753982 4.437830 25.589081
 -0.741416 4.762218 25.864970
 -0.728849 5.089701 26.076630
 -0.716283 5.419558 26.237422
 -0.703717 5.751268 26.369176
 -0.691150 6.084598 26.496939
 -0.678584 6.419662 26.638984
 -0.666018 6.756716 26.813213
 -0.653451 7.096231 27.025989
 -0.640885 7.438694 27.281451
 -0.628319 7.784638 27.578674
 -0.615752 8.134591 27.915616
 -0.603186 8.489085 28.287165
 -0.590619 8.848443 28.696519
 -0.578053 9.213125 29.127638
 -0.565487 9.583351 29.565281
 -0.552920 9.958989 29.999669
 -0.540354 10.339952 30.399168
 -0.527788 10.725702 30.745101
 -0.515221 11.115376 31.020900
 -0.502655 11.508014 31.203628
 -0.490088 11.902371 31.281482
 -0.477522 12.297042 31.261099
 -0.464956 12.690926 31.156345
 -0.452389 13.083232 31.002814
 -0.439823 13.473618 30.860312
 -0.427257 13.862545 30.779276
 -0.414690 14.251127 30.788115
 -0.402124 14.640500 30.895173
 -0.389557 15.031531 31.081740
 -0.376991 15.425133 31.267404
 -0.364425 15.820823 31.418130
 -0.351858 16.218079 31.496327
 -0.339292 16.615888 31.535468
 -0.326726 17.014146 31.574078
 -0.314159 17.413358 31.670272
 -0.301593 17.814197 31.880354
 -0.289027 18.218178 32.161558
 -0.276460 18.626022 32.406607
 -0.263894 19.036012 32.531588
 -0.251327 19.445960 32.382114
 -0.238761 19.851899 31.911196
 -0.226195 20.250449 31.135288
 -0.213628 20.638437 30.266601
 -0.201062 21.015747 29.540054
 -0.188496 21.385455 29.125026
 -0.175929 21.752062 29.081274
 -0.163363 22.120324 29.283692
 -0.150796 22.492155 29.469013
 -0.138230 22.863543 29.363192
 -0.125664 23.229287 28.423628
 -0.113097 23.576069 26.326413
 -0.100531 23.888426 22.858404
 -0.087965 24.149714 18.236615
 -0.075398 24.347106 12.985125
 -0.062832 24.477482 7.617540
 -0.050265 24.542497 2.706345
 -0.037699 24.551023 -1.502244
 -0.025133 24.511040 -4.702414
 -0.012566 24.437596 -6.959365
 0.000000 24.342524 -8.070982
 0.012566 24.240471 -8.028090
 0.025133 24.145264 -6.980565
 0.037699 24.068081 -5.268380
 0.050265 24.013624 -3.420313
 0.062832 23.979589 -2.095828
 0.075398 23.955860 -1.896974
 0.087965 23.924877 -3.331189
 0.100531 23.864165 -6.522371
 0.113097 23.753865 -11.105900
 0.125664 23.580810 -16.338935
 0.138230 23.342532 -21.367262
 0.150796 23.046145 -25.481240
 0.163363 22.705008 -28.483557
 0.175929 22.332797 -30.461613
 0.188496 21.940344 -31.754185
 0.201062 21.534156 -32.713194
 0.213628 21.116454 -33.631428
 0.226195 20.686768 -34.624172
 0.238761 20.243636 -35.704424
 0.251327 19.787554 -36.682049
 0.263894 19.320557 -37.378998
 0.276460 18.847488 -37.652465
 0.289027 18.373646 -37.509803
 0.301593 17.903750 -37.062107
 0.314159 17.440449 -36.510567
 0.326726 16.983474 -36.071871
 0.339292 16.530593 -35.884187
 0.351858 16.078096 -35.997929
 0.364425 15.622708 -36.339855
 0.376991 15.162395 -36.763348
 0.389557 14.697011 -37.114491
 0.402124 14.228497 -37.258297
 0.414690 13.759852 -37.138706
 0.427257 13.294303 -36.773594
 0.439823 12.834638 -36.223761
 0.452389 12.382648 -35.572366
 0.464956 11.939138 -34.890056
 0.477522 11.504169 -34.224232
 0.490088 11.077331 -33.596817
 0.502655 10.658192 -33.002721
 0.515221 10.246443 -32.428221
 0.527788 9.841869 -31.861916
 0.540354 9.444433 -31.294173
 0.552920 9.054205 -30.719185
 0.565487 8.671289 -30.134596
 0.578053 8.295798 -29.539923
 0.590619 7.927874 -28.934792
 0.603186 7.567649 -28.319467
 0.615752 7.215233 -27.695907
 0.628319 6.870724 -27.065605
 0.640885 6.534170 -26.431092
 0.653451 6.205653 -25.791786
 0.666018 5.885197 -25.149225
 0.678584 5.572872 -24.502327
 0.691150 5.268709 -23.852227
 0.703717 4.972746 -23.200093
 0.716283 4.685003 -22.548209
 0.728849 4.405432 -21.901451
 0.741416 4.133945 -21.264940
 0.753982 3.870391 -20.642869
 0.766549 3.614558 -20.038727
 0.779115 3.366220 -19.451843
 0.791681 3.125190 -18.877008
 0.804248 2.891371 -18.305514
 0.816814 2.664783 -17.726966
 0.829380 2.445570 -17.131890
 0.841947 2.234002 -16.511863
 0.854513 2.030426 -15.861090
 0.867080 1.835261 -15.175110
 0.879646 1.648973 -14.450189
 0.892212 1.472068 -13.683265
 0.904779 1.305094 -12.872179
 0.917345 1.148598 -12.017775
 0.929911 1.003108 -11.123100
 0.942478 0.869099 -10.193453
 0.955044 0.746977 -9.234298
 0.967611 0.637079 -8.249926
 0.980177 0.539714 -7.241434
 0.992743 0.455188 -6.207387
 1.005310 0.383843 -5.145080
 1.017876 0.326051 -4.052075
 1.030442 0.282195 -2.929461
 1.043009 0.252621 -1.781563
 1.055575 0.237601 -0.617033
 1.068142 0.237277 0.554121
 1.080708 0.251670 1.721731
 1.093274 0.280682 2.877742
 1.105841 0.324136 4.017686
 1.118407 0.381822 5.139890
 1.130973 0.453522 6.245433
 1.143540 0.539031 7.335937
 1.156106 0.638170 8.411184
 1.168672 0.750734 9.469029
 1.181239 0.876477 10.504367
 1.193805 1.015075 11.509511
 1.206372 1.166089 12.475205
 1.218938 1.328969 13.391215
 1.231504 1.503031 14.249302
 1.244071 1.687502 15.041837
 1.256637 1.881529 15.764896
 1.269203 2.084230 16.417849
 1.281770 2.294743 17.003655
 1.294336 2.512264 17.530348
 1.306903 2.736123 18.008332
 1.319469 2.965791 18.451787
 1.332035 3.200929 18.875423
 1.344602 3.441367 19.292869
 1.357168 3.687098 19.713246
 1.369734 3.938193 20.142319
 1.382301 4.194773 20.580697
 1.394867 4.456944 21.026393
 1.407434 4.724773 21.477173
 1.420000 4.998312 21.931099
 1.432566 5.277607 22.388733
 1.445133 5.562713 22.853161
 1.457699 5.853738 23.325647
 1.470265 6.150766 23.806841
 1.482832 6.453894 24.289321
 1.495398 6.763061 24.763888
 1.507964 7.078107 25.214145
 1.520531 7.398615 25.627466
 1.533097 7.724052 25.990731
 1.545664 8.053723 26.297918
 1.558230 8.386926 26.543027
 1.570796 8.722860 26.726842
 1.583363 9.060718 26.847193
 1.595929 9.399682 26.895835
 1.608495 9.738811 26.863565
 1.621062 10.076998 26.743003
 1.633628 10.413071 26.525505
 1.646195 10.745818 26.207761
 1.658761 11.074000 25.800996
 1.671327 11.396632 25.325352
 1.683894 11.713038 24.818580
 1.696460 12.023125 24.324594
 1.709026 12.327296 23.893883
 1.721593 12.626594 23.557418
 1.734159 12.922288 23.324258
 1.746726 13.215661 23.178358
 1.759292 13.507608 23.093828
 1.771858 13.798688 23.042453
 1.784425 14.089156 23.013204
 1.796991 14.379385 23.006899
 1.809557 14.669746 23.043177
 1.822124 14.960903 23.123277
 1.834690 15.253194 23.228507
 1.847256 15.546571 23.280014
 1.859823 15.839666 23.175943
 1.872389 16.129857 22.800004
 1.884956 16.413208 22.063286
 1.897522 16.684790 20.934968
 1.910088 16.939823 19.432301
 1.922655 17.173928 17.627696
 1.935221 17.384034 15.615415
 1.947787 17.568055 13.518668
 1.960354 17.725552 11.446696
 1.972920 17.857642 9.488559
 1.985487 17.966508 7.746395
 1.998053 18.055291 6.332807
 2.010619 18.128536 5.289802
 2.023186 18.191189 4.636090
 2.035752 18.247880 4.358932
 2.048318 18.302993 4.388627
 2.060885 18.359868 4.643591
 2.073451 18.420804 5.016240
 2.086018 18.486800 5.431978
 2.098584 18.557843 5.822503
 2.111150 18.633496 6.171708
 2.123717 18.713037 6.420393
 2.136283 18.794895 6.535307
 2.148849 18.876851 6.429760
 2.161416 18.955388 5.979447
 2.173982 19.025657 5.084454
 2.186548 19.081665 3.732376
 2.199115 19.118151 2.014091
 2.211681 19.131985 0.160170
 2.224248 19.123057 -1.561098
 2.236814 19.094439 -2.944513
 2.249380 19.051051 -3.925662
 2.261947 18.997489 -4.581761
 2.274513 18.936807 -5.079495
 2.287079 18.869431 -5.688097
 2.299646 18.792667 -6.586794
 2.312212 18.702198 -7.873111
 2.324779 18.593171 -9.506803
 2.337345 18.462281 -11.309942
 2.349911 18.309210 -13.009274
 2.362478 18.136411 -14.405450
 2.375044 17.948692 -15.378824
 2.387610 17.751162 -15.962355
 2.400177 17.548098 -16.299698
 2.412743 17.341360 -16.565618
 2.425310 17.130923 -16.906702
 2.437876 16.915292 -17.387896
 2.450442 16.692818 -17.977143
 2.463009 16.462485 -18.607679
 2.475575 16.224394 -19.190684
 2.488141 15.979530 -19.696259
 2.500708 15.728413 -20.163587
 2.513274 15.471308 -20.692862
 2.525840 15.206252 -21.429692
 2.538407 14.929961 -22.500771
 2.550973 14.637694 -23.971715
 2.563540 14.324460 -25.804142
 2.576106 13.986755 -27.841056
 2.588672 13.623149 -29.859505
 2.601239 13.235979 -31.580294
 2.613805 12.830012 -32.823858
 2.626371 12.412031 -33.496358
 2.638938 11.989167 -33.623219
 2.651504 11.567608 -33.312550
 2.664071 11.152014 -32.703100
 2.676637 10.745302 -31.924901
 2.689203 10.348951 -31.070211
 2.701770 9.963606 -30.183867
 2.714336 9.589597 -29.273039
 2.726902 9.227267 -28.325500
 2.739469 8.877160 -27.326815
 2.752035 8.539978 -26.275316
 2.764602 8.216316 -25.184326
 2.777168 7.906465 -24.081928
 2.789734 7.610419 -22.994955
 2.802301 7.327851 -21.944073
 2.814867 7.058232 -20.939292
 2.827433 6.800942 -19.982633
 2.840000 6.555416 -19.067768
 2.852566 6.321179 -18.187689
 2.865133 6.097848 -17.334952
 2.877699 5.885097 -16.504567
 2.890265 5.682700 -15.689440
 2.902832 5.490497 -14.880112
 2.915398 5.308496 -14.066095
 2.927964 5.136831 -13.235244
 2.940531 4.975768 -12.380221
 2.953097 4.825655 -11.498699
 2.965663 4.686772 -10.595812
 2.978230 4.559339 -9.680891
 2.990796 4.443451 -8.759530
 3.003363 4.339178 -7.834805
 3.015929 4.246589 -6.898972
 3.028495 4.165923 -5.934424
 3.041062 4.097713 -4.913542
 3.053628 4.042868 -3.803712
 3.066194 4.002700 -2.574435
 3.078761 3.978838 -1.209066
 3.091327 3.972984 0.286877
 3.103894 3.986584 1.877408
 3.116460 4.020448 3.496577
 3.129026 4.074414 5.058093
