#! FIELDS phi4 ffphi4 dffphi4_phi4
#! SET min_phi4 -pi
#! SET max_phi4 pi
#! SET nbins_phi4  500
#! SET periodic_phi4 true
 -3.141593 4.325418 10.191788
 -3.129026 4.461375 11.350900
 -3.116460 4.609237 12.081638
 -3.103894 4.763741 12.415963
 -3.091327 4.920482 12.452215
 -3.078761 5.076568 12.332674
 -3.066194 5.230946 12.196733
 -3.053628 5.384115 12.150726
 -3.041062 5.537635 12.249388
 -3.028495 5.693419 12.504424
 -3.015929 5.853316 12.896798
 -3.003363 6.018874 13.391080
 -2.990796 6.191149 13.955150
 -2.978230 6.370846 14.560837
 -2.965663 6.558356 15.189079
 -2.953097 6.753892 15.831917
 -2.940531 6.957480 16.500092
 -2.927964 7.169583 17.187202
 -2.915398 7.390582 17.907492
 -2.902832 7.620934 18.680593
 -2.890265 7.861394 19.503181
 -2.877699 8.112501 20.367301
 -2.865133 8.374598 21.239242
 -2.852566 8.647477 22.071125
 -2.840000 8.930280 22.806247
 -2.827433 9.221485 23.393889
 -2.814867 9.519047 23.806414
 -2.802301 9.820745 24.054838
 -2.789734 10.124818 24.176405
 -2.777168 10.429997 24.251413
 -2.764602 10.736206 24.344969
 -2.752035 11.044064 24.505928
 -2.739469 11.354506 24.747020
 -2.726902 11.668375 25.032286
 -2.714336 11.985721 25.300927
 -2.701770 12.306003 25.455702
 -2.689203 12.627232 25.451039
 -2.676637 12.947224 25.253887
 -2.664071 13.263599 24.885027
 -2.651504 13.574525 24.404180
 -2.638938 13.879135 23.879602
 -2.626371 14.177233 23.385868
 -2.613805 14.469408 22.958146
 -2.601239 14.756689 22.587452
 -2.588672 15.039549 22.264655
 -2.576106 15.318640 21.932578
 -2.563540 15.593222 21.583309
 -2.550973 15.862928 21.133047
 -2.538407 16.125925 20.530752
 -2.525840 16.379988 19.698436
 -2.513274 16.621943 18.598942
 -2.500708 16.848445 17.257881
 -2.488141 17.056926 15.774471
 -2.475575 17.246427 14.284169
 -2.463009 17.417956 12.915173
 -2.450442 17.573774 11.774241
 -2.437876 17.716770 10.919143
 -2.425310 17.850665 10.302835
 -2.412743 17.978041 9.935975
 -2.400177 18.102219 9.766081
 -2.387610 18.225557 9.795055
 -2.375044 18.350193 9.997634
 -2.362478 18.478065 10.279673
 -2.349911 18.609629 10.547842
 -2.337345 18.743913 10.713266
 -2.324779 18.879027 10.712485
 -2.312212 19.012930 10.515987
 -2.299646 19.143568 10.194662
 -2.287079 19.269753 9.843105
 -2.274513 19.391816 9.510295
 -2.261947 19.510085 9.254376
 -2.249380 19.625658 9.073862
 -2.236814 19.739153 8.951363
 -2.224248 19.851127 8.784233
 -2.211681 19.959939 8.477212
 -2.199115 20.063402 7.863882
 -2.186548 20.156219 6.763374
 -2.173982 20.231464 5.055684
 -2.161416 20.281612 2.794154
 -2.148849 20.300882 0.184905
 -2.136283 20.286917 -2.384622
 -2.123717 20.242653 -4.589244
 -2.111150 20.174571 -6.187187
 -2.098584 20.090203 -7.141565
 -2.086018 19.997188 -7.593943
 -2.073451 19.900884 -7.729487
 -2.060885 19.803837 -7.711955
 -2.048318 19.707029 -7.681651
 -2.035752 19.610385 -7.716997
 -2.023186 19.512732 -7.848248
 -2.010619 19.412410 -8.141364
 -1.998053 19.307140 -8.654746
 -1.985487 19.193691 -9.446521
 -1.972920 19.068339 -10.528650
 -1.960354 18.927876 -11.815978
 -1.947787 18.770885 -13.127581
 -1.935221 18.598330 -14.249042
 -1.922655 18.414112 -14.980501
 -1.910088 18.223660 -15.231769
 -1.897522 18.032699 -15.053991
 -1.884956 17.845900 -14.607200
 -1.872389 17.665322 -14.116631
 -1.859823 17.489863 -13.817588
 -1.847256 17.315914 -13.891499
 -1.834690 17.138070 -14.434121
 -1.822124 16.950425 -15.437016
 -1.809557 16.747870 -16.767082
 -1.796991 16.527310 -18.276952
 -1.784425 16.287587 -19.797655
 -1.771858 16.029198 -21.223103
 -1.759292 15.753671 -22.522320
 -1.746726 15.462491 -23.712369
 -1.734159 15.156897 -24.821077
 -1.721593 14.837714 -25.864979
 -1.709026 14.505777 -26.840986
 -1.696460 14.162277 -27.703307
 -1.683894 13.808727 -28.420925
 -1.671327 13.447270 -28.965772
 -1.658761 13.080047 -29.344747
 -1.646195 12.708875 -29.596699
 -1.633628 12.334950 -29.786832
 -1.621062 11.958770 -29.971719
 -1.608495 11.580051 -30.191867
 -1.595929 11.198212 -30.460882
 -1.583363 10.812872 -30.751340
 -1.570796 10.423961 -31.023171
 -1.558230 10.031916 -31.238312
 -1.545664 9.637680 -31.369733
 -1.533097 9.242420 -31.407367
 -1.520531 8.847200 -31.365514
 -1.507964 8.452917 -31.263811
 -1.495398 8.060204 -31.122396
 -1.482832 7.669440 -30.958089
 -1.470265 7.280886 -30.777335
 -1.457699 6.894686 -30.583821
 -1.445133 6.511016 -30.374441
 -1.432566 6.130165 -30.140149
 -1.420000 5.752508 -29.870948
 -1.407434 5.378528 -29.557714
 -1.394867 5.008824 -29.191825
 -1.382301 4.644130 -28.765174
 -1.369734 4.285250 -28.272471
 -1.357168 3.933023 -27.711706
 -1.344602 3.588307 -27.082037
 -1.332035 3.251964 -26.383047
 -1.319469 2.924893 -25.611911
 -1.306903 2.608007 -24.765205
 -1.294336 2.302287 -23.839218
 -1.281770 2.008741 -22.831646
 -1.269203 1.728384 -21.744414
 -1.256637 1.462184 -20.583917
 -1.244071 1.211000 -19.361030
 -1.231504 0.975517 -18.090013
 -1.218938 0.756252 -16.785356
 -1.206372 0.553543 -15.459460
 -1.193805 0.367599 -14.120273
 -1.181239 0.198566 -12.770639
 -1.168672 0.046578 -11.408934
 -1.156106 -0.088184 -10.030372
 -1.143540 -0.205474 -8.629236
 -1.130973 -0.304986 -7.202389
 -1.118407 -0.386390 -5.749696
 -1.105841 -0.449386 -4.275554
 -1.093274 -0.493754 -2.788613
 -1.080708 -0.519402 -1.299654
 -1.068142 -0.526374 0.179571
 -1.055575 -0.514855 1.639114
 -1.043009 -0.485142 3.072180
 -1.030442 -0.437596 4.475014
 -1.017876 -0.372602 5.846175
 -1.005310 -0.290553 7.186266
 -0.992743 -0.191833 8.496626
 -0.980177 -0.076808 9.778155
 -0.967611 0.054159 11.030031
 -0.955044 0.200685 12.249337
 -0.942478 0.362331 13.430632
 -0.929911 0.538570 14.564882
 -0.917345 0.728736 15.639400
 -0.904779 0.931987 16.638528
 -0.892212 1.147272 17.546225
 -0.879646 1.373352 18.346964
 -0.867080 1.608801 19.029636
 -0.854513 1.852089 19.588203
 -0.841947 2.101658 20.022213
 -0.829380 2.355976 20.338581
 -0.816814 2.613638 20.549332
 -0.804248 2.873416 20.671515
 -0.791681 3.134313 20.725002
 -0.779115 3.395592 20.729669
 -0.766549 3.656761 20.704678
 -0.753982 3.917547 20.668689
 -0.741416 4.177922 20.636008
 -0.728849 4.438023 20.624693
 -0.716283 4.698224 20.653273
 -0.703717 4.959141 20.740951
 -0.691150 5.221625 20.904106
 -0.678584 5.486669 21.151355
 -0.666018 5.755320 21.472363
 -0.653451 6.028360 21.844876
 -0.640885 6.306229 22.231241
 -0.628319 6.588835 22.597263
 -0.615752 6.875776 22.915837
 -0.603186 7.166428 23.185419
 -0.590619 7.460285 23.434549
 -0.578053 7.757348 23.702973
 -0.565487 8.058193 24.033564
 -0.552920 8.363792 24.463000
 -0.540354 8.675481 25.001986
 -0.527788 8.994600 25.640885
 -0.515221 9.322286 26.355337
 -0.502655 9.659334 27.120219
 -0.490088 10.006204 27.909353
 -0.477522 10.363128 28.695526
 -0.464956 10.729833 29.464163
 -0.452389 11.105954 30.178878
 -0.439823 11.490536 30.804429
 -0.427257 11.882186 31.286711
 -0.414690 12.278683 31.567061
 -0.402124 12.677081 31.578673
 -0.389557 13.073804 31.265942
 -0.376991 13.464820 30.626542
 -0.364425 13.846147 29.774463
 -0.351858 14.216235 28.874265
 -0.339292 14.576049 28.187472
 -0.326726 14.929934 27.976490
 -0.314159 15.285213 28.408208
 -0.301593 15.650375 29.515672
 -0.289027 16.032923 31.183238
 -0.276460 16.438607 33.123480
 -0.263894 16.868691 35.047988
 -0.251327 17.321555 36.651127
 -0.238761 17.791768 37.816986
 -0.226195 18.273637 38.569941
 -0.213628 18.763792 39.040969
 -0.201062 19.259365 39.593025
 -0.188496 19.763336 40.388234
 -0.175929 20.279329 41.524247
 -0.163363 20.811783 42.858514
 -0.150796 21.361834 44.164774
 -0.138230 21.925812 45.179693
 -0.125664 22.499963 45.312678
 -0.113097 23.067711 44.348622
 -0.100531 23.615562 41.519846
 -0.087965 24.113669 36.818732
 -0.075398 24.537724 30.175024
 -0.062832 24.869385 22.105484
 -0.050265 25.098879 14.233225
 -0.037699 25.238714 7.966899
 -0.025133 25.314265 4.005102
 -0.012566 25.354295 2.139516
 0.000000 25.376936 1.497240
 0.012566 25.391930 0.379090
 0.025133 25.383160 -2.133384
 0.037699 25.328649 -6.967280
 0.050265 25.200018 -13.726987
 0.062832 24.980386 -21.159844
 0.075398 24.672864 -27.535895
 0.087965 24.298192 -31.546547
 0.100531 23.890189 -32.927098
 0.113097 23.479272 -32.068722
 0.125664 23.089687 -29.689516
 0.138230 22.735469 -26.541396
 0.150796 22.421799 -23.292299
 0.163363 22.147032 -20.485734
 0.175929 21.902241 -18.596328
 0.188496 21.672998 -18.029622
 0.201062 21.442023 -18.889654
 0.213628 21.191324 -21.071855
 0.226195 20.907121 -24.115624
 0.238761 20.582840 -27.353806
 0.251327 20.219826 -30.167966
 0.263894 19.826178 -32.180980
 0.276460 19.412893 -33.307005
 0.289027 18.990435 -33.693029
 0.301593 18.566347 -33.607095
 0.314159 18.144812 -33.319778
 0.326726 17.727056 -33.035684
 0.339292 17.312173 -32.870526
 0.351858 16.898533 -32.854700
 0.364425 16.484105 -32.975700
 0.376991 16.067803 -33.159194
 0.389557 15.648885 -33.362286
 0.402124 15.227648 -33.532308
 0.414690 14.804565 -33.649155
 0.427257 14.380412 -33.702082
 0.439823 13.956126 -33.682948
 0.452389 13.532495 -33.600798
 0.464956 13.110230 -33.465698
 0.477522 12.690019 -33.285671
 0.490088 12.272299 -33.072283
 0.502655 11.857487 -32.831189
 0.515221 11.445889 -32.560675
 0.527788 11.037930 -32.252129
 0.540354 10.634226 -31.887053
 0.552920 10.235501 -31.455436
 0.565487 9.842712 -30.949527
 0.578053 9.456699 -30.382122
 0.590619 9.078085 -29.777180
 0.603186 8.707130 -29.168826
 0.615752 8.343716 -28.588436
 0.628319 7.987273 -28.065275
 0.640885 7.636956 -27.617855
 0.653451 7.291767 -27.252036
 0.666018 6.950692 -26.962537
 0.678584 6.612867 -26.733280
 0.691150 6.277687 -26.540343
 0.703717 5.944870 -26.355117
 0.716283 5.614513 -26.148134
 0.728849 5.287044 -25.894689
 0.741416 4.963176 -25.577057
 0.753982 4.643778 -25.187291
 0.766549 4.329726 -24.728073
 0.779115 4.021871 -24.206645
 0.791681 3.720956 -23.630567
 0.804248 3.427603 -23.007100
 0.816814 3.142382 -22.338643
 0.829380 2.865888 -21.621585
 0.841947 2.598747 -20.852628
 0.854513 2.341637 -20.028768
 0.867080 2.095238 -19.150945
 0.879646 1.860209 -18.223677
 0.892212 1.637122 -17.253754
 0.904779 1.426475 -16.247808
 0.917345 1.228684 -15.210466
 0.929911 1.044132 -14.143585
 0.942478 0.873187 -13.047079
 0.955044 0.716224 -11.919752
 0.967611 0.573639 -10.760924
 0.980177 0.445828 -9.570890
 0.992743 0.333169 -8.351780
 1.005310 0.236006 -7.106956
 1.017876 0.154635 -5.841091
 1.030442 0.089286 -4.559670
 1.043009 0.040119 -3.268313
 1.055575 0.007222 -1.973226
 1.068142 -0.009394 -0.680301
 1.080708 -0.009795 0.604740
 1.093274 0.005886 1.876135
 1.105841 0.037448 3.129276
 1.118407 0.084634 4.359763
 1.130973 0.147132 5.563334
 1.143540 0.224579 6.735842
 1.156106 0.316564 7.872234
 1.168672 0.422601 8.968164
 1.181239 0.542149 10.019067
 1.193805 0.674619 11.020545
 1.206372 0.819379 11.969616
 1.218938 0.975757 12.865949
 1.231504 1.143094 13.708747
 1.244071 1.320719 14.499154
 1.256637 1.507986 15.238210
 1.269203 1.704261 15.928272
 1.281770 1.908947 16.571893
 1.294336 2.121485 17.172973
 1.306903 2.341367 17.736526
 1.319469 2.568149 18.267555
 1.332035 2.801459 18.770263
 1.344602 3.040980 19.250688
 1.357168 3.286468 19.715620
 1.369734 3.537765 20.172672
 1.382301 3.794827 20.629316
 1.394867 4.057689 21.092045
 1.407434 4.326457 21.564277
 1.420000 4.601245 22.044029
 1.432566 4.882104 22.524144
 1.445133 5.168968 22.993424
 1.457699 5.461623 23.440001
 1.470265 5.759718 23.856720
 1.482832 6.062904 24.240878
 1.495398 6.370801 24.606878
 1.507964 6.683300 24.975853
 1.520531 7.000651 25.373926
 1.533097 7.323390 25.834051
 1.545664 7.652432 26.381004
 1.558230 7.988984 27.021878
 1.570796 8.334233 27.752057
 1.583363 8.689147 28.551810
 1.595929 9.054393 29.382412
 1.608495 9.430076 30.195636
 1.621062 9.815607 30.938747
 1.633628 10.209805 31.547387
 1.646195 10.610561 31.970366
 1.658761 11.015192 32.160842
 1.671327 11.420674 32.088986
 1.683894 11.823800 31.774303
 1.696460 12.221813 31.287954
 1.709026 12.613105 30.736670
 1.721593 12.997853 30.216888
 1.734159 13.376853 29.843470
 1.746726 13.752216 29.631567
 1.759292 14.125804 29.532184
 1.771858 14.498236 29.451264
 1.784425 14.869082 29.248635
 1.796991 15.236067 28.831407
 1.809557 15.596128 28.180185
 1.822124 15.946797 27.333962
 1.834690 16.286317 26.434565
 1.847256 16.614940 25.635051
 1.859823 16.934581 25.055361
 1.872389 17.248200 24.714870
 1.884956 17.558830 24.516745
 1.897522 17.867311 24.333586
 1.910088 18.172685 23.979611
 1.922655 18.471474 23.293290
 1.935221 18.758739 22.167071
 1.947787 19.029199 20.578474
 1.960354 19.277468 18.729153
 1.972920 19.502030 16.868983
 1.985487 19.704649 15.330426
 1.998053 19.891604 14.379880
 2.010619 20.071150 14.162793
 2.023186 20.252011 14.624996
 2.035752 20.441490 15.442467
 2.048318 20.641468 16.190571
 2.060885 20.847916 16.354344
 2.073451 21.050109 15.543194
 2.086018 21.234507 13.529558
 2.098584 21.387155 10.493648
 2.111150 21.497782 7.033315
 2.123717 21.565815 3.854722
 2.136283 21.598703 1.432734
 2.148849 21.607071 0.016547
 2.161416 21.602739 -0.637894
 2.173982 21.593350 -0.820388
 2.186548 21.582408 -0.995734
 2.199115 21.567828 -1.460087
 2.211681 21.543912 -2.509212
 2.224248 21.502138 -4.301187
 2.236814 21.433392 -6.755590
 2.249380 21.330585 -9.609869
 2.261947 21.191719 -12.436102
 2.274513 21.019721 -14.790710
 2.287079 20.822897 -16.376017
 2.299646 20.610938 -17.192057
 2.312212 20.392464 -17.459289
 2.324779 20.172460 -17.474268
 2.337345 19.952130 -17.565177
 2.349911 19.729195 -17.939613
 2.362478 19.499007 -18.681594
 2.375044 19.257109 -19.774957
 2.387610 19.000130 -21.073759
 2.400177 18.726171 -22.453930
 2.412743 18.434877 -23.810512
 2.425310 18.126903 -25.068418
 2.437876 17.803909 -26.200388
 2.450442 17.467668 -27.192003
 2.463009 17.119926 -28.040339
 2.475575 16.762277 -28.753702
 2.488141 16.396368 -29.337889
 2.500708 16.023981 -29.799375
 2.513274 15.646429 -30.143819
 2.525840 15.265339 -30.381792
 2.538407 14.881944 -30.522485
 2.550973 14.497219 -30.588508
 2.563540 14.112003 -30.594774
 2.576106 13.727028 -30.560555
 2.588672 13.342674 -30.507142
 2.601239 12.958973 -30.457973
 2.613805 12.575843 -30.413388
 2.626371 12.193391 -30.346512
 2.638938 11.812215 -30.215058
 2.651504 11.433247 -29.987814
 2.664071 11.057883 -29.649657
 2.676637 10.687385 -29.218911
 2.689203 10.322676 -28.734852
 2.701770 9.964317 -28.228101
 2.714336 9.612315 -27.724567
 2.726902 9.266668 -27.220652
 2.739469 8.927489 -26.695263
 2.752035 8.595212 -26.120898
 2.764602 8.270610 -25.474777
 2.777168 7.954653 -24.746700
 2.789734 7.648394 -23.939330
 2.802301 7.352708 -23.067748
 2.814867 7.068330 -22.147002
 2.827433 6.795773 -21.191785
 2.840000 6.535379 -20.216790
 2.852566 6.287300 -19.234924
 2.865133 6.051571 -18.256511
 2.877699 5.828110 -17.288361
 2.890265 5.616721 -16.336587
 2.902832 5.417206 -15.401114
 2.915398 5.229366 -14.477685
 2.927964 5.053102 -13.558563
 2.940531 4.888433 -12.634192
 2.953097 4.735537 -11.691686
 2.965663 4.594644 -10.724430
 2.978230 4.466091 -9.726675
 2.990796 4.350313 -8.693276
 3.003363 4.247780 -7.617720
 3.015929 4.159103 -6.486764
 3.028495 4.085100 -5.279583
 3.041062 4.026909 -3.967030
 3.053628 3.986057 -2.515552
 3.066194 3.964471 -0.899480
 3.078761 3.964294 0.887481
 3.091327 3.987537 2.820392
 3.103894 4.035668 4.830991
 3.116460 4.109048 6.816246
 3.129026 4.206557 8.646632
