#! FIELDS phi2 ffphi2 dffphi2_phi2
#! SET min_phi2 -pi
#! SET max_phi2 pi
#! SET nbins_phi2  100
#! SET periodic_phi2 true
 -3.141593 16.549155 -37.261877
 -3.078761 14.397915 -35.649225
 -3.015929 11.651494 -49.824115
 -2.953097 8.804394 -37.464070
 -2.890265 6.822434 -28.956084
 -2.827433 5.081760 -23.622255
 -2.764602 4.114150 -7.874720
 -2.701770 3.743681 -7.271967
 -2.638938 2.883870 -20.853557
 -2.576106 1.508825 -17.775948
 -2.513274 0.973355 -0.039825
 -2.450442 1.169413 3.187103
 -2.387610 1.237615 0.209090
 -2.324779 1.318970 2.077282
 -2.261947 1.484037 3.322148
 -2.199115 1.675729 2.058130
 -2.136283 1.765199 1.380491
 -2.073451 1.944065 4.616090
 -2.010619 2.255104 4.187645
 -1.947787 2.414129 0.900150
 -1.884956 2.490605 2.161985
 -1.822124 2.546421 -1.729371
 -1.759292 2.414589 -0.308390
 -1.696460 2.508060 0.428245
 -1.633628 2.235303 -7.134432
 -1.570796 1.987387 0.004869
 -1.507964 2.038196 -0.489692
 -1.445133 1.815766 -6.913896
 -1.382301 1.286792 -7.430432
 -1.319469 1.020064 -2.880645
 -1.256637 0.645144 -8.499767
 -1.193805 0.335732 0.612661
 -1.130973 0.562023 3.870059
 -1.068142 0.804252 6.091704
 -1.005310 1.524031 16.197130
 -0.942478 2.580495 15.614220
 -0.879646 3.535590 16.495374
 -0.816814 4.841410 25.455411
 -0.753982 6.744562 34.624035
 -0.691150 8.975187 33.284127
 -0.628319 10.772670 23.890714
 -0.565487 12.219310 24.693594
 -0.502655 14.063863 33.170804
 -0.439823 16.192722 32.653130
 -0.376991 18.140968 29.862246
 -0.314159 19.802900 20.674514
 -0.251327 21.133984 27.097717
 -0.188496 23.259787 33.159191
 -0.125664 24.295790 2.311417
 -0.062832 24.614732 11.949586
 0.000000 25.605446 14.046969
 0.062832 25.984493 -0.816119
 0.125664 25.701532 -7.546336
 0.188496 25.160129 -8.803901
 0.251327 24.639477 -7.990302
 0.314159 24.071980 -11.435577
 0.376991 22.988799 -23.388628
 0.439823 21.446266 -22.303196
 0.502655 20.412178 -10.598456
 0.565487 19.980980 -4.811968
 0.628319 19.563587 -10.165076
 0.691150 18.685200 -16.417654
 0.753982 17.768882 -10.489850
 0.816814 17.545540 3.453784
 0.879646 18.020492 9.154645
 0.942478 18.583284 10.175862
 1.005310 19.437240 16.490482
 1.068142 20.608139 21.230781
 1.130973 22.169137 27.913726
 1.193805 24.001905 29.390391
 1.256637 25.915298 32.979559
 1.319469 28.329329 43.383005
 1.382301 31.202391 46.317191
 1.445133 34.195705 49.604969
 1.507964 37.541307 54.935134
 1.570796 40.987808 53.722043
 1.633628 44.363902 51.772119
 1.696460 47.461979 46.094075
 1.759292 50.379370 46.286123
 1.822124 53.288537 44.832288
 1.884956 55.835072 34.346810
 1.947787 57.762899 28.671993
 2.010619 59.585626 28.821596
 2.073451 61.223947 21.368995
 2.136283 62.206541 10.015851
 2.199115 62.552584 1.008550
 2.261947 62.289678 -9.577438
 2.324779 61.305571 -23.564135
 2.387610 59.226955 -40.446163
 2.450442 56.541430 -44.383378
 2.513274 53.531772 -52.371834
 2.576106 50.004868 -58.588570
 2.638938 46.216328 -62.397649
 2.701770 42.271758 -60.971559
 2.764602 38.655389 -55.818973
 2.827433 34.971742 -61.731371
 2.890265 31.052030 -62.508271
 2.953097 27.017478 -65.838092
 3.015929 22.989553 -61.125988
 3.078761 19.377774 -52.726444
