#! FIELDS psi3 ffpsi3 dffpsi3_psi3
#! SET min_psi3 -pi
#! SET max_psi3 pi
#! SET nbins_psi3  100
#! SET periodic_psi3 true
 -3.141593 6.993572 27.610013
 -3.078761 7.711738 -0.234035
 -3.015929 8.427484 26.780157
 -2.953097 10.655369 36.663854
 -2.890265 12.658780 32.209992
 -2.827433 15.440350 57.867863
 -2.764602 19.631457 67.670568
 -2.701770 22.617265 22.144620
 -2.638938 23.488630 10.491649
 -2.576106 23.972482 2.470751
 -2.513274 23.762005 -7.161315
 -2.450442 23.455183 0.519639
 -2.387610 23.978399 15.123766
 -2.324779 25.133581 18.357331
 -2.261947 25.741908 0.943063
 -2.199115 25.815349 5.443248
 -2.136283 26.871382 30.689119
 -2.073451 29.469045 44.399868
 -2.010619 31.014662 -3.714860
 -1.947787 29.979865 -14.457573
 -1.884956 29.686599 -1.715085
 -1.822124 28.919957 -20.256972
 -1.759292 28.184276 3.263002
 -1.696460 29.345282 25.361274
 -1.633628 29.637155 -18.555681
 -1.570796 27.362206 -56.928062
 -1.507964 23.628423 -48.604004
 -1.445133 21.947174 -6.666058
 -1.382301 21.249606 -30.745924
 -1.319469 19.182109 -20.875647
 -1.256637 18.959500 7.422423
 -1.193805 17.648519 -63.797640
 -1.130973 13.422981 -54.232605
 -1.068142 11.306599 -15.844638
 -1.005310 10.433475 -21.424683
 -0.942478 8.560194 -33.426975
 -0.879646 6.794590 -17.633358
 -0.816814 6.621430 8.138321
 -0.753982 6.616947 -13.060992
 -0.691150 5.545802 -20.300644
 -0.628319 3.930852 -25.474418
 -0.565487 3.112623 0.605074
 -0.502655 3.540467 6.193831
 -0.439823 3.310962 -13.293801
 -0.376991 2.276665 -15.976285
 -0.314159 1.513997 -8.885064
 -0.251327 1.015043 -6.510490
 -0.188496 0.874041 0.263187
 -0.125664 0.434946 -15.051223
 -0.062832 -0.309159 -3.321301
 0.000000 0.134319 14.371079
 0.062832 0.967310 10.474048
 0.125664 1.650320 11.942491
 0.188496 2.173001 2.647419
 0.251327 2.363686 8.184376
 0.314159 3.471356 26.181871
 0.376991 5.092297 18.749180
 0.439823 5.626724 -1.946583
 0.502655 4.670356 -20.903885
 0.565487 4.280309 12.604452
 0.628319 5.985709 32.377997
 0.691150 6.551396 -15.464222
 0.753982 5.744549 -4.419421
 0.816814 5.500883 -7.586413
 0.879646 5.309915 6.887483
 0.942478 5.893782 -2.945162
 1.005310 4.712990 -18.259012
 1.068142 4.698386 18.031694
 1.130973 6.624525 39.378530
 1.193805 9.346212 44.998251
 1.256637 11.187593 4.625815
 1.319469 11.066338 2.983322
 1.382301 11.219232 -21.218125
 1.445133 7.973226 -52.695291
 1.507964 6.206358 -3.305201
 1.570796 6.842730 10.681026
 1.633628 6.284989 -24.264958
 1.696460 5.020084 -7.844307
 1.759292 5.788678 29.949683
 1.822124 7.066380 -4.306249
 1.884956 6.519176 0.192789
 1.947787 7.355193 21.124356
 2.010619 7.958156 -11.016605
 2.073451 6.412180 -26.261168
 2.136283 5.276042 -13.613269
 2.199115 4.276676 -15.563087
 2.261947 3.599900 -7.877623
 2.324779 3.004302 -11.715389
 2.387610 2.223915 -10.869550
 2.450442 1.855230 -1.107733
 2.513274 1.972025 3.652592
 2.576106 2.091564 -0.397140
 2.638938 2.142698 3.851150
 2.701770 2.618260 10.012406
 2.764602 3.129234 4.908821
 2.827433 3.419606 6.852601
 2.890265 4.110445 13.951892
 2.953097 4.845831 7.225360
 3.015929 5.100669 2.761638
 3.078761 5.498377 13.588848
