#! FIELDS psi2 ffpsi2 dffpsi2_psi2
#! SET min_psi2 -pi
#! SET max_psi2 pi
#! SET nbins_psi2  500
#! SET periodic_psi2 true
 -3.141593 5.616582 14.887544
 -3.129026 5.801138 14.393441
 -3.116460 5.980227 14.050731
 -3.103894 6.156842 13.943614
 -3.091327 6.334331 14.241500
 -3.078761 6.517703 14.964467
 -3.066194 6.713014 15.951024
 -3.053628 6.921600 17.161418
 -3.041062 7.145284 18.353140
 -3.028495 7.382881 19.373636
 -3.015929 7.631980 20.072793
 -3.003363 7.887249 20.390083
 -2.990796 8.143086 20.100385
 -2.978230 8.390426 19.023181
 -2.965663 8.619385 16.980729
 -2.953097 8.817129 14.317044
 -2.940531 8.979477 11.511274
 -2.927964 9.110125 9.377944
 -2.915398 9.222379 8.690020
 -2.902832 9.336957 9.787747
 -2.890265 9.477230 12.438437
 -2.877699 9.657998 16.386276
 -2.865133 9.891963 20.843628
 -2.852566 10.181670 25.113144
 -2.840000 10.520817 28.622925
 -2.827433 10.896997 30.954207
 -2.814867 11.295271 31.920812
 -2.802301 11.698015 31.925517
 -2.789734 12.096815 31.423064
 -2.777168 12.489468 31.020094
 -2.764602 12.879938 31.155850
 -2.752035 13.276155 31.846098
 -2.739469 13.683264 32.848266
 -2.726902 14.102293 33.677779
 -2.714336 14.529734 33.733429
 -2.701770 14.950919 32.937755
 -2.689203 15.360378 30.768242
 -2.676637 15.733296 28.349696
 -2.664071 16.072783 25.591000
 -2.651504 16.378752 22.999085
 -2.638938 16.655516 20.969902
 -2.626371 16.910853 19.553508
 -2.613805 17.151126 18.607244
 -2.601239 17.383215 17.609163
 -2.588672 17.599879 16.713272
 -2.576106 17.803436 15.263474
 -2.563540 17.984994 13.393189
 -2.550973 18.140083 11.116059
 -2.538407 18.265156 8.638680
 -2.525840 18.359096 6.298257
 -2.513274 18.425427 4.222653
 -2.500708 18.467819 2.522985
 -2.488141 18.490694 1.127304
 -2.475575 18.497422 -0.112786
 -2.463009 18.489140 -1.242940
 -2.450442 18.467186 -2.254637
 -2.437876 18.432949 -3.147219
 -2.425310 18.388422 -3.890499
 -2.412743 18.335955 -4.492998
 -2.400177 18.274756 -5.240440
 -2.387610 18.202059 -6.453690
 -2.375044 18.108241 -8.601172
 -2.362478 17.980522 -11.919008
 -2.349911 17.804138 -16.298200
 -2.337345 17.569279 -21.080238
 -2.324779 17.276140 -25.324429
 -2.312212 16.937546 -28.147026
 -2.299646 16.575962 -29.064268
 -2.287079 16.214584 -28.168439
 -2.274513 15.873523 -25.918886
 -2.261947 15.566321 -22.881027
 -2.249380 15.299054 -19.633147
 -2.236814 15.071313 -16.668458
 -2.224248 14.877137 -14.354050
 -2.211681 14.706702 -12.907198
 -2.199115 14.548826 -12.329318
 -2.186548 14.394084 -12.373395
 -2.173982 14.236933 -12.632293
 -2.161416 14.077384 -12.685207
 -2.148849 13.919922 -12.259348
 -2.136283 13.771250 -11.297566
 -2.123717 13.637502 -9.935121
 -2.111150 13.521926 -8.427107
 -2.098584 13.425033 -6.992850
 -2.086018 13.345194 -5.748419
 -2.073451 13.279383 -4.753710
 -2.060885 13.224466 -4.017715
 -2.048318 13.176914 -3.600633
 -2.035752 13.131880 -3.659348
 -2.023186 13.082068 -4.373998
 -2.010619 13.018564 -5.879856
 -1.998053 12.931485 -8.077207
 -1.985487 12.813857 -10.654605
 -1.972920 12.664175 -13.075046
 -1.960354 12.487679 -14.852583
 -1.947787 12.294840 -15.655681
 -1.935221 12.098569 -15.419926
 -1.922655 11.911508 -14.238647
 -1.910088 11.743996 -12.322726
 -1.897522 11.603676 -9.955068
 -1.884956 11.494327 -7.439891
 -1.872389 11.416073 -5.059757
 -1.859823 11.365148 -3.125277
 -1.847256 11.334840 -1.820251
 -1.834690 11.316462 -1.226608
 -1.822124 11.301289 -1.277573
 -1.809557 11.282407 -1.769257
 -1.796991 11.255751 -2.464510
 -1.784425 11.219963 -3.217199
 -1.771858 11.174621 -4.021059
 -1.759292 11.118156 -5.021384
 -1.746726 11.047057 -6.341386
 -1.734159 10.957376 -7.958709
 -1.721593 10.846440 -9.687268
 -1.709026 10.715165 -11.171328
 -1.696460 10.568430 -12.065523
 -1.683894 10.415181 -12.210610
 -1.671327 10.264880 -11.600890
 -1.658761 10.126366 -10.387098
 -1.646195 10.005631 -8.784698
 -1.633628 9.906035 -7.041669
 -1.621062 9.828268 -5.333819
 -1.608495 9.771167 -3.786005
 -1.595929 9.732049 -2.497616
 -1.583363 9.707256 -1.519179
 -1.570796 9.692497 -0.925976
 -1.558230 9.682323 -0.782141
 -1.545664 9.670427 -1.203783
 -1.533097 9.649520 -2.213644
 -1.520531 9.612638 -3.720186
 -1.507964 9.555186 -5.428803
 -1.495398 9.477252 -6.907056
 -1.482832 9.384661 -7.692292
 -1.470265 9.288110 -7.518013
 -1.457699 9.200162 -6.352146
 -1.445133 9.131900 -4.433252
 -1.432566 9.090274 -2.177793
 -1.420000 9.076631 -0.047056
 -1.407434 9.086981 1.574128
 -1.394867 9.113426 2.483282
 -1.382301 9.146435 2.667848
 -1.369734 9.177984 2.281270
 -1.357168 9.202532 1.560797
 -1.344602 9.216778 0.676584
 -1.332035 9.219357 -0.320942
 -1.319469 9.208221 -1.489962
 -1.306903 9.180858 -2.896434
 -1.294336 9.134749 -4.456651
 -1.281770 9.069322 -5.939426
 -1.269203 8.987435 -7.006137
 -1.256637 8.896240 -7.391651
 -1.244071 8.805396 -6.999933
 -1.231504 8.724135 -5.860855
 -1.218938 8.659982 -4.272712
 -1.206372 8.616981 -2.566153
 -1.193805 8.594549 -1.079943
 -1.181239 8.587739 -0.118283
 -1.168672 8.588643 0.136567
 -1.156106 8.588223 -0.349932
 -1.143540 8.577562 -1.459992
 -1.130973 8.550066 -2.989880
 -1.118407 8.502022 -4.665756
 -1.105841 8.433232 -6.232481
 -1.093274 8.347156 -7.376282
 -1.080708 8.250695 -7.853766
 -1.068142 8.153568 -7.468349
 -1.055575 8.067002 -6.164376
 -1.043009 8.002033 -4.061512
 -1.030442 7.967262 -1.442365
 -1.017876 7.966593 1.279550
 -1.005310 7.998166 3.631592
 -0.992743 8.054370 5.137645
 -0.980177 8.122633 5.497389
 -0.967611 8.187812 4.689375
 -0.955044 8.236937 2.999205
 -0.942478 8.262160 1.018080
 -0.929911 8.263804 -0.679579
 -0.917345 8.248202 -1.702517
 -0.904779 8.224642 -1.954843
 -0.892212 8.201921 -1.602173
 -0.879646 8.185874 -0.924625
 -0.867080 8.178989 -0.185642
 -0.854513 8.180816 0.430741
 -0.841947 8.189008 0.837353
 -0.829380 8.201109 1.017910
 -0.816814 8.214089 0.985920
 -0.804248 8.225286 0.742005
 -0.791681 8.231835 0.225008
 -0.779115 8.229883 -0.606427
 -0.766549 8.215062 -1.803278
 -0.753982 8.183095 -3.347856
 -0.741416 8.129939 -5.153535
 -0.728849 8.053136 -7.049890
 -0.716283 7.953554 -8.780933
 -0.703717 7.834862 -10.014513
 -0.691150 7.704929 -10.539645
 -0.678584 7.573526 -10.244874
 -0.666018 7.450158 -9.257233
 -0.653451 7.342941 -7.773380
 -0.640885 7.255284 -6.173823
 -0.628319 7.186529 -4.859232
 -0.615752 7.130605 -4.179328
 -0.603186 7.077811 -4.389536
 -0.590619 7.016460 -5.501258
 -0.578053 6.936213 -7.354527
 -0.565487 6.829997 -9.583022
 -0.552920 6.695712 -11.733025
 -0.540354 6.537237 -13.357446
 -0.527788 6.363417 -14.144204
 -0.515221 6.185649 -13.972450
 -0.502655 6.015671 -12.928254
 -0.490088 5.863232 -11.256370
 -0.477522 5.733917 -9.318871
 -0.464956 5.628359 -7.537501
 -0.452389 5.541888 -6.307460
 -0.439823 5.466655 -5.807235
 -0.427257 5.392727 -6.090849
 -0.414690 5.311115 -6.966083
 -0.402124 5.216263 -8.113610
 -0.389557 5.107302 -9.163194
 -0.376991 4.987498 -9.837037
 -0.364425 4.862163 -10.014938
 -0.351858 4.737604 -9.735077
 -0.339292 4.618732 -9.143303
 -0.326726 4.508413 -8.406531
 -0.314159 4.407318 -7.693734
 -0.301593 4.314518 -7.106946
 -0.289027 4.227847 -6.695803
 -0.276460 4.145839 -6.423659
 -0.263894 4.066783 -6.156607
 -0.251327 3.991438 -5.819053
 -0.238761 3.921227 -5.314866
 -0.226195 3.858655 -4.609241
 -0.213628 3.806115 -3.741600
 -0.201062 3.764968 -2.805851
 -0.188496 3.735429 -1.924754
 -0.175929 3.715909 -1.217014
 -0.163363 3.703675 -0.779354
 -0.150796 3.695156 -0.623002
 -0.138230 3.687182 -0.692834
 -0.125664 3.677306 -0.915220
 -0.113097 3.663924 -1.241223
 -0.100531 3.645969 -1.640155
 -0.087965 3.622396 -2.126297
 -0.075398 3.591945 -2.729192
 -0.062832 3.553748 -3.390931
 -0.050265 3.507416 -3.968328
 -0.037699 3.455044 -4.324248
 -0.025133 3.400367 -4.327041
 -0.012566 3.348232 -3.927795
 0.000000 3.303424 -3.178442
 0.012566 3.269464 -2.215077
 0.025133 3.248112 -1.209238
 0.037699 3.238899 -0.292971
 0.050265 3.240215 0.460055
 0.062832 3.249946 1.052360
 0.075398 3.266336 1.539806
 0.087965 3.288574 1.991583
 0.100531 3.316553 2.401252
 0.113097 3.349106 2.740287
 0.125664 3.384694 2.862759
 0.138230 3.419752 2.638668
 0.150796 3.449336 1.991299
 0.163363 3.468486 0.996359
 0.175929 3.473826 -0.162038
 0.188496 3.465175 -1.210394
 0.201062 3.445497 -1.876180
 0.213628 3.420452 -2.040304
 0.226195 3.396348 -1.753712
 0.238761 3.377849 -1.208319
 0.251327 3.366330 -0.671728
 0.263894 3.359923 -0.414542
 0.276460 3.354383 -0.573627
 0.289027 3.344449 -1.070741
 0.301593 3.327307 -1.652511
 0.314159 3.304302 -1.974658
 0.326726 3.280546 -1.717602
 0.339292 3.264271 -0.786898
 0.351858 3.263426 0.708556
 0.364425 3.283481 2.491066
 0.376991 3.325863 4.200696
 0.389557 3.387581 5.519762
 0.402124 3.462370 6.233344
 0.414690 3.541465 6.267715
 0.427257 3.617739 5.758157
 0.439823 3.684974 4.875312
 0.452389 3.738821 3.712335
 0.464956 3.777547 2.385687
 0.477522 3.797911 0.762031
 0.490088 3.794580 -1.403010
 0.502655 3.759440 -4.327756
 0.515221 3.682370 -8.023834
 0.527788 3.556037 -12.131588
 0.540354 3.379154 -16.016000
 0.552920 3.158825 -18.837221
 0.565487 2.912668 -20.068932
 0.578053 2.662260 -19.507734
 0.590619 2.429485 -17.309365
 0.603186 2.232689 -13.851476
 0.615752 2.084977 -9.572519
 0.628319 1.993825 -4.892851
 0.640885 1.962291 -0.140612
 0.653451 1.989691 4.441844
 0.666018 2.072743 8.707761
 0.678584 2.206672 12.521444
 0.691150 2.385034 15.739900
 0.703717 2.598737 18.084978
 0.716283 2.834153 19.097822
 0.728849 3.070559 18.138846
 0.741416 3.279577 14.672184
 0.753982 3.428669 8.703306
 0.766549 3.492239 1.275607
 0.779115 3.462521 -5.806130
 0.791681 3.355095 -10.875506
 0.804248 3.201394 -13.285083
 0.816814 3.033373 -13.115116
 0.829380 2.878457 -11.294325
 0.841947 2.753348 -8.626834
 0.854513 2.663225 -5.758499
 0.867080 2.607135 -3.264377
 0.879646 2.578234 -1.511368
 0.892212 2.565666 -0.694942
 0.904779 2.556877 -0.891522
 0.917345 2.539751 -1.965039
 0.929911 2.505020 -3.627939
 0.942478 2.448210 -5.397203
 0.955044 2.371344 -6.720993
 0.967611 2.283200 -7.136195
 0.980177 2.197002 -6.378701
 0.992743 2.127958 -4.436292
 1.005310 2.089771 -1.510986
 1.017876 2.092972 2.032816
 1.030442 2.142478 5.835279
 1.043009 2.239287 9.501939
 1.055575 2.379640 12.737604
 1.068142 2.556765 15.327376
 1.080708 2.762337 17.240919
 1.093274 2.987637 18.418715
 1.105841 3.222368 18.782822
 1.118407 3.455169 18.027650
 1.130973 3.669192 15.722639
 1.143540 3.842848 11.424771
 1.156106 3.949772 5.297571
 1.168672 3.971412 -1.885646
 1.181239 3.904643 -8.522072
 1.193805 3.766948 -13.127254
 1.206372 3.588705 -14.759541
 1.218938 3.408615 -13.651126
 1.231504 3.256710 -10.247291
 1.244071 3.157198 -5.431156
 1.256637 3.123109 0.032109
 1.269203 3.158181 5.465003
 1.281770 3.258024 10.247534
 1.294336 3.411033 13.822038
 1.306903 3.599409 15.836019
 1.319469 3.802595 16.212222
 1.332035 4.001481 15.251553
 1.344602 4.182966 13.539381
 1.357168 4.341521 11.712259
 1.369734 4.478585 10.137932
 1.382301 4.597939 8.904718
 1.394867 4.703453 7.899569
 1.407434 4.797539 7.063641
 1.420000 4.882824 6.493768
 1.432566 4.963546 6.419454
 1.445133 5.047165 6.946162
 1.457699 5.142243 7.962843
 1.470265 5.251363 9.371975
 1.482832 5.377090 10.542682
 1.495398 5.513651 10.976875
 1.507964 5.649253 10.415990
 1.520531 5.771348 8.851023
 1.533097 5.869525 6.694709
 1.545664 5.940113 4.583002
 1.558230 5.987854 3.037529
 1.570796 6.021515 2.407458
 1.583363 6.052341 2.600042
 1.595929 6.089244 3.289176
 1.608495 6.136199 4.135241
 1.621062 6.192841 4.809402
 1.633628 6.255484 5.068522
 1.646195 6.318726 4.771793
 1.658761 6.374950 4.027081
 1.671327 6.419279 2.954266
 1.683894 6.449009 1.744003
 1.696460 6.463913 0.669842
 1.709026 6.467490 -0.046243
 1.721593 6.465255 -0.238881
 1.734159 6.464190 0.136144
 1.746726 6.470808 0.963607
 1.759292 6.489608 2.020957
 1.771858 6.521863 3.021429
 1.784425 6.564944 3.737594
 1.796991 6.614056 3.934660
 1.809557 6.661757 3.545946
 1.822124 6.700930 2.590788
 1.834690 6.725437 1.207412
 1.847256 6.730938 -0.363680
 1.859823 6.716369 -1.952053
 1.872389 6.682849 -3.352620
 1.884956 6.633691 -4.424035
 1.897522 6.573687 -5.057673
 1.910088 6.508753 -5.215102
 1.922655 6.444759 -4.917848
 1.935221 6.386874 -4.292453
 1.947787 6.337748 -3.535042
 1.960354 6.297850 -2.849347
 1.972920 6.264834 -2.452076
 1.985487 6.234791 -2.423096
 1.998053 6.202523 -2.754023
 2.010619 6.164461 -3.338935
 2.023186 6.117994 -4.066220
 2.035752 6.062050 -4.852108
 2.048318 5.995968 -5.704897
 2.060885 5.918310 -6.668936
 2.073451 5.827790 -7.748933
 2.086018 5.723416 -8.851330
 2.098584 5.606319 -9.737394
 2.111150 5.480672 -10.178853
 2.123717 5.353261 -9.974472
 2.136283 5.232657 -9.122136
 2.148849 5.126038 -7.790033
 2.161416 5.037478 -6.279788
 2.173982 4.967641 -4.891195
 2.186548 4.912668 -3.935942
 2.199115 4.866198 -3.575430
 2.211681 4.820051 -3.859660
 2.224248 4.766872 -4.674125
 2.236814 4.701197 -5.810268
 2.249380 4.620579 -7.029481
 2.261947 4.525243 -8.111079
 2.274513 4.417908 -8.906311
 2.287079 4.302985 -9.313563
 2.299646 4.185615 -9.295611
 2.312212 4.070950 -8.882406
 2.324779 3.963561 -8.163916
 2.337345 3.866385 -7.290287
 2.349911 3.780165 -6.418025
 2.362478 3.704673 -5.646384
 2.375044 3.637484 -5.065213
 2.387610 3.573971 -4.892936
 2.400177 3.512223 -5.009782
 2.412743 3.445783 -5.667190
 2.425310 3.366370 -7.108866
 2.437876 3.262370 -9.627991
 2.450442 3.119116 -13.403689
 2.463009 2.920935 -18.285204
 2.475575 2.657445 -23.655785
 2.488141 2.328468 -28.500511
 2.500708 1.947786 -31.759331
 2.513274 1.540020 -32.736759
 2.525840 1.135329 -31.271275
 2.538407 0.763270 -27.620294
 2.550973 0.448307 -22.269570
 2.563540 0.208479 -15.750974
 2.576106 0.055094 -8.598813
 2.588672 -0.006999 -1.299252
 2.601239 0.021023 5.657201
 2.613805 0.131825 11.788212
 2.626371 0.311939 16.609421
 2.638938 0.541995 19.682325
 2.651504 0.798138 20.734780
 2.664071 1.054746 19.796902
 2.676637 1.289252 17.324385
 2.689203 1.487080 14.096278
 2.701770 1.644125 10.957774
 2.714336 1.765687 8.527404
 2.726902 1.862614 7.048147
 2.739469 1.946759 6.447665
 2.752035 2.027391 6.450276
 2.764602 2.109984 6.672093
 2.777168 2.197221 6.615924
 2.789734 2.279804 6.434150
 2.802301 2.356543 5.664475
 2.814867 2.420509 4.370795
 2.827433 2.466020 2.776555
 2.840000 2.490912 1.183587
 2.852566 2.497130 -0.169010
 2.865133 2.489039 -1.062121
 2.877699 2.473340 -1.404592
 2.890265 2.456936 -1.132071
 2.902832 2.447476 -0.313118
 2.915398 2.451488 0.973242
 2.927964 2.473998 2.645084
 2.940531 2.519390 4.573443
 2.953097 2.590208 6.678917
 2.965663 2.688314 8.875406
 2.978230 2.814179 11.134512
 2.990796 2.968368 13.358811
 3.003363 3.149844 15.458677
 3.015929 3.356220 17.312717
 3.028495 3.583710 18.741351
 3.041062 3.825643 19.643570
 3.053628 4.075404 19.888427
 3.066194 4.324320 19.584031
 3.078761 4.566336 18.858328
 3.091327 4.797807 17.916343
 3.103894 5.017616 16.960188
 3.116460 5.226507 16.116695
 3.129026 5.425273 15.466082
