#! FIELDS psi3 ffpsi3 dffpsi3_psi3
#! SET min_psi3 -pi
#! SET max_psi3 pi
#! SET nbins_psi3  100
#! SET periodic_psi3 true
 -3.141593 9.003874 11.491674
 -3.078761 9.743504 13.031483
 -3.015929 10.902893 24.706252
 -2.953097 12.516779 22.021772
 -2.890265 13.694192 19.965432
 -2.827433 15.293684 28.015814
 -2.764602 16.767508 20.066304
 -2.701770 18.246362 26.417302
 -2.638938 19.874318 26.851787
 -2.576106 21.919674 35.801290
 -2.513274 23.515434 12.430763
 -2.450442 24.317280 18.432671
 -2.387610 25.645888 18.308120
 -2.324779 26.326987 5.233863
 -2.261947 26.549203 2.269677
 -2.199115 26.613971 0.327627
 -2.136283 26.822092 8.299733
 -2.073451 27.642909 14.855105
 -2.010619 28.375965 9.112646
 -1.947787 29.041339 12.954918
 -1.884956 29.974619 15.358292
 -1.822124 30.453712 -8.236630
 -1.759292 29.042406 -22.292220
 -1.696460 28.985574 23.808930
 -1.633628 31.634184 44.320477
 -1.570796 31.329011 -44.133240
 -1.507964 28.253383 -54.856018
 -1.445133 24.501836 -55.428799
 -1.382301 22.071530 -23.976284
 -1.319469 20.129374 -46.977184
 -1.256637 17.099518 -39.240769
 -1.193805 15.412001 -19.711105
 -1.130973 13.768252 -35.104930
 -1.068142 11.419094 -34.447310
 -1.005310 9.767829 -18.897723
 -0.942478 8.706295 -17.444417
 -0.879646 7.544364 -18.496518
 -0.816814 6.350045 -20.916138
 -0.753982 4.926567 -21.796228
 -0.691150 3.920533 -10.617293
 -0.628319 3.210501 -14.199682
 -0.565487 2.326695 -11.470595
 -0.502655 1.768955 -8.148708
 -0.439823 1.179141 -9.845057
 -0.376991 0.678221 -5.898462
 -0.314159 0.362450 -4.670772
 -0.251327 0.096519 -3.597671
 -0.188496 -0.080350 -2.113085
 -0.125664 -0.122118 1.500878
 -0.062832 0.095774 4.215579
 0.000000 0.309115 2.787990
 0.062832 0.513131 3.958603
 0.125664 0.872762 8.070045
 0.188496 1.466278 9.048168
 0.251327 1.902345 5.727508
 0.314159 2.345796 8.501154
 0.376991 2.866394 7.083503
 0.439823 3.224506 4.717812
 0.502655 3.536279 5.820213
 0.565487 4.004908 8.560339
 0.628319 4.481731 6.116882
 0.691150 4.855922 6.191531
 0.753982 5.206645 4.578304
 0.816814 5.482464 4.359186
 0.879646 5.749873 4.727114
 0.942478 6.149383 7.318196
 1.005310 6.564269 5.563454
 1.068142 6.834736 3.195295
 1.130973 7.080152 5.353593
 1.193805 7.426508 3.797336
 1.256637 7.519996 0.584364
 1.319469 7.549263 -0.501832
 1.382301 7.473559 -0.889063
 1.445133 7.506667 1.843400
 1.507964 7.751152 6.197540
 1.570796 8.119712 3.425626
 1.633628 8.161066 -0.810408
 1.696460 8.095838 -1.919109
 1.759292 7.870318 -4.657539
 1.822124 7.607004 -3.530230
 1.884956 7.429444 -2.318350
 1.947787 7.259119 -3.307060
 2.010619 7.042728 -3.555404
 2.073451 6.824344 -3.248403
 2.136283 6.604652 -4.281058
 2.199115 6.305073 -4.256210
 2.261947 6.167682 -0.555077
 2.324779 6.108452 -1.793214
 2.387610 5.964486 -2.868036
 2.450442 5.740903 -3.819539
 2.513274 5.570880 -1.375760
 2.576106 5.505379 -1.518859
 2.638938 5.389014 -1.338473
 2.701770 5.414301 2.154992
 2.764602 5.642168 4.854325
 2.827433 5.987812 5.935286
 2.890265 6.430728 8.416885
 2.953097 6.960106 7.456544
 3.015929 7.475208 10.525918
 3.078761 8.255377 12.660542
