#! FIELDS phi2 ffphi2 dffphi2_phi2
#! SET min_phi2 -pi
#! SET max_phi2 pi
#! SET nbins_phi2  100
#! SET periodic_phi2 true
 -3.141593 16.601179 -46.971884
 -3.078761 13.814704 -41.953132
 -3.015929 11.325734 -36.981472
 -2.953097 9.181922 -31.475821
 -2.890265 7.349561 -26.828780
 -2.827433 5.811950 -22.130666
 -2.764602 4.570952 -17.473857
 -2.701770 3.578216 -14.372713
 -2.638938 2.769709 -11.293314
 -2.576106 2.160302 -7.977915
 -2.513274 1.774438 -4.666918
 -2.450442 1.527710 -3.151432
 -2.387610 1.421522 -0.076927
 -2.324779 1.472429 0.949576
 -2.261947 1.515954 0.872952
 -2.199115 1.625913 2.285823
 -2.136283 1.752765 1.845759
 -2.073451 1.914143 3.397279
 -2.010619 2.153700 3.834773
 -1.947787 2.351870 2.169253
 -1.884956 2.435313 0.647386
 -1.822124 2.463361 0.492230
 -1.759292 2.502626 0.298559
 -1.696460 2.445362 -2.344209
 -1.633628 2.222902 -4.403511
 -1.570796 1.936922 -4.701291
 -1.507964 1.613075 -5.669624
 -1.445133 1.239906 -6.100621
 -1.382301 0.858297 -5.987643
 -1.319469 0.520089 -4.451234
 -1.256637 0.320718 -1.881152
 -1.193805 0.309516 1.811820
 -1.130973 0.553684 5.622746
 -1.068142 1.003856 8.923974
 -1.005310 1.696140 12.909958
 -0.942478 2.618894 16.565921
 -0.879646 3.806231 21.102202
 -0.816814 5.237157 23.875628
 -0.753982 6.792840 25.757396
 -0.691150 8.528172 29.221166
 -0.628319 10.411158 30.000025
 -0.565487 12.307329 30.281018
 -0.502655 14.244297 31.160160
 -0.439823 16.229951 31.434606
 -0.376991 18.158099 29.301686
 -0.314159 19.915337 26.511240
 -0.251327 21.524214 24.253942
 -0.188496 22.946354 20.782802
 -0.125664 24.143502 16.917588
 -0.062832 25.055970 11.952677
 0.000000 25.653759 6.948202
 0.062832 25.920945 1.266769
 0.125664 25.800206 -4.938965
 0.188496 25.348965 -9.353232
 0.251327 24.612962 -14.042429
 0.314159 23.636172 -16.582682
 0.376991 22.550469 -17.985519
 0.439823 21.399875 -18.408222
 0.502655 20.237660 -18.710925
 0.565487 19.072794 -17.883521
 0.628319 18.032000 -15.312846
 0.691150 17.110264 -14.201990
 0.753982 16.290205 -11.321790
 0.816814 15.729413 -6.546262
 0.879646 15.447638 -2.578905
 0.942478 15.418991 1.995573
 1.005310 15.732454 7.886842
 1.068142 16.386541 12.891162
 1.130973 17.386968 19.134409
 1.193805 18.808966 26.110853
 1.256637 20.685492 33.546091
 1.319469 23.052711 41.695071
 1.382301 25.935514 49.399818
 1.445133 29.268472 55.963952
 1.507964 33.003534 61.696263
 1.570796 37.084729 66.485344
 1.633628 41.409601 68.455056
 1.696460 45.705425 64.873757
 1.759292 49.619737 57.347825
 1.822124 53.029378 49.434737
 1.884956 55.903973 41.316326
 1.947787 58.320787 34.705864
 2.010619 60.221870 24.967031
 2.073451 61.518926 16.665946
 2.136283 62.354312 9.079742
 2.199115 62.541047 -3.534194
 2.261947 61.964129 -14.845945
 2.324779 60.624011 -27.636025
 2.387610 58.620642 -35.377311
 2.450442 56.155555 -43.552511
 2.513274 53.158493 -51.256099
 2.576106 49.773172 -56.317824
 2.638938 46.089153 -60.720596
 2.701770 42.179942 -63.268523
 2.764602 38.194298 -63.183485
 2.827433 34.260124 -62.056002
 2.890265 30.389728 -60.973501
 2.953097 26.632751 -58.348322
 3.015929 23.069787 -55.050491
 3.078761 19.712409 -51.733601
