#! FIELDS phi4 ffphi4 dffphi4_phi4
#! SET min_phi4 -pi
#! SET max_phi4 pi
#! SET nbins_phi4  100
#! SET periodic_phi4 true
 -3.141593 13.025424 -42.038091
 -3.078761 10.673367 -30.595374
 -3.015929 9.181829 -21.206817
 -2.953097 7.369104 -35.248570
 -2.890265 5.539066 -18.810907
 -2.827433 4.861220 -8.623839
 -2.764602 3.624807 -31.147252
 -2.701770 1.874785 -18.221358
 -2.638938 1.189726 -10.039357
 -2.576106 0.475949 -6.651656
 -2.513274 0.722686 11.077256
 -2.450442 1.248322 5.479875
 -2.387610 1.755708 11.008840
 -2.324779 2.485701 10.959348
 -2.261947 2.744530 -5.019666
 -2.199115 2.392796 0.160016
 -2.136283 2.955414 13.007715
 -2.073451 3.200437 -5.487391
 -2.010619 2.846536 -3.999824
 -1.947787 2.590005 -5.181422
 -1.884956 2.143216 -8.349239
 -1.822124 1.667135 -6.537578
 -1.759292 1.421364 -0.441389
 -1.696460 1.496963 0.699974
 -1.633628 1.356396 -4.938727
 -1.570796 0.970040 -7.336603
 -1.507964 0.480617 -6.812034
 -1.445133 0.242681 -0.784475
 -1.382301 0.319039 2.224762
 -1.319469 0.483892 3.769877
 -1.256637 0.819728 6.101217
 -1.193805 1.265937 9.474641
 -1.130973 2.135897 18.075642
 -1.068142 3.558558 28.026375
 -1.005310 5.545777 31.064127
 -0.942478 7.112873 19.954262
 -0.879646 8.366782 22.083978
 -0.816814 10.185924 36.432864
 -0.753982 12.693798 38.862966
 -0.691150 14.757933 27.995774
 -0.628319 16.717453 36.599479
 -0.565487 19.293298 42.582083
 -0.502655 21.975436 42.863398
 -0.439823 24.558493 36.485845
 -0.376991 26.578920 29.872009
 -0.314159 28.508227 31.157487
 -0.251327 30.473115 31.021036
 -0.188496 32.394120 29.263067
 -0.125664 34.041969 21.987436
 -0.062832 35.135420 12.914608
 0.000000 35.716632 5.614459
 0.062832 35.784587 -4.761045
 0.125664 35.081560 -16.735463
 0.188496 33.721749 -26.624368
 0.251327 31.893826 -29.945222
 0.314159 29.921979 -34.696737
 0.376991 27.423554 -43.902643
 0.439823 24.609921 -44.412417
 0.502655 21.889702 -42.025393
 0.565487 19.372137 -37.887257
 0.628319 17.093916 -35.776306
 0.691150 14.641517 -43.057373
 0.753982 11.957209 -39.117044
 0.816814 9.974849 -22.873160
 0.879646 9.103029 -7.152119
 0.942478 8.397793 -19.110553
 1.005310 7.327373 -6.885168
 1.068142 7.861210 20.596093
 1.130973 9.110567 13.441713
 1.193805 9.479986 3.165252
 1.256637 10.274947 25.422901
 1.319469 12.572127 43.818758
 1.382301 15.407356 45.779071
 1.445133 18.414303 49.767913
 1.507964 21.807919 57.978217
 1.570796 25.760884 66.432322
 1.633628 30.124699 69.291588
 1.696460 34.492962 66.478919
 1.759292 38.667302 66.037847
 1.822124 42.934099 63.360464
 1.884956 46.199363 40.521540
 1.947787 48.931106 48.131612
 2.010619 52.226752 56.861728
 2.073451 56.852072 94.754352
 2.136283 64.656131 153.139064
 2.199115 68.477660 -178.095381
 2.261947 59.193462 -117.806418
 2.324779 53.600989 -61.046881
 2.387610 51.334745 -14.190116
 2.450442 50.710333 -20.971413
 2.513274 48.281766 -46.433196
 2.576106 45.458943 -43.955858
 2.638938 42.413865 -55.645452
 2.701770 38.593518 -63.104686
 2.764602 34.567832 -66.020724
 2.827433 30.258417 -69.394872
 2.890265 26.150773 -60.551992
 2.953097 22.450561 -58.729096
 3.015929 18.895699 -52.808411
 3.078761 15.804638 -46.382279
