#! FIELDS psi4 ffpsi4 dffpsi4_psi4
#! SET min_psi4 -pi
#! SET max_psi4 pi
#! SET nbins_psi4  100
#! SET periodic_psi4 true
 -3.141593 3.301562 11.096703
 -3.078761 4.683661 32.056552
 -3.015929 7.294710 48.741466
 -2.953097 10.008746 29.649242
 -2.890265 11.102400 11.904781
 -2.827433 12.191721 24.977249
 -2.764602 14.235608 35.727682
 -2.701770 15.805140 12.356928
 -2.638938 16.494896 11.948201
 -2.576106 17.192341 13.247493
 -2.513274 18.877002 41.655299
 -2.450442 21.479975 27.296780
 -2.387610 22.106890 3.014932
 -2.324779 22.849347 24.442711
 -2.261947 25.050518 37.276696
 -2.199115 26.332269 5.428902
 -2.136283 26.532116 -3.229227
 -2.073451 24.996654 -36.991992
 -2.010619 23.505488 -6.940553
 -1.947787 23.510141 -2.077275
 -1.884956 22.827177 -17.486562
 -1.822124 21.511064 -21.951168
 -1.759292 20.502513 -8.303862
 -1.696460 20.318614 -2.083558
 -1.633628 19.545928 -22.111749
 -1.570796 18.403147 -10.087227
 -1.507964 17.890662 -13.946926
 -1.445133 16.191662 -35.372322
 -1.382301 14.382774 -18.299224
 -1.319469 13.690195 -8.228192
 -1.256637 13.099679 -11.961884
 -1.193805 11.762669 -28.192203
 -1.130973 10.520895 -7.796949
 -1.068142 10.301873 -6.514509
 -1.005310 9.398941 -21.903266
 -0.942478 7.465251 -35.472301
 -0.879646 5.852140 -12.321182
 -0.816814 5.594807 -2.640332
 -0.753982 4.993738 -15.350229
 -0.691150 4.064401 -11.945929
 -0.628319 3.470384 -8.641437
 -0.565487 2.927724 -7.333476
 -0.502655 2.682877 -1.086444
 -0.439823 2.494791 -6.839260
 -0.376991 1.991558 -6.272807
 -0.314159 1.806518 -1.222908
 -0.251327 1.767698 1.233697
 -0.188496 1.912014 1.361647
 -0.125664 2.033180 5.052592
 -0.062832 2.633895 13.139614
 0.000000 3.554307 14.546833
 0.062832 4.188507 3.692744
 0.125664 4.047903 -6.439799
 0.188496 3.658121 -3.619459
 0.251327 3.739693 5.111618
 0.314159 4.112747 7.293092
 0.376991 4.775412 11.170395
 0.439823 4.885940 -8.092569
 0.502655 4.479882 0.069196
 0.565487 4.780439 3.101170
 0.628319 4.300078 -15.209373
 0.691150 3.657997 -1.934414
 0.753982 3.912086 6.357144
 0.816814 4.108157 -1.546868
 0.879646 3.863607 -2.615028
 0.942478 4.062335 8.043564
 1.005310 4.523732 3.688833
 1.068142 4.508263 -1.647710
 1.130973 4.645188 6.335257
 1.193805 4.697735 -10.939480
 1.256637 3.938601 -2.305362
 1.319469 4.911853 29.669756
 1.382301 6.543214 14.239502
 1.445133 6.905919 3.116137
 1.507964 7.256674 7.570265
 1.570796 7.763640 7.851428
 1.633628 7.975447 -4.897223
 1.696460 7.214445 -12.247782
 1.759292 7.196835 12.170675
 1.822124 7.974828 3.294044
 1.884956 7.563580 -9.575814
 1.947787 6.912767 -16.171570
 2.010619 5.637021 -16.781001
 2.073451 5.072856 -8.393637
 2.136283 3.742999 -28.199691
 2.199115 2.722254 0.526719
 2.261947 3.690281 23.281062
 2.324779 4.501833 -0.869495
 2.387610 3.901585 -14.708015
 2.450442 2.993154 -13.561665
 2.513274 2.077710 -16.104001
 2.576106 1.121918 -12.079442
 2.638938 0.885554 6.129247
 2.701770 1.651146 12.841773
 2.764602 2.078069 1.852391
 2.827433 2.044831 -2.135762
 2.890265 2.117201 5.763520
 2.953097 2.598546 8.582003
 3.015929 3.284174 10.887647
 3.078761 3.320568 -7.767240
