#! FIELDS phi2 ffphi2 dffphi2_phi2
#! SET min_phi2 -pi
#! SET max_phi2 pi
#! SET nbins_phi2  100
#! SET periodic_phi2 true
 -3.141593 18.963993 -58.415196
 -3.078761 16.197083 -37.012213
 -3.015929 13.325578 -52.151964
 -2.953097 10.489198 -36.455972
 -2.890265 8.399441 -32.566422
 -2.827433 6.328067 -34.328476
 -2.764602 4.160746 -30.523200
 -2.701770 2.948734 -8.075545
 -2.638938 2.602319 -8.310529
 -2.576106 1.522433 -29.401644
 -2.513274 -0.574572 -25.934108
 -2.450442 -0.998646 11.794369
 -2.387610 0.434429 29.333364
 -2.324779 2.222401 23.980401
 -2.261947 3.225882 9.138590
 -2.199115 3.607573 2.716468
 -2.136283 3.532160 -2.327316
 -2.073451 3.743232 9.336227
 -2.010619 4.345368 5.374190
 -1.947787 4.131862 -9.965482
 -1.884956 3.523917 -10.102193
 -1.822124 2.246874 -29.764444
 -1.759292 0.958685 -4.094424
 -1.696460 1.710246 21.098898
 -1.633628 2.534955 3.181355
 -1.570796 2.542202 -2.232164
 -1.507964 2.111496 -10.117614
 -1.445133 1.628324 -4.529010
 -1.382301 1.399148 -4.013917
 -1.319469 1.049940 -7.183339
 -1.256637 0.639116 -4.127972
 -1.193805 0.601466 1.964180
 -1.130973 0.735454 1.873738
 -1.068142 0.963020 6.912439
 -1.005310 1.713840 16.629258
 -0.942478 2.840587 17.325078
 -0.879646 3.903767 17.420185
 -0.816814 5.087691 20.316512
 -0.753982 6.487491 24.733940
 -0.691150 8.332685 34.391023
 -0.628319 10.711191 38.775033
 -0.565487 12.886818 29.673222
 -0.502655 14.716176 30.162303
 -0.439823 17.007889 45.292606
 -0.376991 20.172334 42.531847
 -0.314159 20.676204 -22.409726
 -0.251327 19.634844 1.180448
 -0.188496 21.315146 50.712464
 -0.125664 24.896014 46.819462
 -0.062832 26.773576 17.837153
 0.000000 25.872055 -43.204330
 0.062832 23.873806 -11.429604
 0.125664 24.482129 25.982185
 0.188496 25.944316 10.652610
 0.251327 25.795927 -11.566392
 0.314159 24.322493 -35.323851
 0.376991 22.176799 -27.212916
 0.439823 20.961290 -14.535543
 0.502655 19.980759 -17.837505
 0.565487 18.743941 -21.352185
 0.628319 17.299958 -23.502904
 0.691150 16.027883 -16.118107
 0.753982 15.184368 -11.560001
 0.816814 14.599291 -6.933567
 0.879646 14.222829 -6.143139
 0.942478 13.759894 -7.911538
 1.005310 13.443229 -0.703603
 1.068142 13.730804 9.769521
 1.130973 14.684189 20.500282
 1.193805 16.191251 26.071579
 1.256637 17.992326 32.540035
 1.319469 20.294738 38.592057
 1.382301 22.858270 46.476229
 1.445133 26.662955 75.541258
 1.507964 32.296411 101.417272
 1.570796 39.760674 125.848991
 1.633628 49.769692 127.388659
 1.696460 57.892253 83.152129
 1.759292 58.048762 -36.474039
 1.822124 57.212261 13.844215
 1.884956 59.882266 70.659892
 1.947787 65.968281 121.768801
 2.010619 76.151683 149.989664
 2.073451 inf nan
 2.136283 inf nan
 2.199115 inf nan
 2.261947 inf nan
 2.324779 inf nan
 2.387610 inf nan
 2.450442 inf nan
 2.513274 inf nan
 2.576106 inf nan
 2.638938 inf nan
 2.701770 85.956345 -237.880924
 2.764602 60.233367 -208.250036
 2.827433 49.110685 -145.780993
 2.890265 41.810590 -88.830893
 2.953097 36.562261 -98.240013
 3.015929 29.651819 -106.035147
 3.078761 23.644798 -87.007171
