#! FIELDS psi2 ffpsi2 dffpsi2_psi2
#! SET min_psi2 -pi
#! SET max_psi2 pi
#! SET nbins_psi2  100
#! SET periodic_psi2 true
 -3.141593 15.885916 57.740644
 -3.078761 18.723608 31.642247
 -3.015929 21.020524 47.829308
 -2.953097 24.800141 65.788170
 -2.890265 28.655878 60.596152
 -2.827433 33.517287 96.241197
 -2.764602 40.021592 98.733550
 -2.701770 46.446196 108.791061
 -2.638938 51.688435 -1.375465
 -2.576106 51.060783 11.401259
 -2.513274 53.746597 74.090861
 -2.450442 60.371315 136.780463
 -2.387610 inf nan
 -2.324779 inf nan
 -2.261947 inf nan
 -2.199115 inf nan
 -2.136283 inf nan
 -2.073451 inf nan
 -2.010619 inf nan
 -1.947787 inf nan
 -1.884956 inf nan
 -1.822124 inf nan
 -1.759292 inf nan
 -1.696460 inf nan
 -1.633628 inf nan
 -1.570796 inf nan
 -1.507964 inf nan
 -1.445133 inf nan
 -1.382301 inf nan
 -1.319469 inf nan
 -1.256637 inf nan
 -1.193805 inf nan
 -1.130973 inf nan
 -1.068142 inf nan
 -1.005310 inf nan
 -0.942478 inf nan
 -0.879646 inf nan
 -0.816814 inf nan
 -0.753982 inf nan
 -0.691150 62.182026 -239.904078
 -0.628319 48.779436 -180.514935
 -0.565487 38.647901 -139.565154
 -0.502655 30.672778 -114.694374
 -0.439823 24.500864 -80.505049
 -0.376991 20.232029 -60.029049
 -0.314159 16.890077 -42.547208
 -0.251327 15.239606 -9.703740
 -0.188496 15.277792 3.717136
 -0.125664 15.095266 -6.390017
 -0.062832 14.922761 0.221209
 0.000000 14.797487 -6.965250
 0.062832 13.991061 -15.195437
 0.125664 13.422707 -1.681693
 0.188496 13.403781 -3.395596
 0.251327 12.941149 -8.738614
 0.314159 12.452617 -7.532893
 0.376991 11.979618 -6.519342
 0.439823 11.686299 -3.739041
 0.502655 11.364096 -6.752459
 0.565487 10.974643 -4.882511
 0.628319 10.677590 -5.030612
 0.691150 10.379300 -4.816183
 0.753982 9.972125 -8.037271
 0.816814 9.502939 -6.236835
 0.879646 9.203238 -3.053300
 0.942478 9.101001 -1.323919
 1.005310 9.010242 -0.410700
 1.068142 9.033987 -1.026672
 1.130973 8.758042 -6.081344
 1.193805 8.523967 -0.979770
 1.256637 8.445681 -3.955588
 1.319469 7.962568 -9.633679
 1.382301 7.433770 -6.939211
 1.445133 7.036843 -6.251245
 1.507964 6.601944 -7.912281
 1.570796 5.991357 -11.914599
 1.633628 5.157447 -13.398987
 1.696460 4.420168 -10.229918
 1.759292 3.787250 -10.503558
 1.822124 3.082363 -11.601941
 1.884956 2.420010 -8.908501
 1.947787 1.949640 -6.569179
 2.010619 1.582728 -4.975113
 2.073451 1.299734 -4.646766
 2.136283 0.923370 -7.600049
 2.199115 0.392165 -8.716175
 2.261947 -0.131236 -8.007078
 2.324779 -0.630282 -7.671102
 2.387610 -1.016014 -4.206114
 2.450442 -1.161881 -0.554394
 2.513274 -1.077356 3.240298
 2.576106 -0.748082 7.476463
 2.638938 -0.100045 13.054882
 2.701770 0.859681 17.333805
 2.764602 2.106773 22.338100
 2.827433 3.636864 25.879730
 2.890265 5.367699 29.350758
 2.953097 7.354976 33.389744
 3.015929 9.577978 37.949807
 3.078761 12.322198 50.373404
