#! FIELDS psi2 ffpsi2 dffpsi2_psi2
#! SET min_psi2 -pi
#! SET max_psi2 pi
#! SET nbins_psi2  100
#! SET periodic_psi2 true
 -3.141593 14.954152 51.051681
 -3.078761 18.569852 62.176604
 -3.015929 22.364822 54.428760
 -2.953097 25.672082 50.588643
 -2.890265 28.384975 35.666063
 -2.827433 31.304281 64.297274
 -2.764602 36.733389 98.179724
 -2.701770 39.414716 -22.087465
 -2.638938 38.498065 -4.824725
 -2.576106 38.526965 0.297277
 -2.513274 37.949598 -17.550718
 -2.450442 36.704298 -23.283195
 -2.387610 34.749925 -35.533997
 -2.324779 32.976103 -18.152902
 -2.261947 32.209486 -11.579347
 -2.199115 31.182000 -19.493241
 -2.136283 29.949244 -19.434728
 -2.073451 28.830548 -15.081063
 -2.010619 28.080719 -10.043833
 -1.947787 27.389118 -12.146201
 -1.884956 26.626014 -11.883759
 -1.822124 25.904982 -10.911891
 -1.759292 25.294867 -8.092953
 -1.696460 24.911900 -4.447740
 -1.633628 24.672283 -3.348418
 -1.570796 24.523263 -1.206008
 -1.507964 24.495660 -0.220367
 -1.445133 24.452713 -1.162197
 -1.382301 24.394305 -0.235012
 -1.319469 24.455599 2.046464
 -1.256637 24.618428 2.715104
 -1.193805 24.746669 1.155391
 -1.130973 24.808670 1.343553
 -1.068142 24.937928 2.465465
 -1.005310 25.101594 2.976032
 -0.942478 25.356283 5.075428
 -0.879646 25.691537 4.991302
 -0.816814 25.890104 -0.173429
 -0.753982 25.479079 -11.705758
 -0.691150 24.981700 -1.071942
 -0.628319 24.980616 -8.019060
 -0.565487 23.092500 -48.309767
 -0.502655 20.119857 -38.568203
 -0.439823 18.736885 -4.523543
 -0.376991 18.926567 -6.010569
 -0.314159 16.845449 -42.337823
 -0.251327 15.175755 -11.157393
 -0.188496 14.502310 -17.423504
 -0.125664 13.332974 -14.336676
 -0.062832 12.781988 -5.426109
 0.000000 12.490321 -3.410640
 0.062832 12.370472 -1.884935
 0.125664 12.057824 -8.636634
 0.188496 11.411997 -9.282804
 0.251327 11.102749 -1.350378
 0.314159 11.051447 -1.116177
 0.376991 10.920122 -3.305306
 0.439823 10.676122 -4.100808
 0.502655 10.349233 -7.121710
 0.565487 9.789341 -9.694693
 0.628319 9.293654 -5.371719
 0.691150 9.072392 -2.714927
 0.753982 8.835549 -5.279419
 0.816814 8.474026 -5.167546
 0.879646 8.243459 -2.607768
 0.942478 8.059752 -3.826528
 1.005310 7.799118 -3.354227
 1.068142 7.740374 1.158389
 1.130973 7.807872 0.164911
 1.193805 7.776177 -1.223184
 1.256637 7.561821 -5.982843
 1.319469 7.129196 -6.747847
 1.382301 6.766325 -4.969309
 1.445133 6.450085 -5.630294
 1.507964 6.036024 -7.466347
 1.570796 5.538174 -8.116719
 1.633628 5.018377 -8.951061
 1.696460 4.362736 -11.833556
 1.759292 3.576300 -12.752643
 1.822124 2.827768 -10.692622
 1.884956 2.247468 -7.865273
 1.947787 1.833002 -5.330412
 2.010619 1.564564 -3.634824
 2.073451 1.308824 -4.897050
 2.136283 0.952166 -6.261634
 2.199115 0.534273 -7.116830
 2.261947 0.059095 -7.939519
 2.324779 -0.443077 -7.824381
 2.387610 -0.875579 -5.481282
 2.450442 -1.083858 -1.026516
 2.513274 -1.010248 3.238555
 2.576106 -0.676420 7.426133
 2.638938 -0.067428 11.922617
 2.701770 0.822476 16.342762
 2.764602 1.997469 21.051351
 2.827433 3.477662 25.928480
 2.890265 5.266839 30.889131
 2.953097 7.330128 33.938041
 3.015929 9.536074 36.666614
 3.078761 12.032190 42.549661
