#! FIELDS psi4 ffpsi4 dffpsi4_psi4
#! SET min_psi4 -pi
#! SET max_psi4 pi
#! SET nbins_psi4  100
#! SET periodic_psi4 true
 -3.141593 4.824181 16.677108
 -3.078761 5.735033 17.420248
 -3.015929 7.402476 31.874252
 -2.953097 8.841055 13.946431
 -2.890265 10.044604 25.877351
 -2.827433 11.180161 -1.135461
 -2.764602 10.092584 -18.293577
 -2.701770 10.291705 28.612175
 -2.638938 13.537098 66.104437
 -2.576106 16.378877 19.255731
 -2.513274 17.985310 42.752504
 -2.450442 21.875237 64.462803
 -2.387610 21.517108 -49.520674
 -2.324779 19.741044 -1.586982
 -2.261947 21.233081 43.306275
 -2.199115 23.259964 7.570042
 -2.136283 23.348916 5.128072
 -2.073451 23.743035 2.594883
 -2.010619 23.947926 9.759495
 -1.947787 24.230182 -21.704037
 -1.884956 21.009604 -61.468409
 -1.822124 18.009585 -28.554918
 -1.759292 17.683542 17.043437
 -1.696460 19.294374 19.546059
 -1.633628 19.080939 -18.518138
 -1.570796 17.785203 -22.134786
 -1.507964 16.405271 -18.993416
 -1.445133 15.638485 -6.925293
 -1.382301 14.978398 -16.315521
 -1.319469 14.036144 -10.266643
 -1.256637 13.442659 -12.625932
 -1.193805 12.488000 -15.727257
 -1.130973 11.392777 -20.120715
 -1.068142 10.064205 -21.482518
 -1.005310 8.781356 -17.214279
 -0.942478 8.032485 -8.832309
 -0.879646 7.215199 -18.933676
 -0.816814 5.760402 -25.682236
 -0.753982 4.312715 -17.605272
 -0.691150 3.599141 -7.122317
 -0.628319 3.158717 -7.903515
 -0.565487 2.656938 -6.799986
 -0.502655 2.344308 -3.973284
 -0.439823 2.147687 -1.495954
 -0.376991 2.159521 0.736922
 -0.314159 2.135601 -1.339991
 -0.251327 2.101313 0.872633
 -0.188496 2.241132 3.272729
 -0.125664 2.465688 3.180509
 -0.062832 2.688467 5.521608
 0.000000 3.218744 9.235063
 0.062832 3.496331 -0.892746
 0.125664 3.466326 3.070700
 0.188496 3.963636 11.143873
 0.251327 4.646700 9.425406
 0.314159 5.083934 4.491492
 0.376991 5.223898 -0.399835
 0.439823 5.051233 -4.173506
 0.502655 4.888006 -0.265957
 0.565487 4.857222 -2.860937
 0.628319 4.593814 -3.067865
 0.691150 4.556804 0.340105
 0.753982 4.449621 -3.748313
 0.816814 4.311711 0.956511
 0.879646 4.487181 2.824214
 0.942478 4.642413 2.898208
 1.005310 4.838157 2.413596
 1.068142 4.945600 1.841369
 1.130973 5.150793 5.117548
 1.193805 5.599243 7.687835
 1.256637 5.894058 2.056523
 1.319469 6.079645 4.670125
 1.382301 6.557840 11.331893
 1.445133 7.340384 9.575598
 1.507964 7.502910 -2.283054
 1.570796 7.536557 6.049584
 1.633628 8.196398 10.342669
 1.696460 8.162676 -11.395287
 1.759292 7.518464 -3.611720
 1.822124 7.904712 13.893869
 1.884956 8.567025 -0.291314
 1.947787 7.929700 -13.277730
 2.010619 7.174785 -11.795822
 2.073451 6.486556 -10.025783
 2.136283 5.760636 -13.255043
 2.199115 4.941292 -12.946320
 2.261947 4.055880 -14.863212
 2.324779 3.230145 -10.185903
 2.387610 2.823774 -3.828553
 2.450442 2.459163 -9.652901
 2.513274 1.720262 -11.185470
 2.576106 1.209741 -6.322891
 2.638938 0.758754 -7.195005
 2.701770 0.555575 1.565552
 2.764602 0.833747 5.450399
 2.827433 1.126043 4.423167
 2.890265 1.540801 9.298228
 2.953097 2.204439 10.465931
 3.015929 2.823477 10.054614
 3.078761 3.645103 17.140000
