#! FIELDS psi2 ffpsi2 dffpsi2_psi2
#! SET min_psi2 -pi
#! SET max_psi2 pi
#! SET nbins_psi2  100
#! SET periodic_psi2 true
 -3.141593 14.698951 47.448933
 -3.078761 18.162432 61.544284
 -3.015929 22.011577 52.992202
 -2.953097 24.401281 29.386778
 -2.890265 27.048108 62.109547
 -2.827433 32.714460 118.828838
 -2.764602 42.093435 173.312853
 -2.701770 44.275675 -107.224779
 -2.638938 39.424612 -46.293800
 -2.576106 38.428560 12.735962
 -2.513274 39.121152 -28.532203
 -2.450442 35.789705 -46.694550
 -2.387610 34.218339 -4.385001
 -2.324779 34.637640 6.940745
 -2.261947 33.946392 -23.853190
 -2.199115 32.668214 -14.666337
 -2.136283 32.043869 -6.194124
 -2.073451 31.600529 -11.419308
 -2.010619 30.388882 -24.758935
 -1.947787 29.054383 -15.434166
 -1.884956 28.215893 -14.727826
 -1.822124 27.255474 -12.263670
 -1.759292 26.877919 -1.220119
 -1.696460 26.822385 -1.498373
 -1.633628 26.736221 -1.013220
 -1.570796 26.661527 -1.969071
 -1.507964 26.353719 -8.544794
 -1.445133 25.772693 -7.438669
 -1.382301 25.580303 1.320157
 -1.319469 25.835373 5.194780
 -1.256637 26.122229 3.819725
 -1.193805 26.273714 1.299252
 -1.130973 26.531879 8.756477
 -1.068142 27.300653 12.655758
 -1.005310 27.720617 -1.298842
 -0.942478 27.382966 -3.871384
 -0.879646 27.616554 8.618159
 -0.816814 27.822992 -3.569963
 -0.753982 27.351210 -12.781698
 -0.691150 25.753129 -38.876171
 -0.628319 23.401718 -26.012174
 -0.565487 22.995084 10.226502
 -0.502655 23.322503 -13.534129
 -0.439823 21.580452 -29.678857
 -0.376991 20.178320 -18.835824
 -0.314159 18.400726 -40.354907
 -0.251327 15.642340 -40.168542
 -0.188496 13.994968 -10.201162
 -0.125664 14.230224 12.308198
 -0.062832 14.024731 -26.156131
 0.000000 12.449070 -12.698422
 0.062832 12.381611 2.451478
 0.125664 12.179886 -6.224280
 0.188496 11.769705 -7.637692
 0.251327 11.296025 -7.326052
 0.314159 10.729095 -10.001967
 0.376991 10.334869 -0.944723
 0.439823 10.502828 2.595441
 0.502655 10.199318 -11.942439
 0.565487 9.385104 -11.366305
 0.628319 9.038099 1.100154
 0.691150 9.262605 2.392692
 0.753982 9.125692 -6.037177
 0.816814 8.658730 -8.545545
 0.879646 8.098251 -7.862533
 0.942478 7.808470 -1.482547
 1.005310 7.869400 2.778647
 1.068142 7.978021 -0.482139
 1.130973 7.853820 -3.002521
 1.193805 7.605066 -4.535302
 1.256637 7.319343 -4.760666
 1.319469 7.080467 -1.865447
 1.382301 7.032861 -1.461850
 1.445133 6.782172 -6.070158
 1.507964 6.301794 -9.366691
 1.570796 5.645178 -11.178968
 1.633628 4.926326 -11.314526
 1.696460 4.236409 -11.629901
 1.759292 3.354029 -15.436839
 1.822124 2.559721 -8.915602
 1.884956 2.121406 -6.461355
 1.947787 1.713427 -6.048021
 2.010619 1.362065 -5.716924
 2.073451 0.992326 -5.321208
 2.136283 0.738988 -3.419119
 2.199115 0.447131 -6.121630
 2.261947 0.047552 -6.107866
 2.324779 -0.335311 -6.268925
 2.387610 -0.707955 -5.237315
 2.450442 -0.932824 -1.247120
 2.513274 -0.806237 4.978544
 2.576106 -0.432599 5.731232
 2.638938 -0.085492 6.705638
 2.701770 0.619293 16.401529
 2.764602 1.892324 22.342533
 2.827433 3.271409 21.665487
 2.890265 4.791755 27.560430
 2.953097 6.657443 30.583908
 3.015929 8.846728 41.678606
 3.078761 11.812423 47.568137
