#! FIELDS psi3 ffpsi3 dffpsi3_psi3
#! SET min_psi3 -pi
#! SET max_psi3 pi
#! SET nbins_psi3  100
#! SET periodic_psi3 true
 -3.141593 4.921525 13.830463
 -3.078761 6.084494 22.618601
 -3.015929 7.620392 24.690170
 -2.953097 9.002795 18.366756
 -2.890265 10.105813 19.086391
 -2.827433 11.526535 24.996655
 -2.764602 13.098452 24.476878
 -2.701770 14.655679 25.297070
 -2.638938 16.269818 25.227716
 -2.576106 17.786934 23.013386
 -2.513274 19.223398 22.838893
 -2.450442 20.619170 20.514795
 -2.387610 21.818742 18.717109
 -2.324779 23.099003 21.968896
 -2.261947 24.567352 23.945852
 -2.199115 25.753372 10.315169
 -2.136283 26.047887 2.695000
 -2.073451 26.155335 -0.690816
 -2.010619 26.056270 -1.836002
 -1.947787 25.725536 -9.188651
 -1.884956 25.170000 -6.500597
 -1.822124 24.923359 -2.966060
 -1.759292 24.643041 -5.989002
 -1.696460 24.175683 -9.206795
 -1.633628 23.469885 -12.755214
 -1.570796 22.709813 -10.918574
 -1.507964 22.023747 -11.697114
 -1.445133 21.222018 -13.779898
 -1.382301 20.302920 -14.938982
 -1.319469 19.458892 -11.903677
 -1.256637 18.639947 -15.342427
 -1.193805 17.587538 -16.883613
 -1.130973 16.610735 -14.234237
 -1.068142 15.772737 -12.598930
 -1.005310 14.959849 -14.342730
 -0.942478 13.918975 -18.049329
 -0.879646 12.802894 -17.230581
 -0.816814 11.685226 -19.234555
 -0.753982 10.370701 -22.075425
 -0.691150 8.987614 -21.037773
 -0.628319 7.821077 -16.395459
 -0.565487 6.816775 -15.982974
 -0.502655 5.813206 -16.143466
 -0.439823 4.816360 -14.505318
 -0.376991 4.120300 -7.667485
 -0.314159 3.687146 -7.953584
 -0.251327 3.046830 -11.355594
 -0.188496 2.467185 -6.193035
 -0.125664 2.224373 -2.395513
 -0.062832 2.102281 -2.069897
 0.000000 1.911681 -3.379812
 0.062832 1.857531 2.438851
 0.125664 2.138791 4.964019
 0.188496 2.359697 2.179663
 0.251327 2.508921 2.894393
 0.314159 2.672487 1.716580
 0.376991 2.735361 0.851120
 0.439823 2.840084 2.286515
 0.502655 2.947094 0.622098
 0.565487 2.923011 -1.092288
 0.628319 2.868850 -0.485261
 0.691150 2.829816 -0.912227
 0.753982 2.813571 0.825549
 0.816814 2.889861 0.539700
 0.879646 2.804012 -2.960103
 0.942478 2.648179 -1.237699
 1.005310 2.630101 0.179060
 1.068142 2.714610 3.351056
 1.130973 3.081443 7.439573
 1.193805 3.524823 6.442262
 1.256637 3.920738 5.828187
 1.319469 4.239458 5.030207
 1.382301 4.677884 9.105382
 1.445133 5.332663 11.144957
 1.507964 5.992356 8.573813
 1.570796 6.307756 1.971863
 1.633628 6.450242 3.719983
 1.696460 6.735699 4.021575
 1.759292 6.891139 1.584110
 1.822124 7.019028 2.166987
 1.884956 7.035632 -2.660871
 1.947787 6.709561 -6.405932
 2.010619 6.362267 -4.994911
 2.073451 5.955032 -8.130197
 2.136283 5.476808 -6.325801
 2.199115 5.115552 -5.902007
 2.261947 4.680105 -8.293079
 2.324779 4.103270 -9.479672
 2.387610 3.491467 -10.248896
 2.450442 2.870064 -8.751914
 2.513274 2.417972 -6.211573
 2.576106 2.056796 -4.821502
 2.638938 1.844487 -2.196616
 2.701770 1.782361 0.478583
 2.764602 1.912201 3.284629
 2.827433 2.130457 3.499088
 2.890265 2.423376 6.381235
 2.953097 2.924801 9.102249
 3.015929 3.557612 10.998997
 3.078761 4.234259 9.859949
