#! FIELDS phi3 ffphi3 dffphi3_phi3
#! SET min_phi3 -pi
#! SET max_phi3 pi
#! SET nbins_phi3  100
#! SET periodic_phi3 true
 -3.141593 20.704571 -51.574025
 -3.078761 17.615512 -47.632885
 -3.015929 14.719095 -43.496786
 -2.953097 12.225607 -36.050686
 -2.890265 10.195137 -28.236972
 -2.827433 8.617458 -23.202697
 -2.764602 7.224314 -20.536375
 -2.701770 6.106725 -15.076086
 -2.638938 5.251286 -13.002102
 -2.576106 4.436082 -12.557542
 -2.513274 3.751728 -8.794170
 -2.450442 3.309566 -6.169558
 -2.387610 2.881540 -7.374093
 -2.324779 2.477582 -4.733858
 -2.261947 2.325770 -0.369694
 -2.199115 2.340889 -0.199827
 -2.136283 2.237302 -2.600966
 -2.073451 2.136183 -0.473639
 -2.010619 2.036688 -3.878377
 -1.947787 1.705030 -5.456043
 -1.884956 1.404821 -4.385073
 -1.822124 1.160684 -3.308774
 -1.759292 0.897568 -6.221597
 -1.696460 0.429382 -6.814632
 -1.633628 0.192338 -1.235000
 -1.570796 0.103737 -2.172961
 -1.507964 0.033934 0.638835
 -1.445133 0.107716 0.699616
 -1.382301 0.078354 -1.659034
 -1.319469 -0.029666 -0.558234
 -1.256637 0.152497 6.876509
 -1.193805 0.789912 11.780986
 -1.130973 1.425502 8.606869
 -1.068142 2.145871 16.341327
 -1.005310 3.522684 26.059221
 -0.942478 5.224240 27.077039
 -0.879646 6.928316 27.422793
 -0.816814 8.744613 30.547258
 -0.753982 10.816375 35.384896
 -0.691150 13.219355 40.635573
 -0.628319 15.805934 39.784597
 -0.565487 18.288925 40.358094
 -0.502655 20.953851 43.886318
 -0.439823 23.825002 46.096728
 -0.376991 26.572616 40.567953
 -0.314159 29.170474 42.532250
 -0.251327 31.770269 37.707869
 -0.188496 34.010742 34.480675
 -0.125664 36.013245 26.967613
 -0.062832 37.463448 20.441060
 0.000000 38.656217 16.340381
 0.062832 39.340906 4.676357
 0.125664 39.301392 -5.653432
 0.188496 38.662737 -13.890394
 0.251327 37.669130 -17.707079
 0.314159 36.389214 -23.248858
 0.376991 34.750726 -28.709053
 0.439823 32.838918 -31.488856
 0.502655 30.873869 -30.714418
 0.565487 28.975777 -29.812600
 0.628319 27.171658 -26.910944
 0.691150 25.630658 -22.426798
 0.753982 24.314788 -19.506199
 0.816814 23.193452 -16.075011
 0.879646 22.325173 -11.028919
 0.942478 21.885259 -2.875838
 1.005310 21.870982 1.621661
 1.068142 22.126546 7.188346
 1.130973 22.773196 13.054632
 1.193805 23.821924 20.940215
 1.256637 25.398190 28.538116
 1.319469 27.398851 35.183020
 1.382301 29.810660 40.867772
 1.445133 32.538773 45.376468
 1.507964 35.490770 47.717406
 1.570796 38.645204 52.557015
 1.633628 41.956669 49.093970
 1.696460 44.979832 51.330640
 1.759292 48.796996 62.538905
 1.822124 51.037402 14.988507
 1.884956 53.110504 58.853998
 1.947787 58.752959 120.935076
 2.010619 68.320986 183.624678
 2.073451 inf nan
 2.136283 inf nan
 2.199115 inf nan
 2.261947 inf nan
 2.324779 inf nan
 2.387610 inf nan
 2.450442 inf nan
 2.513274 75.342543 -221.889691
 2.576106 63.273236 -162.100352
 2.638938 54.846010 -107.561394
 2.701770 49.376134 -71.089032
 2.764602 45.271198 -63.901837
 2.827433 40.977116 -73.016581
 2.890265 36.347213 -72.488841
 2.953097 31.943663 -67.370332
 3.015929 27.888292 -61.923431
 3.078761 24.138832 -57.407653
