#! FIELDS psi3 ffpsi3 dffpsi3_psi3
#! SET min_psi3 -pi
#! SET max_psi3 pi
#! SET nbins_psi3  100
#! SET periodic_psi3 true
 -3.141593 8.628534 16.029224
 -3.078761 9.733149 20.595313
 -3.015929 11.140280 22.390993
 -2.953097 12.585631 24.590499
 -2.890265 14.143459 23.476223
 -2.827433 15.596063 23.364564
 -2.764602 17.059008 23.499808
 -2.701770 18.781731 31.806126
 -2.638938 20.733482 26.641012
 -2.576106 22.363605 29.671468
 -2.513274 24.836657 50.992848
 -2.450442 29.209852 91.098464
 -2.387610 36.633770 145.774501
 -2.324779 inf nan
 -2.261947 inf nan
 -2.199115 inf nan
 -2.136283 inf nan
 -2.073451 inf nan
 -2.010619 inf nan
 -1.947787 inf nan
 -1.884956 49.968649 -222.526458
 -1.822124 37.946117 -160.165576
 -1.759292 29.836514 -98.020569
 -1.696460 25.587486 -38.215774
 -1.633628 24.565401 -3.503155
 -1.570796 23.691966 -27.435989
 -1.507964 21.602636 -34.796293
 -1.445133 19.575153 -31.274861
 -1.382301 17.641628 -26.745701
 -1.319469 16.509458 -11.148857
 -1.256637 15.585833 -22.626686
 -1.193805 13.843472 -28.632288
 -1.130973 12.245029 -22.459230
 -1.068142 10.883735 -21.705622
 -1.005310 9.582786 -18.627921
 -0.942478 8.507564 -17.009976
 -0.879646 7.397072 -17.381803
 -0.816814 6.411279 -14.434870
 -0.753982 5.479345 -15.488782
 -0.691150 4.478581 -16.376077
 -0.628319 3.440541 -16.202569
 -0.565487 2.518039 -12.745666
 -0.502655 1.827451 -9.766146
 -0.439823 1.244335 -8.826833
 -0.376991 0.740179 -7.049456
 -0.314159 0.359650 -5.246621
 -0.251327 0.085480 -3.168396
 -0.188496 -0.014437 -0.234627
 -0.125664 0.024910 1.432121
 -0.062832 0.195429 4.165552
 0.000000 0.517701 5.392021
 0.062832 0.820188 4.285590
 0.125664 1.112075 5.289983
 0.188496 1.487076 6.476654
 0.251327 1.927217 7.449724
 0.314159 2.388296 6.686068
 0.376991 2.759381 5.440534
 0.439823 3.102148 5.336939
 0.502655 3.448368 6.065075
 0.565487 3.888661 7.620821
 0.628319 4.363864 6.982765
 0.691150 4.689399 3.227598
 0.753982 4.892986 4.285685
 0.816814 5.225168 5.382367
 0.879646 5.536914 4.946933
 0.942478 5.863829 4.930562
 1.005310 6.140988 4.394310
 1.068142 6.455767 5.060214
 1.130973 6.695661 2.479927
 1.193805 6.831261 2.321443
 1.256637 7.054824 5.040788
 1.319469 7.357661 2.917578
 1.382301 7.392487 -0.679998
 1.445133 7.384419 0.901145
 1.507964 7.547413 3.494760
 1.570796 7.652706 -0.403795
 1.633628 7.629058 0.256112
 1.696460 7.573003 -3.511376
 1.759292 7.260455 -4.227631
 1.822124 7.196151 1.547462
 1.884956 7.274579 -0.095047
 1.947787 7.177124 -2.934128
 2.010619 6.914094 -4.966804
 2.073451 6.646063 -3.182600
 2.136283 6.499729 -2.129611
 2.199115 6.289216 -4.649419
 2.261947 6.014545 -3.530594
 2.324779 5.812493 -3.508617
 2.387610 5.545528 -4.880052
 2.450442 5.238760 -4.661596
 2.513274 4.996923 -2.647136
 2.576106 4.921746 -0.143288
 2.638938 4.930813 0.364142
 2.701770 5.005069 2.253397
 2.764602 5.212581 4.052745
 2.827433 5.488649 4.687473
 2.890265 5.816082 5.572497
 2.953097 6.156963 5.354238
 3.015929 6.618845 10.668930
 3.078761 7.545646 17.662782
