#! FIELDS phi4 ffphi4 dffphi4_phi4
#! SET min_phi4 -pi
#! SET max_phi4 pi
#! SET nbins_phi4  100
#! SET periodic_phi4 true
 -3.141593 13.135297 -47.699473
 -3.078761 10.316325 -41.856532
 -3.015929 7.883258 -35.685109
 -2.953097 5.798793 -30.983581
 -2.890265 3.976617 -26.771030
 -2.827433 2.488334 -20.402565
 -2.764602 1.379910 -15.163130
 -2.701770 0.612878 -8.856633
 -2.638938 0.272961 -2.178777
 -2.576106 0.280674 1.609377
 -2.513274 0.413306 2.748427
 -2.450442 0.682003 6.016825
 -2.387610 1.156074 8.674705
 -2.324779 1.720680 8.727202
 -2.261947 2.213187 7.063976
 -2.199115 2.668803 7.373645
 -2.136283 3.048533 3.928037
 -2.073451 3.182241 0.948265
 -2.010619 3.217955 0.110076
 -1.947787 3.199573 -0.490959
 -1.884956 3.159115 -1.302029
 -1.822124 2.973490 -4.820102
 -1.759292 2.591242 -6.723453
 -1.696460 2.191907 -6.099255
 -1.633628 1.773514 -7.305072
 -1.570796 1.328931 -6.451582
 -1.507964 0.984500 -4.530263
 -1.445133 0.751162 -2.857117
 -1.382301 0.676774 0.910433
 -1.319469 0.857948 4.351805
 -1.256637 1.220482 7.737448
 -1.193805 1.881002 12.965275
 -1.130973 2.780772 15.240758
 -1.068142 3.811850 17.946561
 -1.005310 5.103389 23.355514
 -0.942478 6.744277 28.187388
 -0.879646 8.566708 29.252418
 -0.816814 10.451991 30.823502
 -0.753982 12.484323 33.781907
 -0.691150 14.684770 35.237795
 -0.628319 16.892622 35.101622
 -0.565487 19.153386 36.487059
 -0.502655 21.507078 37.901505
 -0.439823 23.862091 36.196087
 -0.376991 26.098612 34.824512
 -0.314159 28.249945 33.029234
 -0.251327 30.264724 30.679551
 -0.188496 32.082205 26.568126
 -0.125664 33.637648 22.899324
 -0.062832 34.936699 17.583489
 0.000000 35.783410 8.896848
 0.062832 36.025362 -1.729568
 0.125664 35.551591 -13.075931
 0.188496 34.419381 -22.876360
 0.251327 32.715248 -31.086638
 0.314159 30.533162 -37.944023
 0.376991 28.021077 -41.578691
 0.439823 25.362921 -42.610781
 0.502655 22.674679 -43.037264
 0.565487 19.983686 -42.162525
 0.628319 17.425199 -38.979825
 0.691150 15.110069 -34.658411
 0.753982 13.061788 -30.558080
 0.816814 11.286492 -25.773027
 0.879646 9.855474 -19.418582
 0.942478 8.868664 -12.116047
 1.005310 8.314360 -5.501055
 1.068142 8.214733 2.707260
 1.130973 8.670972 11.651970
 1.193805 9.672697 20.251967
 1.256637 11.209238 28.289505
 1.319469 13.226114 36.108501
 1.382301 15.809808 45.759913
 1.445133 18.929528 52.520163
 1.507964 22.450429 58.958664
 1.570796 26.415156 65.577917
 1.633628 30.703378 68.598325
 1.696460 35.106661 68.699029
 1.759292 39.428038 66.506293
 1.822124 43.617290 64.186520
 1.884956 47.511085 57.103541
 1.947787 50.906717 49.351950
 2.010619 53.756834 40.042031
 2.073451 55.965190 29.425273
 2.136283 57.473364 17.973915
 2.199115 58.202270 4.750649
 2.261947 58.060248 -9.231141
 2.324779 57.093397 -21.417855
 2.387610 55.327842 -34.929029
 2.450442 52.819408 -43.641382
 2.513274 49.881821 -50.245433
 2.576106 46.508681 -56.476705
 2.638938 42.865342 -59.143920
 2.701770 39.054759 -62.303023
 2.764602 35.083453 -63.462441
 2.827433 31.110284 -62.910276
 2.890265 27.196379 -61.602789
 2.953097 23.352216 -60.534005
 3.015929 19.672156 -56.129486
 3.078761 16.279938 -52.103972
