#! FIELDS psi2 ffpsi2 dffpsi2_psi2
#! SET min_psi2 -pi
#! SET max_psi2 pi
#! SET nbins_psi2  100
#! SET periodic_psi2 true
 -3.141593 14.504397 42.740392
 -3.078761 17.963773 66.271784
 -3.015929 22.146041 58.021461
 -2.953097 25.435033 47.247731
 -2.890265 27.919373 31.830453
 -2.827433 30.681378 63.006828
 -2.764602 35.716558 77.491387
 -2.701770 37.218788 -1.553076
 -2.638938 37.226020 -21.369657
 -2.576106 34.643788 -34.707950
 -2.513274 33.900860 4.888401
 -2.450442 33.157990 -36.508149
 -2.387610 30.720609 -34.514226
 -2.324779 28.915505 -21.814496
 -2.261947 28.178223 -2.661581
 -2.199115 27.858700 -14.544947
 -2.136283 26.459041 -23.849389
 -2.073451 25.264067 -14.191355
 -2.010619 24.589702 -7.949860
 -1.947787 24.069996 -10.861113
 -1.884956 23.212162 -14.069095
 -1.822124 22.517926 -8.125110
 -1.759292 22.084702 -6.385358
 -1.696460 21.716837 -4.860476
 -1.633628 21.487703 -3.029338
 -1.570796 21.218928 -6.022928
 -1.507964 20.862389 -3.605546
 -1.445133 20.830019 1.602371
 -1.382301 20.916276 0.609063
 -1.319469 20.964500 1.820459
 -1.256637 21.184436 4.399793
 -1.193805 21.401201 2.161381
 -1.130973 21.481074 0.254437
 -1.068142 21.375688 -3.248089
 -1.005310 21.286899 1.130039
 -0.942478 21.361102 0.570517
 -0.879646 21.539737 6.463866
 -0.816814 22.089035 7.799466
 -0.753982 22.126290 -6.346759
 -0.691150 21.575092 -9.958930
 -0.628319 20.948701 -8.814790
 -0.565487 20.763037 4.893302
 -0.502655 21.373924 7.797972
 -0.439823 20.800968 -24.856472
 -0.376991 19.033987 -27.882424
 -0.314159 17.686846 -11.668197
 -0.251327 17.464183 -1.475919
 -0.188496 17.141490 -4.581041
 -0.125664 17.015448 -5.468503
 -0.062832 16.020397 -21.909441
 0.000000 14.721541 -19.693200
 0.062832 13.683745 -9.270826
 0.125664 13.849520 12.974900
 0.188496 14.696291 7.551241
 0.251327 14.470548 -12.615302
 0.314159 13.426156 -18.842545
 0.376991 12.295692 -15.754908
 0.439823 11.585637 -7.027310
 0.502655 11.122884 -9.957530
 0.565487 10.517321 -6.400055
 0.628319 10.371425 0.040999
 0.691150 10.278611 -4.999738
 0.753982 9.655976 -12.439643
 0.816814 9.164255 -1.918844
 0.879646 9.162502 -0.971211
 0.942478 9.036950 -1.435968
 1.005310 8.978355 -2.288940
 1.068142 8.653907 -6.515500
 1.130973 8.386993 -1.831139
 1.193805 8.284750 -2.167327
 1.256637 8.134022 -2.630625
 1.319469 7.913079 -4.916770
 1.382301 7.446276 -9.864795
 1.445133 6.830173 -8.911646
 1.507964 6.262875 -9.662654
 1.570796 5.664768 -9.168235
 1.633628 5.041169 -11.418234
 1.696460 4.234909 -13.392604
 1.759292 3.477688 -10.457269
 1.822124 2.848561 -10.194031
 1.884956 2.234811 -8.518544
 1.947787 1.822845 -5.044905
 2.010619 1.507241 -5.428285
 2.073451 1.167987 -5.150065
 2.136283 0.820972 -6.210611
 2.199115 0.431858 -6.052544
 2.261947 -0.011436 -8.301062
 2.324779 -0.511737 -6.841367
 2.387610 -0.848828 -3.911759
 2.450442 -0.990550 -0.635284
 2.513274 -0.951300 1.725494
 2.576106 -0.730292 5.987026
 2.638938 -0.152526 12.126167
 2.701770 0.742968 16.024129
 2.764602 1.863899 19.788062
 2.827433 3.278621 25.626994
 2.890265 5.122902 32.330417
 2.953097 7.228664 34.329991
 3.015929 9.558948 39.938566
 3.078761 12.099063 38.209407
