#! FIELDS psi3 ffpsi3 dffpsi3_psi3
#! SET min_psi3 -pi
#! SET max_psi3 pi
#! SET nbins_psi3  100
#! SET periodic_psi3 true
 -3.141593 5.237451 27.619491
 -3.078761 6.977630 25.660987
 -3.015929 8.306612 16.496039
 -2.953097 9.211352 14.224414
 -2.890265 10.323060 21.397393
 -2.827433 11.774063 23.583106
 -2.764602 13.263868 23.969887
 -2.701770 14.855323 26.753599
 -2.638938 16.528068 24.931166
 -2.576106 17.925486 19.833359
 -2.513274 19.098578 17.154308
 -2.450442 20.049591 13.031509
 -2.387610 20.722183 7.714693
 -2.324779 21.017465 2.287451
 -2.261947 21.030965 -2.815772
 -2.199115 20.643591 -7.976228
 -2.136283 20.275050 -2.769956
 -2.073451 20.249914 0.263250
 -2.010619 20.094216 -5.176867
 -1.947787 19.796218 -3.814472
 -1.884956 19.325245 -14.100919
 -1.822124 18.207498 -16.965887
 -1.759292 17.497386 -6.500081
 -1.696460 17.096710 -8.465936
 -1.633628 16.309822 -15.630185
 -1.570796 15.400421 -12.749792
 -1.507964 14.514145 -16.258099
 -1.445133 13.490459 -15.380256
 -1.382301 12.627576 -11.995994
 -1.319469 11.921008 -10.864084
 -1.256637 11.362576 -6.001037
 -1.193805 11.040762 -6.639885
 -1.130973 10.576034 -5.221734
 -1.068142 10.472904 0.247056
 -1.005310 10.466730 -1.748063
 -0.942478 9.965648 -14.861550
 -0.879646 8.934192 -14.274607
 -0.816814 8.376662 -4.655338
 -0.753982 7.991306 -9.937812
 -0.691150 7.148835 -15.801777
 -0.628319 6.134190 -14.506095
 -0.565487 5.522403 -5.875015
 -0.502655 5.080482 -9.469339
 -0.439823 4.434604 -10.526835
 -0.376991 3.723926 -11.757857
 -0.314159 3.095570 -7.693395
 -0.251327 2.663837 -7.253670
 -0.188496 2.181563 -7.357810
 -0.125664 1.802246 -4.121921
 -0.062832 1.753126 2.358611
 0.000000 1.910263 0.826858
 0.062832 1.821677 -2.514165
 0.125664 1.755057 1.144565
 0.188496 1.991645 5.951093
 0.251327 2.396169 5.861567
 0.314159 2.626942 1.032997
 0.376991 2.571233 -2.212618
 0.439823 2.473918 0.762316
 0.502655 2.726709 5.047857
 0.565487 2.803835 -2.607920
 0.628319 2.614395 -1.925635
 0.691150 2.573051 -0.990268
 0.753982 2.316108 -6.632454
 0.816814 2.015979 -0.916133
 0.879646 2.244020 7.028124
 0.942478 2.731042 7.217933
 1.005310 2.975586 -0.439130
 1.068142 2.813901 -2.041308
 1.130973 3.000066 8.329396
 1.193805 3.587778 6.997700
 1.256637 3.899990 6.347914
 1.319469 4.567052 12.633746
 1.382301 5.092213 2.764529
 1.445133 5.109435 0.596451
 1.507964 5.409615 9.022947
 1.570796 6.079636 10.695184
 1.633628 6.653814 7.060225
 1.696460 6.968415 3.843109
 1.759292 7.211956 3.108574
 1.822124 7.238487 -2.621847
 1.884956 6.939852 -5.801339
 1.947787 6.642570 -3.823184
 2.010619 6.314880 -7.240421
 2.073451 5.870794 -5.284280
 2.136283 5.607430 -5.807750
 2.199115 4.951740 -13.196801
 2.261947 4.340431 -4.383347
 2.324779 4.305388 0.374104
 2.387610 4.156692 -4.632403
 2.450442 3.802539 -7.613812
 2.513274 3.101339 -12.743659
 2.576106 2.642463 0.027092
 2.638938 2.931969 5.933021
 2.701770 3.232546 4.770468
 2.764602 3.562347 3.563313
 2.827433 3.442254 -6.091806
 2.890265 3.254670 1.679522
 2.953097 3.290211 -3.943576
 3.015929 3.063654 1.643533
 3.078761 3.733446 18.737911
