#! FIELDS psi3 ffpsi3 dffpsi3_psi3
#! SET min_psi3 -pi
#! SET max_psi3 pi
#! SET nbins_psi3  100
#! SET periodic_psi3 true
 -3.141593 8.998148 20.163511
 -3.078761 10.097907 15.374058
 -3.015929 11.077325 15.638030
 -2.953097 11.966514 13.073432
 -2.890265 13.039926 23.447613
 -2.827433 14.817569 28.652403
 -2.764602 16.260272 18.472027
 -2.701770 17.561112 24.445262
 -2.638938 19.116159 21.128722
 -2.576106 20.162874 14.785071
 -2.513274 21.133653 14.350937
 -2.450442 21.755320 6.266020
 -2.387610 22.267460 11.855325
 -2.324779 23.216963 16.158377
 -2.261947 24.047035 10.002666
 -2.199115 24.609282 8.500892
 -2.136283 25.091002 6.064142
 -2.073451 25.356737 3.336398
 -2.010619 25.722165 9.444967
 -1.947787 26.483068 12.634648
 -1.884956 27.109108 7.467882
 -1.822124 27.562851 7.159983
 -1.759292 27.914117 3.029905
 -1.696460 27.814200 -7.857042
 -1.633628 27.017211 -13.439807
 -1.570796 26.415588 -8.231274
 -1.507964 25.455124 -23.491197
 -1.445133 23.716259 -29.900130
 -1.382301 21.695914 -35.396256
 -1.319469 19.478169 -31.198335
 -1.256637 17.969582 -19.874287
 -1.193805 16.218389 -38.641214
 -1.130973 13.822360 -30.203128
 -1.068142 12.693538 -8.764544
 -1.005310 11.899999 -23.968644
 -0.942478 9.854250 -30.575856
 -0.879646 8.939735 1.232277
 -0.816814 8.550120 -35.323626
 -0.753982 5.026840 -54.514255
 -0.691150 2.976991 -9.033974
 -0.628319 3.417499 10.812687
 -0.565487 2.730904 -26.573722
 -0.502655 1.500273 -9.617067
 -0.439823 1.336865 2.785897
 -0.376991 1.735080 7.493494
 -0.314159 1.859074 -5.124211
 -0.251327 1.229347 -13.920933
 -0.188496 0.024889 -22.627985
 -0.125664 -0.867360 -0.994858
 -0.062832 -0.109817 20.837169
 0.000000 1.027581 10.903714
 0.062832 1.269436 0.041797
 0.125664 1.416845 5.774264
 0.188496 1.954527 9.915111
 0.251327 2.433118 3.801466
 0.314159 2.504441 0.349247
 0.376991 2.608107 2.606124
 0.439823 2.796365 3.945138
 0.502655 3.182073 8.124712
 0.565487 3.759313 9.644053
 0.628319 4.334614 8.248722
 0.691150 4.712084 2.710390
 0.753982 4.652985 -4.090349
 0.816814 4.386259 -1.613647
 0.879646 4.708461 10.755863
 0.942478 5.277123 4.877503
 1.005310 5.442345 1.472601
 1.068142 5.368394 -4.548979
 1.130973 5.171366 2.100266
 1.193805 5.787291 15.266103
 1.256637 6.587372 6.877266
 1.319469 6.741973 1.197694
 1.382301 6.873130 1.585933
 1.445133 6.902242 0.513288
 1.507964 6.911315 -1.772132
 1.570796 6.716277 -2.697646
 1.633628 6.706772 2.246374
 1.696460 6.800459 -1.653730
 1.759292 6.469771 -6.696769
 1.822124 6.206586 -1.581322
 1.884956 6.095661 -3.062138
 1.947787 5.888461 -2.540638
 2.010619 5.799960 -0.827388
 2.073451 5.714920 -2.410368
 2.136283 5.481558 -4.472286
 2.199115 5.220769 -4.254960
 2.261947 4.902922 -4.681427
 2.324779 4.873238 4.160723
 2.387610 5.171656 2.480549
 2.450442 5.115365 -2.900459
 2.513274 4.984824 -0.211336
 2.576106 5.126950 3.485573
 2.638938 5.203413 -1.600398
 2.701770 5.056670 -1.748684
 2.764602 5.126668 4.423779
 2.827433 5.465373 4.294538
 2.890265 5.593533 -0.283409
 2.953097 5.447660 -1.455359
 3.015929 5.961080 19.471841
 3.078761 7.548466 26.140571
