#! FIELDS phi3 hhphi3 dhhphi3_phi3
#! SET min_phi3 -pi
#! SET max_phi3 pi
#! SET nbins_phi3  100
#! SET periodic_phi3 true
 -3.141593 0.070731 0.255832
 -3.078761 0.085617 0.223936
 -3.015929 0.099894 0.239876
 -2.953097 0.117223 0.324819
 -2.890265 0.140695 0.410339
 -2.827433 0.167286 0.435465
 -2.764602 0.195469 0.460583
 -2.701770 0.224887 0.480075
 -2.638938 0.255227 0.472373
 -2.576106 0.282410 0.396100
 -2.513274 0.305986 0.358855
 -2.450442 0.326074 0.273918
 -2.387610 0.340263 0.189596
 -2.324779 0.351506 0.192065
 -2.261947 0.365624 0.257976
 -2.199115 0.382246 0.263672
 -2.136283 0.397566 0.228258
 -2.073451 0.410362 0.171607
 -2.010619 0.417360 0.056618
 -1.947787 0.419209 0.033023
 -1.884956 0.423487 0.111166
 -1.822124 0.431681 0.143652
 -1.759292 0.440769 0.151529
 -1.696460 0.449688 0.133885
 -1.633628 0.458102 0.145321
 -1.570796 0.466915 0.131828
 -1.507964 0.473510 0.082659
 -1.445133 0.477867 0.064955
 -1.382301 0.479079 -0.046753
 -1.319469 0.470300 -0.218485
 -1.256637 0.452603 -0.337100
 -1.193805 0.426311 -0.503683
 -1.130973 0.389506 -0.642916
 -1.068142 0.346979 -0.703585
 -1.005310 0.300758 -0.746564
 -0.942478 0.255857 -0.661362
 -0.879646 0.217680 -0.551054
 -0.816814 0.186288 -0.443268
 -0.753982 0.161419 -0.352580
 -0.691150 0.140553 -0.315966
 -0.628319 0.121247 -0.292970
 -0.565487 0.104082 -0.251070
 -0.502655 0.089008 -0.230857
 -0.439823 0.074958 -0.212577
 -0.376991 0.062334 -0.186900
 -0.314159 0.051719 -0.147632
 -0.251327 0.043528 -0.115326
 -0.188496 0.036800 -0.099849
 -0.125664 0.031090 -0.077813
 -0.062832 0.026952 -0.057445
 0.000000 0.023576 -0.046558
 0.062832 0.021705 -0.010167
 0.125664 0.022097 0.021965
 0.188496 0.024542 0.055403
 0.251327 0.028656 0.073858
 0.314159 0.033952 0.097800
 0.376991 0.041232 0.135946
 0.439823 0.051194 0.183178
 0.502655 0.064473 0.240970
 0.565487 0.081143 0.283329
 0.628319 0.099220 0.290805
 0.691150 0.117715 0.296258
 0.753982 0.135390 0.257587
 0.816814 0.149494 0.194852
 0.879646 0.160522 0.163385
 0.942478 0.169703 0.118041
 1.005310 0.173585 0.003585
 1.068142 0.170342 -0.105516
 1.130973 0.159642 -0.234573
 1.193805 0.141054 -0.350073
 1.256637 0.116866 -0.398714
 1.319469 0.093014 -0.348870
 1.382301 0.073169 -0.283234
 1.445133 0.056816 -0.238571
 1.507964 0.042889 -0.205250
 1.570796 0.030745 -0.181474
 1.633628 0.019806 -0.165886
 1.696460 0.010464 -0.124128
 1.759292 0.004519 -0.066368
 1.822124 0.001641 -0.028682
 1.884956 0.000504 -0.010011
 1.947787 0.000127 -0.003071
 2.010619 0.000028 -0.000546
 2.073451 0.000011 -0.000177
 2.136283 0.000002 -0.000077
 2.199115 0.000000 -0.000006
 2.261947 0.000000 0.000000
 2.324779 0.000000 0.000001
 2.387610 0.000001 0.000024
 2.450442 0.000005 0.000153
 2.513274 0.000027 0.000680
 2.576106 0.000124 0.002794
 2.638938 0.000460 0.009014
 2.701770 0.001462 0.024787
 2.764602 0.003821 0.052448
 2.827433 0.008315 0.092110
 2.890265 0.015500 0.136961
 2.953097 0.025533 0.182426
 3.015929 0.038405 0.227028
 3.078761 0.053984 0.266079
