#! FIELDS psi2 ffpsi2 dffpsi2_psi2
#! SET min_psi2 -pi
#! SET max_psi2 pi
#! SET nbins_psi2  100
#! SET periodic_psi2 true
 -3.141593 16.272688 38.193258
 -3.078761 19.911863 72.169876
 -3.015929 24.381594 66.030051
 -2.953097 28.412362 58.023367
 -2.890265 31.385906 35.013682
 -2.827433 33.361571 34.113037
 -2.764602 36.203036 55.737017
 -2.701770 39.859864 54.662450
 -2.638938 42.924781 42.639486
 -2.576106 45.372449 32.314639
 -2.513274 46.559943 2.877491
 -2.450442 45.662637 -29.981545
 -2.387610 43.485727 -33.479878
 -2.324779 41.699363 -24.232705
 -2.261947 40.537363 -10.222389
 -2.199115 40.308024 -3.763100
 -2.136283 39.419892 -21.591164
 -2.073451 38.087760 -18.811118
 -2.010619 37.380615 -1.748630
 -1.947787 37.632158 3.844880
 -1.884956 37.300470 -12.545109
 -1.822124 36.521884 -13.190421
 -1.759292 35.244983 -24.177902
 -1.696460 34.536825 7.313382
 -1.633628 36.171305 38.977601
 -1.570796 37.937068 5.636766
 -1.507964 37.312448 -17.203219
 -1.445133 36.175629 -16.236311
 -1.382301 35.862859 8.459950
 -1.319469 36.586875 3.504321
 -1.256637 36.173830 -9.260616
 -1.193805 35.634205 -7.664735
 -1.130973 35.607430 7.229491
 -1.068142 35.889315 -3.648720
 -1.005310 35.175948 -16.863839
 -0.942478 34.022423 -16.955656
 -0.879646 33.461541 0.552061
 -0.816814 33.505881 -12.024792
 -0.753982 31.080043 -53.173791
 -0.691150 28.480503 -23.340176
 -0.628319 28.358013 16.971053
 -0.565487 29.391148 3.180302
 -0.502655 29.313730 6.227623
 -0.439823 30.087558 2.068884
 -0.376991 28.362942 -40.235254
 -0.314159 26.462325 -20.973195
 -0.251327 25.511761 -6.479744
 -0.188496 26.034935 17.798541
 -0.125664 23.609292 -104.199848
 -0.062832 17.669096 -70.871845
 0.000000 15.100084 -10.630544
 0.062832 16.239924 44.578076
 0.125664 19.972610 65.192209
 0.188496 23.746185 52.405955
 0.251327 25.475566 -2.514883
 0.314159 24.544048 -17.849386
 0.376991 23.651614 -11.868890
 0.439823 22.723770 -19.156415
 0.502655 21.474042 -16.835568
 0.565487 20.910985 -1.388195
 0.628319 21.005513 1.566129
 0.691150 20.289621 -36.976068
 0.753982 16.792249 -55.644494
 0.816814 14.579668 -12.081064
 0.879646 15.196103 27.670088
 0.942478 16.986107 19.084208
 1.005310 17.098365 -12.634642
 1.068142 16.346864 -6.411538
 1.130973 15.927157 -11.518619
 1.193805 15.396652 0.032884
 1.256637 15.180612 -32.428370
 1.319469 9.208811 -118.107769
 1.382301 3.330243 -64.868837
 1.445133 1.156487 -4.613793
 1.507964 2.522590 41.842035
 1.570796 4.374984 7.192139
 1.633628 5.004545 12.458276
 1.696460 1.769338 -98.571434
 1.759292 -3.043105 -47.933562
 1.822124 -4.113535 13.663044
 1.884956 -1.524816 63.321878
 1.947787 1.844676 25.239021
 2.010619 1.981041 -12.387875
 2.073451 1.434804 2.358461
 2.136283 2.334426 15.294265
 2.199115 2.289200 -4.907724
 2.261947 3.236267 37.745362
 2.324779 5.762111 11.989414
 2.387610 4.353770 -25.968973
 2.450442 4.102800 19.294171
 2.513274 6.312202 41.553824
 2.576106 8.258336 20.853152
 2.638938 9.144794 1.629541
 2.701770 7.913165 -33.870040
 2.764602 6.310661 -9.706441
 2.827433 7.038177 31.937175
 2.890265 9.838234 50.862902
 2.953097 12.706352 39.283710
 3.015929 14.910682 24.189671
 3.078761 15.220906 -1.204031
