#! FIELDS psi3 ffpsi3 dffpsi3_psi3
#! SET min_psi3 -pi
#! SET max_psi3 pi
#! SET nbins_psi3  100
#! SET periodic_psi3 true
 -3.141593 9.066977 8.568986
 -3.078761 9.559089 9.992319
 -3.015929 10.559802 21.587738
 -2.953097 12.006459 21.874783
 -2.890265 13.365785 24.017284
 -2.827433 15.065427 26.129494
 -2.764602 16.097286 6.731228
 -2.701770 16.722392 19.427045
 -2.638938 18.696666 39.723653
 -2.576106 21.074425 32.191344
 -2.513274 22.714581 20.688841
 -2.450442 23.678442 8.847501
 -2.387610 23.874931 0.529435
 -2.324779 24.111623 6.669348
 -2.261947 24.487371 3.762347
 -2.199115 24.637315 4.286872
 -2.136283 25.078101 1.522263
 -2.073451 24.066969 -24.759770
 -2.010619 23.327517 6.678445
 -1.947787 25.086059 46.631346
 -1.884956 28.094812 37.209224
 -1.822124 29.441737 10.228566
 -1.759292 29.868067 5.391315
 -1.696460 30.014585 -2.383239
 -1.633628 29.750000 -3.561364
 -1.570796 29.442384 -12.033802
 -1.507964 27.744412 -38.067308
 -1.445133 25.325404 -36.008478
 -1.382301 23.367032 -28.508856
 -1.319469 21.302138 -36.432485
 -1.256637 19.097350 -35.198261
 -1.193805 16.546298 -44.523349
 -1.130973 14.010099 -33.753800
 -1.068142 12.211674 -26.286193
 -1.005310 10.527000 -26.251414
 -0.942478 9.041107 -21.603555
 -0.879646 7.698482 -21.121583
 -0.816814 6.431356 -19.340562
 -0.753982 5.256136 -17.739187
 -0.691150 4.226915 -15.177367
 -0.628319 3.332399 -13.529668
 -0.565487 2.481096 -13.463137
 -0.502655 1.732814 -9.880856
 -0.439823 1.200255 -7.670964
 -0.376991 0.746726 -6.700335
 -0.314159 0.357447 -5.714735
 -0.251327 0.056014 -3.595207
 -0.188496 -0.065918 -0.203296
 -0.125664 0.018159 2.512544
 -0.062832 0.219677 3.786377
 0.000000 0.470577 3.853204
 0.062832 0.712476 4.238799
 0.125664 1.047398 6.344972
 0.188496 1.467788 6.663154
 0.251327 1.914325 7.886574
 0.314159 2.435078 7.961802
 0.376991 2.856868 5.351573
 0.439823 3.153427 4.540373
 0.502655 3.508176 7.369283
 0.565487 4.077746 9.643108
 0.628319 4.592191 6.562028
 0.691150 4.947174 4.763852
 0.753982 5.199643 3.499326
 0.816814 5.415281 3.054957
 0.879646 5.556529 2.030290
 0.942478 5.798182 5.659935
 1.005310 6.129114 3.914707
 1.068142 6.314327 2.156859
 1.130973 6.398355 1.006925
 1.193805 6.553769 4.244436
 1.256637 6.868012 4.950777
 1.319469 7.151960 4.117010
 1.382301 7.342405 1.302491
 1.445133 7.321484 -1.194332
 1.507964 7.312741 1.139105
 1.570796 7.350997 -1.164303
 1.633628 7.166133 -3.609426
 1.696460 7.078551 1.280053
 1.759292 7.157430 -0.445810
 1.822124 7.068174 -1.225008
 1.884956 7.014461 -1.130556
 1.947787 6.875172 -3.418739
 2.010619 6.645838 -3.160978
 2.073451 6.521436 -0.891705
 2.136283 6.493116 -0.748510
 2.199115 6.349558 -3.917716
 2.261947 6.054236 -4.956515
 2.324779 5.767159 -4.233943
 2.387610 5.519468 -3.655437
 2.450442 5.309675 -2.766512
 2.513274 5.237179 0.630668
 2.576106 5.325171 1.194877
 2.638938 5.318343 -1.263843
 2.701770 5.256445 -0.046274
 2.764602 5.354467 3.256575
 2.827433 5.670043 6.321938
 2.890265 6.056522 5.727234
 2.953097 6.489695 8.996308
 3.015929 7.239685 14.682988
 3.078761 8.259444 16.322388
