#! FIELDS psi3 ffpsi3 dffpsi3_psi3
#! SET min_psi3 -pi
#! SET max_psi3 pi
#! SET nbins_psi3  100
#! SET periodic_psi3 true
 -3.141593 7.539658 15.713080
 -3.078761 8.282079 10.416701
 -3.015929 9.037976 14.785709
 -2.953097 10.324047 25.835217
 -2.890265 11.982854 23.920231
 -2.827433 13.236994 16.513153
 -2.764602 14.233965 17.331894
 -2.701770 15.636064 26.727930
 -2.638938 17.335347 24.495300
 -2.576106 18.471470 12.226009
 -2.513274 19.280827 15.961663
 -2.450442 20.490365 20.667591
 -2.387610 21.614488 13.589904
 -2.324779 22.243603 7.675506
 -2.261947 22.670061 5.274743
 -2.199115 22.884375 3.345479
 -2.136283 23.411929 13.888041
 -2.073451 24.363244 13.561322
 -2.010619 24.948769 5.383802
 -1.947787 25.317110 8.567700
 -1.884956 26.029677 12.363447
 -1.822124 26.721364 8.394068
 -1.759292 26.699577 -11.527062
 -1.696460 25.753186 -12.308052
 -1.633628 25.421794 -0.751577
 -1.570796 25.110768 -11.969733
 -1.507964 23.904966 -26.861184
 -1.445133 21.634276 -43.562556
 -1.382301 18.916044 -41.062666
 -1.319469 16.448021 -35.953040
 -1.256637 14.846380 -13.249719
 -1.193805 14.384467 -8.599572
 -1.130973 13.390931 -18.934230
 -1.068142 12.215059 -22.679922
 -1.005310 10.478424 -25.703936
 -0.942478 9.778951 6.243268
 -0.879646 10.984888 20.515219
 -0.816814 9.815776 -55.645454
 -0.753982 6.606419 -36.656268
 -0.691150 5.113808 -18.110655
 -0.628319 3.898812 -14.465589
 -0.565487 3.982978 14.898816
 -0.502655 4.420877 -8.895785
 -0.439823 3.516756 -15.866749
 -0.376991 2.410482 -16.128028
 -0.314159 1.978263 1.120630
 -0.251327 1.983733 -1.519542
 -0.188496 2.232650 10.307179
 -0.125664 3.002701 12.770505
 -0.062832 3.584563 -0.197131
 0.000000 2.790599 -18.253701
 0.062832 2.054460 -2.408226
 0.125664 2.403990 8.358998
 0.188496 2.316869 -12.602306
 0.251327 1.268052 -15.726114
 0.314159 0.812492 1.477903
 0.376991 0.894680 -3.629306
 0.439823 0.792428 7.211260
 0.502655 2.036713 28.892621
 0.565487 3.349593 4.113571
 0.628319 3.035880 -5.276782
 0.691150 3.151940 8.360130
 0.753982 3.688743 4.896016
 0.816814 3.836031 2.589848
 0.879646 3.992336 0.443139
 0.942478 3.936929 -0.865073
 1.005310 3.859617 -2.322465
 1.068142 3.737123 -0.530449
 1.130973 3.807382 2.767495
 1.193805 4.186219 9.264187
 1.256637 4.727266 6.326138
 1.319469 5.163925 9.240117
 1.382301 5.625910 1.795227
 1.445133 5.607784 2.071296
 1.507964 5.852544 0.035331
 1.570796 5.032998 -23.883141
 1.633628 3.745804 -11.632998
 1.696460 3.583793 2.568627
 1.759292 3.836383 7.954025
 1.822124 4.752565 17.765918
 1.884956 5.433289 2.720912
 1.947787 5.284467 -7.985126
 2.010619 4.425891 -15.724217
 2.073451 3.761019 -5.893154
 2.136283 3.395211 -5.151846
 2.199115 3.511493 9.440955
 2.261947 3.820384 -7.112134
 2.324779 3.129841 -6.269274
 2.387610 3.254596 6.919085
 2.450442 3.786521 10.942945
 2.513274 4.446262 4.652646
 2.576106 4.233552 -5.021252
 2.638938 4.352019 6.239643
 2.701770 4.345915 -6.349779
 2.764602 4.225445 5.110149
 2.827433 4.752340 9.012705
 2.890265 5.218044 3.323876
 2.953097 4.987003 -6.145674
 3.015929 5.139890 12.168867
 3.078761 6.273210 21.589731
