#! FIELDS phi3 ffphi3 dffphi3_phi3
#! SET min_phi3 -pi
#! SET max_phi3 pi
#! SET nbins_phi3  100
#! SET periodic_phi3 true
 -3.141593 21.912003 -51.304647
 -3.078761 18.697259 -49.572481
 -3.015929 15.932262 -37.998019
 -2.953097 13.689266 -35.815677
 -2.890265 11.400153 -35.363552
 -2.827433 9.462145 -25.384239
 -2.764602 8.155296 -17.777025
 -2.701770 7.083650 -16.392145
 -2.638938 6.149002 -13.021880
 -2.576106 5.451708 -9.515480
 -2.513274 4.882997 -9.062180
 -2.450442 4.319405 -8.442848
 -2.387610 3.854287 -6.534249
 -2.324779 3.470063 -5.748617
 -2.261947 3.163668 -3.651476
 -2.199115 3.011226 -1.785876
 -2.136283 2.877037 -2.532605
 -2.073451 2.718874 -2.501656
 -2.010619 2.539569 -3.330498
 -1.947787 2.329914 -3.192606
 -1.884956 2.127939 -3.282097
 -1.822124 1.929033 -3.217628
 -1.759292 1.683045 -4.844416
 -1.696460 1.347080 -5.486007
 -1.633628 1.001544 -5.558415
 -1.570796 0.706872 -3.382519
 -1.507964 0.540600 -3.226630
 -1.445133 -0.063971 -19.301092
 -1.382301 -1.526445 -18.594927
 -1.319469 -1.594193 18.370656
 -1.256637 0.428877 37.929230
 -1.193805 2.035446 10.496033
 -1.130973 2.189688 -3.190108
 -1.068142 1.376914 -22.633520
 -1.005310 0.417185 0.515097
 -0.942478 1.846784 44.351572
 -0.879646 5.173364 44.613058
 -0.816814 6.588519 16.271896
 -0.753982 8.621114 46.052407
 -0.691150 11.668747 46.684689
 -0.628319 14.583745 47.498513
 -0.565487 17.636265 41.572247
 -0.502655 19.335531 21.925515
 -0.439823 21.559851 50.542188
 -0.376991 25.209004 54.221542
 -0.314159 27.590293 29.830120
 -0.251327 29.967872 43.346573
 -0.188496 32.107392 22.381952
 -0.125664 33.789075 37.721229
 -0.062832 36.765835 46.613473
 0.000000 38.641178 18.122643
 0.062832 39.701545 13.383954
 0.125664 40.228224 6.469007
 0.188496 40.590107 -0.433478
 0.251327 39.891406 -16.543587
 0.314159 38.960007 -14.174300
 0.376991 37.843483 -22.788267
 0.439823 36.039205 -33.491571
 0.502655 33.818434 -37.686799
 0.565487 31.189076 -45.637504
 0.628319 28.155701 -48.962482
 0.691150 25.630332 -26.856057
 0.753982 24.805036 -4.797700
 0.816814 24.083785 -20.383587
 0.879646 22.694017 -21.276508
 0.942478 21.445481 -17.141646
 1.005310 20.940011 3.021806
 1.068142 21.520905 9.466256
 1.130973 21.840529 4.748752
 1.193805 22.568569 18.125836
 1.256637 23.846701 20.630820
 1.319469 25.168314 23.169528
 1.382301 27.065704 38.788847
 1.445133 29.977727 49.843357
 1.507964 32.836193 40.887732
 1.570796 35.666888 50.789743
 1.633628 39.348414 65.898920
 1.696460 43.959063 75.426559
 1.759292 48.202639 57.970671
 1.822124 52.720990 90.278663
 1.884956 60.158753 146.581058
 1.947787 inf nan
 2.010619 inf nan
 2.073451 inf nan
 2.136283 inf nan
 2.199115 inf nan
 2.261947 inf nan
 2.324779 inf nan
 2.387610 inf nan
 2.450442 inf nan
 2.513274 inf nan
 2.576106 74.179001 -226.218798
 2.638938 61.288222 -172.736565
 2.701770 52.091961 -120.545169
 2.764602 45.944491 -77.669970
 2.827433 41.656367 -67.056612
 2.890265 36.943796 -79.271826
 2.953097 32.331530 -65.621705
 3.015929 28.568498 -56.058882
 3.078761 25.160515 -52.673086
