#! FIELDS phi4 ffphi4 dffphi4_phi4
#! SET min_phi4 -pi
#! SET max_phi4 pi
#! SET nbins_phi4  100
#! SET periodic_phi4 true
 -3.141593 12.928169 -43.540732
 -3.078761 10.386567 -40.857965
 -3.015929 7.744818 -40.111480
 -2.953097 5.494700 -33.519027
 -2.890265 3.447802 -28.825267
 -2.827433 2.203269 -10.796926
 -2.764602 1.791742 -5.900120
 -2.701770 1.130056 -14.724710
 -2.638938 0.289652 -9.785234
 -2.576106 0.047331 2.658328
 -2.513274 0.471993 7.586119
 -2.450442 0.768195 2.937775
 -2.387610 1.022956 5.554038
 -2.324779 1.522666 10.757767
 -2.261947 2.295903 11.652273
 -2.199115 2.716095 1.681660
 -2.136283 2.841386 4.788673
 -2.073451 3.244535 4.759620
 -2.010619 3.222810 -3.863072
 -1.947787 3.008303 -2.879183
 -1.884956 2.768269 -4.745973
 -1.822124 2.488651 -4.673373
 -1.759292 2.071911 -7.156549
 -1.696460 1.977045 4.830038
 -1.633628 2.109274 -7.258650
 -1.570796 1.125900 -17.135654
 -1.507964 0.560193 -0.634552
 -1.445133 0.758993 4.964011
 -1.382301 1.125843 6.250369
 -1.319469 1.442498 3.302821
 -1.256637 1.552896 1.230562
 -1.193805 1.923826 12.981924
 -1.130973 3.118278 21.699396
 -1.068142 4.327064 16.452410
 -1.005310 5.354187 17.923989
 -0.942478 6.730680 25.809689
 -0.879646 8.499909 29.000523
 -0.816814 10.262553 27.089469
 -0.753982 12.032687 29.420613
 -0.691150 13.968503 32.574505
 -0.628319 16.311588 41.928463
 -0.565487 18.950644 38.427314
 -0.502655 21.186616 35.072063
 -0.439823 23.572237 39.098732
 -0.376991 25.952722 36.765837
 -0.314159 28.285823 36.329458
 -0.251327 30.395736 30.156176
 -0.188496 32.186982 27.240937
 -0.125664 33.793268 22.708251
 -0.062832 34.970268 14.006011
 0.000000 35.551610 4.981556
 0.062832 35.598871 -4.427063
 0.125664 34.992632 -14.360630
 0.188496 33.773397 -24.843785
 0.251327 31.910244 -33.943844
 0.314159 29.576771 -39.422008
 0.376991 27.048057 -40.993207
 0.439823 24.381978 -44.131253
 0.502655 21.573623 -44.086466
 0.565487 18.916680 -40.619406
 0.628319 16.427491 -38.619472
 0.691150 14.139747 -33.910754
 0.753982 12.064435 -32.627729
 0.816814 10.207742 -24.554150
 0.879646 8.997900 -16.230364
 0.942478 7.872284 -18.641916
 1.005310 7.089014 -4.164339
 1.068142 7.244424 6.973159
 1.130973 7.871076 13.481973
 1.193805 8.977051 21.294334
 1.256637 10.471708 25.546660
 1.319469 12.246787 32.271203
 1.382301 14.678939 44.873834
 1.445133 17.774009 52.153154
 1.507964 21.223956 57.257491
 1.570796 25.080592 64.175293
 1.633628 29.318197 69.026616
 1.696460 33.810570 70.665868
 1.759292 38.218808 66.760951
 1.822124 42.406931 64.321751
 1.884956 46.283811 54.794124
 1.947787 49.296297 40.253677
 2.010619 51.690072 38.897321
 2.073451 54.407661 40.134614
 2.136283 55.230904 -6.596173
 2.199115 55.580580 22.317809
 2.261947 56.599622 -12.214349
 2.324779 54.940900 -23.614395
 2.387610 53.918598 -14.475256
 2.450442 52.500721 -30.800705
 2.513274 50.086149 -47.586908
 2.576106 46.714344 -56.667699
 2.638938 43.054779 -60.229501
 2.701770 39.133375 -64.042595
 2.764602 35.094413 -64.315288
 2.827433 31.011561 -65.567892
 2.890265 26.921666 -63.885659
 2.953097 23.100082 -56.999379
 3.015929 19.644719 -55.264307
 3.078761 16.083893 -55.929861
