#! FIELDS psi3 ffpsi3 dffpsi3_psi3
#! SET min_psi3 -pi
#! SET max_psi3 pi
#! SET nbins_psi3  100
#! SET periodic_psi3 true
 -3.141593 8.722533 15.604792
 -3.078761 9.798130 18.998974
 -3.015929 11.080439 20.653595
 -2.953097 12.332915 19.726901
 -2.890265 13.666675 22.186929
 -2.827433 14.985660 19.451985
 -2.764602 16.268393 22.125644
 -2.701770 17.723677 23.390546
 -2.638938 19.192176 22.793090
 -2.576106 20.484177 17.507403
 -2.513274 21.469529 15.112616
 -2.450442 22.498340 17.352770
 -2.387610 23.555212 15.204440
 -2.324779 24.352278 10.031548
 -2.261947 24.852279 6.757256
 -2.199115 25.319018 7.416905
 -2.136283 25.641716 3.665550
 -2.073451 26.099459 11.982050
 -2.010619 26.939578 12.054604
 -1.947787 27.523958 7.546787
 -1.884956 28.002456 7.614556
 -1.822124 28.434729 5.776279
 -1.759292 28.716192 2.880745
 -1.696460 28.733117 -2.915142
 -1.633628 28.306510 -11.158384
 -1.570796 27.332491 -18.972999
 -1.507964 26.028548 -22.420540
 -1.445133 24.482692 -27.161486
 -1.382301 22.571734 -33.774632
 -1.319469 20.256514 -39.498105
 -1.256637 17.584030 -46.736542
 -1.193805 14.697511 -38.673427
 -1.130973 13.180046 -10.944079
 -1.068142 12.679541 -11.611972
 -1.005310 11.424142 -24.790638
 -0.942478 9.966610 -21.669048
 -0.879646 8.591796 -22.353138
 -0.816814 7.088251 -26.213348
 -0.753982 5.481161 -21.718462
 -0.691150 4.502643 -11.645801
 -0.628319 3.639731 -16.900093
 -0.565487 2.528778 -16.444850
 -0.502655 1.744789 -8.356417
 -0.439823 1.367667 -5.155236
 -0.376991 0.904502 -10.675736
 -0.314159 0.117218 -11.539537
 -0.251327 -0.208691 1.548876
 -0.188496 0.066903 4.994406
 -0.125664 0.367422 4.569730
 -0.062832 0.548309 0.973198
 0.000000 0.621932 2.210296
 0.062832 0.816245 3.720909
 0.125664 1.137096 6.183672
 0.188496 1.339439 -0.763501
 0.251327 1.434240 6.989512
 0.314159 2.067279 9.237410
 0.376991 2.509428 7.205299
 0.439823 3.086094 9.926589
 0.502655 3.660006 8.132101
 0.565487 4.056416 4.370840
 0.628319 4.322919 5.026974
 0.691150 4.683338 5.683714
 0.753982 4.995719 4.085166
 0.816814 5.205907 3.027923
 0.879646 5.424817 4.060253
 0.942478 5.743850 6.053508
 1.005310 6.123580 4.990144
 1.068142 6.258328 -0.613525
 1.130973 6.297468 4.358207
 1.193805 6.829132 9.523446
 1.256637 7.105882 -0.600018
 1.319469 7.045417 0.319405
 1.382301 7.216462 4.821832
 1.445133 7.473708 1.479634
 1.507964 7.373864 -3.164964
 1.570796 7.293628 1.241977
 1.633628 7.460435 2.752284
 1.696460 7.479844 -2.559396
 1.759292 7.249999 -3.250776
 1.822124 7.206682 1.333146
 1.884956 7.127629 -5.974947
 1.947787 6.585971 -8.219011
 2.010619 6.298937 -1.804548
 2.073451 6.145643 -3.707406
 2.136283 5.947238 -1.496155
 2.199115 5.952127 0.737089
 2.261947 5.983667 -0.074986
 2.324779 5.866964 -3.820988
 2.387610 5.599890 -3.953102
 2.450442 5.362838 -3.953117
 2.513274 5.147379 -2.185728
 2.576106 5.123437 1.028051
 2.638938 5.182961 0.117867
 2.701770 5.156483 -0.135420
 2.764602 5.224342 2.090136
 2.827433 5.396874 3.353172
 2.890265 5.675946 5.927637
 2.953097 6.178189 10.040703
 3.015929 6.919415 13.072783
 3.078761 7.782342 14.301618
