#! FIELDS phi3 ffphi3 dffphi3_phi3
#! SET min_phi3 -pi
#! SET max_phi3 pi
#! SET nbins_phi3  100
#! SET periodic_phi3 true
 -3.141593 20.600373 -58.043232
 -3.078761 17.241686 -50.611366
 -3.015929 14.172518 -45.547494
 -2.953097 11.672582 -34.165508
 -2.890265 9.796268 -26.070037
 -2.827433 8.382327 -18.993646
 -2.764602 7.333371 -14.680997
 -2.701770 6.627821 -7.934959
 -2.638938 6.043613 -12.770832
 -2.576106 5.145190 -13.484010
 -2.513274 4.478694 -8.364880
 -2.450442 3.868472 -12.620582
 -2.387610 2.976320 -13.980848
 -2.324779 2.221041 -10.029054
 -2.261947 1.747059 -4.673550
 -2.199115 1.587401 -1.472647
 -2.136283 1.557682 1.523575
 -2.073451 1.711510 0.853033
 -2.010619 1.600573 -1.873250
 -1.947787 1.700177 4.167659
 -1.884956 1.638502 -13.262613
 -1.822124 -0.116759 -31.488157
 -1.759292 -0.994620 7.668096
 -1.696460 0.595855 33.403984
 -1.633628 1.469356 -7.755706
 -1.570796 0.895445 -4.323604
 -1.507964 0.741261 -6.478016
 -1.445133 0.038804 -9.311997
 -1.382301 0.168060 12.939738
 -1.319469 0.977370 5.165933
 -1.256637 0.732393 -6.689106
 -1.193805 0.712694 7.097703
 -1.130973 1.532423 17.239373
 -1.068142 2.624894 16.071054
 -1.005310 3.632630 17.907498
 -0.942478 5.008485 25.217370
 -0.879646 6.708533 28.685762
 -0.816814 8.611385 30.920553
 -0.753982 10.603185 33.353210
 -0.691150 12.869650 37.065679
 -0.628319 15.052131 31.325585
 -0.565487 17.071561 36.763910
 -0.502655 20.002614 54.984393
 -0.439823 23.447734 49.513459
 -0.376991 26.126106 37.038191
 -0.314159 28.493696 37.575983
 -0.251327 30.815490 36.507886
 -0.188496 33.192295 37.758593
 -0.125664 35.379272 31.201648
 -0.062832 37.265377 28.696751
 0.000000 38.893063 21.559934
 0.062832 39.889259 9.946251
 0.125664 40.192202 -0.591456
 0.188496 39.833684 -10.107846
 0.251327 38.973092 -17.503399
 0.314159 37.622241 -25.443083
 0.376991 35.795209 -32.180658
 0.439823 33.680799 -34.494917
 0.502655 31.494396 -35.159936
 0.565487 29.206951 -38.067356
 0.628319 26.778047 -38.127251
 0.691150 24.491211 -34.483496
 0.753982 22.454483 -30.439609
 0.816814 20.651017 -26.954766
 0.879646 19.114913 -21.081979
 0.942478 18.102229 -11.100324
 1.005310 17.624311 -4.864418
 1.068142 17.536415 3.239959
 1.130973 18.126209 15.248605
 1.193805 19.320856 21.618328
 1.256637 20.859182 28.571763
 1.319469 23.057642 41.152448
 1.382301 25.902477 47.815429
 1.445133 29.076835 53.074004
 1.507964 32.593023 56.877201
 1.570796 36.247852 58.786519
 1.633628 40.084318 61.823409
 1.696460 44.076298 63.526377
 1.759292 48.199081 65.955508
 1.822124 52.429807 65.669551
 1.884956 56.391346 56.884164
 1.947787 59.757975 51.469625
 2.010619 63.317867 60.678712
 2.073451 66.823496 45.780502
 2.136283 69.701906 49.359654
 2.199115 70.754718 -36.313065
 2.261947 68.597840 -15.369769
 2.324779 69.223219 33.613588
 2.387610 70.583828 -29.584427
 2.450442 67.550916 -40.462605
 2.513274 65.012242 -57.217162
 2.576106 60.360294 -79.217452
 2.638938 55.559953 -74.122098
 2.701770 50.861328 -76.622371
 2.764602 45.955528 -77.911502
 2.827433 41.178560 -74.280002
 2.890265 36.621707 -69.996534
 2.953097 32.448419 -63.131486
 3.015929 28.550973 -62.170099
 3.078761 24.536817 -65.172936
