#! FIELDS phi4 ffphi4 dffphi4_phi4
#! SET min_phi4 -pi
#! SET max_phi4 pi
#! SET nbins_phi4  100
#! SET periodic_phi4 true
 -3.141593 13.248490 -50.177519
 -3.078761 10.593318 -34.008639
 -3.015929 8.745344 -28.586901
 -2.953097 6.436851 -45.273371
 -2.890265 3.917046 -27.814910
 -2.827433 3.112394 -1.845036
 -2.764602 2.948284 -6.308360
 -2.701770 2.448424 -8.082774
 -2.638938 2.097152 -1.737504
 -2.576106 2.215444 3.329292
 -2.513274 2.282575 -1.011908
 -2.450442 1.996373 -12.551787
 -2.387610 0.709327 -19.356660
 -2.324779 0.577037 17.698133
 -2.261947 2.393478 28.712996
 -2.199115 3.488454 12.068119
 -2.136283 4.227749 8.970075
 -2.073451 4.533965 0.605591
 -2.010619 4.130439 -15.160841
 -1.947787 2.817998 -21.475717
 -1.884956 1.728369 -17.107223
 -1.822124 0.520611 -13.797683
 -1.759292 0.784336 21.823704
 -1.696460 2.413536 22.103220
 -1.633628 3.246506 -1.737560
 -1.570796 1.508019 -40.655905
 -1.507964 -0.108065 -5.469607
 -1.445133 0.838883 31.893929
 -1.382301 2.830734 18.455508
 -1.319469 1.995872 -42.989099
 -1.256637 -0.790641 -31.982593
 -1.193805 -1.206778 20.412980
 -1.130973 1.637936 65.160124
 -1.068142 5.432469 41.124011
 -1.005310 7.030969 18.205688
 -0.942478 8.411049 25.823252
 -0.879646 9.995411 21.084614
 -0.816814 11.056479 16.330271
 -0.753982 12.402689 26.406538
 -0.691150 14.433723 39.603137
 -0.628319 17.313940 48.316896
 -0.565487 20.152492 40.861115
 -0.502655 22.548221 36.341205
 -0.439823 24.870113 36.624098
 -0.376991 27.140298 35.147596
 -0.314159 29.306852 32.987074
 -0.251327 31.254643 28.699293
 -0.188496 32.962433 25.464443
 -0.125664 34.398343 19.100916
 -0.062832 35.366194 11.905974
 0.000000 35.850693 2.603499
 0.062832 35.662031 -8.604990
 0.125664 34.785958 -19.031633
 0.188496 33.337619 -26.544619
 0.251327 31.479128 -32.684037
 0.314159 29.223248 -39.291200
 0.376991 26.586733 -43.477393
 0.439823 23.817429 -44.804562
 0.502655 20.999053 -44.757293
 0.565487 18.164063 -45.297124
 0.628319 15.390460 -41.524514
 0.691150 13.157707 -29.170051
 0.753982 11.527388 -25.226628
 0.816814 9.879002 -25.511865
 0.879646 8.590183 -14.838762
 0.942478 7.893029 -9.225816
 1.005310 7.235194 -11.700062
 1.068142 6.732740 -0.991521
 1.130973 7.274514 16.962986
 1.193805 8.590083 23.335036
 1.256637 10.129169 25.158622
 1.319469 11.830906 30.890087
 1.382301 14.227167 45.114520
 1.445133 17.397622 54.891213
 1.507964 21.128587 62.146060
 1.570796 25.212198 66.489983
 1.633628 29.508370 67.149936
 1.696460 33.752827 66.455653
 1.759292 38.071724 67.835318
 1.822124 42.205246 61.051996
 1.884956 45.951238 56.387149
 1.947787 49.333697 49.567797
 2.010619 52.227007 41.080666
 2.073451 54.539231 31.778605
 2.136283 56.195201 19.865307
 2.199115 56.999281 5.607511
 2.261947 56.966130 -6.791474
 2.324779 56.120949 -19.671391
 2.387610 54.594120 -28.903683
 2.450442 52.431775 -39.753757
 2.513274 49.711559 -46.199250
 2.576106 46.589307 -53.739847
 2.638938 42.986334 -59.827090
 2.701770 39.207634 -59.972924
 2.764602 35.397488 -61.897225
 2.827433 31.450474 -62.735992
 2.890265 27.627729 -58.755337
 2.953097 23.955791 -59.202740
 3.015929 20.219010 -58.464587
 3.078761 16.646939 -55.874387
