#! FIELDS psi3 ffpsi3 dffpsi3_psi3
#! SET min_psi3 -pi
#! SET max_psi3 pi
#! SET nbins_psi3  100
#! SET periodic_psi3 true
 -3.141593 10.089450 16.252333
 -3.078761 10.993674 15.027762
 -3.015929 12.130803 18.575650
 -2.953097 12.981785 10.469937
 -2.890265 14.023363 24.652213
 -2.827433 15.843296 28.969008
 -2.764602 17.341818 19.023974
 -2.701770 18.431221 16.835276
 -2.638938 19.567519 20.100425
 -2.576106 20.999550 23.957871
 -2.513274 22.241025 13.699450
 -2.450442 22.770636 3.660704
 -2.387610 22.678256 -9.616105
 -2.324779 20.839228 -46.682632
 -2.261947 18.306206 -25.407419
 -2.199115 17.860084 8.471069
 -2.136283 18.851156 19.306263
 -2.073451 19.770530 4.801272
 -2.010619 19.235671 -17.970157
 -1.947787 18.387102 -3.187680
 -1.884956 19.049334 21.276781
 -1.822124 20.001776 -1.124943
 -1.759292 19.193402 -14.584875
 -1.696460 18.716000 -2.300737
 -1.633628 18.576873 -1.906311
 -1.570796 18.580997 0.160135
 -1.507964 18.411678 -4.250075
 -1.445133 18.026249 -11.173504
 -1.382301 17.007927 -17.658408
 -1.319469 15.932726 -17.717157
 -1.256637 14.952678 -11.349382
 -1.193805 13.792462 -40.460413
 -1.130973 10.151982 -56.525622
 -1.068142 7.897559 -14.250848
 -1.005310 7.760416 0.016150
 -0.942478 7.355923 -7.246478
 -0.879646 7.351796 6.349967
 -0.816814 7.891192 7.986188
 -0.753982 7.905493 -9.862658
 -0.691150 6.680776 -26.241635
 -0.628319 5.120812 -21.774933
 -0.565487 3.804831 -20.366936
 -0.502655 2.527462 -24.741767
 -0.439823 0.257696 -42.166227
 -0.376991 -1.645960 -12.172500
 -0.314159 -0.987644 31.486219
 -0.251327 1.040084 10.631692
 -0.188496 -0.141892 -26.489004
 -0.125664 -0.816336 7.017060
 -0.062832 0.477494 26.822558
 0.000000 1.066626 -10.594812
 0.062832 0.592964 4.518514
 0.125664 1.696778 24.394213
 0.188496 2.707944 5.123644
 0.251327 2.848502 4.646132
 0.314159 3.427805 9.503944
 0.376991 3.662838 -0.090371
 0.439823 3.762033 3.744273
 0.502655 4.131031 8.284762
 0.565487 4.740910 9.821889
 0.628319 5.290672 6.704068
 0.691150 5.420890 -1.591089
 0.753982 5.252819 -4.750512
 0.816814 4.954155 -1.468482
 0.879646 5.203400 7.818944
 0.942478 5.651905 5.602459
 1.005310 6.297089 19.009728
 1.068142 7.866942 22.135366
 1.130973 8.358189 -1.615952
 1.193805 8.009502 -12.564057
 1.256637 6.991950 -13.303563
 1.319469 6.739010 4.513961
 1.382301 7.487662 19.353474
 1.445133 8.581672 4.923382
 1.507964 8.014963 -12.097358
 1.570796 7.701120 -2.386568
 1.633628 6.923895 -19.004697
 1.696460 6.425051 8.034640
 1.759292 7.663119 20.272119
 1.822124 7.710588 -12.014325
 1.884956 7.092338 -9.474394
 1.947787 6.506244 -4.196355
 2.010619 6.711235 5.106612
 2.073451 6.704219 -1.496574
 2.136283 6.911411 6.498973
 2.199115 7.194666 1.479663
 2.261947 7.119533 -1.772349
 2.324779 7.391451 10.429295
 2.387610 7.803390 -2.330326
 2.450442 7.206885 -13.940514
 2.513274 6.312360 -11.956369
 2.576106 5.773183 -8.135130
 2.638938 5.204855 -6.076435
 2.701770 5.322276 8.152467
 2.764602 5.759341 3.721025
 2.827433 5.878542 0.322842
 2.890265 5.974635 6.834020
 2.953097 6.986066 21.774582
 3.015929 8.018896 10.995424
 3.078761 8.906541 18.751219
