#! FIELDS psi2 ffpsi2 dffpsi2_psi2
#! SET min_psi2 -pi
#! SET max_psi2 pi
#! SET nbins_psi2  100
#! SET periodic_psi2 true
 -3.141593 13.578842 47.546730
 -3.078761 16.622136 47.380553
 -3.015929 19.657775 50.499175
 -2.953097 23.112478 57.579500
 -2.890265 26.788455 57.696720
 -2.827433 30.333055 52.600257
 -2.764602 33.441564 45.969955
 -2.701770 36.140177 37.177909
 -2.638938 37.806244 12.619303
 -2.576106 37.645857 -15.791429
 -2.513274 36.449296 -17.287819
 -2.450442 35.629362 -11.240261
 -2.387610 34.769911 -16.020997
 -2.324779 33.680558 -19.216606
 -2.261947 32.307906 -23.087267
 -2.199115 31.086953 -14.849002
 -2.136283 30.104331 -20.574442
 -2.073451 28.566493 -23.705711
 -2.010619 27.458416 -12.470541
 -1.947787 26.822734 -7.722190
 -1.884956 26.382136 -8.744399
 -1.822124 25.792989 -6.856797
 -1.759292 25.542752 -3.713927
 -1.696460 25.210961 -6.319037
 -1.633628 24.726694 -8.522593
 -1.570796 24.425689 0.015316
 -1.507964 24.468597 -1.541405
 -1.445133 24.101847 -9.037985
 -1.382301 23.742415 -0.008757
 -1.319469 24.106317 11.260629
 -1.256637 24.963438 10.668016
 -1.193805 24.970843 -6.480441
 -1.130973 24.898964 5.878706
 -1.068142 25.403816 6.504575
 -1.005310 25.604538 1.309827
 -0.942478 25.658880 -0.294605
 -0.879646 25.537594 -3.562140
 -0.816814 25.100479 -11.222398
 -0.753982 24.236642 -14.983615
 -0.691150 23.295009 -14.159793
 -0.628319 22.471422 -14.344632
 -0.565487 21.237532 -23.300288
 -0.502655 20.068624 -10.535173
 -0.439823 19.759172 -6.523730
 -0.376991 18.348643 -37.450143
 -0.314159 15.960418 -30.678372
 -0.251327 15.062538 2.255679
 -0.188496 15.674301 9.323435
 -0.125664 15.693209 -6.789482
 -0.062832 15.237385 -6.045292
 0.000000 14.729614 -13.591717
 0.062832 13.692051 -15.538314
 0.125664 12.671254 -20.809958
 0.188496 11.133800 -23.036753
 0.251327 10.371154 0.645244
 0.314159 10.957322 11.964167
 0.376991 11.057044 -8.741143
 0.439823 10.687813 1.274711
 0.502655 10.900985 -0.687777
 0.565487 10.615659 -2.349869
 0.628319 10.870703 6.798397
 0.691150 10.976331 -4.012898
 0.753982 10.498867 -10.058113
 0.816814 9.887187 -8.634732
 0.879646 9.436346 -5.208186
 0.942478 9.284112 -1.064265
 1.005310 8.868029 -13.985876
 1.068142 7.901044 -12.994876
 1.130973 7.333548 -6.689078
 1.193805 6.880848 -7.449346
 1.256637 6.616736 0.383886
 1.319469 6.814455 3.167336
 1.382301 6.753286 -5.492515
 1.445133 6.275657 -7.866598
 1.507964 5.845331 -7.147139
 1.570796 5.206589 -12.909812
 1.633628 4.317388 -15.558494
 1.696460 3.304608 -15.053930
 1.759292 2.597088 -7.238875
 1.822124 2.190548 -8.802290
 1.884956 1.418330 -13.007846
 1.947787 0.809730 -6.045165
 2.010619 0.679014 1.857977
 2.073451 0.840416 -0.231289
 2.136283 0.455707 -8.926379
 2.199115 0.265611 4.717696
 2.261947 0.648486 -0.215180
 2.324779 -0.218848 -23.637927
 2.387610 -1.662843 -17.143402
 2.450442 -1.865486 11.669390
 2.513274 -0.517343 26.718310
 2.576106 1.084667 22.146770
 2.638938 1.974147 6.333301
 2.701770 2.403190 10.361980
 2.764602 3.256095 15.474719
 2.827433 4.322458 18.808067
 2.890265 5.651382 22.862394
 2.953097 7.133908 24.546344
 3.015929 8.818519 29.107159
 3.078761 10.874199 37.272767
