#! FIELDS chi12 ffchi12 dffchi12_chi12
#! SET min_chi12 -pi
#! SET max_chi12 pi
#! SET nbins_chi12  100
#! SET periodic_chi12 true
 -3.141593 23.378105 18.085393
 -3.078761 24.500158 15.861789
 -3.015929 25.301492 9.703026
 -2.953097 25.750735 3.725094
 -2.890265 25.611188 -8.576914
 -2.827433 24.799583 -15.852984
 -2.764602 23.574719 -24.842661
 -2.701770 21.625617 -35.972646
 -2.638938 19.326178 -34.970274
 -2.576106 17.382456 -26.960313
 -2.513274 15.827313 -23.591354
 -2.450442 14.369540 -22.540207
 -2.387610 13.025976 -20.359544
 -2.324779 11.771686 -19.695368
 -2.261947 10.588637 -17.558626
 -2.199115 9.542882 -16.448740
 -2.136283 8.491842 -16.455583
 -2.073451 7.561217 -12.711407
 -2.010619 6.918081 -8.293659
 -1.947787 6.307170 -12.907481
 -1.884956 5.417508 -12.224027
 -1.822124 4.976879 -3.211716
 -1.759292 4.596159 -11.397704
 -1.696460 3.855900 -6.538389
 -1.633628 4.103303 12.194643
 -1.570796 4.789095 6.440226
 -1.507964 5.029406 3.626166
 -1.445133 5.455446 10.494187
 -1.382301 6.239537 12.662822
 -1.319469 6.968821 11.126556
 -1.256637 7.727875 13.238023
 -1.193805 8.634605 15.312072
 -1.130973 9.629892 16.174792
 -1.068142 10.655749 16.157731
 -1.005310 11.646254 15.192476
 -0.942478 12.547299 13.119867
 -0.879646 13.293966 10.700751
 -0.816814 13.924833 9.433193
 -0.753982 14.461860 7.439999
 -0.691150 14.904289 6.745617
 -0.628319 15.264264 4.551233
 -0.565487 15.547642 4.804385
 -0.502655 15.840773 4.056128
 -0.439823 16.008780 0.803823
 -0.376991 15.949362 -2.298880
 -0.314159 15.742881 -4.465990
 -0.251327 15.369290 -7.377754
 -0.188496 14.850864 -8.949590
 -0.125664 14.281288 -8.581628
 -0.062832 13.831403 -5.995825
 0.000000 13.441320 -6.880554
 0.062832 12.996074 -6.850677
 0.125664 12.612846 -5.174029
 0.188496 12.338668 -4.186117
 0.251327 12.043997 -4.615662
 0.314159 11.853480 -1.720476
 0.376991 11.705748 -3.255281
 0.439823 11.571022 -0.175772
 0.502655 11.618860 0.259256
 0.565487 11.485084 -4.817719
 0.628319 11.047146 -8.656737
 0.691150 10.413250 -11.829527
 0.753982 9.554248 -15.087369
 0.816814 8.565734 -16.771695
 0.879646 7.341520 -21.794185
 0.942478 6.119808 -15.395213
 1.005310 5.206877 -16.726387
 1.068142 4.060823 -16.860293
 1.130973 3.231549 -10.505512
 1.193805 2.529265 -14.167526
 1.256637 1.033377 -36.120797
 1.319469 -1.473198 -33.790583
 1.382301 -2.348782 7.993224
 1.445133 -0.870065 29.234878
 1.507964 0.065480 1.486584
 1.570796 0.007720 -2.012004
 1.633628 -0.166864 -2.377570
 1.696460 -0.079438 5.948668
 1.759292 0.551331 13.358912
 1.822124 1.480394 15.047957
 1.884956 2.474541 17.782765
 1.947787 3.725389 20.272845
 2.010619 4.891970 16.802466
 2.073451 5.952833 17.866386
 2.136283 7.174344 20.208024
 2.199115 8.404484 18.515004
 2.261947 9.488792 15.783087
 2.324779 10.457268 15.676293
 2.387610 11.466373 15.547264
 2.450442 12.369198 13.493299
 2.513274 13.190551 12.151425
 2.576106 13.907229 11.647050
 2.638938 14.802875 16.863289
 2.701770 15.903377 17.362020
 2.764602 17.058953 19.846255
 2.827433 18.307854 18.463844
 2.890265 19.292732 12.655162
 2.953097 20.023958 12.446309
 3.015929 21.041221 19.749702
 3.078761 22.290157 18.007058
