#! FIELDS phi3 ffphi3 dffphi3_phi3
#! SET min_phi3 -pi
#! SET max_phi3 pi
#! SET nbins_phi3  100
#! SET periodic_phi3 true
 -3.141593 21.525291 -53.322200
 -3.078761 18.381997 -48.276047
 -3.015929 15.393134 -45.466548
 -2.953097 12.823696 -36.535702
 -2.890265 10.721930 -30.388642
 -2.827433 9.016677 -24.184289
 -2.764602 7.666541 -18.541767
 -2.701770 6.680788 -13.538246
 -2.638938 5.850731 -13.259806
 -2.576106 5.107766 -9.480856
 -2.513274 4.549429 -10.522337
 -2.450442 3.810296 -9.775448
 -2.387610 3.574180 0.576631
 -2.324779 3.463955 -4.808191
 -2.261947 3.222251 -2.175909
 -2.199115 3.058978 -3.253269
 -2.136283 2.954430 0.115321
 -2.073451 2.800807 -7.785677
 -2.010619 2.098163 -11.055638
 -1.947787 1.665910 -2.571966
 -1.884956 1.625738 -1.192013
 -1.822124 1.361678 -5.001700
 -1.759292 1.331422 3.428016
 -1.696460 1.349845 -5.528241
 -1.633628 0.820115 -8.348538
 -1.570796 0.422866 -5.539471
 -1.507964 -0.032898 -8.519309
 -1.445133 -0.464225 -4.375596
 -1.382301 -0.603462 -0.388852
 -1.319469 -0.469443 4.603796
 -1.256637 -0.208190 2.647553
 -1.193805 0.049075 7.185480
 -1.130973 0.634004 10.302218
 -1.068142 1.453023 17.555203
 -1.005310 2.925158 28.468028
 -0.942478 4.878853 31.883113
 -0.879646 6.770850 28.473746
 -0.816814 8.539762 26.913213
 -0.753982 10.291649 31.259448
 -0.691150 12.562195 39.537986
 -0.628319 15.232362 45.408593
 -0.565487 18.131739 42.948534
 -0.502655 20.627979 39.179120
 -0.439823 23.254292 40.579767
 -0.376991 25.436340 31.254481
 -0.314159 27.651711 38.921440
 -0.251327 30.116718 38.087025
 -0.188496 32.490356 37.676305
 -0.125664 35.032011 42.106867
 -0.062832 37.334860 27.180334
 0.000000 38.645358 17.002961
 0.062832 39.361986 3.404814
 0.125664 39.220528 -5.205090
 0.188496 38.820615 -8.980803
 0.251327 37.852321 -22.140696
 0.314159 36.287519 -25.558201
 0.376991 34.642577 -28.269042
 0.439823 32.634183 -35.125893
 0.502655 30.383433 -35.480713
 0.565487 28.196666 -34.816599
 0.628319 25.921898 -37.455437
 0.691150 23.583991 -35.974572
 0.753982 21.509706 -29.831539
 0.816814 19.851508 -22.306685
 0.879646 18.674010 -17.039596
 0.942478 17.580756 -16.624941
 1.005310 16.808966 -6.478352
 1.068142 16.852064 7.148443
 1.130973 17.472863 11.059451
 1.193805 18.298029 16.691905
 1.256637 19.760014 31.060030
 1.319469 22.207579 44.821969
 1.382301 25.131359 47.230658
 1.445133 28.250743 52.500011
 1.507964 31.864153 60.784701
 1.570796 35.646408 56.677767
 1.633628 39.288674 61.246708
 1.696460 43.554322 70.223995
 1.759292 47.809808 63.021399
 1.822124 51.925277 66.312063
 1.884956 55.968321 58.856090
 1.947787 59.689893 59.791044
 2.010619 63.501518 57.433233
 2.073451 66.776097 44.671521
 2.136283 69.243906 33.229523
 2.199115 70.943284 19.367499
 2.261947 71.675314 4.279199
 2.324779 71.477685 -11.050254
 2.387610 70.342189 -24.940534
 2.450442 68.245054 -42.275060
 2.513274 65.057779 -59.168054
 2.576106 60.886251 -71.293998
 2.638938 56.295284 -74.956839
 2.701770 51.457769 -77.783482
 2.764602 46.643668 -75.384050
 2.827433 41.958085 -73.310645
 2.890265 37.449528 -70.597393
 2.953097 33.110557 -66.419877
 3.015929 29.100330 -62.680515
 3.078761 25.156061 -61.644347
