#! FIELDS phi2 ffphi2 dffphi2_phi2
#! SET min_phi2 -pi
#! SET max_phi2 pi
#! SET nbins_phi2  100
#! SET periodic_phi2 true
 -3.141593 17.168505 -48.561454
 -3.078761 14.324645 -41.504029
 -3.015929 11.792364 -40.426560
 -2.953097 9.401183 -33.228487
 -2.890265 7.687283 -22.494384
 -2.827433 6.404060 -19.947636
 -2.764602 5.034283 -22.743690
 -2.701770 3.806320 -15.195099
 -2.638938 3.111060 -7.719483
 -2.576106 2.652070 -8.234646
 -2.513274 2.206711 -3.645570
 -2.450442 2.183934 0.186215
 -2.387610 2.059141 -2.450657
 -2.324779 2.089398 2.702104
 -2.261947 2.125089 -2.322178
 -2.199115 2.059779 2.254762
 -2.136283 2.351273 5.348459
 -2.073451 2.700513 6.022506
 -2.010619 2.887263 -3.428193
 -1.947787 2.385895 -6.765317
 -1.884956 2.496479 9.079888
 -1.822124 2.995606 3.018783
 -1.759292 2.887598 -3.989191
 -1.696460 2.684072 -3.130199
 -1.633628 2.311610 -9.022007
 -1.570796 1.756050 -6.779392
 -1.507964 1.512978 -2.183504
 -1.445133 1.288469 -5.818333
 -1.382301 0.770218 -10.180375
 -1.319469 0.129340 -9.456707
 -1.256637 -0.310134 -3.458889
 -1.193805 -0.267580 3.926145
 -1.130973 0.046711 5.395377
 -1.068142 0.394933 6.198314
 -1.005310 0.998977 14.061959
 -0.942478 2.098255 19.596705
 -0.879646 3.411223 21.951901
 -0.816814 4.794551 22.064274
 -0.753982 6.345940 27.959890
 -0.691150 8.197744 28.770279
 -0.628319 9.884563 25.951297
 -0.565487 11.643825 29.967497
 -0.502655 13.622209 32.441384
 -0.439823 15.671266 31.884940
 -0.376991 17.580387 28.052844
 -0.314159 19.211994 24.375014
 -0.251327 20.763344 25.259703
 -0.188496 22.415849 26.377124
 -0.125664 23.816575 16.043550
 -0.062832 24.580867 10.890449
 0.000000 25.333432 11.386618
 0.062832 25.721468 0.421321
 0.125664 25.490351 -7.452257
 0.188496 24.894808 -10.164884
 0.251327 24.264895 -10.742065
 0.314159 23.450838 -14.558812
 0.376991 22.594275 -12.691324
 0.439823 21.673237 -17.963279
 0.502655 20.390148 -21.260646
 0.565487 19.171687 -16.768871
 0.628319 18.331218 -10.189283
 0.691150 17.810827 -6.286976
 0.753982 17.705274 3.650268
 0.816814 18.103249 6.890948
 0.879646 18.523408 7.523185
 0.942478 19.172108 13.649947
 1.005310 20.276384 21.376066
 1.068142 21.889327 30.515649
 1.130973 24.113379 38.674906
 1.193805 26.523989 36.670195
 1.256637 28.750094 35.085986
 1.319469 31.236867 45.208551
 1.382301 34.273823 47.695612
 1.445133 37.157378 44.806413
 1.507964 40.046160 46.163310
 1.570796 42.999472 47.428562
 1.633628 46.027471 48.063385
 1.696460 49.206771 53.978559
 1.759292 52.655445 47.257983
 1.822124 54.553668 18.501969
 1.884956 55.655432 14.787419
 1.947787 56.406871 11.486490
 2.010619 57.103699 9.496947
 2.073451 58.048748 26.804168
 2.136283 61.071543 72.120949
 2.199115 67.355262 127.511868
 2.261947 77.205681 151.699186
 2.324779 71.256026 -162.989801
 2.387610 62.888158 -103.810644
 2.450442 58.040323 -53.699725
 2.513274 55.089991 -53.071734
 2.576106 50.990806 -70.101951
 2.638938 46.728135 -65.601220
 2.701770 42.727678 -61.886449
 2.764602 38.869457 -61.534685
 2.827433 34.947779 -63.312637
 2.890265 30.954125 -63.325980
 2.953097 27.036062 -60.870511
 3.015929 23.415690 -53.501356
 3.078761 20.253420 -48.830642
