#! FIELDS psi2 ffpsi2 dffpsi2_psi2
#! SET min_psi2 -pi
#! SET max_psi2 pi
#! SET nbins_psi2  500
#! SET periodic_psi2 true
 -3.141593 4.982227 17.249713
 -3.129026 5.200848 17.444546
 -3.116460 5.421468 17.583714
 -3.103894 5.644091 17.708469
 -3.091327 5.868539 17.932268
 -3.078761 6.096366 18.272762
 -3.066194 6.329291 18.708703
 -3.053628 6.568253 19.202842
 -3.041062 6.813331 19.687097
 -3.028495 7.063876 20.070807
 -3.015929 7.318584 20.279239
 -3.003363 7.574815 20.369497
 -2.990796 7.831506 20.382010
 -2.978230 8.088631 20.401625
 -2.965663 8.346731 20.572195
 -2.953097 8.608205 20.951897
 -2.940531 8.875852 21.545166
 -2.927964 9.151901 22.311550
 -2.915398 9.438215 23.138668
 -2.902832 9.735095 23.933574
 -2.890265 10.041653 24.633763
 -2.877699 10.355816 25.234618
 -2.865133 10.676712 25.652456
 -2.852566 11.001801 25.909831
 -2.840000 11.329101 25.983810
 -2.827433 11.656155 25.881487
 -2.814867 11.980876 25.612058
 -2.802301 12.301438 25.241869
 -2.789734 12.617243 24.863695
 -2.777168 12.928974 24.599941
 -2.764602 13.238870 24.534242
 -2.752035 13.549558 24.707702
 -2.739469 13.863309 25.078344
 -2.726902 14.182164 25.448794
 -2.714336 14.504774 25.659971
 -2.701770 14.827832 25.546865
 -2.689203 15.147253 24.946980
 -2.676637 15.456302 23.943899
 -2.664071 15.750304 22.655352
 -2.651504 16.027026 21.244018
 -2.638938 16.286341 19.907722
 -2.626371 16.530433 18.780486
 -2.613805 16.761831 17.958793
 -2.601239 16.984330 17.361981
 -2.588672 17.200342 16.853037
 -2.576106 17.409852 16.300260
 -2.563540 17.611196 15.521048
 -2.550973 17.800284 14.389873
 -2.538407 17.972491 12.764076
 -2.525840 18.120959 10.705240
 -2.513274 18.241035 8.267887
 -2.500708 18.328897 5.639558
 -2.488141 18.383530 2.994386
 -2.475575 18.405683 0.495896
 -2.463009 18.397880 -1.718900
 -2.450442 18.364315 -3.609515
 -2.437876 18.309170 -5.150313
 -2.425310 18.236980 -6.325585
 -2.412743 18.151701 -7.210368
 -2.400177 18.056672 -7.915464
 -2.387610 17.953222 -8.558825
 -2.375044 17.841498 -9.245598
 -2.362478 17.720506 -10.041565
 -2.349911 17.588987 -10.886941
 -2.337345 17.446874 -11.692328
 -2.324779 17.295628 -12.323297
 -2.312212 17.138145 -12.662752
 -2.299646 16.978453 -12.687718
 -2.287079 16.820253 -12.446964
 -2.274513 16.665999 -12.080258
 -2.261947 16.516322 -11.751628
 -2.249380 16.369739 -11.607067
 -2.236814 16.223140 -11.748328
 -2.224248 16.073031 -12.170256
 -2.211681 15.916286 -12.772621
 -2.199115 15.751779 -13.369922
 -2.186548 15.580963 -13.750370
 -2.173982 15.407556 -13.752254
 -2.161416 15.236954 -13.310839
 -2.148849 15.074361 -12.496619
 -2.136283 14.923506 -11.488640
 -2.123717 14.785226 -10.528768
 -2.111150 14.657502 -9.841936
 -2.098584 14.535734 -9.585668
 -2.086018 14.414338 -9.784434
 -2.073451 14.288159 -10.325316
 -2.060885 14.153975 -11.026017
 -2.048318 14.011012 -11.694585
 -2.035752 13.860511 -12.200302
 -2.023186 13.705047 -12.502729
 -2.010619 13.546901 -12.638604
 -1.998053 13.387552 -12.696565
 -1.985487 13.227685 -12.728843
 -1.972920 13.067529 -12.745429
 -1.960354 12.907555 -12.691158
 -1.947787 12.749103 -12.484981
 -1.935221 12.594738 -12.038564
 -1.922655 12.447686 -11.314353
 -1.910088 12.311316 -10.339887
 -1.897522 12.188264 -9.215366
 -1.884956 12.079613 -8.077349
 -1.872389 11.984440 -7.082638
 -1.859823 11.900264 -6.353431
 -1.847256 11.823110 -5.980127
 -1.834690 11.748288 -5.982983
 -1.822124 11.671139 -6.345643
 -1.809557 11.587466 -7.004118
 -1.796991 11.494121 -7.869730
 -1.784425 11.389241 -8.825728
 -1.771858 11.272313 -9.750025
 -1.759292 11.144782 -10.503693
 -1.746726 11.009446 -10.968852
 -1.734159 10.870563 -11.066635
 -1.721593 10.732861 -10.778053
 -1.709026 10.601022 -10.159105
 -1.696460 10.478464 -9.325460
 -1.683894 10.366888 -8.432566
 -1.671327 10.266114 -7.627124
 -1.658761 10.174379 -7.014978
 -1.646195 10.088829 -6.633700
 -1.633628 10.006674 -6.459007
 -1.621062 9.925850 -6.407016
 -1.608495 9.845378 -6.399460
 -1.595929 9.765099 -6.367268
 -1.583363 9.685445 -6.300515
 -1.570796 9.606692 -6.229715
 -1.558230 9.528530 -6.217378
 -1.545664 9.449960 -6.308046
 -1.533097 9.369438 -6.531378
 -1.520531 9.285372 -6.865474
 -1.507964 9.196722 -7.252680
 -1.495398 9.103352 -7.597304
 -1.482832 9.006466 -7.796643
 -1.470265 8.908588 -7.742417
 -1.457699 8.813306 -7.369466
 -1.445133 8.724880 -6.650196
 -1.432566 8.647548 -5.611388
 -1.420000 8.584944 -4.321941
 -1.407434 8.539577 -2.890740
 -1.394867 8.512388 -1.452636
 -1.382301 8.502480 -0.173991
 -1.369734 8.506884 0.803971
 -1.357168 8.520913 1.334959
 -1.344602 8.538323 1.334807
 -1.332035 8.552324 0.799588
 -1.319469 8.556791 -0.156484
 -1.306903 8.547623 -1.323939
 -1.294336 8.523838 -2.443869
 -1.281770 8.487623 -3.263452
 -1.269203 8.443917 -3.620267
 -1.256637 8.398852 -3.477685
 -1.244071 8.358458 -2.918516
 -1.231504 8.326900 -2.098309
 -1.218938 8.306146 -1.232147
 -1.206372 8.295478 -0.526329
 -1.193805 8.291798 -0.137399
 -1.181239 8.290613 -0.134411
 -1.168672 8.287185 -0.481726
 -1.156106 8.277838 -1.038122
 -1.143540 8.261172 -1.613996
 -1.130973 8.238235 -2.009211
 -1.118407 8.212132 -2.102333
 -1.105841 8.186979 -1.858882
 -1.093274 8.166665 -1.351138
 -1.080708 8.153737 -0.703111
 -1.068142 8.148980 -0.089106
 -1.055575 8.150962 0.347437
 -1.043009 8.156733 0.496419
 -1.030442 8.162388 0.322585
 -1.017876 8.163892 -0.143264
 -1.005310 8.158096 -0.823875
 -0.992743 8.142927 -1.624552
 -0.980177 8.117500 -2.428514
 -0.967611 8.082405 -3.145352
 -0.955044 8.039331 -3.680176
 -0.942478 7.991226 -3.939406
 -0.929911 7.942073 -3.834718
 -0.917345 7.896697 -3.341025
 -0.904779 7.859826 -2.496236
 -0.892212 7.835129 -1.428056
 -0.879646 7.824279 -0.324547
 -0.867080 7.826372 0.587665
 -0.854513 7.837704 1.125414
 -0.841947 7.852730 1.172852
 -0.829380 7.865256 0.734720
 -0.816814 7.869729 -0.073738
 -0.804248 7.862762 -1.057760
 -0.791681 7.843256 -2.029383
 -0.779115 7.812401 -2.859739
 -0.766549 7.772304 -3.504198
 -0.753982 7.725051 -4.008050
 -0.741416 7.671948 -4.434671
 -0.728849 7.613544 -4.873642
 -0.716283 7.549240 -5.374618
 -0.703717 7.478170 -5.966351
 -0.691150 7.399206 -6.622271
 -0.678584 7.311686 -7.318320
 -0.666018 7.215373 -8.000749
 -0.653451 7.110933 -8.606979
 -0.640885 6.999686 -9.068164
 -0.628319 6.883762 -9.345725
 -0.615752 6.765569 -9.424183
 -0.603186 6.647467 -9.335251
 -0.590619 6.531386 -9.119889
 -0.578053 6.418454 -8.842385
 -0.565487 6.309013 -8.569382
 -0.552920 6.202734 -8.355103
 -0.540354 6.098563 -8.240237
 -0.527788 5.994894 -8.275417
 -0.515221 5.889787 -8.475496
 -0.502655 5.781035 -8.845186
 -0.490088 5.666852 -9.332202
 -0.477522 5.546199 -9.856337
 -0.464956 5.419344 -10.305083
 -0.452389 5.287868 -10.576276
 -0.439823 5.154459 -10.605105
 -0.427257 5.022193 -10.396582
 -0.414690 4.893838 -9.998663
 -0.402124 4.771247 -9.507243
 -0.389557 4.654880 -9.021165
 -0.376991 4.544150 -8.617698
 -0.364425 4.437784 -8.328611
 -0.351858 4.334513 -8.119927
 -0.339292 4.233631 -7.927438
 -0.326726 4.135542 -7.666537
 -0.314159 4.041555 -7.267106
 -0.301593 3.953680 -6.685717
 -0.289027 3.874251 -5.921177
 -0.276460 3.805466 -5.003762
 -0.263894 3.748901 -3.988007
 -0.251327 3.705321 -2.960190
 -0.238761 3.674074 -2.039022
 -0.226195 3.653182 -1.338177
 -0.213628 3.639119 -0.971869
 -0.201062 3.627198 -0.998836
 -0.188496 3.612468 -1.411966
 -0.175929 3.590653 -2.106497
 -0.163363 3.559211 -2.907632
 -0.150796 3.518018 -3.621088
 -0.138230 3.469326 -4.085510
 -0.125664 3.416907 -4.204692
 -0.113097 3.365275 -3.978030
 -0.100531 3.318376 -3.457097
 -0.087965 3.279315 -2.753264
 -0.075398 3.249606 -1.987409
 -0.062832 3.229350 -1.274381
 -0.050265 3.217190 -0.706640
 -0.037699 3.210856 -0.359359
 -0.025133 3.207453 -0.241233
 -0.012566 3.204167 -0.320490
 0.000000 3.199033 -0.522782
 0.012566 3.191118 -0.740241
 0.025133 3.180970 -0.871988
 0.037699 3.170017 -0.853464
 0.050265 3.160302 -0.682638
 0.062832 3.153528 -0.401285
 0.075398 3.150541 -0.096285
 0.087965 3.151066 0.149199
 0.100531 3.153996 0.269912
 0.113097 3.157524 0.247353
 0.125664 3.159945 0.100151
 0.138230 3.159917 -0.129600
 0.150796 3.156770 -0.405318
 0.163363 3.150126 -0.667319
 0.175929 3.140410 -0.887039
 0.188496 3.128340 -1.029668
 0.201062 3.115226 -1.053061
 0.213628 3.102790 -0.917001
 0.226195 3.093184 -0.599213
 0.238761 3.088700 -0.114829
 0.251327 3.091056 0.479136
 0.263894 3.101054 1.080242
 0.276460 3.118019 1.571183
 0.289027 3.139938 1.860952
 0.301593 3.163847 1.883394
 0.314159 3.186421 1.646550
 0.326726 3.204678 1.217102
 0.339292 3.216732 0.683321
 0.351858 3.221980 0.129188
 0.364425 3.220438 -0.382867
 0.376991 3.212802 -0.845833
 0.389557 3.199592 -1.269341
 0.402124 3.181193 -1.676487
 0.414690 3.157772 -2.060474
 0.427257 3.129776 -2.410138
 0.439823 3.097816 -2.687184
 0.452389 3.062970 -2.858811
 0.464956 3.026693 -2.916176
 0.477522 2.990369 -2.863161
 0.490088 2.955351 -2.709786
 0.502655 2.922781 -2.479643
 0.515221 2.893470 -2.190285
 0.527788 2.868027 -1.868078
 0.540354 2.846629 -1.558227
 0.552920 2.828879 -1.296758
 0.565487 2.813857 -1.125606
 0.578053 2.800290 -1.071339
 0.590619 2.786723 -1.111248
 0.603186 2.772255 -1.209248
 0.615752 2.756531 -1.306414
 0.628319 2.739878 -1.343470
 0.640885 2.723249 -1.298525
 0.653451 2.707728 -1.179806
 0.666018 2.693996 -1.029832
 0.678584 2.682009 -0.905331
 0.691150 2.671097 -0.868902
 0.703717 2.659911 -0.944460
 0.716283 2.647096 -1.122073
 0.728849 2.631827 -1.333670
 0.741416 2.614248 -1.455321
 0.753982 2.596306 -1.375049
 0.766549 2.581139 -1.003004
 0.779115 2.572573 -0.330622
 0.791681 2.574005 0.567156
 0.804248 2.587396 1.540516
 0.816814 2.612500 2.398654
 0.829380 2.646656 2.955538
 0.841947 2.685239 3.084523
 0.854513 2.722566 2.763643
 0.867080 2.753420 2.074670
 0.879646 2.774252 1.210298
 0.892212 2.784296 0.389062
 0.904779 2.785384 -0.189043
 0.917345 2.781361 -0.411247
 0.929911 2.776866 -0.274691
 0.942478 2.775863 0.132127
 0.955044 2.780957 0.667368
 0.967611 2.792894 1.185406
 0.980177 2.810714 1.592840
 0.992743 2.832719 1.854891
 1.005310 2.857122 1.986099
 1.017876 2.882682 2.043721
 1.030442 2.908819 2.086862
 1.043009 2.935567 2.154617
 1.055575 2.963362 2.255521
 1.068142 2.992636 2.379772
 1.080708 3.023598 2.523488
 1.093274 3.056389 2.680688
 1.105841 3.091363 2.864521
 1.118407 3.128900 3.097277
 1.130973 3.169756 3.387450
 1.143540 3.214726 3.738064
 1.156106 3.264321 4.123631
 1.168672 3.318564 4.468216
 1.181239 3.376415 4.680427
 1.193805 3.435569 4.661960
 1.206372 3.492761 4.359767
 1.218938 3.544432 3.781026
 1.231504 3.587565 3.029236
 1.244071 3.620919 2.260626
 1.256637 3.645482 1.654491
 1.269203 3.664259 1.371786
 1.281770 3.682107 1.510613
 1.294336 3.704499 2.081933
 1.306903 3.736522 3.026930
 1.319469 3.782143 4.230153
 1.332035 3.843669 5.526532
 1.344602 3.921179 6.755664
 1.357168 4.012948 7.761309
 1.369734 4.115535 8.444273
 1.382301 4.224403 8.791301
 1.394867 4.335675 8.835776
 1.407434 4.446156 8.708961
 1.420000 4.554814 8.568233
 1.432566 4.662517 8.550926
 1.445133 4.771252 8.743190
 1.457699 4.883545 9.105195
 1.470265 5.000735 9.500394
 1.482832 5.122142 9.703549
 1.495398 5.243802 9.538717
 1.507964 5.360288 8.864797
 1.520531 5.465321 7.710006
 1.533097 5.553775 6.283890
 1.545664 5.624003 4.876240
 1.558230 5.678228 3.763527
 1.570796 5.721273 3.140286
 1.583363 5.759770 3.008873
 1.595929 5.799201 3.274944
 1.608495 5.843501 3.745176
 1.621062 5.893951 4.242005
 1.633628 5.950017 4.615401
 1.646195 6.009672 4.806484
 1.658761 6.070694 4.817176
 1.671327 6.130940 4.717925
 1.683894 6.189428 4.553616
 1.696460 6.245653 4.360964
 1.709026 6.299285 4.145975
 1.721593 6.349907 3.877194
 1.734159 6.396615 3.507144
 1.746726 6.437904 3.006399
 1.759292 6.472007 2.380483
 1.771858 6.497619 1.657473
 1.784425 6.513885 0.903624
 1.796991 6.520903 0.185488
 1.809557 6.519367 -0.440289
 1.822124 6.510515 -0.967532
 1.834690 6.495611 -1.418188
 1.847256 6.475457 -1.815040
 1.859823 6.450464 -2.173746
 1.872389 6.421073 -2.516703
 1.884956 6.387504 -2.836920
 1.897522 6.350074 -3.137836
 1.910088 6.308986 -3.415646
 1.922655 6.264391 -3.694891
 1.935221 6.216184 -3.988907
 1.947787 6.164170 -4.298366
 1.960354 6.108308 -4.601316
 1.972920 6.048891 -4.850434
 1.985487 5.986820 -5.010654
 1.998053 5.923462 -5.056972
 2.010619 5.860200 -5.003004
 2.023186 5.798012 -4.897506
 2.035752 5.737126 -4.810739
 2.048318 5.676811 -4.810772
 2.060885 5.615643 -4.949402
 2.073451 5.551716 -5.246381
 2.086018 5.483203 -5.677542
 2.098584 5.408720 -6.190350
 2.111150 5.327600 -6.717643
 2.123717 5.240089 -7.194258
 2.136283 5.147165 -7.568952
 2.148849 5.050386 -7.811533
 2.161416 4.951382 -7.926886
 2.173982 4.851561 -7.948423
 2.186548 4.751778 -7.925845
 2.199115 4.652293 -7.911169
 2.211681 4.552734 -7.940843
 2.224248 4.452515 -8.017774
 2.236814 4.351202 -8.106507
 2.249380 4.248934 -8.159375
 2.261947 4.146539 -8.117828
 2.274513 4.045469 -7.940965
 2.287079 3.947535 -7.619337
 2.299646 3.854493 -7.167022
 2.312212 3.767698 -6.634161
 2.324779 3.687822 -6.072977
 2.337345 3.614849 -5.542786
 2.349911 3.548158 -5.088634
 2.362478 3.486435 -4.757538
 2.375044 3.427917 -4.589514
 2.387610 3.370271 -4.620629
 2.400177 3.310857 -4.874566
 2.412743 3.246812 -5.353250
 2.425310 3.175536 -6.009617
 2.437876 3.095359 -6.747676
 2.450442 3.006084 -7.432786
 2.463009 2.909367 -7.924513
 2.475575 2.808192 -8.128455
 2.488141 2.706329 -8.029590
 2.500708 2.607477 -7.677871
 2.513274 2.513968 -7.201580
 2.525840 2.426460 -6.745694
 2.538407 2.343908 -6.423080
 2.550973 2.264260 -6.288176
 2.563540 2.185313 -6.302034
 2.576106 2.105830 -6.348713
 2.588672 2.026303 -6.278621
 2.601239 1.949040 -5.973673
 2.613805 1.877375 -5.386798
 2.626371 1.814733 -4.558980
 2.638938 1.763368 -3.614578
 2.651504 1.723809 -2.704635
 2.664071 1.694751 -1.966932
 2.676637 1.673380 -1.490005
 2.689203 1.656252 -1.288528
 2.701770 1.640147 -1.318670
 2.714336 1.622750 -1.476606
 2.726902 1.603172 -1.649541
 2.739469 1.581977 -1.710932
 2.752035 1.561179 -1.574741
 2.764602 1.543688 -1.180160
 2.777168 1.532883 -0.512944
 2.789734 1.531953 0.383368
 2.802301 1.543335 1.422416
 2.814867 1.568123 2.492340
 2.827433 1.606009 3.485595
 2.840000 1.655549 4.342192
 2.852566 1.714894 5.057178
 2.865133 1.782536 5.672526
 2.877699 1.857664 6.254060
 2.890265 1.940203 6.867172
 2.902832 2.030729 7.513219
 2.915398 2.129510 8.157987
 2.927964 2.236148 8.752856
 2.940531 2.349604 9.253283
 2.953097 2.468633 9.643437
 2.965663 2.592111 9.956989
 2.978230 2.719462 10.258925
 2.990796 2.850885 10.617654
 3.003363 2.987509 11.055625
 3.015929 3.130083 11.606967
 3.028495 3.280062 12.218575
 3.041062 3.438021 12.867337
 3.053628 3.604235 13.529745
 3.066194 3.778792 14.187398
 3.078761 3.961547 14.832861
 3.091327 4.152404 15.445430
 3.103894 4.350709 16.023439
 3.116460 4.555895 16.530957
 3.129026 4.766765 16.950124
