#! FIELDS psi4 ffpsi4 dffpsi4_psi4
#! SET min_psi4 -pi
#! SET max_psi4 pi
#! SET nbins_psi4  100
#! SET periodic_psi4 true
 -3.141593 4.882403 16.713985
 -3.078761 5.925004 19.077480
 -3.015929 7.571706 32.838177
 -2.953097 9.609456 27.931036
 -2.890265 11.094448 21.756493
 -2.827433 12.635791 28.650617
 -2.764602 14.869077 43.023372
 -2.701770 17.918890 50.370471
 -2.638938 20.178420 7.502286
 -2.576106 19.593548 -9.776161
 -2.513274 19.433962 -1.224207
 -2.450442 18.349554 -33.592215
 -2.387610 16.666439 -9.935227
 -2.324779 17.460111 31.064056
 -2.261947 19.200350 18.259042
 -2.199115 20.819886 39.264130
 -2.136283 23.059548 15.743282
 -2.073451 23.302988 5.639388
 -2.010619 24.072213 9.919016
 -1.947787 23.673391 -16.628489
 -1.884956 22.641393 -17.306167
 -1.822124 21.502230 -15.682295
 -1.759292 20.830143 -9.702878
 -1.696460 19.696695 -24.715289
 -1.633628 18.304718 -18.042408
 -1.570796 17.224712 -18.380503
 -1.507964 16.028515 -17.860530
 -1.445133 15.113398 -11.556688
 -1.382301 14.488672 -8.953233
 -1.319469 13.830525 -13.832051
 -1.256637 12.733669 -19.587766
 -1.193805 11.475809 -19.762835
 -1.130973 10.445602 -12.287910
 -1.068142 9.735766 -12.417409
 -1.005310 8.879057 -14.181173
 -0.942478 7.873209 -18.344735
 -0.879646 6.739824 -16.428231
 -0.816814 5.735492 -16.699601
 -0.753982 4.724270 -13.777171
 -0.691150 4.021127 -10.244879
 -0.628319 3.331827 -10.665636
 -0.565487 2.812504 -6.142207
 -0.502655 2.433204 -6.315650
 -0.439823 2.134699 -2.296159
 -0.376991 2.087493 -0.404596
 -0.314159 2.028575 -1.030723
 -0.251327 2.039243 1.465313
 -0.188496 2.201854 3.915394
 -0.125664 2.514104 5.039142
 -0.062832 2.800983 5.028605
 0.000000 3.238078 8.253975
 0.062832 3.671623 4.599665
 0.125664 3.857707 2.239853
 0.188496 4.065243 4.867942
 0.251327 4.446026 6.203730
 0.314159 4.746224 3.031572
 0.376991 4.805212 -0.896799
 0.439823 4.785066 1.359855
 0.502655 4.979881 3.944786
 0.565487 5.173602 1.621444
 0.628319 5.185392 -0.796344
 0.691150 5.092467 -2.633253
 0.753982 4.872084 -3.409007
 0.816814 4.760638 -0.102989
 0.879646 4.817518 1.422417
 0.942478 4.894723 0.681367
 1.005310 4.941399 2.087238
 1.068142 5.288495 8.423893
 1.130973 5.789621 6.036061
 1.193805 6.048569 3.329766
 1.256637 6.366782 7.168249
 1.319469 6.855929 7.036679
 1.382301 7.168124 3.303057
 1.445133 7.431812 5.988197
 1.507964 7.851659 5.612801
 1.570796 8.049862 1.492782
 1.633628 8.126234 0.771378
 1.696460 8.142169 -0.236930
 1.759292 8.068341 -2.347925
 1.822124 7.908515 -2.112202
 1.884956 7.710281 -6.015692
 1.947787 7.118291 -11.590964
 2.010619 6.405303 -10.175295
 2.073451 5.904206 -6.177306
 2.136283 5.485782 -8.277944
 2.199115 4.874303 -10.107351
 2.261947 4.271155 -10.105399
 2.324779 3.467044 -15.199823
 2.387610 2.531160 -13.471898
 2.450442 1.824228 -9.077674
 2.513274 1.362770 -6.107402
 2.576106 1.007282 -5.106341
 2.638938 0.761973 -2.657340
 2.701770 0.687274 0.536204
 2.764602 0.827292 3.399010
 2.827433 1.038583 2.947000
 2.890265 1.265695 5.505387
 2.953097 1.819758 11.659318
 3.015929 2.655352 14.876163
 3.078761 3.726616 18.836187
