#! FIELDS psi3 ffpsi3 dffpsi3_psi3
#! SET min_psi3 -pi
#! SET max_psi3 pi
#! SET nbins_psi3  100
#! SET periodic_psi3 true
 -3.141593 7.949885 22.464011
 -3.078761 9.141942 13.246319
 -3.015929 9.986288 17.445909
 -2.953097 11.358061 24.008597
 -2.890265 12.949821 25.284237
 -2.827433 13.603625 -8.367794
 -2.764602 13.336081 11.410987
 -2.701770 15.536502 56.563186
 -2.638938 19.266450 49.055282
 -2.576106 21.869322 36.817919
 -2.513274 23.667324 15.000672
 -2.450442 24.147478 4.386148
 -2.387610 24.545313 10.238795
 -2.324779 25.724042 26.311758
 -2.261947 27.073230 10.244096
 -2.199115 27.282997 1.631098
 -2.136283 27.537227 5.719938
 -2.073451 27.926402 6.929198
 -2.010619 28.416521 8.181646
 -1.947787 28.971842 9.845967
 -1.884956 29.615362 9.080797
 -1.822124 29.900673 0.859229
 -1.759292 30.252255 13.940141
 -1.696460 31.622812 25.410131
 -1.633628 32.542760 -8.201467
 -1.570796 29.796832 -60.222515
 -1.507964 27.112279 -21.715634
 -1.445133 25.997100 -35.129473
 -1.382301 22.442018 -58.203702
 -1.319469 19.830492 -25.370290
 -1.256637 18.495195 -25.446302
 -1.193805 16.617534 -28.491502
 -1.130973 15.044474 -24.961696
 -1.068142 13.319320 -28.161925
 -1.005310 11.642492 -25.648314
 -0.942478 10.021576 -25.948360
 -0.879646 8.435385 -23.992490
 -0.816814 7.063466 -19.632583
 -0.753982 5.908925 -17.820288
 -0.691150 4.801714 -16.595306
 -0.628319 3.952624 -10.704201
 -0.565487 3.252255 -12.838807
 -0.502655 2.401408 -12.837399
 -0.439823 1.717116 -9.587399
 -0.376991 1.144644 -8.014225
 -0.314159 0.772004 -4.221285
 -0.251327 0.558033 -2.815786
 -0.188496 0.403829 -1.890460
 -0.125664 0.394718 1.712324
 -0.062832 0.524541 1.616567
 0.000000 0.619166 1.934710
 0.062832 0.813603 4.300296
 0.125664 1.108508 4.452332
 0.188496 1.426012 6.666748
 0.251327 1.934830 8.101102
 0.314159 2.334187 4.867601
 0.376991 2.619479 4.082419
 0.439823 2.792466 1.754031
 0.502655 3.032909 6.967304
 0.565487 3.593607 9.160632
 0.628319 4.027611 4.241197
 0.691150 4.213403 2.710650
 0.753982 4.447609 5.011800
 0.816814 4.861712 7.592912
 0.879646 5.305864 5.953188
 0.942478 5.547329 1.576751
 1.005310 5.633456 2.706079
 1.068142 5.990432 7.818664
 1.130973 6.405085 4.514030
 1.193805 6.636939 3.276916
 1.256637 6.779134 1.092125
 1.319469 6.830142 0.854595
 1.382301 6.878165 0.340120
 1.445133 6.885640 0.183656
 1.507964 6.934361 1.733028
 1.570796 7.151092 5.034447
 1.633628 7.483649 4.069375
 1.696460 7.454554 -5.798738
 1.759292 6.875237 -10.159337
 1.822124 6.457114 -3.161377
 1.884956 6.249234 -4.772679
 1.947787 5.960312 -3.043970
 2.010619 5.870597 -0.730182
 2.073451 5.786302 -2.741488
 2.136283 5.457116 -6.906982
 2.199115 5.096569 -4.224529
 2.261947 4.883700 -2.686498
 2.324779 4.735516 -2.811397
 2.387610 4.495180 -3.943455
 2.450442 4.365846 -0.353102
 2.513274 4.305957 -2.569041
 2.576106 4.084688 -3.389622
 2.638938 3.967006 -0.191842
 2.701770 4.070132 3.250404
 2.764602 4.320089 4.229891
 2.827433 4.570522 3.926731
 2.890265 4.936530 8.370902
 2.953097 5.556464 10.287764
 3.015929 6.165489 8.888783
 3.078761 6.787668 12.943625
