#! FIELDS psi2 ffpsi2 dffpsi2_psi2
#! SET min_psi2 -pi
#! SET max_psi2 pi
#! SET nbins_psi2  100
#! SET periodic_psi2 true
 -3.141593 15.071710 14.093492
 -3.078761 15.147850 5.692244
 -3.015929 16.892438 50.522208
 -2.953097 21.271922 86.733481
 -2.890265 27.820663 121.711768
 -2.827433 36.026391 121.310046
 -2.764602 43.171535 112.062525
 -2.701770 51.700882 140.614080
 -2.638938 51.458053 -109.583718
 -2.576106 45.790670 -66.451549
 -2.513274 42.960652 -29.083529
 -2.450442 41.409458 -19.846964
 -2.387610 41.032741 7.517799
 -2.324779 40.367356 -46.752664
 -2.261947 36.997023 -44.309998
 -2.199115 35.258212 -12.919483
 -2.136283 34.873199 -4.260514
 -2.073451 34.403935 -10.366820
 -2.010619 33.599319 -15.508483
 -1.947787 32.544625 -16.563703
 -1.884956 31.670607 -10.962118
 -1.822124 31.049421 -9.747008
 -1.759292 30.530965 -6.096824
 -1.696460 30.134719 -7.602196
 -1.633628 29.743966 -3.282973
 -1.570796 29.649509 -1.254083
 -1.507964 29.585108 0.445319
 -1.445133 29.701850 1.029205
 -1.382301 29.485625 -7.305093
 -1.319469 29.043819 -5.139320
 -1.256637 28.946427 2.842313
 -1.193805 29.416963 9.972178
 -1.130973 29.767344 -0.504947
 -1.068142 29.571612 -2.269987
 -1.005310 29.818682 10.429434
 -0.942478 30.496189 5.620590
 -0.879646 30.227554 -11.144077
 -0.816814 29.642247 -5.420529
 -0.753982 29.561016 3.930840
 -0.691150 30.484940 26.274044
 -0.628319 32.283396 23.909840
 -0.565487 33.256169 3.680704
 -0.502655 31.214993 -75.907042
 -0.439823 24.792196 -105.688376
 -0.376991 19.614085 -56.123330
 -0.314159 17.587017 -13.422971
 -0.251327 16.786980 -20.125319
 -0.188496 15.231169 -23.869444
 -0.125664 14.143126 -9.797865
 -0.062832 13.958685 0.875419
 0.000000 13.673088 -11.094190
 0.062832 12.934141 -10.371737
 0.125664 12.414060 -6.099313
 0.188496 12.149356 -3.050373
 0.251327 11.879614 -6.645971
 0.314159 11.308992 -11.193870
 0.376991 10.620065 -8.225551
 0.439823 10.421449 0.120721
 0.502655 10.330537 -3.830245
 0.565487 9.906635 -10.406142
 0.628319 9.159722 -10.606274
 0.691150 8.776482 -1.781415
 0.753982 8.769507 -0.541615
 0.816814 8.542946 -6.311023
 0.879646 8.085096 -7.928573
 0.942478 7.654607 -4.147267
 1.005310 7.605654 0.303754
 1.068142 7.388283 -6.839464
 1.130973 7.050246 -2.488638
 1.193805 6.973038 -1.762663
 1.256637 6.826623 -1.162929
 1.319469 6.924865 2.864721
 1.382301 6.947979 -2.945460
 1.445133 6.593576 -7.697159
 1.507964 6.081898 -7.947498
 1.570796 5.600592 -7.974943
 1.633628 5.026475 -10.289660
 1.696460 4.327800 -11.707745
 1.759292 3.632285 -9.959236
 1.822124 3.035901 -9.679763
 1.884956 2.402196 -10.062543
 1.947787 1.881946 -5.704870
 2.010619 1.649914 -3.155370
 2.073451 1.360210 -5.577503
 2.136283 1.038947 -5.047769
 2.199115 0.612975 -8.757306
 2.261947 0.059165 -7.778305
 2.324779 -0.355338 -6.136763
 2.387610 -0.764783 -6.504031
 2.450442 -1.050323 -2.051352
 2.513274 -1.063228 1.170839
 2.576106 -0.851079 6.430885
 2.638938 -0.221928 12.961888
 2.701770 0.704405 16.622528
 2.764602 1.973057 24.147174
 2.827433 3.637009 27.171043
 2.890265 5.366101 28.489449
 2.953097 7.207954 29.697841
 3.015929 9.391931 42.835590
 3.078761 12.594167 53.940298
