#! FIELDS psi3 ffpsi3 dffpsi3_psi3
#! SET min_psi3 -pi
#! SET max_psi3 pi
#! SET nbins_psi3  100
#! SET periodic_psi3 true
 -3.141593 9.493580 16.885443
 -3.078761 10.438387 15.400490
 -3.015929 11.552065 17.092957
 -2.953097 12.413156 13.736331
 -2.890265 13.720558 27.744923
 -2.827433 15.605451 29.370303
 -2.764602 17.105609 16.553867
 -2.701770 17.952095 13.235243
 -2.638938 18.764464 12.809079
 -2.576106 19.964651 27.045050
 -2.513274 22.009147 36.060596
 -2.450442 24.296313 33.277862
 -2.387610 25.746474 11.077795
 -2.324779 25.908313 -2.303343
 -2.261947 25.680372 -5.110109
 -2.199115 25.539174 4.034603
 -2.136283 26.214428 14.134200
 -2.073451 26.838072 2.648609
 -2.010619 26.457384 -11.180919
 -1.947787 26.029675 -1.710626
 -1.884956 26.045433 3.500723
 -1.822124 26.892814 23.951862
 -1.759292 28.508524 21.418558
 -1.696460 29.261109 1.069428
 -1.633628 28.733278 -13.135740
 -1.570796 28.157099 -6.134863
 -1.507964 26.819713 -46.865039
 -1.445133 23.138061 -55.537496
 -1.382301 20.744195 -20.436708
 -1.319469 19.947745 -13.504733
 -1.256637 18.317157 -37.362815
 -1.193805 15.906591 -35.063680
 -1.130973 13.980061 -28.564316
 -1.068142 12.091565 -30.532339
 -1.005310 10.408030 -22.556076
 -0.942478 9.086555 -21.168027
 -0.879646 7.676584 -23.120038
 -0.816814 6.337450 -18.647024
 -0.753982 5.257122 -17.050441
 -0.691150 4.202430 -15.321657
 -0.628319 3.376756 -11.751708
 -0.565487 2.648596 -11.488341
 -0.502655 1.931381 -11.361851
 -0.439823 1.243782 -10.371473
 -0.376991 0.634632 -8.912979
 -0.314159 0.161897 -5.845532
 -0.251327 -0.090448 -2.317132
 -0.188496 -0.130542 0.987345
 -0.125664 -0.013414 2.213807
 -0.062832 0.149585 3.277008
 0.000000 0.423539 5.485145
 0.062832 0.822966 6.439978
 0.125664 1.128130 3.147322
 0.188496 1.329820 4.273338
 0.251327 1.720589 7.881366
 0.314159 2.253993 8.472941
 0.376991 2.728526 6.314987
 0.439823 3.075956 5.057732
 0.502655 3.413779 6.084615
 0.565487 3.826879 6.163739
 0.628319 4.144924 4.276874
 0.691150 4.403256 4.124574
 0.753982 4.754123 7.771905
 0.816814 5.319452 8.307341
 0.879646 5.646110 2.617082
 0.942478 5.828395 4.036540
 1.005310 6.136129 4.908467
 1.068142 6.383945 2.947610
 1.130973 6.557653 3.248386
 1.193805 6.867674 6.264687
 1.256637 7.174724 2.311924
 1.319469 7.226482 0.535544
 1.382301 7.293138 1.552981
 1.445133 7.469602 3.913477
 1.507964 7.644224 0.501056
 1.570796 7.556082 -2.275506
 1.633628 7.451459 -1.013594
 1.696460 7.408856 -0.682842
 1.759292 7.317882 -1.880856
 1.822124 7.329537 2.557854
 1.884956 7.437889 -0.722486
 1.947787 7.323710 -1.620178
 2.010619 7.243256 -1.483845
 2.073451 7.124220 -2.376955
 2.136283 6.957022 -2.660156
 2.199115 6.769865 -3.780282
 2.261947 6.496027 -4.761557
 2.324779 6.175395 -4.793300
 2.387610 6.009398 -0.731319
 2.450442 5.942921 -1.977354
 2.513274 5.804534 -2.214774
 2.576106 5.654315 -2.342796
 2.638938 5.590706 0.470862
 2.701770 5.651856 0.981423
 2.764602 5.718292 1.447045
 2.827433 5.922079 5.666776
 2.890265 6.419202 9.407973
 2.953097 7.043393 10.168485
 3.015929 7.671724 9.890345
 3.078761 8.416464 14.949196
