#! FIELDS psi2 hhpsi2 dhhpsi2_psi2
#! SET min_psi2 -pi
#! SET max_psi2 pi
#! SET nbins_psi2  100
#! SET periodic_psi2 true
 -3.141593 0.209264 -0.335285
 -3.078761 0.185246 -0.420917
 -3.015929 0.158285 -0.401455
 -2.953097 0.137054 -0.293631
 -2.890265 0.115876 -0.394471
 -2.827433 0.090216 -0.402908
 -2.764602 0.063166 -0.466123
 -2.701770 0.034682 -0.403308
 -2.638938 0.014644 -0.232404
 -2.576106 0.004585 -0.095839
 -2.513274 0.001185 -0.023605
 -2.450442 0.000415 -0.005979
 -2.387610 0.000135 -0.003176
 -2.324779 0.000036 0.000150
 -2.261947 0.000165 0.003912
 -2.199115 0.000439 0.003718
 -2.136283 0.000619 0.002997
 -2.073451 0.000887 0.005699
 -2.010619 0.001454 0.013213
 -1.947787 0.002452 0.016756
 -1.884956 0.003284 0.007032
 -1.822124 0.003138 -0.008729
 -1.759292 0.003105 0.011586
 -1.696460 0.003919 0.007491
 -1.633628 0.003955 -0.005362
 -1.570796 0.003339 -0.010044
 -1.507964 0.003165 0.004124
 -1.445133 0.004109 0.032649
 -1.382301 0.007402 0.066147
 -1.319469 0.012680 0.117355
 -1.256637 0.023376 0.213180
 -1.193805 0.036872 0.199579
 -1.130973 0.047812 0.155724
 -1.068142 0.057000 0.126367
 -1.005310 0.061995 0.032089
 -0.942478 0.062473 0.000489
 -0.879646 0.063117 0.015907
 -0.816814 0.064260 0.039651
 -0.753982 0.071653 0.208162
 -0.691150 0.087297 0.255044
 -0.628319 0.102279 0.221866
 -0.565487 0.113703 0.136506
 -0.502655 0.120603 0.091642
 -0.439823 0.125506 0.077408
 -0.376991 0.129641 0.023120
 -0.314159 0.128026 -0.026308
 -0.251327 0.131226 0.134154
 -0.188496 0.142141 0.179474
 -0.125664 0.149876 0.059244
 -0.062832 0.151223 0.005292
 0.000000 0.150022 -0.065223
 0.062832 0.142245 -0.150689
 0.125664 0.135133 -0.073379
 0.188496 0.130494 -0.069673
 0.251327 0.130222 0.088301
 0.314159 0.139041 0.144826
 0.376991 0.144887 0.046670
 0.439823 0.146285 0.011821
 0.502655 0.146833 -0.007118
 0.565487 0.143306 -0.089224
 0.628319 0.139019 -0.047580
 0.691150 0.134727 -0.075460
 0.753982 0.134153 0.085544
 0.816814 0.145941 0.276628
 0.879646 0.163633 0.246721
 0.942478 0.176055 0.162992
 1.005310 0.185992 0.173872
 1.068142 0.197806 0.180624
 1.130973 0.204815 0.034730
 1.193805 0.204864 -0.010985
 1.256637 0.203548 -0.004633
 1.319469 0.209074 0.182459
 1.382301 0.220844 0.173189
 1.445133 0.234340 0.300408
 1.507964 0.260485 0.518197
 1.570796 0.294397 0.522590
 1.633628 0.321491 0.324763
 1.696460 0.339091 0.293931
 1.759292 0.357520 0.234094
 1.822124 0.362917 -0.057954
 1.884956 0.352710 -0.238000
 1.947787 0.335934 -0.259444
 2.010619 0.323241 -0.142186
 2.073451 0.314252 -0.141557
 2.136283 0.311152 0.100389
 2.199115 0.329123 0.482403
 2.261947 0.374378 0.982551
 2.324779 0.446510 1.203529
 2.387610 0.513197 0.860925
 2.450442 0.544452 0.065517
 2.513274 0.523047 -0.667496
 2.576106 0.464054 -1.204744
 2.638938 0.380180 -1.300803
 2.701770 0.316536 -0.692086
 2.764602 0.285819 -0.343735
 2.827433 0.269067 -0.189591
 2.890265 0.262075 -0.043023
 2.953097 0.257401 -0.144294
 3.015929 0.244523 -0.235369
 3.078761 0.228365 -0.278086
