#! FIELDS psi4 hhpsi4 dhhpsi4_psi4
#! SET min_psi4 -pi
#! SET max_psi4 pi
#! SET nbins_psi4  100
#! SET periodic_psi4 true
 -3.141593 0.147580 -0.940685
 -3.078761 0.096291 -0.690409
 -3.015929 0.059224 -0.489966
 -2.953097 0.034311 -0.309326
 -2.890265 0.019171 -0.175693
 -2.827433 0.011126 -0.091985
 -2.764602 0.006333 -0.064295
 -2.701770 0.003083 -0.037033
 -2.638938 0.001560 -0.014114
 -2.576106 0.000934 -0.007495
 -2.513274 0.000647 -0.000870
 -2.450442 0.000687 0.000679
 -2.387610 0.000789 0.004215
 -2.324779 0.001237 0.007620
 -2.261947 0.001448 -0.000060
 -2.199115 0.001596 0.006187
 -2.136283 0.001995 0.002961
 -2.073451 0.001739 -0.009321
 -2.010619 0.001312 -0.001431
 -1.947787 0.001497 0.005780
 -1.884956 0.002106 0.015066
 -1.822124 0.003373 0.023408
 -1.759292 0.004671 0.015829
 -1.696460 0.005530 0.015253
 -1.633628 0.006990 0.032991
 -1.570796 0.009602 0.046064
 -1.507964 0.012422 0.047525
 -1.445133 0.016300 0.081426
 -1.382301 0.023632 0.155420
 -1.319469 0.034427 0.172656
 -1.256637 0.045148 0.179078
 -1.193805 0.057866 0.224574
 -1.130973 0.071795 0.204188
 -1.068142 0.083504 0.186661
 -1.005310 0.097771 0.272765
 -0.942478 0.114522 0.222637
 -0.879646 0.124042 0.096484
 -0.816814 0.128896 0.066596
 -0.753982 0.132918 0.081992
 -0.691150 0.141387 0.179995
 -0.628319 0.152643 0.181905
 -0.565487 0.165958 0.232458
 -0.502655 0.178946 0.180111
 -0.439823 0.190006 0.180972
 -0.376991 0.200782 0.165503
 -0.314159 0.214322 0.286687
 -0.251327 0.231653 0.212445
 -0.188496 0.241452 0.143623
 -0.125664 0.250873 0.137551
 -0.062832 0.255289 -0.015039
 0.000000 0.249585 -0.121812
 0.062832 0.244176 -0.054093
 0.125664 0.238525 -0.140254
 0.188496 0.229574 -0.091041
 0.251327 0.229505 0.075982
 0.314159 0.235886 0.099473
 0.376991 0.236968 -0.077784
 0.439823 0.230209 -0.080274
 0.502655 0.228560 0.002280
 0.565487 0.227462 -0.027146
 0.628319 0.227519 0.048801
 0.691150 0.234079 0.157506
 0.753982 0.246226 0.234506
 0.816814 0.263418 0.293477
 0.879646 0.278719 0.175446
 0.942478 0.284638 0.017201
 1.005310 0.282051 -0.071602
 1.068142 0.276048 -0.150500
 1.130973 0.259162 -0.374086
 1.193805 0.233291 -0.412661
 1.256637 0.207487 -0.427277
 1.319469 0.178027 -0.489962
 1.382301 0.148777 -0.419054
 1.445133 0.127687 -0.235057
 1.507964 0.117287 -0.130839
 1.570796 0.106123 -0.241639
 1.633628 0.089913 -0.227697
 1.696460 0.079862 -0.094331
 1.759292 0.076968 -0.002784
 1.822124 0.079393 0.080511
 1.884956 0.085516 0.104553
 1.947787 0.093044 0.143534
 2.010619 0.103760 0.207152
 2.073451 0.119908 0.296419
 2.136283 0.139050 0.321351
 2.199115 0.164062 0.498005
 2.261947 0.199561 0.602141
 2.324779 0.239063 0.687168
 2.387610 0.291331 1.006875
 2.450442 0.363234 1.216374
 2.513274 0.433203 0.967081
 2.576106 0.488165 0.832811
 2.638938 0.534580 0.564127
 2.701770 0.552417 0.023673
 2.764602 0.541574 -0.337561
 2.827433 0.509372 -0.727678
 2.890265 0.445671 -1.232448
 2.953097 0.367438 -1.199840
 3.015929 0.291060 -1.252747
 3.078761 0.213657 -1.154150
