#! FIELDS phi4 ffphi4 dffphi4_phi4
#! SET min_phi4 -pi
#! SET max_phi4 pi
#! SET nbins_phi4  100
#! SET periodic_phi4 true
 -3.141593 12.708522 -45.573891
 -3.078761 9.955368 -42.766689
 -3.015929 7.341114 -39.750892
 -2.953097 4.996101 -34.948384
 -2.890265 3.035710 -26.296102
 -2.827433 1.704595 -17.134322
 -2.764602 0.774445 -12.573833
 -2.701770 0.167070 -6.287972
 -2.638938 -0.001819 0.257106
 -2.576106 0.071488 1.379719
 -2.513274 0.179102 2.498424
 -2.450442 0.443682 6.028541
 -2.387610 0.895456 7.732445
 -2.324779 1.385415 7.919881
 -2.261947 1.901349 8.266335
 -2.199115 2.415154 8.176186
 -2.136283 2.921330 7.240414
 -2.073451 3.241374 2.804719
 -2.010619 3.337892 0.597869
 -1.947787 3.344546 -0.041656
 -1.884956 3.376786 0.866197
 -1.822124 3.372572 -1.659552
 -1.759292 3.174496 -4.420836
 -1.696460 2.782763 -8.275751
 -1.633628 2.224308 -8.597688
 -1.570796 1.730267 -7.433696
 -1.507964 1.297001 -5.804074
 -1.445133 1.084429 -0.628253
 -1.382301 1.185193 3.082192
 -1.319469 1.415084 4.282346
 -1.256637 1.789059 8.202986
 -1.193805 2.458332 12.459011
 -1.130973 3.290601 14.032690
 -1.068142 4.281480 17.815868
 -1.005310 5.562725 23.005583
 -0.942478 7.169510 27.605002
 -0.879646 8.969104 29.048485
 -0.816814 10.831114 30.218567
 -0.753982 12.803893 32.560709
 -0.691150 14.980025 36.726540
 -0.628319 17.422554 39.638956
 -0.565487 19.765357 33.721537
 -0.502655 21.861190 34.501969
 -0.439823 24.222622 39.532149
 -0.376991 26.650067 35.965052
 -0.314159 28.777154 32.287525
 -0.251327 30.785307 30.950785
 -0.188496 32.641324 27.523227
 -0.125664 34.211077 21.747634
 -0.062832 35.323349 13.263069
 0.000000 35.936881 6.430727
 0.062832 36.056526 -4.044876
 0.125664 35.385468 -16.360103
 0.188496 34.110401 -24.221126
 0.251327 32.315210 -32.735470
 0.314159 30.057309 -38.577079
 0.376991 27.584611 -39.313463
 0.439823 25.087497 -40.849148
 0.502655 22.430382 -43.640710
 0.565487 19.665584 -43.291974
 0.628319 17.081141 -38.864793
 0.691150 14.755479 -35.499082
 0.753982 12.613187 -32.415789
 0.816814 10.707317 -28.162020
 0.879646 9.125134 -21.385898
 0.942478 8.085182 -11.988100
 1.005310 7.547843 -5.217919
 1.068142 7.492029 3.862484
 1.130973 8.015503 12.411745
 1.193805 9.058319 21.039062
 1.256637 10.662922 29.452722
 1.319469 12.709572 35.762952
 1.382301 15.295921 47.010339
 1.445133 18.588585 56.003616
 1.507964 22.254692 59.204523
 1.570796 26.119518 62.442283
 1.633628 30.195522 65.328499
 1.696460 34.427615 67.012142
 1.759292 38.685112 65.900464
 1.822124 42.834374 64.025174
 1.884956 46.789000 58.334966
 1.947787 50.188661 48.830930
 2.010619 53.146740 43.981251
 2.073451 55.590528 31.983873
 2.136283 57.190660 18.589257
 2.199115 57.893091 3.106917
 2.261947 57.633888 -10.543586
 2.324779 56.637594 -21.393313
 2.387610 54.925560 -32.738044
 2.450442 52.586588 -41.594797
 2.513274 49.667034 -51.176423
 2.576106 46.285890 -55.349935
 2.638938 42.702496 -59.497056
 2.701770 38.765330 -65.257555
 2.764602 34.636260 -64.974755
 2.827433 30.706240 -59.736728
 2.890265 27.043024 -58.381095
 2.953097 23.276422 -61.117428
 3.015929 19.416554 -60.947303
 3.078761 15.792426 -53.339127
