<<<<<<< HEAD
#! FIELDS psi4 ffpsi4 dffpsi4_psi4
#! SET min_psi4 -pi
#! SET max_psi4 pi
#! SET nbins_psi4  100
#! SET periodic_psi4 true
 -3.141593 5.215955 15.431724
 -3.078761 5.951925 12.061210
 -3.015929 7.192683 28.048937
 -2.953097 9.178822 30.734046
 -2.890265 10.878362 26.585936
 -2.827433 12.956862 39.141960
 -2.764602 15.343283 31.969560
 -2.701770 16.967425 22.875884
 -2.638938 18.143410 8.214201
 -2.576106 18.345881 8.501757
 -2.513274 19.957014 42.825132
 -2.450442 22.749290 27.992627
 -2.387610 23.339409 4.802927
 -2.324779 23.259846 -12.296136
 -2.261947 22.801620 3.864315
 -2.199115 22.203259 -40.532110
 -2.136283 19.661950 -22.427740
 -2.073451 20.008205 32.524465
 -2.010619 22.921450 42.675266
 -1.947787 23.071462 -30.729997
 -1.884956 21.067689 -24.547808
 -1.822124 20.287227 -2.604308
 -1.759292 20.316758 2.908006
 -1.696460 20.702377 5.749741
 -1.633628 20.278042 -18.448230
 -1.570796 19.156734 -15.006440
 -1.507964 18.064579 -24.116095
 -1.445133 16.078680 -34.696318
 -1.382301 14.270460 -19.944844
 -1.319469 13.658755 -2.161984
 -1.256637 13.250401 -15.927673
 -1.193805 11.864129 -22.772816
 -1.130973 10.766906 -13.337194
 -1.068142 9.912299 -12.947765
 -1.005310 9.369780 -5.215141
 -0.942478 8.935555 -11.166175
 -0.879646 7.806992 -22.581538
 -0.816814 6.625885 -13.229018
 -0.753982 5.845115 -15.303542
 -0.691150 4.682773 -19.211091
 -0.628319 3.669165 -12.277313
 -0.565487 3.090225 -7.727250
 -0.502655 2.548323 -9.060103
 -0.439823 2.181290 -0.944893
 -0.376991 2.364712 3.761336
 -0.314159 2.354359 -3.292347
 -0.251327 2.243115 0.801578
 -0.188496 2.397296 3.275156
 -0.125664 2.669918 6.073520
 -0.062832 3.120381 6.501283
 0.000000 3.300439 -0.719687
 0.062832 3.266710 1.732833
 0.125664 3.588426 7.772627
 0.188496 4.139805 8.773711
 0.251327 4.582807 4.615645
 0.314159 4.635030 -3.425899
 0.376991 4.325126 -3.374023
 0.439823 4.431636 5.426247
 0.502655 4.770233 5.412012
 0.565487 5.094676 2.370841
 0.628319 4.881407 -7.147508
 0.691150 4.567320 -1.422408
 0.753982 4.620696 1.128026
 0.816814 4.534726 -4.293137
 0.879646 4.190856 -4.353037
 0.942478 4.259975 6.693349
 1.005310 4.693441 3.488921
 1.068142 4.710503 -0.021592
 1.130973 4.864002 3.913074
 1.193805 5.010680 0.144648
 1.256637 5.026470 2.922718
 1.319469 5.632997 15.729987
 1.382301 6.576849 10.503023
 1.445133 6.815639 -1.603393
 1.507964 6.712007 0.628962
 1.570796 7.067481 11.687932
 1.633628 8.145036 19.922539
 1.696460 9.169414 9.713332
 1.759292 8.979715 -14.880305
 1.822124 8.024328 -11.152448
 1.884956 7.635382 -3.625341
 1.947787 7.206020 -11.320918
 2.010619 6.451239 -9.587777
 2.073451 6.109956 -3.662176
 2.136283 5.498474 -17.435869
 2.199115 4.237059 -19.132545
 2.261947 3.381849 -7.479460
 2.324779 3.119477 -3.764850
 2.387610 2.696516 -8.822276
 2.450442 2.205038 -6.948737
 2.513274 1.676897 -9.618279
 2.576106 1.234965 -3.574607
 2.638938 1.027387 -5.104679
 2.701770 0.669470 -3.986748
 2.764602 0.703425 4.837006
 2.827433 1.064262 4.491690
 2.890265 1.257813 3.400423
 2.953097 1.629566 8.432027
 3.015929 2.404013 17.558714
 3.078761 3.845376 25.866754
=======
#! FIELDS psi4 ffpsi4 dffpsi4_psi4
#! SET min_psi4 -pi
#! SET max_psi4 pi
#! SET nbins_psi4  100
#! SET periodic_psi4 true
 -3.141593 5.346112 24.594928
 -3.078761 7.014618 27.828309
 -3.015929 8.690010 25.472643
 -2.953097 10.490733 32.963069
 -2.890265 12.658632 33.217602
 -2.827433 14.637997 30.231742
 -2.764602 16.176469 13.684380
 -2.701770 16.654591 9.886974
 -2.638938 18.085673 36.745322
 -2.576106 20.790106 35.298299
 -2.513274 21.214763 -9.226004
 -2.450442 21.191043 12.816397
 -2.387610 23.047289 45.427105
 -2.324779 26.197346 41.604006
 -2.261947 26.236770 -34.758543
 -2.199115 24.091976 -28.565459
 -2.136283 22.075614 -35.979556
 -2.073451 20.642560 -2.666467
 -2.010619 21.820640 34.157679
 -1.947787 23.109596 -3.688703
 -1.884956 22.594585 -3.775755
 -1.822124 22.375675 -7.343553
 -1.759292 21.832721 -10.303948
 -1.696460 20.393009 -35.743931
 -1.633628 18.312706 -25.169388
 -1.570796 17.253153 -9.935673
 -1.507964 16.810160 -9.275617
 -1.445133 15.695113 -21.922383
 -1.382301 14.683801 -8.695121
 -1.319469 14.353100 -6.241052
 -1.256637 13.640470 -16.154702
 -1.193805 12.076335 -34.408288
 -1.130973 10.034094 -23.463579
 -1.068142 9.471769 3.671169
 -1.005310 9.843985 2.042745
 -0.942478 9.346233 -17.452581
 -0.879646 7.857898 -27.595607
 -0.816814 6.286978 -20.098606
 -0.753982 5.315990 -12.119046
 -0.691150 4.680645 -8.555111
 -0.628319 4.146498 -8.637091
 -0.565487 3.670475 -6.136186
 -0.502655 3.338726 -5.375300
 -0.439823 2.915038 -7.564135
 -0.376991 2.520203 -4.356567
 -0.314159 2.394589 -0.171259
 -0.251327 2.395471 0.220847
 -0.188496 2.501230 3.067825
 -0.125664 2.697585 2.743336
 -0.062832 2.886839 3.517946
 0.000000 3.068105 1.607050
 0.062832 3.127400 0.818043
 0.125664 3.217743 1.929200
 0.188496 3.307996 1.174149
 0.251327 3.521751 5.938684
 0.314159 3.852304 2.820166
 0.376991 3.955494 2.197245
 0.439823 4.170298 2.904835
 0.502655 4.135307 -3.149887
 0.565487 4.054442 1.312476
 0.628319 4.080707 -2.344844
 0.691150 3.939549 0.512484
 0.753982 4.202485 6.424812
 0.816814 4.535373 2.730330
 0.879646 4.535398 -1.452131
 0.942478 4.476722 -0.910499
 1.005310 4.376853 -1.116535
 1.068142 4.542723 6.795899
 1.130973 4.989649 4.254671
 1.193805 5.099339 2.344819
 1.256637 5.447552 7.335752
 1.319469 5.827293 4.619496
 1.382301 6.161353 6.607822
 1.445133 6.622154 8.078258
 1.507964 7.243197 10.572511
 1.570796 7.639630 0.837099
 1.633628 7.614104 1.606652
 1.696460 7.932736 5.499862
 1.759292 7.816691 -9.763992
 1.822124 7.166721 -6.878425
 1.884956 6.963709 -3.293825
 1.947787 6.425365 -13.034126
 2.010619 5.693531 -7.326159
 2.073451 5.571481 1.072544
 2.136283 5.407489 -7.880602
 2.199115 4.776222 -9.768258
 2.261947 4.282330 -7.013545
 2.324779 3.661832 -14.048101
 2.387610 2.671189 -14.512069
 2.450442 2.035765 -6.598817
 2.513274 1.655155 -5.939883
 2.576106 1.303660 -5.650888
 2.638938 0.896161 -7.149041
 2.701770 0.532728 -2.807381
 2.764602 0.668910 6.609122
 2.827433 1.156339 7.083134
 2.890265 1.500057 5.003426
 2.953097 1.981727 10.817054
 3.015929 2.794544 14.648549
 3.078761 3.899325 20.834837
>>>>>>> e505351e8895c44bcd67ad8436d05c0eaca14691
