#! FIELDS phi3 ffphi3 dffphi3_phi3
#! SET min_phi3 -pi
#! SET max_phi3 pi
#! SET nbins_phi3  500
#! SET periodic_phi3 true
 -3.141593 15.719076 -43.918792
 -3.129026 15.151271 -46.756472
 -3.116460 14.545167 -49.217736
 -3.103894 13.934899 -46.891390
 -3.091327 13.389373 -39.275325
 -3.078761 12.951911 -30.664827
 -3.066194 12.597918 -26.860324
 -3.053628 12.245037 -30.393732
 -3.041062 11.818266 -37.585026
 -3.028495 11.310096 -42.519089
 -3.015929 10.770681 -42.510831
 -3.003363 10.257018 -38.943748
 -2.990796 9.785499 -36.989881
 -2.978230 9.290365 -43.558862
 -2.965663 8.660651 -56.710316
 -2.953097 7.900674 -61.644409
 -2.940531 7.181927 -50.287063
 -2.927964 6.677070 -29.451166
 -2.915398 6.430351 -11.347278
 -2.902832 6.328263 -8.198352
 -2.890265 6.144059 -23.322849
 -2.877699 5.738269 -39.304223
 -2.865133 5.234390 -37.528553
 -2.852566 4.862729 -19.858854
 -2.840000 4.754743 2.501299
 -2.827433 4.899935 18.801354
 -2.814867 5.168609 21.304219
 -2.802301 5.376086 9.959929
 -2.789734 5.398072 -6.331577
 -2.777168 5.237349 -17.967053
 -2.764602 4.982733 -21.203133
 -2.752035 4.727436 -19.205701
 -2.739469 4.483927 -21.068735
 -2.726902 4.155061 -32.618861
 -2.714336 3.664445 -43.890379
 -2.701770 3.116956 -40.367743
 -2.689203 2.708542 -23.157684
 -2.676637 2.548218 -2.739470
 -2.664071 2.611331 11.045225
 -2.651504 2.775339 13.048737
 -2.638938 2.900164 5.854882
 -2.626371 2.913789 -3.641627
 -2.613805 2.813316 -12.138739
 -2.601239 2.616965 -18.547639
 -2.588672 2.370559 -19.418728
 -2.576106 2.163136 -12.375444
 -2.563540 2.081753 -0.232469
 -2.550973 2.150366 10.203845
 -2.538407 2.299065 11.369719
 -2.525840 2.378727 -0.793828
 -2.513274 2.246202 -20.562076
 -2.500708 1.882155 -35.872652
 -2.488141 1.384872 -42.002460
 -2.475575 0.843808 -44.005494
 -2.463009 0.276618 -46.284546
 -2.450442 -0.304159 -44.857354
 -2.437876 -0.803464 -32.443025
 -2.425310 -1.068273 -8.016093
 -2.412743 -0.975437 23.385085
 -2.400177 -0.480995 54.624259
 -2.387610 0.361787 77.289368
 -2.375044 1.386070 82.017008
 -2.362478 2.324393 63.469310
 -2.349911 2.909232 28.010867
 -2.337345 3.033944 -6.265708
 -2.324779 2.832341 -22.192277
 -2.312212 2.558614 -19.352789
 -2.299646 2.385018 -7.999793
 -2.287079 2.344151 0.260804
 -2.274513 2.353133 -0.362883
 -2.261947 2.311686 -6.424071
 -2.249380 2.204878 -9.651893
 -2.236814 2.091375 -7.795611
 -2.224248 2.016735 -3.999288
 -2.211681 1.992252 0.168497
 -2.199115 2.023064 4.652346
 -2.186548 2.099897 6.746379
 -2.173982 2.162363 1.738054
 -2.161416 2.113465 -10.131365
 -2.148849 1.917555 -19.672229
 -2.136283 1.670539 -17.356836
 -2.123717 1.534310 -2.734732
 -2.111150 1.624647 17.211372
 -2.098584 1.948340 32.689046
 -2.086018 2.389192 34.799391
 -2.073451 2.765492 23.657168
 -2.060885 2.979560 11.284104
 -2.048318 3.081094 6.062696
 -2.035752 3.153383 5.873265
 -2.023186 3.234713 7.134504
 -2.010619 3.333338 8.348680
 -1.998053 3.438168 7.760180
 -1.985487 3.510692 2.983822
 -1.972920 3.499033 -5.085015
 -1.960354 3.389182 -11.785297
 -1.947787 3.224440 -13.565633
 -1.935221 3.067879 -10.783917
 -1.922655 2.962901 -5.796693
 -1.910088 2.922228 -0.836101
 -1.897522 2.938217 3.257704
 -1.884956 3.004787 7.447763
 -1.872389 3.128944 12.337920
 -1.859823 3.310387 16.051367
 -1.847256 3.513319 15.196660
 -1.834690 3.665776 8.037760
 -1.822124 3.698168 -3.150137
 -1.809557 3.595181 -12.474973
 -1.796991 3.411494 -15.696693
 -1.784425 3.221028 -14.274546
 -1.771858 3.047631 -14.123139
 -1.759292 2.838802 -20.283736
 -1.746726 2.520665 -30.317261
 -1.734159 2.098427 -35.463233
 -1.721593 1.668195 -31.640864
 -1.709026 1.328429 -21.822124
 -1.696460 1.128125 -9.932354
 -1.683894 1.079670 2.165316
 -1.671327 1.178341 13.164304
 -1.658761 1.393083 19.909962
 -1.646195 1.641422 17.838182
 -1.633628 1.798423 5.782489
 -1.621062 1.770565 -10.094122
 -1.608495 1.565004 -21.431566
 -1.595929 1.268237 -24.402950
 -1.583363 0.983126 -20.021415
 -1.570796 0.781378 -11.871206
 -1.558230 0.680273 -4.806228
 -1.545664 0.640177 -2.509039
 -1.533097 0.598428 -4.562522
 -1.520531 0.526048 -6.558369
 -1.507964 0.448370 -5.241236
 -1.495398 0.403084 -1.928844
 -1.482832 0.394348 0.092976
 -1.470265 0.393958 -0.574902
 -1.457699 0.372958 -2.947032
 -1.445133 0.319305 -5.553784
 -1.432566 0.236499 -7.480239
 -1.420000 0.134681 -8.719304
 -1.407434 0.013836 -10.817809
 -1.394867 -0.143075 -14.210969
 -1.382301 -0.333747 -15.392074
 -1.369734 -0.506343 -11.201259
 -1.357168 -0.600487 -3.621706
 -1.344602 -0.602588 2.767957
 -1.332035 -0.545260 5.849894
 -1.319469 -0.461329 7.544129
 -1.306903 -0.349128 10.611927
 -1.294336 -0.189314 14.756232
 -1.281770 0.013226 16.874461
 -1.269203 0.219093 15.356336
 -1.256637 0.394510 12.631562
 -1.244071 0.544899 11.639045
 -1.231504 0.694565 12.319877
 -1.218938 0.859225 14.047309
 -1.206372 1.054915 17.351986
 -1.193805 1.301223 21.761469
 -1.181239 1.593846 24.043678
 -1.168672 1.880686 20.472820
 -1.156106 2.088378 12.271436
 -1.143540 2.202112 6.924854
 -1.130973 2.299572 9.964650
 -1.118407 2.478050 18.839902
 -1.105841 2.769214 26.735471
 -1.093274 3.126936 29.175989
 -1.080708 3.486213 27.697583
 -1.068142 3.827139 26.893966
 -1.055575 4.172022 28.218573
 -1.043009 4.539443 30.200640
 -1.030442 4.929669 31.774483
 -1.017876 5.336294 32.727174
 -1.005310 5.749583 32.757768
 -0.992743 6.154623 31.407168
 -0.980177 6.534171 28.798596
 -0.967611 6.877751 25.870093
 -0.955044 7.190860 24.220260
 -0.942478 7.498231 25.071799
 -0.929911 7.831996 28.279657
 -0.917345 8.213690 32.407684
 -0.904779 8.644046 35.787626
 -0.892212 9.105731 37.232685
 -0.879646 9.571147 36.398921
 -0.867080 10.013596 33.751086
 -0.854513 10.418654 30.730667
 -0.841947 10.793033 29.102991
 -0.829380 11.159203 29.332699
 -0.816814 11.534266 30.232990
 -0.804248 11.917479 30.537031
 -0.791681 12.301340 30.548978
 -0.779115 12.690753 31.619547
 -0.766549 13.103891 34.291676
 -0.753982 13.556705 37.722223
 -0.741416 14.051029 40.693866
 -0.728849 14.574354 42.189339
 -0.716283 15.103248 41.520199
 -0.703717 15.610949 38.976999
 -0.691150 16.083541 36.317536
 -0.678584 16.532506 35.378521
 -0.666018 16.982904 36.444737
 -0.653451 17.452441 38.174674
 -0.640885 17.940991 39.328968
 -0.628319 18.438446 39.607509
 -0.615752 18.935741 39.409413
 -0.603186 19.430460 39.292977
 -0.590619 19.925897 39.495500
 -0.578053 20.424054 39.567161
 -0.565487 20.918334 38.813432
 -0.552920 21.397970 37.381279
 -0.540354 21.861788 36.543668
 -0.527788 22.324980 37.379423
 -0.515221 22.808715 39.649480
 -0.502655 23.322949 41.947652
 -0.490088 23.856538 42.453791
 -0.477522 24.379987 40.357476
 -0.464956 24.866540 36.986306
 -0.452389 25.316715 34.953929
 -0.439823 25.756966 35.350880
 -0.427257 26.210660 36.705106
 -0.414690 26.677232 37.224961
 -0.402124 27.143566 36.829356
 -0.389557 27.604281 36.437194
 -0.376991 28.060761 36.040332
 -0.364425 28.506482 34.558226
 -0.351858 28.923950 31.602400
 -0.339292 29.300969 28.406028
 -0.326726 29.645453 26.657987
 -0.314159 29.979659 26.690373
 -0.301593 30.320736 27.549283
 -0.289027 30.672907 28.397013
 -0.276460 31.035222 29.198422
 -0.263894 31.407619 29.930890
 -0.251327 31.784458 29.697872
 -0.238761 32.145900 27.382795
 -0.226195 32.465914 23.332624
 -0.213628 32.735620 19.821463
 -0.201062 32.975180 18.653635
 -0.188496 33.212633 19.193007
 -0.175929 33.455527 19.103656
 -0.163363 33.683955 16.810652
 -0.150796 33.873378 13.317228
 -0.138230 34.027248 11.646009
 -0.125664 34.178857 12.699150
 -0.113097 34.343527 12.883882
 -0.100531 34.481585 8.144223
 -0.087965 34.536288 0.588381
 -0.075398 34.512682 -3.384072
 -0.062832 34.477496 -1.396043
 -0.050265 34.491048 3.703558
 -0.037699 34.567441 8.009927
 -0.025133 34.677161 8.671545
 -0.012566 34.766994 4.975463
 0.000000 34.794383 -0.607181
 0.012566 34.760911 -4.126544
 0.025133 34.707465 -3.814360
 0.037699 34.673912 -1.482115
 0.050265 34.666540 -0.034218
 0.062832 34.663942 -0.765881
 0.075398 34.637452 -3.960115
 0.087965 34.549254 -10.777736
 0.100531 34.352590 -20.795392
 0.113097 34.032516 -29.479081
 0.125664 33.634185 -32.974755
 0.138230 33.224321 -31.654155
 0.150796 32.848270 -28.051077
 0.163363 32.518525 -24.631927
 0.175929 32.222347 -22.777867
 0.188496 31.943519 -21.479737
 0.201062 31.691011 -18.218077
 0.213628 31.496972 -12.396497
 0.226195 31.377226 -7.164388
 0.238761 31.293209 -7.518547
 0.251327 31.151324 -16.466963
 0.263894 30.854702 -31.107207
 0.276460 30.377201 -44.014637
 0.289027 29.777269 -50.225263
 0.301593 29.143031 -49.750666
 0.314159 28.545148 -44.918677
 0.326726 28.018301 -39.071516
 0.339292 27.551186 -36.019870
 0.351858 27.090521 -38.173797
 0.364425 26.575181 -44.147510
 0.376991 25.983844 -49.441288
 0.389557 25.351735 -50.243075
 0.402124 24.743575 -45.731924
 0.414690 24.217897 -37.551543
 0.427257 23.800597 -29.198588
 0.439823 23.465256 -25.253532
 0.452389 23.135187 -28.357286
 0.464956 22.735671 -35.329619
 0.477522 22.256714 -40.210165
 0.490088 21.741056 -41.400854
 0.502655 21.220974 -41.337213
 0.515221 20.702310 -41.092402
 0.527788 20.193769 -39.501649
 0.540354 19.714412 -36.825846
 0.552920 19.257554 -36.664706
 0.565487 18.768885 -41.966456
 0.578053 18.192742 -49.488676
 0.590619 17.545623 -52.291004
 0.603186 16.908199 -48.126116
 0.615752 16.350320 -40.517521
 0.628319 15.882164 -34.658123
 0.640885 15.455583 -34.308326
 0.653451 14.993541 -40.070501
 0.666018 14.436962 -48.284963
 0.678584 13.798054 -52.205019
 0.691150 13.155778 -49.044493
 0.703717 12.573241 -44.146573
 0.716283 12.016125 -46.126312
 0.728849 11.383072 -54.901463
 0.741416 10.662862 -57.540807
 0.753982 10.000804 -45.449644
 0.766549 9.563680 -23.198871
 0.779115 9.419977 -0.399996
 0.791681 9.516419 13.606466
 0.804248 9.698520 12.792160
 0.816814 9.785407 -0.244756
 0.829380 9.684409 -15.311380
 0.841947 9.425837 -24.585829
 0.854513 9.097114 -26.717222
 0.867080 8.770477 -25.065786
 0.879646 8.462303 -24.436795
 0.892212 8.147248 -25.813668
 0.904779 7.820816 -25.529234
 0.917345 7.520954 -21.813458
 0.929911 7.270996 -18.526209
 0.942478 7.033708 -20.197130
 0.955044 6.747289 -25.524785
 0.967611 6.403817 -28.196343
 0.980177 6.068845 -23.851879
 0.992743 5.834706 -12.351801
 1.005310 5.780336 4.322809
 1.017876 5.950866 22.677598
 1.030442 6.334670 37.186290
 1.043009 6.841712 41.370070
 1.055575 7.321112 33.109719
 1.068142 7.644713 17.707281
 1.080708 7.751042 -1.682919
 1.093274 7.579209 -26.217949
 1.105841 7.113007 -45.644707
 1.118407 6.517487 -45.497133
 1.130973 6.050375 -26.434306
 1.143540 5.894924 2.615007
 1.156106 6.123898 33.527254
 1.168672 6.714467 58.822983
 1.181239 7.541918 69.672676
 1.193805 8.375712 59.547089
 1.206372 8.981040 36.167891
 1.218938 9.311984 18.711637
 1.231504 9.515133 15.813477
 1.244071 9.757127 23.810338
 1.256637 10.133628 36.136603
 1.269203 10.662275 47.382925
 1.281770 11.305662 54.100326
 1.294336 12.000561 55.629490
 1.306903 12.687681 53.105746
 1.319469 13.325802 48.112145
 1.332035 13.895548 42.440601
 1.344602 14.401927 38.522366
 1.357168 14.880601 38.234925
 1.369734 15.380140 41.501490
 1.382301 15.927288 45.187925
 1.394867 16.504668 46.040533
 1.407434 17.078782 45.322627
 1.420000 17.654802 46.796474
 1.432566 18.268381 50.944228
 1.445133 18.934537 54.591121
 1.457699 19.632178 55.981452
 1.470265 20.340368 56.623666
 1.482832 21.063423 58.542403
 1.495398 21.818774 61.660190
 1.507964 22.614747 64.823993
 1.520531 23.445828 66.911033
 1.533097 24.292248 67.189241
 1.545664 25.128925 65.471876
 1.558230 25.939981 63.553696
 1.570796 26.736570 63.166971
 1.583363 27.537119 64.070742
 1.595929 28.346447 64.232436
 1.608495 29.152544 63.828625
 1.621062 29.959199 64.587950
 1.633628 30.788169 67.375761
 1.646195 31.658008 70.761403
 1.658761 32.565348 73.063078
 1.671327 33.490977 73.645882
 1.683894 34.411380 72.250849
 1.696460 35.300517 68.615669
 1.709026 36.133681 63.600855
 1.721593 36.910417 60.237017
 1.734159 37.680898 63.612286
 1.746726 38.555997 77.186934
 1.759292 39.669564 101.278387
 1.771858 41.141305 133.758027
 1.784425 43.059945 172.008928
 1.796991 45.486659 213.808174
 1.809557 48.456516 258.044741
 1.822124 52.011724 303.012979
 1.834690 56.166658 348.610176
 1.847256 62.113869 382.263507
 1.859823 inf nan
 1.872389 inf nan
 1.884956 inf nan
 1.897522 inf nan
 1.910088 inf nan
 1.922655 inf nan
 1.935221 inf nan
 1.947787 inf nan
 1.960354 inf nan
 1.972920 inf nan
 1.985487 inf nan
 1.998053 inf nan
 2.010619 inf nan
 2.023186 inf nan
 2.035752 inf nan
 2.048318 inf nan
 2.060885 inf nan
 2.073451 inf nan
 2.086018 inf nan
 2.098584 inf nan
 2.111150 inf nan
 2.123717 inf nan
 2.136283 inf nan
 2.148849 inf nan
 2.161416 inf nan
 2.173982 inf nan
 2.186548 inf nan
 2.199115 inf nan
 2.211681 inf nan
 2.224248 inf nan
 2.236814 inf nan
 2.249380 inf nan
 2.261947 inf nan
 2.274513 inf nan
 2.287079 inf nan
 2.299646 inf nan
 2.312212 inf nan
 2.324779 inf nan
 2.337345 inf nan
 2.349911 inf nan
 2.362478 inf nan
 2.375044 inf nan
 2.387610 inf nan
 2.400177 inf nan
 2.412743 inf nan
 2.425310 inf nan
 2.437876 inf nan
 2.450442 inf nan
 2.463009 inf nan
 2.475575 inf nan
 2.488141 inf nan
 2.500708 inf nan
 2.513274 68.413189 -443.177001
 2.525840 63.159175 -393.025319
 2.538407 58.535385 -342.873638
 2.550973 54.541821 -292.721956
 2.563540 51.178480 -242.570275
 2.576106 48.444396 -192.514648
 2.588672 46.339107 -142.600527
 2.601239 44.858122 -93.271190
 2.613805 43.986790 -45.965229
 2.626371 43.675936 -5.331199
 2.638938 43.773851 16.114940
 2.651504 43.921634 0.901457
 2.664071 43.698751 -36.006334
 2.676637 43.093261 -56.797959
 2.689203 42.310709 -68.016362
 2.701770 41.356133 -84.484418
 2.714336 40.205151 -96.628974
 2.726902 38.989998 -94.361737
 2.739469 37.876057 -81.982696
 2.752035 36.933065 -68.547569
 2.764602 36.129766 -60.419177
 2.777168 35.386912 -58.603682
 2.789734 34.645643 -59.412432
 2.802301 33.897011 -59.485711
 2.814867 33.153928 -58.675253
 2.827433 32.421527 -57.907474
 2.840000 31.697377 -57.306544
 2.852566 30.981003 -56.697612
 2.865133 30.269047 -56.798099
 2.877699 29.546412 -58.443406
 2.890265 28.796818 -60.756758
 2.902832 28.025608 -61.550984
 2.915398 27.260424 -59.801892
 2.927964 26.529582 -56.337591
 2.940531 25.844008 -52.922285
 2.953097 25.190941 -51.443366
 2.965663 24.538821 -52.727834
 2.978230 23.860161 -55.219361
 2.990796 23.157427 -56.184956
 3.003363 22.458407 -54.705896
 3.015929 21.786820 -52.131916
 3.028495 21.145623 -50.067248
 3.041062 20.523448 -49.092557
 3.053628 19.908117 -48.930303
 3.066194 19.291665 -49.211278
 3.078761 18.670652 -49.594076
 3.091327 18.046671 -49.572782
 3.103894 17.428942 -48.492572
 3.116460 16.832982 -46.195087
 3.129026 16.267815 -43.934289
