#! FIELDS phi2 ffphi2 dffphi2_phi2
#! SET min_phi2 -pi
#! SET max_phi2 pi
#! SET nbins_phi2  100
#! SET periodic_phi2 true
 -3.141593 17.139228 -16.663920
 -3.078761 16.758104 -15.011628
 -3.015929 14.240218 -49.556195
 -2.953097 11.642655 -32.536220
 -2.890265 10.096845 -17.170696
 -2.827433 9.126072 -19.648778
 -2.764602 7.301344 -34.229179
 -2.701770 5.417265 -23.815172
 -2.638938 4.238430 -15.618541
 -2.576106 3.370155 -10.904870
 -2.513274 2.927124 -3.783946
 -2.450442 2.904701 2.104469
 -2.387610 2.330625 -27.858393
 -2.324779 0.423312 -19.175334
 -2.261947 0.637203 24.729195
 -2.199115 2.486442 21.398239
 -2.136283 3.168946 7.213851
 -2.073451 3.624071 5.907919
 -2.010619 3.769182 -1.910142
 -1.947787 3.503267 -3.550994
 -1.884956 3.690734 9.445308
 -1.822124 4.247197 4.151696
 -1.759292 4.167831 -5.024324
 -1.696460 3.520076 -17.212536
 -1.633628 2.346413 -15.946799
 -1.570796 1.552844 -11.365550
 -1.507964 0.720840 -18.916077
 -1.445133 -1.029735 -28.533704
 -1.382301 -1.716433 10.221331
 -1.319469 -0.084656 31.944914
 -1.256637 0.892313 -1.377506
 -1.193805 0.636321 -2.354269
 -1.130973 0.694500 3.672077
 -1.068142 1.133446 9.787843
 -1.005310 1.731631 8.689438
 -0.942478 2.373759 13.357173
 -0.879646 3.577829 24.804956
 -0.816814 5.214357 24.720570
 -0.753982 6.905314 33.295025
 -0.691150 9.494735 45.462006
 -0.628319 12.468415 51.716964
 -0.565487 16.009517 54.602041
 -0.502655 19.087330 47.518977
 -0.439823 22.209656 40.677784
 -0.376991 22.950503 -5.566820
 -0.314159 23.514345 28.484145
 -0.251327 26.234409 49.095712
 -0.188496 27.495080 -31.540766
 -0.125664 24.221213 -45.729507
 -0.062832 22.965802 8.131870
 0.000000 25.358805 68.051913
 0.062832 31.068616 93.443440
 0.125664 31.175960 -58.360969
 0.188496 28.826754 -15.106752
 0.251327 28.471928 -13.068114
 0.314159 25.966408 -52.567172
 0.376991 23.390910 -27.194393
 0.439823 22.353769 -7.016524
 0.502655 22.482253 8.075391
 0.565487 22.430111 -13.826828
 0.628319 21.284842 -17.669067
 0.691150 20.428430 -10.207478
 0.753982 19.777433 -12.325174
 0.816814 19.030011 -6.621580
 0.879646 19.433645 19.746829
 0.942478 21.102537 27.951664
 1.005310 22.563779 19.775851
 1.068142 23.931401 25.211982
 1.130973 25.803357 35.374327
 1.193805 28.484703 47.130659
 1.256637 31.136632 37.122401
 1.319469 33.828256 50.543852
 1.382301 37.380525 60.937698
 1.445133 41.887273 85.266462
 1.507964 48.268687 108.866799
 1.570796 54.721001 72.908131
 1.633628 59.412996 72.642392
 1.696460 63.657821 65.154668
 1.759292 68.871950 104.865212
 1.822124 77.387208 164.305410
 1.884956 inf nan
 1.947787 inf nan
 2.010619 inf nan
 2.073451 inf nan
 2.136283 inf nan
 2.199115 inf nan
 2.261947 inf nan
 2.324779 inf nan
 2.387610 inf nan
 2.450442 inf nan
 2.513274 inf nan
 2.576106 inf nan
 2.638938 inf nan
 2.701770 76.871906 -222.193287
 2.764602 64.869585 -159.883867
 2.827433 45.279183 -194.412176
 2.890265 34.994165 -132.643767
 2.953097 28.537121 -74.516380
 3.015929 24.597699 -67.612854
 3.078761 19.816105 -68.118090
