#! FIELDS psi4 ffpsi4 dffpsi4_psi4
#! SET min_psi4 -pi
#! SET max_psi4 pi
#! SET nbins_psi4  100
#! SET periodic_psi4 true
 -3.141593 5.400455 7.832951
 -3.078761 6.627984 30.924890
 -3.015929 8.657258 27.373192
 -2.953097 9.985273 18.375537
 -2.890265 11.277177 21.643872
 -2.827433 12.474357 17.942542
 -2.764602 14.029354 33.684197
 -2.701770 16.552511 41.735719
 -2.638938 18.859954 32.413102
 -2.576106 20.621419 22.125731
 -2.513274 21.987715 19.402084
 -2.450442 22.393482 0.465294
 -2.387610 23.423874 35.076530
 -2.324779 25.738692 21.234492
 -2.261947 26.205102 9.173837
 -2.199115 27.295713 16.399229
 -2.136283 27.533537 -4.993145
 -2.073451 26.662910 -26.427057
 -2.010619 24.582455 -33.296671
 -1.947787 22.899173 -20.075239
 -1.884956 22.102223 -5.491163
 -1.822124 21.376212 -29.208703
 -1.759292 18.700718 -42.859081
 -1.696460 17.002802 -8.489947
 -1.633628 17.415172 13.197719
 -1.570796 16.985923 -28.407033
 -1.507964 15.441675 -12.018797
 -1.445133 15.391749 1.537898
 -1.382301 14.555760 -25.980599
 -1.319469 13.018513 -17.982792
 -1.256637 12.550385 0.954187
 -1.193805 12.095722 -23.357872
 -1.130973 10.334582 -23.123533
 -1.068142 9.283293 -16.683998
 -1.005310 7.908367 -21.590486
 -0.942478 7.147920 -4.185555
 -0.879646 6.432998 -25.454905
 -0.816814 4.497324 -26.385508
 -0.753982 3.716835 0.311182
 -0.691150 3.852459 -2.040960
 -0.628319 3.273141 -13.964127
 -0.565487 2.474568 -10.118296
 -0.502655 2.021124 -3.355476
 -0.439823 2.165823 5.936858
 -0.376991 2.145159 -9.247823
 -0.314159 1.512353 -5.554973
 -0.251327 1.565602 3.751960
 -0.188496 1.495197 -5.949782
 -0.125664 1.231034 0.179984
 -0.062832 1.684561 14.745845
 0.000000 2.855372 18.491445
 0.062832 3.794301 12.069513
 0.125664 4.277198 1.639634
 0.188496 4.250390 1.856187
 0.251327 4.645776 5.150105
 0.314159 3.884078 -28.141242
 0.376991 2.476615 -7.648474
 0.439823 3.252729 29.049373
 0.502655 5.005789 16.491581
 0.565487 4.953003 -16.029237
 0.628319 3.665710 -17.201086
 0.691150 3.423323 9.654006
 0.753982 4.402789 16.534140
 0.816814 5.174511 6.976240
 0.879646 5.205411 -6.983312
 0.942478 4.076750 -28.032413
 1.005310 2.469920 -15.479998
 1.068142 2.693060 23.118018
 1.130973 4.810354 34.401322
 1.193805 6.065570 5.765116
 1.256637 5.903729 -6.499942
 1.319469 6.000160 12.703676
 1.382301 7.118350 14.158801
 1.445133 7.065236 -11.358928
 1.507964 6.697420 3.753069
 1.570796 7.554991 21.637872
 1.633628 9.029092 20.586823
 1.696460 9.554972 -7.259000
 1.759292 8.382903 -21.823373
 1.822124 7.667794 0.889039
 1.884956 8.230379 12.425058
 1.947787 8.579979 -5.381634
 2.010619 7.876210 -9.569534
 2.073451 7.747272 1.647968
 2.136283 7.316721 -17.263302
 2.199115 5.976682 -21.811066
 2.261947 4.627215 -25.650306
 2.324779 2.358602 -39.560721
 2.387610 0.867720 -3.160772
 2.450442 1.793861 24.811588
 2.513274 2.660345 -0.537551
 2.576106 2.312617 -6.123607
 2.638938 2.128673 0.302716
 2.701770 2.230298 2.258456
 2.764602 2.481369 5.898209
 2.827433 2.678253 -2.823520
 2.890265 2.346425 -2.111970
 2.953097 2.831236 16.734388
 3.015929 4.079692 20.123574
 3.078761 5.068074 8.907278
