#! FIELDS psi2 ffpsi2 dffpsi2_psi2
#! SET min_psi2 -pi
#! SET max_psi2 pi
#! SET nbins_psi2  100
#! SET periodic_psi2 true
 -3.141593 14.224029 46.605399
 -3.078761 17.377056 50.653903
 -3.015929 20.539927 50.714745
 -2.953097 23.930918 55.702569
 -2.890265 27.453599 54.598757
 -2.827433 30.885779 54.112016
 -2.764602 34.326944 53.235823
 -2.701770 37.313308 36.410137
 -2.638938 38.428463 -1.016227
 -2.576106 37.823222 -15.321233
 -2.513274 36.609032 -22.815512
 -2.450442 35.109629 -23.202646
 -2.387610 33.797816 -19.049455
 -2.324779 32.669717 -16.629861
 -2.261947 31.655753 -17.085594
 -2.199115 30.413324 -21.963231
 -2.136283 29.049248 -20.182119
 -2.073451 27.952210 -14.732654
 -2.010619 27.233967 -8.121850
 -1.947787 26.791908 -6.566642
 -1.884956 26.596243 1.595790
 -1.822124 26.737898 -1.450366
 -1.759292 26.232197 -11.751018
 -1.696460 25.739308 -1.403811
 -1.633628 25.925146 1.118330
 -1.570796 25.328814 -15.030668
 -1.507964 24.847929 0.300159
 -1.445133 24.834173 -4.386670
 -1.382301 24.520599 -2.542001
 -1.319469 24.520219 1.069429
 -1.256637 24.536424 -1.115630
 -1.193805 24.514598 2.500751
 -1.130973 24.833448 5.042493
 -1.068142 24.993222 1.457171
 -1.005310 25.159710 2.932583
 -0.942478 25.270127 1.643861
 -0.879646 25.517389 5.624462
 -0.816814 25.723243 -1.185132
 -0.753982 25.395927 -6.877318
 -0.691150 25.010457 -6.655343
 -0.628319 24.308139 -17.307047
 -0.565487 22.840801 -27.086077
 -0.502655 21.258306 -21.800265
 -0.439823 19.980721 -21.651374
 -0.376991 18.471462 -23.385658
 -0.314159 17.266755 -17.066065
 -0.251327 15.977717 -23.190448
 -0.188496 14.805119 -11.461136
 -0.125664 14.348585 -8.270102
 -0.062832 13.466335 -16.531156
 0.000000 12.738086 -5.155824
 0.062832 12.817103 6.152033
 0.125664 13.091148 -0.428274
 0.188496 12.739387 -9.782555
 0.251327 12.047516 -10.889237
 0.314159 11.335736 -12.828349
 0.376991 10.550731 -9.690717
 0.439823 10.224821 -2.308537
 0.502655 10.076692 -2.033034
 0.565487 10.029648 -0.667121
 0.628319 9.730886 -10.164568
 0.691150 8.847477 -15.568818
 0.753982 8.090279 -7.176155
 0.816814 7.907662 0.158190
 0.879646 7.960747 0.221661
 0.942478 7.897582 -1.167538
 1.005310 7.866666 -0.512939
 1.068142 7.795675 -2.273387
 1.130973 7.420480 -9.647164
 1.193805 6.896623 -4.683093
 1.256637 6.847255 1.295645
 1.319469 6.835075 -2.279743
 1.382301 6.552187 -6.759904
 1.445133 6.053419 -8.485888
 1.507964 5.540391 -7.686556
 1.570796 5.021938 -9.425324
 1.633628 4.436776 -8.616980
 1.696460 3.780770 -14.085043
 1.759292 2.757486 -15.449423
 1.822124 2.140538 -4.354413
 1.884956 1.692265 -15.069727
 1.947787 0.558094 -13.990330
 2.010619 0.346102 6.864653
 2.073451 1.068306 9.976274
 2.136283 0.940473 -11.194069
 2.199115 0.457418 -2.371166
 2.261947 0.075425 -15.830014
 2.324779 -1.065743 -10.665588
 2.387610 -0.653749 21.883099
 2.450442 0.648071 9.988154
 2.513274 0.670825 -2.457789
 2.576106 0.855055 7.449515
 2.638938 1.077849 -1.661833
 2.701770 1.039111 0.838162
 2.764602 0.728181 -10.999396
 2.827433 0.571632 13.421187
 2.890265 2.702683 51.949985
 2.953097 6.327809 55.593326
 3.015929 9.288869 38.233263
 3.078761 11.630992 37.179515
