#! FIELDS psi3 ffpsi3 dffpsi3_psi3
#! SET min_psi3 -pi
#! SET max_psi3 pi
#! SET nbins_psi3  100
#! SET periodic_psi3 true
 -3.141593 9.905252 15.093640
 -3.078761 10.500447 6.161424
 -3.015929 11.079273 13.994193
 -2.953097 12.421820 28.896688
 -2.890265 14.579412 38.816529
 -2.827433 17.268165 44.413629
 -2.764602 19.441865 18.296641
 -2.701770 19.779516 -1.656659
 -2.638938 20.028691 15.740206
 -2.576106 22.030583 42.553081
 -2.513274 23.999411 16.672589
 -2.450442 24.978046 17.083309
 -2.387610 25.799354 4.741751
 -2.324779 25.972412 5.836497
 -2.261947 26.561495 9.606646
 -2.199115 26.854402 -0.099496
 -2.136283 26.926243 4.631962
 -2.073451 27.317127 5.517131
 -2.010619 27.650737 6.589145
 -1.947787 28.086767 5.585468
 -1.884956 28.287126 -0.350142
 -1.822124 27.517688 -31.741901
 -1.759292 24.270898 -56.566981
 -1.696460 21.999694 -10.745993
 -1.633628 23.067959 43.367807
 -1.570796 26.147641 19.374593
 -1.507964 24.027264 -44.645828
 -1.445133 22.749666 5.872998
 -1.382301 24.218770 22.872480
 -1.319469 22.591556 -61.524150
 -1.256637 18.640208 -59.543027
 -1.193805 15.586583 -35.375714
 -1.130973 13.926573 -22.738017
 -1.068142 12.467319 -22.390917
 -1.005310 11.034675 -24.668915
 -0.942478 9.467546 -23.786449
 -0.879646 8.125311 -18.753509
 -0.816814 7.055999 -16.183975
 -0.753982 6.017630 -17.364581
 -0.691150 4.811325 -20.346421
 -0.628319 3.676392 -15.153027
 -0.565487 2.777301 -14.458357
 -0.502655 1.892605 -13.026699
 -0.439823 1.176881 -9.865473
 -0.376991 0.619773 -7.928788
 -0.314159 0.228152 -4.347908
 -0.251327 0.017338 -2.969260
 -0.188496 -0.150560 -2.090013
 -0.125664 -0.190809 1.268027
 -0.062832 0.018892 4.738069
 0.000000 0.314627 4.667231
 0.062832 0.680301 6.773394
 0.125664 0.997603 2.366927
 0.188496 1.139235 4.288556
 0.251327 1.649160 11.147119
 0.314159 2.305540 7.646380
 0.376991 2.606007 3.834195
 0.439823 3.008524 8.960539
 0.502655 3.516615 5.507271
 0.565487 3.792627 4.736966
 0.628319 4.104916 4.274508
 0.691150 4.339078 3.642236
 0.753982 4.575341 4.066888
 0.816814 4.920571 6.858224
 0.879646 5.363122 6.899405
 0.942478 5.820921 7.388647
 1.005310 6.166762 3.150322
 1.068142 6.353983 3.755319
 1.130973 6.604477 3.891913
 1.193805 6.942085 7.419926
 1.256637 7.346585 1.933066
 1.319469 7.109910 -5.342301
 1.382301 7.176276 8.398538
 1.445133 7.980246 14.485663
 1.507964 8.704063 7.176152
 1.570796 8.909721 0.477882
 1.633628 8.826793 -3.979517
 1.696460 8.396597 -7.855868
 1.759292 8.044918 -3.507887
 1.822124 7.876258 -1.759271
 1.884956 7.926712 3.653198
 1.947787 8.130437 -0.178892
 2.010619 7.755828 -10.254377
 2.073451 7.139408 -7.352816
 2.136283 6.951047 0.440684
 2.199115 6.888083 -4.313649
 2.261947 6.517511 -5.385510
 2.324779 6.337476 -0.955947
 2.387610 6.229082 -3.250648
 2.450442 6.009987 -2.845781
 2.513274 5.882553 -1.848287
 2.576106 5.688408 -4.465976
 2.638938 5.457345 -1.583633
 2.701770 5.518725 3.002957
 2.764602 5.820919 6.533113
 2.827433 6.206840 4.211858
 2.890265 6.386842 3.396323
 2.953097 6.837057 11.525035
 3.015929 7.765957 16.372190
 3.078761 8.800205 17.214148
