#! FIELDS phi3 ffphi3 dffphi3_phi3
#! SET min_phi3 -pi
#! SET max_phi3 pi
#! SET nbins_phi3  100
#! SET periodic_phi3 true
 -3.141593 21.916780 -53.474772
 -3.078761 18.724201 -47.735997
 -3.015929 15.952717 -40.524918
 -2.953097 13.569776 -36.021401
 -2.890265 11.416774 -31.667769
 -2.827433 9.706714 -22.760015
 -2.764602 8.403831 -19.984081
 -2.701770 7.236195 -15.937226
 -2.638938 6.438562 -10.472574
 -2.576106 5.714708 -13.686197
 -2.513274 4.840524 -12.113391
 -2.450442 4.210854 -9.649315
 -2.387610 3.567508 -9.573281
 -2.324779 3.076913 -6.763225
 -2.261947 2.671235 -5.829816
 -2.199115 2.373972 -3.730002
 -2.136283 2.183371 -2.484784
 -2.073451 2.078618 -0.436074
 -2.010619 2.160944 2.282495
 -1.947787 2.131096 -4.715520
 -1.884956 1.679249 -7.564420
 -1.822124 1.337790 -3.407465
 -1.759292 1.105974 -5.345423
 -1.696460 0.678354 -7.073219
 -1.633628 0.308422 -4.649219
 -1.570796 0.120799 -1.188169
 -1.507964 0.067640 -1.906568
 -1.445133 -0.186026 -5.433323
 -1.382301 -0.442197 -1.566971
 -1.319469 -0.339331 4.519077
 -1.256637 0.068586 7.623203
 -1.193805 0.512140 6.518391
 -1.130973 1.019732 10.250225
 -1.068142 1.764754 13.368363
 -1.005310 2.838648 21.631124
 -0.942478 4.387724 25.729699
 -0.879646 5.988312 26.026921
 -0.816814 7.833197 33.216380
 -0.753982 10.136629 38.711851
 -0.691150 12.563853 37.722318
 -0.628319 14.963911 39.006966
 -0.565487 17.488883 40.169412
 -0.502655 20.036502 41.540951
 -0.439823 22.844580 47.330564
 -0.376991 25.915659 48.175268
 -0.314159 28.725349 39.911162
 -0.251327 31.043187 34.651635
 -0.188496 33.227706 34.668759
 -0.125664 35.343873 30.880003
 -0.062832 37.026941 23.266965
 0.000000 38.447071 22.142439
 0.062832 39.698132 15.347364
 0.125664 40.167219 -0.940421
 0.188496 39.705473 -12.052739
 0.251327 38.798058 -16.889979
 0.314159 37.538703 -23.404415
 0.376991 35.872228 -29.130680
 0.439823 33.953623 -31.498390
 0.502655 31.946360 -32.456069
 0.565487 29.877695 -32.582776
 0.628319 27.982739 -27.547123
 0.691150 26.338391 -25.468204
 0.753982 24.741319 -25.240169
 0.816814 23.268381 -20.670194
 0.879646 22.172896 -14.547193
 0.942478 21.428009 -8.881833
 1.005310 21.090916 -1.792184
 1.068142 21.210936 5.716700
 1.130973 21.817314 13.603106
 1.193805 22.947854 22.557814
 1.256637 24.645257 30.974578
 1.319469 26.798065 37.151430
 1.382301 29.329312 43.032620
 1.445133 32.204746 47.685804
 1.507964 35.343297 51.865657
 1.570796 38.820324 57.924526
 1.633628 42.605574 60.782032
 1.696460 46.442713 58.807588
 1.759292 50.177311 60.033525
 1.822124 54.176985 65.027966
 1.884956 58.262450 62.389864
 1.947787 62.181079 60.993747
 2.010619 66.073526 60.525779
 2.073451 69.709344 52.686134
 2.136283 72.880357 48.329612
 2.199115 75.786611 40.097787
 2.261947 77.476026 11.350368
 2.324779 77.219166 -20.963186
 2.387610 74.829345 -52.012482
 2.450442 71.129780 -64.045834
 2.513274 66.787421 -74.238673
 2.576106 61.917854 -79.159016
 2.638938 56.915089 -79.839545
 2.701770 51.902852 -79.558721
 2.764602 46.938553 -77.668472
 2.827433 42.212399 -72.789148
 2.890265 37.731091 -70.142389
 2.953097 33.390012 -67.741395
 3.015929 29.260861 -63.479033
 3.078761 25.426410 -58.401746
