#! FIELDS phi7 file.free der_phi7
#! SET min_phi7 -pi
#! SET max_phi7 pi
#! SET nbins_phi7  500
#! SET periodic_phi7 true
   -3.141592654   43.168652605  -11.184487999
   -3.129026283   43.029465914  -10.972927445
   -3.116459912   42.892835351  -10.766212713
   -3.103893542   42.758751129  -10.562861380
   -3.091327171   42.627309707  -10.359859413
   -3.078760801   42.498670424  -10.114924581
   -3.066194430   42.373295952   -9.834737210
   -3.053628059   42.251495426   -9.537814991
   -3.041061689   42.133103055   -9.291560368
   -3.028495318   42.018297934   -8.994670550
   -3.015928947   41.906940462   -8.716272194
   -3.003362577   41.799329566   -8.395130188
   -2.990796206   41.695853788   -8.050763098
   -2.978229836   41.597036959   -7.673224551
   -2.965663465   41.502798324   -7.323785082
   -2.953097094   41.413190994   -6.971047137
   -2.940530724   41.328084313   -6.580882144
   -2.927964353   41.247777750   -6.244223722
   -2.915397983   41.171480118   -5.912127177
   -2.902831612   41.099646017   -5.548890555
   -2.890265241   41.031945935   -5.216049550
   -2.877698871   40.968726439   -4.868135926
   -2.865132500   40.909817466   -4.513909242
   -2.852566129   40.854684954   -4.230926474
   -2.839999759   40.803236274   -3.971684868
   -2.827433388   40.755240047   -3.683048477
   -2.814867018   40.710617462   -3.410184420
   -2.802300647   40.669456860   -3.171818975
   -2.789734276   40.631139285   -2.950084593
   -2.777167906   40.595009335   -2.788530186
   -2.764601535   40.560891061   -2.649123727
   -2.752035165   40.528314684   -2.540243574
   -2.739468794   40.496705348   -2.504924223
   -2.726902423   40.465450986   -2.485397160
   -2.714336053   40.433932312   -2.552305496
   -2.701769682   40.401457584   -2.621716450
   -2.689203311   40.367717325   -2.753969721
   -2.676636941   40.332423915   -2.884475525
   -2.664070570   40.295279223   -3.038105485
   -2.651504200   40.256013214   -3.232069164
   -2.638937829   40.214062453   -3.450271314
   -2.626371458   40.169174773   -3.685360904
   -2.613805088   40.121001181   -3.973172682
   -2.601238717   40.069235108   -4.278097483
   -2.588672347   40.013719627   -4.559342487
   -2.576105976   39.954235078   -4.901312672
   -2.563539605   39.890608912   -5.233123443
   -2.550973235   39.822523798   -5.611033118
   -2.538406864   39.748952187   -6.053459904
   -2.525840493   39.670002593   -6.488047216
   -2.513274123   39.585873499   -6.908136625
   -2.500707752   39.496198871   -7.346992782
   -2.488141382   39.400820077   -7.829795651
   -2.475575011   39.299488796   -8.320970496
   -2.463008640   39.191521417   -8.871402071
   -2.450442270   39.076859699   -9.391750721
   -2.437875899   38.955613476   -9.913242462
   -2.425309529   38.827464055  -10.462708559
   -2.412743158   38.692483644  -11.042468654
   -2.400176787   38.550327276  -11.617224737
   -2.387610417   38.400662722  -12.224806460
   -2.375044046   38.243614914  -12.771215000
   -2.362477675   38.078942233  -13.393330673
   -2.349911305   37.906761392  -13.996367805
   -2.337344934   37.727209554  -14.596977553
   -2.324778564   37.540043877  -15.178649373
   -2.312212193   37.345924171  -15.750782476
   -2.299645822   37.144415933  -16.336104118
   -2.287079452   36.935707975  -16.878296232
   -2.274513081   36.720162294  -17.445593933
   -2.261946711   36.497545230  -18.010127910
   -2.249380340   36.267849648  -18.549393461
   -2.236813969   36.031396052  -19.097038502
   -2.224247599   35.788296014  -19.602089258
   -2.211681228   35.538695483  -20.130218344
   -2.199114858   35.282585592  -20.628663063
   -2.186548487   35.020365658  -21.080742850
   -2.173982116   34.752432683  -21.577341018
   -2.161415746   34.478375955  -22.041928999
   -2.148849375   34.198836916  -22.450160657
   -2.136283004   33.914243315  -22.859244827
   -2.123716634   33.624613647  -23.232885758
   -2.111150263   33.330315816  -23.611033859
   -2.098583893   33.031198329  -24.019209284
   -2.086017522   32.726523594  -24.438173638
   -2.073451151   32.417100821  -24.810299374
   -2.060884781   32.103102336  -25.201102134
   -2.048318410   31.784238140  -25.563133267
   -2.035752040   31.460557445  -25.974943722
   -2.023185669   31.131195582  -26.425185852
   -2.010619298   30.796271648  -26.890246711
   -1.998052928   30.455606425  -27.346559009
   -1.985486557   30.108856459  -27.873034946
   -1.972920186   29.755432342  -28.374139780
   -1.960353816   29.395313025  -28.935509941
   -1.947787445   29.027892604  -29.560476934
   -1.935221075   28.652505233  -30.183832266
   -1.922654704   28.268853944  -30.850188475
   -1.910088333   27.876659469  -31.567087626
   -1.897521963   27.475345295  -32.298936668
   -1.884955592   27.064625613  -33.073565282
   -1.872389222   26.643772761  -33.905562241
   -1.859822851   26.212530767  -34.723262292
   -1.847256480   25.770836770  -35.583068332
   -1.834690110   25.318156987  -36.451793015
   -1.822123739   24.854413648  -37.391827001
   -1.809557368   24.378646219  -38.337206672
   -1.796990998   23.890921473  -39.289666291
   -1.784424627   23.391289554  -40.219190448
   -1.771858257   22.880338955  -41.093829653
   -1.759291886   22.358334343  -41.970351461
   -1.746725515   21.825425271  -42.842968180
   -1.734159145   21.281747512  -43.670782063
   -1.721592774   20.727870723  -44.462928405
   -1.709026404   20.164426729  -45.206499516
   -1.696460033   19.592225942  -45.863326127
   -1.683893662   19.012155138  -46.438344663
   -1.671327292   18.425008216  -46.991623505
   -1.658760921   17.831594035  -47.447855340
   -1.646194550   17.233030015  -47.796519502
   -1.633628180   16.630612485  -48.077292738
   -1.621061809   16.024992698  -48.271562693
   -1.608495439   15.417868162  -48.335936135
   -1.595929068   14.810624088  -48.287138834
   -1.583362697   14.204235380  -48.222966960
   -1.570796327   13.599404165  -48.036164331
   -1.558229956   12.997537761  -47.732167915
   -1.545663586   12.399843584  -47.366169476
   -1.533097215   11.807539297  -46.914464749
   -1.520530844   11.221536321  -46.327351567
   -1.507964474   10.643377797  -45.680882510
   -1.495398103   10.073721097  -44.970377974
   -1.482831732    9.513574942  -44.157136746
   -1.470265362    8.964251325  -43.270792359
   -1.457698991    8.426425481  -42.328423094
   -1.445132621    7.900883074  -41.305927582
   -1.432566250    7.388591574  -40.216459965
   -1.419999879    6.890429085  -39.062673252
   -1.407433509    6.406770365  -37.902365538
   -1.394867138    5.937898055  -36.705440017
   -1.382300768    5.484262713  -35.483969705
   -1.369734397    5.046316458  -34.202482031
   -1.357168026    4.624683938  -32.906872453
   -1.344601656    4.219478334  -31.590892496
   -1.332035285    3.830820228  -30.269685250
   -1.319468915    3.459191428  -28.879543295
   -1.306902544    3.104996500  -27.479243678
   -1.294336173    2.768732094  -26.028820136
   -1.281769803    2.450656729  -24.579170093
   -1.269203432    2.150705212  -23.132142609
   -1.256637061    1.869242780  -21.699407956
   -1.244070691    1.606032114  -20.200174114
   -1.231504320    1.361864923  -18.658960335
   -1.218937950    1.137274655  -17.089271099
   -1.206371579    0.932367283  -15.532282348
   -1.193805208    0.746749634  -13.996680272
   -1.181238838    0.580874048  -12.399097633
   -1.168672467    0.435072267  -10.786833350
   -1.156106097    0.309478229   -9.179231999
   -1.143539726    0.204465300   -7.513221269
   -1.130973355    0.120585419   -5.831383690
   -1.118406985    0.058138735   -4.083432990
   -1.105840614    0.017857094   -2.319804697
   -1.093274243    0.000000000   -0.544768655
   -1.080707873    0.004640060    1.276794836
   -1.068141502    0.031900054    3.073105710
   -1.055575132    0.082232090    4.925280343
   -1.043008761    0.155861134    6.785941946
   -1.030442390    0.252832545    8.657824821
   -1.017876020    0.373193102   10.494615899
   -1.005309649    0.517130718   12.419530623
   -0.992743279    0.685023023   14.316726696
   -0.980176908    0.876970163   16.225484881
   -0.967610537    1.092764491   18.135207677
   -0.955044167    1.332721029   20.049776999
   -0.942477796    1.596721811   21.982105903
   -0.929911425    1.884996110   23.879208894
   -0.917345055    2.197027849   25.789831833
   -0.904778684    2.532964623   27.659619765
   -0.892212314    2.892408805   29.540086387
   -0.879645943    3.275129623   31.386873013
   -0.867079572    3.681291297   33.218031728
   -0.854513202    4.110240549   35.042667347
   -0.841946831    4.561643608   36.804693926
   -0.829380461    5.035088411   38.557550992
   -0.816814090    5.530636825   40.299971358
   -0.804247719    6.047433260   41.961741941
   -0.791681349    6.584988489   43.601367192
   -0.779114978    7.142776456   45.155648829
   -0.766548607    7.719762085   46.676575125
   -0.753982237    8.315593088   48.157040078
   -0.741415866    8.929865443   49.595618415
   -0.728849496    9.562068741   51.020575946
   -0.716283125   10.211704747   52.371847914
   -0.703716754   10.878095892   53.671838173
   -0.691150384   11.559821515   54.844012849
   -0.678584013   12.256147620   55.976878616
   -0.666017643   12.966416848   57.027196287
   -0.653451272   13.689533729   58.051413394
   -0.640884901   14.425151367   59.001839583
   -0.628318531   15.172217860   59.899649683
   -0.615752160   15.929944429   60.706967471
   -0.603185789   16.697760094   61.481432324
   -0.590619419   17.474822939   62.186044461
   -0.578053048   18.260505560   62.842830050
   -0.565486678   19.053976122   63.432629485
   -0.552920307   19.854717073   64.004193611
   -0.540353936   20.661895635   64.445160339
   -0.527787566   21.474234612   64.830762422
   -0.515221195   22.291196148   65.171661766
   -0.502654825   23.111811487   65.420504449
   -0.490088454   23.935221898   65.624044690
   -0.477522083   24.760722849   65.757463194
   -0.464955713   25.587510829   65.836939897
   -0.452389342   26.414960533   65.847919703
   -0.439822972   27.242398390   65.820648690
   -0.427256601   28.069005014   65.718573702
   -0.414690230   28.894190915   65.601755568
   -0.402123860   29.717039144   65.359179445
   -0.389557489   30.536375300   65.043962660
   -0.376991118   31.351540330   64.674337069
   -0.364424748   32.161617027   64.247238075
   -0.351858377   32.965780198   63.722236362
   -0.339292007   33.762817943   63.118796269
   -0.326725636   34.551710827   62.426022438
   -0.314159265   35.331790321   61.713411223
   -0.301592895   36.102348381   60.928136531
   -0.289026524   36.862320461   60.038162315
   -0.276460154   37.610983738   59.106786057
   -0.263893783   38.347482648   58.063379808
   -0.251327412   39.070307851   56.975592254
   -0.238761042   39.778970593   55.807547831
   -0.226194671   40.472478765   54.550770945
   -0.213628300   41.149919471   53.246770030
   -0.201061930   41.809440903   51.723372130
   -0.188495559   42.449802128   50.180754867
   -0.175929189   43.070151093   48.539705370
   -0.163362818   43.669789155   46.902427348
   -0.150796447   44.248427832   45.148984103
   -0.138230077   44.804527982   43.326048068
   -0.125663706   45.337347427   41.460934278
   -0.113097336   45.846379165   39.529672963
   -0.100530965   46.330623623   37.533462843
   -0.087964594   46.789600234   35.501100043
   -0.075398224   47.222547368   33.393958396
   -0.062831853   47.628621933   31.225300922
   -0.050265482   48.006941108   28.972474713
   -0.037699112   48.356420443   26.666963900
   -0.025132741   48.677021719   24.359303409
   -0.012566371   48.968824387   22.067163243
    0.000000000   49.231514800   19.745717334
    0.012566371   49.464852517   17.383044413
    0.025132741   49.668366304   15.020693547
    0.037699112   49.842343454   12.664485043
    0.050265482   49.986590070   10.291486650
    0.062831853   50.100563330    7.886844124
    0.075398224   50.184951443    5.542322322
    0.087964594   50.239393284    3.133695587
    0.100530965   50.263959327    0.803439902
    0.113097336   50.259210540   -1.526339245
    0.125663706   50.225907468   -3.780966624
    0.138230077   50.164084896   -6.059892228
    0.150796447   50.073983249   -8.268351576
    0.163362818   49.956530323  -10.426273527
    0.175929189   49.812439762  -12.518711005
    0.188495559   49.641802386  -14.635133448
    0.201061930   49.445168948  -16.645967953
    0.213628300   49.223533113  -18.603253133
    0.226194671   48.977720871  -20.511372719
    0.238761042   48.708393506  -22.345010388
    0.251327412   48.416016516  -24.143292092
    0.263893783   48.101871104  -25.860244222
    0.276460154   47.766455091  -27.509981998
    0.289026524   47.410876827  -29.081272682
    0.301592895   47.035850098  -30.602997427
    0.314159265   46.642334752  -32.021473245
    0.326725636   46.231075260  -33.416990920
    0.339292007   45.803142174  -34.672533524
    0.351858377   45.359921411  -35.852046316
    0.364424748   44.902157163  -36.992096673
    0.376991118   44.430748637  -38.050222820
    0.389557489   43.946461227  -39.012963368
    0.402123860   43.450758230  -39.865416664
    0.414690230   42.944307202  -40.701339734
    0.427256601   42.428221223  -41.423390395
    0.439822972   41.903297740  -42.116162353
    0.452389342   41.370692463  -42.643157031
    0.464955713   40.831617224  -43.148468075
    0.477522083   40.286833187  -43.547099633
    0.490088454   39.737549475  -43.861425583
    0.502654825   39.184690370  -44.106297052
    0.515221195   38.629118146  -44.293989394
    0.527787566   38.072020043  -44.381341423
    0.540353936   37.514095340  -44.396091482
    0.552920307   36.956208238  -44.398122308
    0.565486678   36.398632002  -44.360880351
    0.578053048   35.841831290  -44.229391587
    0.590619419   35.287012789  -44.064208146
    0.603185789   34.734956445  -43.780312749
    0.615752160   34.186692635  -43.459095567
    0.628318531   33.643005553  -43.076469847
    0.640884901   33.104510512  -42.613925056
    0.653451272   32.572033712  -42.131269374
    0.666017643   32.045837817  -41.596333216
    0.678584013   31.526509751  -41.070888245
    0.691150384   31.013850685  -40.502142256
    0.703716754   30.508902828  -39.842250201
    0.716283125   30.012295879  -39.205317814
    0.728849496   29.523863019  -38.520076080
    0.741415866   29.044728660  -37.757127913
    0.753982237   28.575399614  -36.939295564
    0.766548607   28.116575061  -36.080003755
    0.779114978   27.668784629  -35.189674704
    0.791681349   27.232464970  -34.255863233
    0.804247719   26.808260470  -33.246181405
    0.816814090   26.396584855  -32.283196574
    0.829380461   25.997641627  -31.215724805
    0.841946831   25.611936117  -30.139264224
    0.854513202   25.240370973  -28.987798816
    0.867079572   24.883580389  -27.785042462
    0.879645943   24.542022294  -26.573766018
    0.892212314   24.216322164  -25.277067931
    0.904778684   23.906982274  -23.938839544
    0.917345055   23.614687417  -22.588984606
    0.929911425   23.339477116  -21.213251745
    0.942477796   23.081773958  -19.767280063
    0.955044167   22.842776421  -18.293729588
    0.967610537   22.622379232  -16.783034650
    0.980176908   22.421211241  -15.224177101
    0.992743279   22.239675332  -13.651905586
    1.005309649   22.077669140  -12.130864439
    1.017876020   21.935143847  -10.552361467
    1.030442390   21.812402352   -8.983984627
    1.043008761   21.709675747   -7.378908704
    1.055575132   21.627018119   -5.776196747
    1.068141502   21.564180843   -4.237706670
    1.080707873   21.520643386   -2.686311972
    1.093274243   21.496292595   -1.201533053
    1.105840614   21.490634473    0.271058925
    1.118406985   21.503316754    1.733283969
    1.130973355   21.534021298    3.134826603
    1.143539726   21.581911269    4.486729881
    1.156106097   21.646847485    5.843779389
    1.168672467   21.728341825    7.108300190
    1.181238838   21.825230352    8.315349622
    1.193805208   21.936905358    9.458565669
    1.206371579   22.062808391   10.573083648
    1.218937950   22.202438669   11.642023592
    1.231504320   22.354904893   12.609673901
    1.244070691   22.519149485   13.513073662
    1.256637061   22.694282161   14.363657310
    1.269203432   22.879835424   15.143218229
    1.281769803   23.075003648   15.903317094
    1.294336173   23.279206554   16.587875111
    1.306902544   23.491623289   17.215824016
    1.319468915   23.711725744   17.822704535
    1.332035285   23.939412971   18.413511133
    1.344601656   24.173968740   18.900779545
    1.357168026   24.414749824   19.393440857
    1.369734397   24.661258009   19.840177805
    1.382300768   24.912919849   20.223299869
    1.394867138   25.169260460   20.571681906
    1.407433509   25.430143961   20.930317906
    1.419999879   25.694940858   21.207934519
    1.432566250   25.963314806   21.515755230
    1.445132621   26.235634300   21.837406865
    1.457698991   26.511453273   22.075538572
    1.470265362   26.790341266   22.287508491
    1.482831732   27.071892913   22.518339486
    1.495398103   27.356447082   22.782094415
    1.507964474   27.643886533   22.974308930
    1.520530844   27.933774126   23.156980393
    1.533097215   28.225923899   23.329514663
    1.545663586   28.519968500   23.465958132
    1.558229956   28.815737627   23.574775411
    1.570796327   29.111965848   23.604197186
    1.583362697   29.409450273   23.727695149
    1.595929068   29.707897587   23.787376619
    1.608495439   30.007350965   23.879010883
    1.621061809   30.307504803   23.911351667
    1.633628180   30.608185047   23.949119184
    1.646194550   30.909019992   23.951592139
    1.658760921   31.209849128   23.915442858
    1.671327292   31.510162106   23.881887665
    1.683893662   31.810027097   23.848044893
    1.696460033   32.109071852   23.760753577
    1.709026404   32.407166563   23.690373314
    1.721592774   32.704356482   23.602383192
    1.734159145   33.000424271   23.515167489
    1.746725515   33.295473185   23.441113741
    1.759291886   33.589570871   23.357246933
    1.771858257   33.882640702   23.291938056
    1.784424627   34.174591137   23.190558904
    1.796990998   34.465555631   23.115602702
    1.809557368   34.755086397   22.981824135
    1.822123739   35.043077933   22.829087313
    1.834690110   35.329304026   22.726299182
    1.847256480   35.614252491   22.615283632
    1.859822851   35.897695337   22.503982029
    1.872389222   36.180057177   22.419949144
    1.884955592   36.461349521   22.367040233
    1.897521963   36.742167618   22.315096700
    1.910088333   37.022470482   22.290799827
    1.922654704   37.302102266   22.246792349
    1.935221075   37.581557914   22.234569135
    1.947787445   37.860802367   22.217508689
    1.960353816   38.139829260   22.200261055
    1.972920186   38.418683995   22.180474796
    1.985486557   38.697288193   22.155809263
    1.998052928   38.975539165   22.126177848
    2.010619298   39.253361059   22.065676170
    2.023185669   39.530572934   22.023920515
    2.035752040   39.807121400   21.971741210
    2.048318410   40.082794327   21.872128610
    2.060884781   40.357168789   21.799604577
    2.073451151   40.630510558   21.713364884
    2.086017522   40.902630590   21.585209422
    2.098583893   41.173134000   21.474006453
    2.111150263   41.442363829   21.375339501
    2.123716634   41.709882352   21.214642372
    2.136283004   41.975618350   21.068782350
    2.148849375   42.239187844   20.865885348
    2.161415746   42.500212914   20.678797426
    2.173982116   42.758693725   20.446746394
    2.186548487   43.014197289   20.217073454
    2.199114858   43.266936627   20.006758343
    2.211681228   43.516504257   19.733306569
    2.224247599   43.762753358   19.465922325
    2.236813969   44.005656815   19.189978985
    2.249380340   44.245055670   18.920577762
    2.261946711   44.481159271   18.646244539
    2.274513081   44.713932940   18.381264965
    2.287079452   44.943182376   18.108761824
    2.299645822   45.168774719   17.797998743
    2.312212193   45.390131634   17.460027678
    2.324778564   45.607073894   17.075985725
    2.337344934   45.819158027   16.670742871
    2.349911305   46.025976844   16.252802252
    2.362477675   46.227284379   15.813246239
    2.375044046   46.423472656   15.411836390
    2.387610417   46.614212801   14.931104067
    2.400176787   46.799197895   14.508465666
    2.412743158   46.978662741   14.046467720
    2.425309529   47.151854527   13.503061315
    2.437875899   47.318074844   12.957500969
    2.450442270   47.476822319   12.287712539
    2.463008640   47.626945672   11.621531552
    2.475575011   47.769031271   10.979417575
    2.488141382   47.901885136   10.210385000
    2.500707752   48.025823777    9.493565018
    2.513274123   48.140369951    8.725840087
    2.525840493   48.244873997    7.895466445
    2.538406864   48.338360081    7.007436709
    2.550973235   48.420675702    6.080814299
    2.563539605   48.491376621    5.176837661
    2.576105976   48.550506860    4.218309573
    2.588672347   48.596952764    3.190132481
    2.601238717   48.630550099    2.155841654
    2.613805088   48.651536006    1.177834917
    2.626371458   48.660076992    0.178397214
    2.638937829   48.655908183   -0.846112820
    2.651504200   48.639022140   -1.840304480
    2.664070570   48.609623545   -2.844936149
    2.676636941   48.567664642   -3.822115384
    2.689203311   48.513588849   -4.789763223
    2.701769682   48.447250348   -5.756259915
    2.714336053   48.369428446   -6.633997596
    2.726902423   48.280552755   -7.528556391
    2.739468794   48.181013969   -8.308420969
    2.752035165   48.071747412   -9.068923658
    2.764601535   47.953323291   -9.779797639
    2.777167906   47.826176243  -10.445739949
    2.789734276   47.690751150  -11.097851782
    2.802300647   47.547806318  -11.641050744
    2.814867018   47.398614687  -12.091019696
    2.827433388   47.243983369  -12.498550853
    2.839999759   47.084588984  -12.861259181
    2.852566129   46.921105691  -13.157385811
    2.865132500   46.753937066  -13.437099482
    2.877698871   46.583850339  -13.633045677
    2.890265241   46.411640424  -13.756504223
    2.902831612   46.238045984  -13.853190359
    2.915397983   46.063610204  -13.893569292
    2.927964353   45.889193315  -13.873250675
    2.940530724   45.715220252  -13.827972556
    2.953097094   45.541852066  -13.747481152
    2.965663465   45.369630531  -13.665553937
    2.978229836   45.198936150  -13.511031523
    2.990796206   45.029992517  -13.370917868
    3.003362577   44.862986278  -13.215176741
    3.015928947   44.697716319  -13.103145722
    3.028495318   44.534304252  -12.909016082
    3.041061689   44.373017993  -12.743472092
    3.053628059   44.213857304  -12.566098090
    3.066194430   44.056943638  -12.393658571
    3.078760801   43.902224175  -12.209366383
    3.091327171   43.750212228  -11.985075072
    3.103893542   43.601120293  -11.750834723
    3.116459912   43.454467165  -11.584183294
    3.129026283   43.310240966  -11.373508541
