#! FIELDS phi2 ffphi2 dffphi2_phi2
#! SET min_phi2 -pi
#! SET max_phi2 pi
#! SET nbins_phi2  100
#! SET periodic_phi2 true
 -3.141593 16.433820 -44.560225
 -3.078761 13.786252 -41.071753
 -3.015929 11.075713 -44.108887
 -2.953097 8.615534 -32.639550
 -2.890265 6.700710 -33.124437
 -2.827433 4.431763 -32.517730
 -2.764602 3.253501 -6.014040
 -2.701770 2.602834 -23.200435
 -2.638938 1.066152 -15.255198
 -2.576106 1.207603 18.645160
 -2.513274 2.683911 19.119624
 -2.450442 3.185447 1.084650
 -2.387610 3.149480 -3.954991
 -2.324779 2.470486 -15.854161
 -2.261947 1.637774 -7.697463
 -2.199115 1.600772 5.170037
 -2.136283 1.980368 4.757736
 -2.073451 2.174084 2.308213
 -2.010619 2.276705 0.320459
 -1.947787 2.301953 1.857555
 -1.884956 2.485769 2.629532
 -1.822124 2.632949 2.904876
 -1.759292 2.808097 1.152305
 -1.696460 2.685756 -4.431137
 -1.633628 2.384024 -4.891195
 -1.570796 1.993489 -8.221390
 -1.507964 1.433543 -7.931083
 -1.445133 1.141121 -1.631326
 -1.382301 1.039143 -3.429908
 -1.319469 0.670019 -7.329020
 -1.256637 0.212054 -6.845044
 -1.193805 -0.030580 0.688396
 -1.130973 0.324102 9.418017
 -1.068142 1.004407 11.291207
 -1.005310 1.695208 11.118209
 -0.942478 2.471689 13.641265
 -0.879646 3.476044 18.786225
 -0.816814 4.789283 22.440732
 -0.753982 6.382560 28.796796
 -0.691150 8.306200 30.241157
 -0.628319 10.033605 24.985094
 -0.565487 11.665768 27.969646
 -0.502655 13.516832 29.685825
 -0.439823 15.411014 31.168255
 -0.376991 17.425506 31.540799
 -0.314159 19.274999 26.613847
 -0.251327 20.818265 23.013048
 -0.188496 22.215914 21.019676
 -0.125664 23.446090 17.811391
 -0.062832 24.410809 12.020746
 0.000000 24.925851 5.102024
 0.062832 25.129041 0.920087
 0.125664 25.073273 -1.933509
 0.188496 24.840494 -6.709258
 0.251327 24.196484 -13.316718
 0.314159 23.224661 -17.170781
 0.376991 22.083214 -19.072345
 0.439823 20.894684 -17.816603
 0.502655 19.890287 -14.707183
 0.565487 18.947458 -15.561828
 0.628319 18.007271 -13.524233
 0.691150 17.305803 -8.870969
 0.753982 16.835785 -6.711221
 0.816814 16.406562 -6.920579
 0.879646 16.087434 -1.983402
 0.942478 16.194662 4.649451
 1.005310 16.603872 8.676374
 1.068142 17.368160 15.701803
 1.130973 18.508689 19.996560
 1.193805 19.910178 25.279928
 1.256637 21.764526 33.695955
 1.319469 24.143420 41.725996
 1.382301 27.022082 49.388704
 1.445133 30.392072 57.263464
 1.507964 34.227646 62.799032
 1.570796 38.302153 65.133698
 1.633628 42.524856 67.181754
 1.696460 46.778195 64.548970
 1.759292 50.659841 57.799441
 1.822124 54.380454 59.980280
 1.884956 58.003976 43.016332
 1.947787 58.752013 -3.453874
 2.010619 59.672966 38.116504
 2.073451 63.172260 46.784346
 2.136283 61.611966 -50.282602
 2.199115 59.892377 -4.607696
 2.261947 60.299947 7.254970
 2.324779 60.044047 -15.687257
 2.387610 58.500878 -29.248475
 2.450442 56.331745 -44.254818
 2.513274 53.014378 -57.111648
 2.576106 49.387096 -58.539588
 2.638938 45.628731 -60.990582
 2.701770 41.718745 -63.141275
 2.764602 37.789548 -61.509534
 2.827433 33.909423 -62.883127
 2.890265 29.904199 -63.336324
 2.953097 26.068891 -58.666699
 3.015929 22.530490 -53.526652
 3.078761 19.357519 -48.065603
