#! FIELDS phi2 ffphi2 dffphi2_phi2
#! SET min_phi2 -pi
#! SET max_phi2 pi
#! SET nbins_phi2  100
#! SET periodic_phi2 true
 -3.141593 16.380144 -43.485949
 -3.078761 13.767239 -40.940337
 -3.015929 11.087248 -43.195930
 -2.953097 8.663742 -32.789557
 -2.890265 6.738938 -31.893497
 -2.827433 4.659772 -29.453994
 -2.764602 3.543773 -6.917652
 -2.701770 2.879725 -21.488620
 -2.638938 1.439053 -14.971663
 -2.576106 1.491445 15.375428
 -2.513274 2.665572 13.947785
 -2.450442 2.931477 -1.914363
 -2.387610 2.690112 -6.801680
 -2.324779 2.023212 -12.531305
 -2.261947 1.433380 -4.501425
 -2.199115 1.485888 4.781096
 -2.136283 1.793257 3.671283
 -2.073451 1.958134 2.332141
 -2.010619 2.099057 1.509557
 -1.947787 2.180823 2.128608
 -1.884956 2.376084 3.128777
 -1.822124 2.552469 2.871336
 -1.759292 2.686641 0.258505
 -1.696460 2.548457 -3.943142
 -1.633628 2.285742 -4.376920
 -1.570796 1.939230 -7.150274
 -1.507964 1.446866 -7.199537
 -1.445133 1.154784 -2.328930
 -1.382301 1.012398 -3.443727
 -1.319469 0.694020 -6.066328
 -1.256637 0.320093 -5.475212
 -1.193805 0.133353 0.794801
 -1.130973 0.445876 8.190337
 -1.068142 1.043523 10.195855
 -1.005310 1.718694 11.756849
 -0.942478 2.565808 15.005801
 -0.879646 3.637446 19.389187
 -0.816814 4.958416 22.065823
 -0.753982 6.495638 27.564341
 -0.691150 8.369947 30.299664
 -0.628319 10.155907 26.383229
 -0.565487 11.843796 28.117160
 -0.502655 13.684038 29.553960
 -0.439823 15.576133 30.955613
 -0.376991 17.558052 30.936407
 -0.314159 19.385808 26.553270
 -0.251327 20.931545 23.003860
 -0.188496 22.317061 20.685276
 -0.125664 23.527356 17.600273
 -0.062832 24.491748 12.195914
 0.000000 25.012344 4.884831
 0.062832 25.182329 0.319766
 0.125664 25.089073 -2.724210
 0.188496 24.792006 -7.750117
 0.251327 24.099529 -13.855292
 0.314159 23.092750 -17.842443
 0.376991 21.912308 -19.445039
 0.439823 20.706001 -18.398515
 0.502655 19.611054 -16.981739
 0.565487 18.488552 -19.036946
 0.628319 17.283775 -18.215602
 0.691150 16.321745 -12.158275
 0.753982 15.676370 -9.363852
 0.816814 15.082538 -9.310521
 0.879646 14.639084 -3.642696
 0.942478 14.624857 2.096087
 1.005310 14.846524 5.654838
 1.068142 15.389190 11.017045
 1.130973 16.212086 16.138136
 1.193805 17.578130 27.750259
 1.256637 19.635148 36.328081
 1.319469 22.040609 39.999657
 1.382301 24.780781 47.440852
 1.445133 28.034527 55.181915
 1.507964 31.731379 61.365751
 1.570796 35.777206 65.490412
 1.633628 40.008711 66.779252
 1.696460 44.148929 61.691566
 1.759292 47.904525 56.966404
 1.822124 51.340829 47.413712
 1.884956 53.711221 31.215743
 1.947787 55.826704 34.292000
 2.010619 57.407298 13.458640
 2.073451 58.027160 10.880297
 2.136283 58.480265 -3.761413
 2.199115 57.990449 -1.759353
 2.261947 58.601393 15.793147
 2.324779 58.842483 -11.695050
 2.387610 57.912542 -13.022020
 2.450442 56.482912 -42.567466
 2.513274 52.978219 -59.795703
 2.576106 49.318850 -57.912721
 2.638938 45.587493 -60.740233
 2.701770 41.691442 -63.008454
 2.764602 37.761220 -61.643098
 2.827433 33.875417 -62.790482
 2.890265 29.892936 -62.876278
 2.953097 26.071505 -58.726103
 3.015929 22.499324 -54.638020
 3.078761 19.261943 -48.370205
