#! FIELDS phi4 ffphi4 dffphi4_phi4
#! SET min_phi4 -pi
#! SET max_phi4 pi
#! SET nbins_phi4  100
#! SET periodic_phi4 true
 -3.141593 13.161134 -48.191652
 -3.078761 10.292585 -42.792509
 -3.015929 7.782816 -37.034297
 -2.953097 5.636860 -31.565222
 -2.890265 3.811918 -26.091323
 -2.827433 2.398097 -18.977185
 -2.764602 1.399352 -13.063015
 -2.701770 0.731723 -8.354492
 -2.638938 0.306605 -5.583758
 -2.576106 0.060249 -1.556634
 -2.513274 0.141626 3.611802
 -2.450442 0.413963 4.495723
 -2.387610 0.754191 7.277012
 -2.324779 1.380264 11.875203
 -2.261947 2.083858 9.580759
 -2.199115 2.595257 6.900169
 -2.136283 2.969277 5.123486
 -2.073451 3.250797 3.623765
 -2.010619 3.412912 1.539510
 -1.947787 3.468339 0.177579
 -1.884956 3.385304 -3.267809
 -1.822124 3.100234 -4.994802
 -1.759292 2.791669 -5.315847
 -1.696460 2.405609 -6.820064
 -1.633628 1.935194 -8.115683
 -1.570796 1.476056 -5.766963
 -1.507964 1.184491 -4.281051
 -1.445133 0.931557 -3.177100
 -1.382301 0.851120 0.726365
 -1.319469 0.995985 3.535789
 -1.256637 1.309225 6.898820
 -1.193805 1.921651 12.644615
 -1.130973 2.874807 17.384164
 -1.068142 4.075751 20.405517
 -1.005310 5.433207 22.958443
 -0.942478 6.983085 25.884129
 -0.879646 8.664206 27.705758
 -0.816814 10.500613 30.259609
 -0.753982 12.474319 32.808218
 -0.691150 14.654348 35.603538
 -0.628319 16.879121 34.805500
 -0.565487 19.105582 36.310144
 -0.502655 21.497041 39.039298
 -0.439823 23.922497 37.007794
 -0.376991 26.170075 34.492229
 -0.314159 28.323082 33.658440
 -0.251327 30.379115 30.834819
 -0.188496 32.172180 26.125564
 -0.125664 33.707862 22.304842
 -0.062832 34.951439 16.918862
 0.000000 35.774002 8.268733
 0.062832 35.936757 -3.146952
 0.125664 35.402727 -13.849974
 0.188496 34.210943 -23.759982
 0.251327 32.473430 -31.164212
 0.314159 30.340273 -36.561573
 0.376991 27.878938 -41.592905
 0.439823 25.181901 -43.721366
 0.502655 22.375949 -45.737825
 0.565487 19.566606 -41.968501
 0.628319 17.147184 -36.296229
 0.691150 14.864312 -36.317924
 0.753982 12.665661 -32.985863
 0.816814 10.814863 -25.259892
 0.879646 9.481267 -17.960057
 0.942478 8.501022 -12.888103
 1.005310 7.954948 -4.006418
 1.068142 7.981346 4.302291
 1.130973 8.459181 11.015598
 1.193805 9.414656 19.801123
 1.256637 10.969074 29.087328
 1.319469 13.008127 35.933936
 1.382301 15.605711 46.726921
 1.445133 18.789231 52.781238
 1.507964 22.246586 56.966050
 1.570796 26.017028 61.291718
 1.633628 30.066528 66.970947
 1.696460 34.590263 74.299578
 1.759292 39.229401 67.902607
 1.822124 43.259670 58.794859
 1.884956 46.920055 56.277944
 1.947787 50.392596 52.022653
 2.010619 53.385928 41.461532
 2.073451 55.656415 30.378612
 2.136283 57.240033 19.069265
 2.199115 58.035635 6.332535
 2.261947 58.014179 -7.862445
 2.324779 57.048653 -22.226553
 2.387610 55.317249 -32.485629
 2.450442 52.958449 -42.812918
 2.513274 49.964854 -51.675372
 2.576106 46.563227 -55.948822
 2.638938 42.998157 -57.438428
 2.701770 39.274212 -61.438575
 2.764602 35.329321 -63.755496
 2.827433 31.225927 -66.652490
 2.890265 27.069178 -64.845292
 2.953097 23.126982 -60.220551
 3.015929 19.537351 -54.090238
 3.078761 16.271997 -50.471815
