#! FIELDS phi3 ffphi3 dffphi3_phi3
#! SET min_phi3 -pi
#! SET max_phi3 pi
#! SET nbins_phi3  100
#! SET periodic_phi3 true
 -3.141593 21.473099 -53.748784
 -3.078761 18.310532 -47.054313
 -3.015929 15.527434 -41.553883
 -2.953097 13.094978 -35.977231
 -2.890265 10.998989 -30.579547
 -2.827433 9.266583 -24.731643
 -2.764602 7.851747 -20.517693
 -2.701770 6.690213 -16.310197
 -2.638938 5.807152 -12.005339
 -2.576106 5.136732 -9.710395
 -2.513274 4.559115 -8.776406
 -2.450442 4.022859 -8.408802
 -2.387610 3.510707 -7.732721
 -2.324779 3.061537 -6.608896
 -2.261947 2.688449 -5.096969
 -2.199115 2.439039 -2.950051
 -2.136283 2.281666 -2.394119
 -2.073451 2.132023 -2.204511
 -2.010619 2.027401 -1.254379
 -1.947787 1.926688 -2.306060
 -1.884956 1.747134 -3.267420
 -1.822124 1.520555 -3.908617
 -1.759292 1.266487 -4.353430
 -1.696460 0.955291 -5.405960
 -1.633628 0.638592 -4.396438
 -1.570796 0.399046 -3.577748
 -1.507964 0.159669 -4.055327
 -1.445133 -0.097426 -4.058088
 -1.382301 -0.316130 -2.521937
 -1.319469 -0.372160 0.901877
 -1.256637 -0.195287 4.568124
 -1.193805 0.175109 7.038675
 -1.130973 0.712685 10.549281
 -1.068142 1.573995 16.950971
 -1.005310 2.807542 21.892854
 -0.942478 4.306105 25.329098
 -0.879646 5.962302 27.393834
 -0.816814 7.821564 31.999298
 -0.753982 10.009444 37.054420
 -0.691150 12.425891 38.983904
 -0.628319 14.904582 39.596208
 -0.565487 17.464741 41.534082
 -0.502655 20.125201 42.330951
 -0.439823 22.807924 42.621691
 -0.376991 25.539259 43.678819
 -0.314159 28.262593 41.998738
 -0.251327 30.896150 41.373927
 -0.188496 33.430084 38.565516
 -0.125664 35.789798 34.868806
 -0.062832 37.543843 20.169205
 0.000000 38.926817 30.553583
 0.062832 42.084645 73.300493
 0.125664 48.418709 128.479860
 0.188496 58.923073 184.364127
 0.251327 inf nan
 0.314159 inf nan
 0.376991 inf nan
 0.439823 inf nan
 0.502655 inf nan
 0.565487 inf nan
 0.628319 inf nan
 0.691150 inf nan
 0.753982 inf nan
 0.816814 inf nan
 0.879646 inf nan
 0.942478 inf nan
 1.005310 inf nan
 1.068142 inf nan
 1.130973 inf nan
 1.193805 inf nan
 1.256637 inf nan
 1.319469 inf nan
 1.382301 inf nan
 1.445133 inf nan
 1.507964 inf nan
 1.570796 inf nan
 1.633628 inf nan
 1.696460 inf nan
 1.759292 inf nan
 1.822124 inf nan
 1.884956 inf nan
 1.947787 inf nan
 2.010619 inf nan
 2.073451 inf nan
 2.136283 inf nan
 2.199115 inf nan
 2.261947 inf nan
 2.324779 inf nan
 2.387610 inf nan
 2.450442 inf nan
 2.513274 inf nan
 2.576106 inf nan
 2.638938 70.089072 -238.880097
 2.701770 56.883047 -178.751600
 2.764602 47.477552 -121.515013
 2.827433 41.344064 -77.294250
 2.890265 37.103543 -63.178227
 2.953097 33.039731 -66.138788
 3.015929 28.914873 -64.167518
 3.078761 25.034163 -59.282267
