#! FIELDS phi2 file.free der_phi2
#! SET min_phi2 -pi
#! SET max_phi2 pi
#! SET nbins_phi2  500
#! SET periodic_phi2 true
   -3.141592654   40.924399931   -0.446060631
   -3.129026283   40.924364123    0.465547898
   -3.116459912   40.936236960    1.424805773
   -3.103893542   40.960137589    2.381408030
   -3.091327171   40.996001730    3.315252169
   -3.078760801   41.043752083    4.294163812
   -3.066194430   41.103666428    5.255918576
   -3.053628059   41.175782948    6.213376584
   -3.041061689   41.259797809    7.177734629
   -3.028495318   41.355938210    8.114871486
   -3.015928947   41.463953830    9.075898294
   -3.003362577   41.583898727   10.008813970
   -2.990796206   41.715526058   10.951364119
   -2.978229836   41.858746751   11.819939316
   -2.965663465   42.013090809   12.739569074
   -2.953097094   42.179020727   13.672896748
   -2.940530724   42.356551668   14.572694805
   -2.927964353   42.544568436   15.367318123
   -2.915397983   42.743000918   16.218528933
   -2.902831612   42.951954484   17.029794316
   -2.890265241   43.170916886   17.813380776
   -2.877698871   43.399473284   18.551502305
   -2.865132500   43.636969693   19.239224930
   -2.852566129   43.882784913   19.872712401
   -2.839999759   44.136043937   20.454626360
   -2.827433388   44.396281192   20.949875791
   -2.814867018   44.662563334   21.441789416
   -2.802300647   44.934787840   21.866263854
   -2.789734276   45.211985124   22.226477676
   -2.777167906   45.492781859   22.444121385
   -2.764601535   45.776134619   22.632493380
   -2.752035165   46.061349904   22.725940354
   -2.739468794   46.347209448   22.771394837
   -2.726902423   46.633345159   22.764786337
   -2.714336053   46.919113353   22.693950702
   -2.701769682   47.203585435   22.549765707
   -2.689203311   47.485015206   22.271525863
   -2.676636941   47.763053156   21.944088760
   -2.664070570   48.036317987   21.552127662
   -2.651504200   48.303921674   21.026636831
   -2.638937829   48.564970073   20.507838478
   -2.626371458   48.818994819   19.897760586
   -2.613805088   49.065037280   19.257545563
   -2.601238717   49.302504068   18.523584102
   -2.588672347   49.530137036   17.713420394
   -2.576105976   49.747438492   16.872327724
   -2.563539605   49.953634542   15.908241652
   -2.550973235   50.147584968   14.939684453
   -2.538406864   50.328911677   13.931532284
   -2.525840493   50.497357672   12.881166549
   -2.513274123   50.652552016   11.800234307
   -2.500707752   50.794123226   10.728968047
   -2.488141382   50.921967809    9.600521977
   -2.475575011   51.035480159    8.461681276
   -2.463008640   51.134508310    7.282596342
   -2.450442270   51.218292075    6.068656288
   -2.437875899   51.287313349    4.911953666
   -2.425309529   51.341462050    3.701309601
   -2.412743158   51.380199320    2.466791835
   -2.400176787   51.403558862    1.256342633
   -2.387610417   51.411567895    0.045208903
   -2.375044046   51.404332752   -1.204356636
   -2.362477675   51.381306679   -2.459043175
   -2.349911305   51.342607751   -3.752887001
   -2.337344934   51.287825027   -4.987615708
   -2.324778564   51.217593202   -6.235774425
   -2.312212193   51.131366210   -7.473950509
   -2.299645822   51.029665448   -8.718312680
   -2.287079452   50.912081933  -10.008177141
   -2.274513081   50.778386011  -11.246687062
   -2.261946711   50.629443367  -12.460729147
   -2.249380340   50.464904141  -13.694974706
   -2.236813969   50.285332011  -14.910657701
   -2.224247599   50.090165432  -16.128815548
   -2.211681228   49.880088133  -17.316374878
   -2.199114858   49.654691945  -18.569310547
   -2.186548487   49.413808787  -19.767235822
   -2.173982116   49.157636527  -20.971071562
   -2.161415746   48.886812179  -22.132398930
   -2.148849375   48.601352715  -23.289127319
   -2.136283004   48.301349074  -24.470880454
   -2.123716634   47.986664559  -25.590989730
   -2.111150263   47.657967570  -26.714643200
   -2.098583893   47.315359518  -27.836576424
   -2.086017522   46.958629865  -28.950700678
   -2.073451151   46.587905386  -30.069525169
   -2.060884781   46.203099730  -31.193022245
   -2.048318410   45.804193212  -32.284274637
   -2.035752040   45.391721782  -33.382200785
   -2.023185669   44.965381846  -34.460225243
   -2.010619298   44.525905813  -35.517497291
   -1.998052928   44.072980077  -36.535927095
   -1.985486557   43.607308329  -37.563720204
   -1.972920186   43.129233887  -38.529789858
   -1.960353816   42.638849368  -39.515971613
   -1.947787445   42.135997832  -40.531401609
   -1.935221075   41.620327217  -41.548810012
   -1.922654704   41.092225559  -42.499366524
   -1.910088333   40.552080978  -43.479829123
   -1.897521963   39.999239783  -44.524352984
   -1.884955592   39.433744431  -45.478292990
   -1.872389222   38.856502734  -46.406623214
   -1.859822851   38.267554748  -47.317816165
   -1.847256480   37.667086147  -48.265778787
   -1.834690110   37.054842108  -49.194505244
   -1.822123739   36.430887025  -50.102642356
   -1.809557368   35.795120199  -51.056096380
   -1.796990998   35.147545220  -51.996128774
   -1.784424627   34.488784053  -52.837379307
   -1.771858257   33.819599211  -53.671114287
   -1.759291886   33.139713271  -54.530208099
   -1.746725515   32.449296776  -55.362636807
   -1.734159145   31.748769534  -56.133503105
   -1.721592774   31.038950725  -56.848835829
   -1.709026404   30.319757722  -57.594778326
   -1.696460033   29.591242981  -58.310555228
   -1.683893662   28.854748951  -58.902560031
   -1.671327292   28.111288703  -59.432857485
   -1.658760921   27.361553781  -59.911031373
   -1.646194550   26.605492550  -60.372150364
   -1.633628180   25.844193539  -60.764823221
   -1.621061809   25.078563944  -61.041750254
   -1.608495439   24.310071447  -61.237061659
   -1.595929068   23.539904315  -61.328736578
   -1.583362697   22.768744839  -61.405049355
   -1.570796327   21.997100008  -61.383825457
   -1.558229956   21.226314834  -61.265536267
   -1.545663586   20.457780278  -61.026937151
   -1.533097215   19.692677816  -60.732441132
   -1.520530844   18.931941517  -60.332172578
   -1.507964474   18.176756752  -59.840768695
   -1.495398103   17.428408605  -59.272968570
   -1.482831732   16.687576857  -58.614331514
   -1.470265362   15.955416201  -57.874055642
   -1.457698991   15.233368093  -57.025642846
   -1.445132621   14.521693106  -56.195984201
   -1.432566250   13.821405394  -55.246887299
   -1.419999879   13.133360160  -54.234089365
   -1.407433509   12.458467110  -53.150492456
   -1.394867138   11.797466044  -52.014114158
   -1.382300768   11.151528954  -50.803450560
   -1.369734397   10.520838571  -49.557770897
   -1.357168026    9.906268804  -48.248090968
   -1.344601656    9.308319742  -46.905028487
   -1.332035285    8.727741863  -45.479321741
   -1.319468915    8.164978916  -44.062415909
   -1.306902544    7.620488509  -42.591699680
   -1.294336173    7.094184312  -41.131583334
   -1.281769803    6.586358183  -39.680819049
   -1.269203432    6.097378035  -38.146723426
   -1.256637061    5.627518189  -36.638519796
   -1.244070691    5.176417645  -35.139405227
   -1.231504320    4.743853547  -33.667009810
   -1.218937950    4.330225329  -32.165875226
   -1.206371579    3.935461167  -30.652485794
   -1.193805208    3.559694150  -29.132620256
   -1.181238838    3.203183704  -27.602301837
   -1.168672467    2.865656048  -26.122382937
   -1.156106097    2.546639647  -24.625706225
   -1.143539726    2.246908829  -23.082166903
   -1.130973355    1.966320640  -21.574029501
   -1.118406985    1.704597762  -20.062536979
   -1.105840614    1.461706883  -18.582982655
   -1.093274243    1.237464371  -17.087485713
   -1.080707873    1.032112722  -15.613522247
   -1.068141502    0.845624510  -14.067317023
   -1.055575132    0.678157783  -12.591767399
   -1.043008761    0.529277422  -11.099918284
   -1.030442390    0.399189546   -9.620186583
   -1.017876020    0.287474540   -8.196963873
   -1.005309649    0.193983278   -6.696160648
   -0.992743279    0.118997209   -5.266177103
   -0.980176908    0.061796145   -3.829701823
   -0.967610537    0.023004945   -2.350938058
   -0.955044167    0.002531657   -0.923323148
   -0.942477796    0.000000000    0.520778268
   -0.929911425    0.015123190    1.869842734
   -0.917345055    0.047100652    3.226301624
   -0.904778684    0.096281220    4.585112350
   -0.892212314    0.162766826    5.963994971
   -0.879645943    0.246172162    7.301997442
   -0.867079572    0.346359006    8.640033501
   -0.854513202    0.463118069    9.940941453
   -0.841946831    0.596098940   11.197650724
   -0.829380461    0.744629581   12.420785052
   -0.816814090    0.908613756   13.676874045
   -0.804247719    1.087970856   14.857832219
   -0.791681349    1.281859496   16.001296843
   -0.779114978    1.489926709   17.106758068
   -0.766548607    1.711798038   18.205704901
   -0.753982237    1.947437234   19.304814448
   -0.741415866    2.196889264   20.376297602
   -0.728849496    2.459686880   21.440325674
   -0.716283125    2.735304911   22.413900345
   -0.703716754    3.022569580   23.332076742
   -0.691150384    3.321400161   24.199986204
   -0.678584013    3.631003026   25.056417670
   -0.666017643    3.950927318   25.881262699
   -0.653451272    4.281406110   26.695853028
   -0.640884901    4.621697729   27.478924861
   -0.628318531    4.971758816   28.226731136
   -0.615752160    5.331557976   29.029574364
   -0.603185789    5.700894608   29.719613067
   -0.590619419    6.079145178   30.473697090
   -0.578053048    6.466216753   31.168845832
   -0.565486678    6.862473852   31.915592434
   -0.552920307    7.267954342   32.595107247
   -0.540353936    7.682197963   33.348422308
   -0.527787566    8.105748998   34.039261205
   -0.515221195    8.538099480   34.767372377
   -0.502654825    8.979698456   35.510505017
   -0.490088454    9.430592141   36.259061791
   -0.477522083    9.890992444   37.020068148
   -0.464955713   10.360965819   37.760305909
   -0.452389342   10.840186952   38.535621434
   -0.439822972   11.329463598   39.338128834
   -0.427256601   11.828822690   40.105073046
   -0.414690230   12.337569171   40.847072960
   -0.402123860   12.855647498   41.640958832
   -0.389557489   13.383931944   42.427503944
   -0.376991118   13.921790484   43.157622983
   -0.364424748   14.468925951   43.919170731
   -0.351858377   15.025452517   44.623337781
   -0.339292007   15.590196124   45.255139029
   -0.326725636   16.162621779   45.824801458
   -0.314159265   16.742061746   46.395101334
   -0.301592895   17.327680809   46.854065681
   -0.289026524   17.918894776   47.241232153
   -0.276460154   18.514793273   47.587152415
   -0.263893783   19.114615790   47.858791495
   -0.251327412   19.717235491   48.049000748
   -0.238761042   20.321198839   48.065282853
   -0.226194671   20.924819476   47.988169371
   -0.213628300   21.526636130   47.795651735
   -0.201061930   22.125308096   47.453851203
   -0.188495559   22.718904689   46.996523088
   -0.175929189   23.305244084   46.307857131
   -0.163362818   23.882262035   45.496093937
   -0.150796447   24.448071407   44.524310397
   -0.138230077   25.000383585   43.347538047
   -0.125663706   25.537002269   42.014197867
   -0.113097336   26.055916654   40.549025281
   -0.100530965   26.555418457   38.925070385
   -0.087964594   27.033331205   37.127504386
   -0.075398224   27.486995783   35.091227595
   -0.062831853   27.914350049   32.878392280
   -0.050265482   28.312660970   30.488636005
   -0.037699112   28.680467497   28.023530693
   -0.025132741   29.015997660   25.382531703
   -0.012566371   29.318038838   22.663162287
    0.000000000   29.585065635   19.813339606
    0.012566371   29.815643200   16.864045787
    0.025132741   30.007948730   13.736692742
    0.037699112   30.160985039   10.608301702
    0.050265482   30.274125092    7.379444854
    0.062831853   30.346392662    4.074674356
    0.075398224   30.376865737    0.797832456
    0.087964594   30.366394760   -2.446503163
    0.100530965   30.315492434   -5.649508690
    0.113097336   30.224159920   -8.899922118
    0.125663706   30.092530287  -12.050204647
    0.138230077   29.921024024  -15.219923683
    0.150796447   29.710735446  -18.222789489
    0.163362818   29.463144683  -21.141626483
    0.175929189   29.180051714  -23.913470619
    0.188495559   28.862714559  -26.585201799
    0.201061930   28.512485104  -29.129887327
    0.213628300   28.131540425  -31.457442281
    0.226194671   27.722671771  -33.590446301
    0.238761042   27.287751822  -35.606013351
    0.251327412   26.828873503  -37.438643669
    0.263893783   26.348065899  -39.054725505
    0.276460154   25.848226898  -40.480349424
    0.289026524   25.331142700  -41.771547440
    0.301592895   24.799594805  -42.799068984
    0.314159265   24.255524985  -43.753776908
    0.326725636   23.700949225  -44.459368264
    0.339292007   23.139075340  -44.964071093
    0.351858377   22.572179135  -45.247383861
    0.364424748   22.002382267  -45.393398620
    0.376991118   21.431546893  -45.397700948
    0.389557489   20.861757965  -45.227688502
    0.402123860   20.295262608  -44.907567035
    0.414690230   19.733296590  -44.493913634
    0.427256601   19.177411573  -43.934307646
    0.439822972   18.629627499  -43.244957378
    0.452389342   18.090862433  -42.480987967
    0.464955713   17.562347575  -41.645521027
    0.477522083   17.044747291  -40.733964217
    0.490088454   16.538959900  -39.736439247
    0.502654825   16.046193899  -38.692468274
    0.515221195   15.566465363  -37.642433831
    0.527787566   15.100454573  -36.567330016
    0.540353936   14.647869985  -35.444184687
    0.552920307   14.209120409  -34.354593692
    0.565486678   13.784390019  -33.239622421
    0.578053048   13.373744640  -32.118172616
    0.590619419   12.977060206  -31.032699562
    0.603185789   12.593788730  -29.982682560
    0.615752160   12.224010392  -28.889294635
    0.628318531   11.868097590  -27.765411765
    0.640884901   11.525435741  -26.775060407
    0.653451272   11.195443121  -25.752024193
    0.666017643   10.877440840  -24.828024635
    0.678584013   10.571672687  -23.824585142
    0.691150384   10.278137168  -22.900376846
    0.703716754    9.996410032  -21.936643380
    0.716283125    9.726602659  -20.995896529
    0.728849496    9.468424114  -20.082687295
    0.741415866    9.221900311  -19.150113765
    0.753982237    8.987141565  -18.227348129
    0.766548607    8.764263380  -17.256539908
    0.779114978    8.553064107  -16.344119040
    0.791681349    8.354064608  -15.322933507
    0.804247719    8.167850184  -14.306264382
    0.816814090    7.994340845  -13.297928850
    0.829380461    7.834052213  -12.218652515
    0.841946831    7.686742546  -11.199882835
    0.854513202    7.552992748  -10.081276031
    0.867079572    7.433909568   -8.856962259
    0.879645943    7.330259151   -7.617046959
    0.892212314    7.242763684   -6.309766057
    0.904778684    7.171995105   -4.943466951
    0.917345055    7.118598284   -3.555741686
    0.929911425    7.082685917   -2.161421604
    0.942477796    7.064843587   -0.689438428
    0.955044167    7.065853975    0.859825229
    0.967610537    7.086109364    2.370314137
    0.980176908    7.125674962    3.935201779
    0.992743279    7.184888925    5.504839179
    1.005309649    7.264123151    7.108904298
    1.017876020    7.363672049    8.749081717
    1.030442390    7.484004551   10.388802913
    1.043008761    7.624896662   12.038228795
    1.055575132    7.785935407   13.580760547
    1.068141502    7.966874925   15.192392184
    1.080707873    8.167234836   16.734338685
    1.093274243    8.387187388   18.273865656
    1.105840614    8.626450433   19.800438260
    1.118406985    8.884645191   21.274548541
    1.130973355    9.161101842   22.734237155
    1.143539726    9.455601365   24.139759720
    1.156106097    9.767801640   25.531179180
    1.168672467   10.096902147   26.836154042
    1.181238838   10.441930544   28.055798785
    1.193805208   10.802248338   29.275129664
    1.206371579   11.177392133   30.413791687
    1.218937950   11.566333437   31.461268156
    1.231504320   11.968246146   32.494850317
    1.244070691   12.382591190   33.432579698
    1.256637061   12.808299544   34.337140693
    1.269203432   13.245172630   35.183686112
    1.281769803   13.692783191   36.032388415
    1.294336173   14.150755323   36.836623854
    1.306902544   14.618316435   37.586141278
    1.319468915   15.095150518   38.315490912
    1.332035285   15.581418181   39.037382337
    1.344601656   16.076083830   39.703913210
    1.357168026   16.579351582   40.374085876
    1.369734397   17.091282860   41.088967365
    1.382300768   17.612092236   41.803450149
    1.394867138   18.141720845   42.518235297
    1.407433509   18.680649507   43.253655719
    1.419999879   19.228661455   43.923742013
    1.432566250   19.784714308   44.609795845
    1.445132621   20.349938925   45.349046683
    1.457698991   20.924330041   46.085300310
    1.470265362   21.508169840   46.844121347
    1.482831732   22.101817860   47.630752272
    1.495398103   22.705076086   48.411453502
    1.507964474   23.318574737   49.201165906
    1.520530844   23.941749639   49.970714475
    1.533097215   24.574574161   50.741877808
    1.545663586   25.216723844   51.466585577
    1.558229956   25.868269993   52.220360450
    1.570796327   26.528943334   52.927606795
    1.583362697   27.198510301   53.596191313
    1.595929068   27.875918400   54.214573122
    1.608495439   28.560989571   54.823633751
    1.621061809   29.253352359   55.350397895
    1.633628180   29.952270438   55.871202277
    1.646194550   30.657280156   56.310930056
    1.658760921   31.366960240   56.640983653
    1.671327292   32.080372494   56.867889072
    1.683893662   32.795906630   56.972916445
    1.696460033   33.511867084   56.987575806
    1.709026404   34.227316465   56.854725793
    1.721592774   34.940603594   56.665453168
    1.734159145   35.651237847   56.404734735
    1.746725515   36.357114456   55.945590525
    1.759291886   37.056733695   55.392311535
    1.771858257   37.748812366   54.718726902
    1.784424627   38.431893251   53.952252448
    1.796990998   39.104342774   53.067399060
    1.809557368   39.765380721   52.116229225
    1.822123739   40.413439217   51.024566894
    1.834690110   41.047229236   49.836606463
    1.847256480   41.665422606   48.562582354
    1.859822851   42.267085449   47.190082454
    1.872389222   42.851265948   45.774886280
    1.884955592   43.417156144   44.289438414
    1.897521963   43.963807740   42.710408091
    1.910088333   44.490445553   41.089845289
    1.922654704   44.996456883   39.464135816
    1.935221075   45.481750752   37.793750750
    1.947787445   45.946252863   36.109051918
    1.960353816   46.389294843   34.418898649
    1.972920186   46.810677194   32.679804774
    1.985486557   47.210824069   31.015376783
    1.998052928   47.590130173   29.336125189
    2.010619298   47.948214864   27.668395002
    2.023185669   48.285374755   25.998347090
    2.035752040   48.601925768   24.399576460
    2.048318410   48.898647388   22.829217452
    2.060884781   49.175040223   21.224340959
    2.073451151   49.432143118   19.706441480
    2.086017522   49.670486818   18.216160851
    2.098583893   49.890794432   16.833092376
    2.111150263   50.093838368   15.498222624
    2.123716634   50.280400462   14.176190806
    2.136283004   50.450557708   12.896548097
    2.148849375   50.605017873   11.694113667
    2.161415746   50.744619098   10.546621544
    2.173982116   50.869882681    9.389854346
    2.186548487   50.980872735    8.287796791
    2.199114858   51.078511884    7.261833183
    2.211681228   51.163540515    6.266201715
    2.224247599   51.235878386    5.263330587
    2.236813969   51.295659916    4.279695054
    2.249380340   51.343473832    3.339476398
    2.261946711   51.379723063    2.422499174
    2.274513081   51.404531167    1.523854340
    2.287079452   51.418373268    0.676817644
    2.299645822   51.421606140   -0.170385081
    2.312212193   51.413964314   -1.097709054
    2.324778564   51.394879267   -1.958481341
    2.337344934   51.364912774   -2.806892216
    2.349911305   51.324609106   -3.631068711
    2.362477675   51.273637406   -4.469417383
    2.375044046   51.212252470   -5.288874747
    2.387610417   51.140582717   -6.094312635
    2.400176787   51.059270069   -6.863738957
    2.412743158   50.967947484   -7.647047007
    2.425309529   50.866832579   -8.454856908
    2.437875899   50.755388897   -9.238644337
    2.450442270   50.634714847   -9.976057023
    2.463008640   50.504478477  -10.746967396
    2.475575011   50.364982860  -11.463770313
    2.488141382   50.216358527  -12.173870754
    2.500707752   50.058657966  -12.913317242
    2.513274123   49.892076092  -13.577196102
    2.525840493   49.717318961  -14.213001768
    2.538406864   49.535018436  -14.787848909
    2.550973235   49.345439423  -15.356974366
    2.563539605   49.149166505  -15.914535930
    2.576105976   48.945947311  -16.438160555
    2.588672347   48.736254905  -16.918012369
    2.601238717   48.520685072  -17.409529324
    2.613805088   48.299222550  -17.837246160
    2.626371458   48.072466451  -18.230274392
    2.638937829   47.841456209  -18.542443056
    2.651504200   47.606906265  -18.801690657
    2.664070570   47.369443080  -19.000803743
    2.676636941   47.129234950  -19.200907699
    2.689203311   46.887135324  -19.345051539
    2.701769682   46.643320555  -19.450807054
    2.714336053   46.398282207  -19.561345219
    2.726902423   46.152610308  -19.529074674
    2.739468794   45.907229514  -19.494876131
    2.752035165   45.662369802  -19.471658312
    2.764601535   45.418184643  -19.372284761
    2.777167906   45.175670791  -19.236861021
    2.789734276   44.935404268  -18.993250180
    2.802300647   44.698133014  -18.763627339
    2.814867018   44.463972122  -18.512145582
    2.827433388   44.233449864  -18.169053504
    2.839999759   44.007349122  -17.811383897
    2.852566129   43.785975705  -17.393892704
    2.865132500   43.570026017  -16.982692911
    2.877698871   43.359431057  -16.539822472
    2.890265241   43.154643900  -16.056975805
    2.902831612   42.956533373  -15.468546828
    2.915397983   42.765963635  -14.859591839
    2.927964353   42.583115804  -14.230964070
    2.940530724   42.408002522  -13.605430837
    2.953097094   42.241131235  -12.948983537
    2.965663465   42.082904443  -12.237882969
    2.978229836   41.933776075  -11.513418866
    2.990796206   41.793882429  -10.790366828
    3.003362577   41.663389908   -9.994297602
    3.015928947   41.542816694   -9.203396715
    3.028495318   41.432003056   -8.413954413
    3.041061689   41.331698080   -7.552781706
    3.053628059   41.242291232   -6.668832193
    3.066194430   41.164038714   -5.805809678
    3.078760801   41.096247988   -4.957221377
    3.091327171   41.039534597   -4.057887478
    3.103893542   40.993914320   -3.224206587
    3.116459912   40.959079683   -2.315389999
    3.129026283   40.935984559   -1.364895580
