#! FIELDS psi2 ffpsi2 dffpsi2_psi2
#! SET min_psi2 -pi
#! SET max_psi2 pi
#! SET nbins_psi2  100
#! SET periodic_psi2 true
 -3.141593 14.138403 34.213562
 -3.078761 15.951091 23.505997
 -3.015929 17.380792 24.271756
 -2.953097 19.021513 25.702604
 -2.890265 20.520320 23.167619
 -2.827433 22.075885 25.390162
 -2.764602 23.421720 14.355958
 -2.701770 23.639598 -7.898880
 -2.638938 22.688754 -19.506492
 -2.576106 21.459077 -17.487844
 -2.513274 20.677345 -8.616353
 -2.450442 19.729901 -27.302340
 -2.387610 17.641078 -30.710670
 -2.324779 16.189893 -18.705704
 -2.261947 15.079628 -14.710889
 -2.199115 14.333289 -13.389883
 -2.136283 13.137755 -19.826945
 -2.073451 12.333903 -9.119576
 -2.010619 11.198004 -24.981118
 -1.947787 10.056246 -10.083888
 -1.884956 9.517857 -8.321902
 -1.822124 9.288528 1.985866
 -1.759292 9.526807 2.348868
 -1.696460 9.276313 -10.164696
 -1.633628 8.491139 -13.569499
 -1.570796 7.796801 -5.915702
 -1.507964 7.779398 2.499863
 -1.445133 7.971947 6.436289
 -1.382301 8.707357 11.120237
 -1.319469 8.336041 -20.804912
 -1.256637 7.380741 -3.146094
 -1.193805 7.899585 14.556062
 -1.130973 8.641746 8.355773
 -1.068142 9.157112 9.230440
 -1.005310 9.747093 8.638742
 -0.942478 10.212286 4.542764
 -0.879646 10.163229 -3.404306
 -0.816814 10.207876 4.224240
 -0.753982 10.144672 -9.616506
 -0.691150 9.225857 -15.514526
 -0.628319 8.643462 -1.377946
 -0.565487 8.824858 2.633938
 -0.502655 8.595144 -8.705658
 -0.439823 8.293821 2.133662
 -0.376991 8.467708 -2.956589
 -0.314159 8.026733 -5.891636
 -0.251327 7.767698 -5.570635
 -0.188496 7.298274 -6.759110
 -0.125664 7.077185 -0.958219
 -0.062832 7.145082 3.970071
 0.000000 7.628197 10.518067
 0.062832 8.226044 5.851985
 0.125664 8.265705 -3.253694
 0.188496 7.749066 -14.624551
 0.251327 6.901492 -5.754893
 0.314159 7.397130 19.770310
 0.376991 8.725242 14.832954
 0.439823 8.589474 -16.992258
 0.502655 7.366457 -16.929527
 0.565487 6.817415 -0.462627
 0.628319 6.981417 1.744404
 0.691150 6.824997 -4.249038
 0.753982 6.767549 0.957577
 0.816814 6.579926 -7.041036
 0.879646 6.089262 -8.057636
 0.942478 5.569325 -8.534906
 1.005310 4.979766 -9.865926
 1.068142 4.519916 -2.938289
 1.130973 4.728325 9.240680
 1.193805 5.602039 17.488132
 1.256637 6.568152 9.172625
 1.319469 6.582111 -6.883952
 1.382301 5.801636 -19.598244
 1.445133 4.347068 -19.976540
 1.507964 3.978927 9.410770
 1.570796 4.964743 12.740524
 1.633628 4.913336 -12.273012
 1.696460 3.955467 -14.198306
 1.759292 3.387453 -4.754965
 1.822124 3.101436 -5.897352
 1.884956 2.569372 -10.810971
 1.947787 1.873798 -10.805775
 2.010619 1.198988 -9.803315
 2.073451 0.795496 -3.965867
 2.136283 0.391250 -9.047288
 2.199115 0.006085 -1.282595
 2.261947 0.099067 1.505561
 2.324779 0.023735 -3.922284
 2.387610 -0.442543 -10.166054
 2.450442 -0.782868 2.496042
 2.513274 -0.159405 15.747961
 2.576106 1.094284 22.328969
 2.638938 2.312864 15.534172
 2.701770 3.093430 8.619748
 2.764602 3.386364 3.569569
 2.827433 3.925224 10.869954
 2.890265 4.221650 3.089580
 2.953097 5.378487 37.745756
 3.015929 8.681643 58.636998
 3.078761 11.768386 39.768699
