#! FIELDS psi2 ffpsi2 dffpsi2_psi2
#! SET min_psi2 -pi
#! SET max_psi2 pi
#! SET nbins_psi2  100
#! SET periodic_psi2 true
 -3.141593 16.242146 46.156782
 -3.078761 19.239657 47.601186
 -3.015929 22.339476 50.954412
 -2.953097 25.647175 52.568106
 -2.890265 28.994568 53.659984
 -2.827433 32.508674 56.829928
 -2.764602 36.087567 54.907705
 -2.701770 39.476023 52.650179
 -2.638938 42.995525 59.653844
 -2.576106 47.078913 69.326907
 -2.513274 52.098344 91.784341
 -2.450442 59.259451 133.790894
 -2.387610 69.654232 187.168403
 -2.324779 inf nan
 -2.261947 inf nan
 -2.199115 inf nan
 -2.136283 inf nan
 -2.073451 inf nan
 -2.010619 inf nan
 -1.947787 inf nan
 -1.884956 inf nan
 -1.822124 70.729587 -192.211074
 -1.759292 60.617308 -129.691245
 -1.696460 54.404918 -68.615098
 -1.633628 51.735983 -21.676446
 -1.570796 50.418145 -28.443485
 -1.507964 48.488707 -27.947453
 -1.445133 47.055025 -18.641054
 -1.382301 45.905132 -19.359352
 -1.319469 44.590417 -24.475843
 -1.256637 42.509263 -39.993947
 -1.193805 40.024284 -37.400161
 -1.130973 37.844138 -31.948694
 -1.068142 36.020178 -26.130815
 -1.005310 34.516420 -22.514177
 -0.942478 33.115246 -21.932685
 -0.879646 31.820396 -19.214075
 -0.816814 30.655671 -18.286758
 -0.753982 29.481827 -19.331706
 -0.691150 28.193876 -22.126829
 -0.628319 26.666300 -26.084844
 -0.565487 25.001748 -26.608527
 -0.502655 23.306477 -27.564797
 -0.439823 21.551584 -27.927408
 -0.376991 19.861643 -24.889500
 -0.314159 18.599654 -14.811798
 -0.251327 17.661920 -19.004277
 -0.188496 16.418081 -15.321506
 -0.125664 15.893052 -4.491398
 -0.062832 15.464287 -9.928027
 0.000000 14.714962 -14.382167
 0.062832 13.584454 -18.512911
 0.125664 13.034401 3.016037
 0.188496 13.305997 -3.985902
 0.251327 12.553548 -12.290946
 0.314159 12.216604 1.530226
 0.376991 12.495405 3.233365
 0.439823 12.356044 -5.251953
 0.502655 12.074326 -6.072461
 0.565487 11.218648 -19.506697
 0.628319 10.241146 -7.924661
 0.691150 10.188421 2.229563
 0.753982 9.989102 -11.249767
 0.816814 8.610732 -29.032282
 0.879646 7.380166 -3.664425
 0.942478 8.234740 25.016063
 1.005310 9.175014 -1.265063
 1.068142 8.736695 -6.167626
 1.130973 8.618303 0.898745
 1.193805 8.591070 -2.957020
 1.256637 8.328224 -4.417671
 1.319469 7.983493 -7.042599
 1.382301 7.575457 -5.663372
 1.445133 7.174988 -6.428149
 1.507964 6.935297 -1.755450
 1.570796 6.674387 -8.114404
 1.633628 6.010537 -11.760703
 1.696460 5.155102 -16.304112
 1.759292 4.087620 -15.339028
 1.822124 3.436667 -5.496002
 1.884956 3.182788 -4.367345
 1.947787 2.833579 -6.430552
 2.010619 2.437074 -5.987173
 2.073451 2.037273 -6.873294
 2.136283 1.592508 -8.033555
 2.199115 0.998283 -9.464895
 2.261947 0.479396 -8.532301
 2.324779 -0.343055 -20.368198
 2.387610 -2.130049 -30.207023
 2.450442 -3.095224 4.210181
 2.513274 -1.696670 33.552839
 2.576106 0.060589 21.134594
 2.638938 1.527131 26.984395
 2.701770 3.222360 22.014990
 2.764602 4.199829 13.531716
 2.827433 5.310623 21.128594
 2.890265 6.845046 29.033241
 2.953097 9.001200 37.758160
 3.015929 11.375217 36.794938
 3.078761 13.640086 36.427250
