#! FIELDS psi4 ffpsi4 dffpsi4_psi4
#! SET min_psi4 -pi
#! SET max_psi4 pi
#! SET nbins_psi4  100
#! SET periodic_psi4 true
 -3.141593 4.388173 19.092968
 -3.078761 5.687181 20.738872
 -3.015929 7.019854 23.123849
 -2.953097 8.690858 29.163179
 -2.890265 10.564264 29.399932
 -2.827433 12.264469 24.253012
 -2.764602 13.803986 25.574351
 -2.701770 15.384582 23.129750
 -2.638938 16.712000 19.200087
 -2.576106 17.817663 17.617317
 -2.513274 19.222441 26.322627
 -2.450442 20.679699 17.861851
 -2.387610 21.723948 17.900077
 -2.324779 22.887952 16.821683
 -2.261947 24.048567 24.059880
 -2.199115 25.810916 26.501716
 -2.136283 27.138754 16.633114
 -2.073451 27.904021 10.022002
 -2.010619 28.681263 10.997697
 -1.947787 28.783062 -5.666559
 -1.884956 28.485113 -3.347419
 -1.822124 27.381299 -39.766116
 -1.759292 24.861605 -26.273561
 -1.696460 24.567396 12.019702
 -1.633628 24.874730 -9.567565
 -1.570796 24.083938 -12.024178
 -1.507964 23.241075 -13.741429
 -1.445133 22.457599 -15.141909
 -1.382301 20.935813 -31.304568
 -1.319469 18.882790 -31.531982
 -1.256637 17.094160 -26.707988
 -1.193805 15.491675 -23.561155
 -1.130973 13.949845 -27.535696
 -1.068142 12.154511 -27.705079
 -1.005310 10.453212 -27.225367
 -0.942478 8.840261 -22.916427
 -0.879646 7.507643 -20.643166
 -0.816814 6.243000 -19.172311
 -0.753982 5.140689 -15.596160
 -0.691150 4.269860 -12.545739
 -0.628319 3.556481 -9.965925
 -0.565487 3.028092 -6.964703
 -0.502655 2.655135 -5.146186
 -0.439823 2.377877 -3.558621
 -0.376991 2.224258 -1.259645
 -0.314159 2.233684 1.484947
 -0.251327 2.360895 1.941330
 -0.188496 2.466164 1.823131
 -0.125664 2.634535 3.488750
 -0.062832 2.889060 4.349546
 0.000000 3.174753 4.916345
 0.062832 3.502532 5.123873
 0.125664 3.822649 5.222072
 0.188496 4.148398 4.897379
 0.251327 4.438564 4.330839
 0.314159 4.696861 3.959959
 0.376991 4.942786 3.399741
 0.439823 5.050157 -0.179254
 0.502655 4.977730 -1.599923
 0.565487 4.888463 -1.138880
 0.628319 4.847068 -0.298489
 0.691150 4.828635 -0.409840
 0.753982 4.810728 0.022400
 0.816814 4.836008 0.470502
 0.879646 4.826640 -0.902922
 0.942478 4.784281 0.287357
 1.005310 4.893705 2.711557
 1.068142 5.085046 3.567263
 1.130973 5.371336 5.113507
 1.193805 5.660749 4.234832
 1.256637 5.990232 6.298904
 1.319469 6.372661 5.455508
 1.382301 6.723709 5.855962
 1.445133 7.069777 4.979205
 1.507964 7.387390 5.237146
 1.570796 7.677852 3.136453
 1.633628 7.758425 0.334719
 1.696460 7.838386 1.863934
 1.759292 7.827067 -3.308084
 1.822124 7.495020 -5.770161
 1.884956 7.234672 -2.515704
 1.947787 7.064723 -3.968247
 2.010619 6.708051 -7.146692
 2.073451 6.173296 -10.012342
 2.136283 5.453908 -12.719519
 2.199115 4.628295 -13.044186
 2.261947 3.857415 -11.315092
 2.324779 3.186754 -10.732632
 2.387610 2.472365 -11.399313
 2.450442 1.832245 -9.009796
 2.513274 1.330106 -6.692831
 2.576106 1.012845 -3.731297
 2.638938 0.806411 -3.107955
 2.701770 0.657224 -0.970450
 2.764602 0.708385 1.872623
 2.827433 0.846362 3.222128
 2.890265 1.218593 8.588927
 2.953097 1.856711 11.196157
 3.015929 2.616042 12.725432
 3.078761 3.407031 12.730924
