#! FIELDS phi3 ffphi3 dffphi3_phi3
#! SET min_phi3 -pi
#! SET max_phi3 pi
#! SET nbins_phi3  100
#! SET periodic_phi3 true
 -3.141593 25.772234 -45.528834
 -3.078761 22.424708 -66.346724
 -3.015929 17.239859 -85.897548
 -2.953097 13.119165 -40.256925
 -2.890265 12.344104 13.949784
 -2.827433 13.079211 -28.744483
 -2.764602 9.219706 -59.048038
 -2.701770 7.039861 -9.704857
 -2.638938 7.666059 21.990633
 -2.576106 8.092570 -17.174648
 -2.513274 6.380281 -27.033641
 -2.450442 5.247123 -10.368277
 -2.387610 4.631988 -11.380753
 -2.324779 3.800030 -14.865153
 -2.261947 2.880068 -12.910133
 -2.199115 2.198206 -9.988848
 -2.136283 1.681153 -3.781901
 -2.073451 1.838427 4.214365
 -2.010619 1.486740 -12.059619
 -1.947787 1.228512 5.162215
 -1.884956 1.509186 -1.641218
 -1.822124 1.284758 -0.477654
 -1.759292 1.328980 -5.410114
 -1.696460 0.307916 -19.092212
 -1.633628 -0.161527 5.675255
 -1.570796 0.518418 6.781979
 -1.507964 -0.110289 -21.745436
 -1.445133 -1.175984 -7.607769
 -1.382301 -0.781223 20.588163
 -1.319469 0.904618 24.672853
 -1.256637 2.033812 15.931332
 -1.193805 2.946699 8.558758
 -1.130973 3.013963 -2.039314
 -1.068142 3.464465 20.871896
 -1.005310 5.008143 2.652144
 -0.942478 3.112045 -31.670960
 -0.879646 2.643909 14.852951
 -0.816814 3.154849 -17.981187
 -0.753982 1.933132 -2.080776
 -0.691150 3.671684 58.383056
 -0.628319 9.292551 120.168840
 -0.565487 18.193318 140.570102
 -0.502655 22.988917 38.453973
 -0.439823 26.339614 57.282113
 -0.376991 28.298389 7.511844
 -0.314159 29.278476 32.290886
 -0.251327 32.163753 45.895447
 -0.188496 33.636186 11.692693
 -0.125664 35.156505 39.204497
 -0.062832 38.033350 41.640129
 0.000000 39.647826 15.549694
 0.062832 40.519012 8.194913
 0.125664 40.327553 -9.341553
 0.188496 40.141985 3.862809
 0.251327 39.993244 -15.886273
 0.314159 38.238696 -35.667482
 0.376991 35.833459 -39.330205
 0.439823 33.426535 -36.523007
 0.502655 31.305895 -31.469989
 0.565487 29.299556 -33.583984
 0.628319 27.104995 -35.568626
 0.691150 24.786210 -38.632396
 0.753982 22.353735 -37.449215
 0.816814 20.294031 -26.324510
 0.879646 19.061165 -14.850817
 0.942478 18.202169 -12.352288
 1.005310 17.662752 -4.694576
 1.068142 17.414060 -4.155623
 1.130973 17.457537 9.837413
 1.193805 18.937702 35.866149
 1.256637 21.266524 32.177203
 1.319469 23.191676 34.710616
 1.382301 25.898214 49.025280
 1.445133 28.932352 45.675953
 1.507964 31.965791 53.460690
 1.570796 35.679629 61.018397
 1.633628 39.538554 63.165989
 1.696460 43.977589 76.404212
 1.759292 48.757802 69.616171
 1.822124 52.727561 54.323396
 1.884956 56.048648 52.692953
 1.947787 59.600892 59.743788
 2.010619 63.421652 57.523116
 2.073451 66.680931 45.413436
 2.136283 69.295051 36.689384
 2.199115 71.361025 27.886043
 2.261947 72.463893 4.896119
 2.324779 72.113904 -15.111235
 2.387610 70.614822 -32.407966
 2.450442 68.017767 -49.999667
 2.513274 64.402794 -64.110157
 2.576106 60.116146 -71.544724
 2.638938 55.535686 -71.851623
 2.701770 51.308010 -64.215299
 2.764602 46.830883 -79.714593
 2.827433 42.020947 -68.091686
 2.890265 38.469740 -44.627111
 2.953097 36.176739 -36.980601
 3.015929 32.521554 -73.173693
 3.078761 28.550809 -49.454276
