#! FIELDS psi4 ffpsi4 dffpsi4_psi4
#! SET min_psi4 -pi
#! SET max_psi4 pi
#! SET nbins_psi4  100
#! SET periodic_psi4 true
 -3.141593 5.101091 45.619200
 -3.078761 7.991135 37.257497
 -3.015929 9.417076 14.044001
 -2.953097 10.558047 25.960092
 -2.890265 12.850704 44.049970
 -2.827433 15.172909 24.622524
 -2.764602 16.767750 33.955759
 -2.701770 19.628424 52.311657
 -2.638938 22.414103 27.410413
 -2.576106 22.710818 -7.194397
 -2.513274 23.145589 26.075388
 -2.450442 25.742705 45.461155
 -2.387610 26.551795 -26.846484
 -2.324779 23.753629 -46.602113
 -2.261947 21.964361 -7.343061
 -2.199115 22.546129 19.332183
 -2.136283 23.667067 13.778311
 -2.073451 23.823071 -9.082203
 -2.010619 23.391341 -1.522128
 -1.947787 23.016494 -15.376231
 -1.884956 21.902450 -13.702210
 -1.822124 21.651813 5.153444
 -1.759292 22.104372 3.901488
 -1.696460 22.011231 -4.811617
 -1.633628 20.796002 -42.484400
 -1.570796 17.428370 -52.712517
 -1.507964 15.044600 -21.039945
 -1.445133 14.492073 -2.259217
 -1.382301 14.237835 -7.138613
 -1.319469 13.391509 -20.361359
 -1.256637 12.089177 -17.089588
 -1.193805 11.283188 -11.888147
 -1.130973 10.255270 -19.586673
 -1.068142 9.336035 -6.467575
 -1.005310 9.325822 1.104953
 -0.942478 8.721217 -23.177939
 -0.879646 7.015075 -22.741774
 -0.816814 6.356439 -0.611215
 -0.753982 6.088565 -12.088187
 -0.691150 5.322433 -7.604453
 -0.628319 5.060342 -5.255818
 -0.565487 4.292546 -17.195727
 -0.502655 3.528771 -3.496637
 -0.439823 3.801355 8.749361
 -0.376991 4.146286 -0.684897
 -0.314159 3.773081 -8.198774
 -0.251327 3.292504 -7.071804
 -0.188496 2.948519 -4.634868
 -0.125664 2.506358 -8.090360
 -0.062832 2.388279 5.942779
 0.000000 3.142059 17.030133
 0.062832 4.439706 21.722386
 0.125664 5.405387 8.574253
 0.188496 5.909195 7.792741
 0.251327 5.931247 -7.769022
 0.314159 5.571417 0.317453
 0.376991 5.844134 3.390229
 0.439823 5.497894 -13.201681
 0.502655 4.741452 -7.699186
 0.565487 4.633598 3.777440
 0.628319 4.979882 2.574758
 0.691150 4.185182 -27.447941
 0.753982 2.666337 -13.416533
 0.816814 2.727372 13.057734
 0.879646 3.606028 9.337027
 0.942478 4.179530 13.358008
 1.005310 4.834150 0.602120
 1.068142 4.578451 -1.408779
 1.130973 5.011143 13.952857
 1.193805 6.125881 19.803629
 1.256637 6.941573 1.225849
 1.319469 6.459186 -11.980149
 1.382301 5.996952 1.791502
 1.445133 6.923821 25.257810
 1.507964 8.548339 23.239553
 1.570796 9.955966 21.627827
 1.633628 10.705081 -1.165378
 1.696460 10.142731 -18.127318
 1.759292 7.889492 -45.125970
 1.822124 6.062175 -7.599813
 1.884956 6.727943 20.916880
 1.947787 7.620391 6.522094
 2.010619 7.816924 -3.579416
 2.073451 6.931415 -17.346654
 2.136283 6.297255 -4.920498
 2.199115 5.938781 -6.487588
 2.261947 5.415728 -11.960238
 2.324779 4.578672 -10.987948
 2.387610 4.290725 -0.332312
 2.450442 3.408763 -36.229933
 2.513274 0.830060 -32.243150
 2.576106 0.041002 6.312786
 2.638938 0.900512 10.206528
 2.701770 0.316235 -22.843467
 2.764602 -0.434472 5.831635
 2.827433 1.013379 32.827702
 2.890265 1.974934 -13.257233
 2.953097 0.280210 -23.657979
 3.015929 0.159576 21.150548
 3.078761 2.423714 42.778907
