#! FIELDS phi4 ffphi4 dffphi4_phi4
#! SET min_phi4 -pi
#! SET max_phi4 pi
#! SET nbins_phi4  100
#! SET periodic_phi4 true
 -3.141593 13.215170 -46.132819
 -3.078761 10.402567 -45.989801
 -3.015929 7.475060 -44.003540
 -2.953097 5.130275 -30.766971
 -2.890265 3.490653 -22.003181
 -2.827433 2.352462 -14.733749
 -2.764602 1.493578 -13.173917
 -2.701770 0.814499 -7.232891
 -2.638938 0.557883 -2.599935
 -2.576106 0.334811 -3.951480
 -2.513274 0.255717 2.284339
 -2.450442 0.550724 6.157392
 -2.387610 1.034972 9.356723
 -2.324779 1.642274 9.208317
 -2.261947 2.202862 8.920782
 -2.199115 2.762197 8.266931
 -2.136283 3.172329 4.857576
 -2.073451 3.450653 4.176441
 -2.010619 3.630306 0.484502
 -1.947787 3.492295 -3.679234
 -1.884956 3.324550 -1.893222
 -1.822124 3.086906 -6.288631
 -1.759292 2.636552 -7.900041
 -1.696460 2.026813 -10.757138
 -1.633628 1.473129 -6.181059
 -1.570796 1.236211 -2.280253
 -1.507964 1.020968 -5.008056
 -1.445133 0.723059 -3.659450
 -1.382301 0.564638 -1.247537
 -1.319469 0.679908 5.728022
 -1.256637 1.262073 11.651948
 -1.193805 2.011887 11.806653
 -1.130973 2.838420 15.733745
 -1.068142 4.069033 22.535695
 -1.005310 5.484418 21.561912
 -0.942478 6.857158 22.998384
 -0.879646 8.433888 27.070851
 -0.816814 10.284521 31.579579
 -0.753982 12.372207 34.469631
 -0.691150 14.603250 35.562836
 -0.628319 16.783448 33.472821
 -0.565487 18.950200 36.584730
 -0.502655 21.401081 39.409560
 -0.439823 23.783795 36.045107
 -0.376991 25.990205 34.107457
 -0.314159 28.139147 34.071001
 -0.251327 30.280597 33.174850
 -0.188496 32.212587 27.433138
 -0.125664 33.777142 22.679245
 -0.062832 35.099653 18.600407
 0.000000 35.978323 8.218797
 0.062832 36.138900 -2.617989
 0.125664 35.665040 -13.203487
 0.188496 34.394856 -26.877102
 0.251327 32.501701 -31.635706
 0.314159 30.448834 -34.675967
 0.376991 28.078990 -40.465516
 0.439823 25.417509 -43.698718
 0.502655 22.682655 -42.610159
 0.565487 20.124592 -38.945745
 0.628319 17.687756 -39.037721
 0.691150 15.299214 -36.286487
 0.753982 13.142147 -32.286258
 0.816814 11.282288 -26.672112
 0.879646 9.798942 -20.549489
 0.942478 8.709399 -13.795406
 1.005310 8.146330 -3.595045
 1.068142 8.243483 6.064523
 1.130973 8.834117 12.162996
 1.193805 9.730719 16.541918
 1.256637 11.023276 25.411902
 1.319469 12.976194 36.783642
 1.382301 15.692502 49.174758
 1.445133 18.966076 52.683928
 1.507964 22.441612 59.010944
 1.570796 26.523731 67.665638
 1.633628 30.778545 65.486144
 1.696460 35.103175 69.837316
 1.759292 39.682013 72.525517
 1.822124 44.016326 58.661363
 1.884956 47.432979 53.263449
 1.947787 50.972205 55.101753
 2.010619 53.991502 39.342133
 2.073451 56.138022 28.748052
 2.136283 57.628325 17.826050
 2.199115 58.329644 4.523471
 2.261947 58.261292 -7.128621
 2.324779 57.360017 -21.649483
 2.387610 55.554955 -36.141013
 2.450442 52.933653 -44.458505
 2.513274 50.138317 -46.365757
 2.576106 46.844600 -57.953111
 2.638938 43.044075 -62.078751
 2.701770 39.142479 -61.356077
 2.764602 35.301308 -61.842617
 2.827433 31.264126 -67.168381
 2.890265 26.942805 -67.927734
 2.953097 23.038523 -55.484896
 3.015929 19.775587 -51.480157
 3.078761 16.396778 -54.392939
