#! FIELDS phi4 ffphi4 dffphi4_phi4
#! SET min_phi4 -pi
#! SET max_phi4 pi
#! SET nbins_phi4  100
#! SET periodic_phi4 true
 -3.141593 12.943403 -45.739326
 -3.078761 10.233362 -40.198258
 -3.015929 7.788313 -38.595294
 -2.953097 5.420129 -35.563246
 -2.890265 3.479294 -25.342875
 -2.827433 2.207075 -16.499770
 -2.764602 1.250131 -14.183931
 -2.701770 0.489757 -9.576269
 -2.638938 0.057775 -4.196741
 -2.576106 -0.034752 1.118888
 -2.513274 0.154010 4.384850
 -2.450442 0.482480 5.971554
 -2.387610 0.885225 6.506857
 -2.324779 1.311075 7.511675
 -2.261947 1.888768 10.724050
 -2.199115 2.544463 8.822316
 -2.136283 2.968951 5.145871
 -2.073451 3.160102 0.417331
 -2.010619 3.181002 1.677915
 -1.947787 3.284346 0.313188
 -1.884956 3.291368 0.390916
 -1.822124 3.175639 -4.960782
 -1.759292 2.824916 -5.045377
 -1.696460 2.479054 -6.923395
 -1.633628 1.974746 -8.365327
 -1.570796 1.494959 -6.770148
 -1.507964 1.120221 -5.066109
 -1.445133 0.911612 -1.295546
 -1.382301 0.931283 1.546512
 -1.319469 1.115392 4.560344
 -1.256637 1.515614 8.043037
 -1.193805 2.112065 10.604664
 -1.130973 2.835208 13.040359
 -1.068142 3.903957 21.500163
 -1.005310 5.456996 26.443740
 -0.942478 7.104607 25.513492
 -0.879646 8.696455 25.328117
 -0.816814 10.386522 29.155876
 -0.753982 12.382386 33.225811
 -0.691150 14.509012 34.900701
 -0.628319 16.897350 40.501674
 -0.565487 19.446524 38.847102
 -0.502655 21.840334 38.627203
 -0.439823 24.439972 42.022079
 -0.376991 26.814337 30.524354
 -0.314159 28.313878 23.557938
 -0.251327 30.797949 60.080539
 -0.188496 36.206744 113.245487
 -0.125664 45.305818 169.555058
 -0.062832 inf nan
 0.000000 inf nan
 0.062832 inf nan
 0.125664 inf nan
 0.188496 inf nan
 0.251327 inf nan
 0.314159 inf nan
 0.376991 inf nan
 0.439823 inf nan
 0.502655 inf nan
 0.565487 inf nan
 0.628319 inf nan
 0.691150 inf nan
 0.753982 inf nan
 0.816814 inf nan
 0.879646 inf nan
 0.942478 inf nan
 1.005310 inf nan
 1.068142 inf nan
 1.130973 inf nan
 1.193805 inf nan
 1.256637 inf nan
 1.319469 inf nan
 1.382301 inf nan
 1.445133 inf nan
 1.507964 inf nan
 1.570796 inf nan
 1.633628 inf nan
 1.696460 inf nan
 1.759292 inf nan
 1.822124 inf nan
 1.884956 inf nan
 1.947787 inf nan
 2.010619 inf nan
 2.073451 inf nan
 2.136283 inf nan
 2.199115 inf nan
 2.261947 inf nan
 2.324779 inf nan
 2.387610 inf nan
 2.450442 inf nan
 2.513274 inf nan
 2.576106 inf nan
 2.638938 53.513241 -222.364130
 2.701770 41.467107 -161.189668
 2.764602 33.219371 -101.631740
 2.827433 28.542629 -50.205870
 2.890265 26.026204 -40.048515
 2.953097 22.943592 -56.470257
 3.015929 19.256036 -57.531058
 3.078761 15.917205 -49.274885
