#! FIELDS psi3 ffpsi3 dffpsi3_psi3
#! SET min_psi3 -pi
#! SET max_psi3 pi
#! SET nbins_psi3  100
#! SET periodic_psi3 true
 -3.141593 8.640927 16.525354
 -3.078761 9.739414 18.466594
 -3.015929 10.957112 19.930982
 -2.953097 12.246277 21.279728
 -2.890265 13.663417 23.470117
 -2.827433 15.160468 23.686308
 -2.764602 16.607956 22.114941
 -2.701770 17.982501 21.697734
 -2.638938 19.352304 21.744752
 -2.576106 20.697125 20.594012
 -2.513274 21.985035 20.791405
 -2.450442 23.282027 19.531319
 -2.387610 24.453000 18.258985
 -2.324779 25.586549 17.163273
 -2.261947 26.580108 14.272096
 -2.199115 27.377273 11.293714
 -2.136283 28.089068 11.396987
 -2.073451 28.679615 6.319870
 -2.010619 29.004842 5.812703
 -1.947787 29.427572 5.973699
 -1.884956 29.668800 2.539923
 -1.822124 29.827378 1.817496
 -1.759292 29.736226 -5.318504
 -1.696460 29.273844 -8.395201
 -1.633628 28.679104 -11.499232
 -1.570796 27.660734 -21.439450
 -1.507964 26.128350 -26.311404
 -1.445133 24.344024 -30.574862
 -1.382301 22.320956 -33.695747
 -1.319469 20.123382 -35.807221
 -1.256637 17.908065 -34.051182
 -1.193805 15.903920 -29.800687
 -1.130973 14.097670 -27.723180
 -1.068142 12.465559 -24.847277
 -1.005310 10.806406 -28.052451
 -0.942478 9.172820 -21.870734
 -0.879646 8.101488 -13.978862
 -0.816814 7.017139 -23.350270
 -0.753982 5.278465 -27.707892
 -0.691150 3.989481 -12.485468
 -0.628319 3.476176 -6.553600
 -0.565487 3.020855 -8.296979
 -0.502655 2.346110 -13.109602
 -0.439823 1.572086 -9.937442
 -0.376991 1.117137 -5.414398
 -0.314159 0.775849 -6.387731
 -0.251327 0.312396 -6.914437
 -0.188496 0.079281 -0.542895
 -0.125664 0.132375 1.582503
 -0.062832 0.280232 3.078927
 0.000000 0.474932 2.889235
 0.062832 0.711221 5.407337
 0.125664 1.175453 8.744923
 0.188496 1.706160 6.915684
 0.251327 1.930392 1.042144
 0.314159 2.111211 6.023303
 0.376991 2.658121 10.340861
 0.439823 3.309395 9.321284
 0.502655 3.598143 -1.169464
 0.565487 3.502800 2.123993
 0.628319 3.978151 10.397106
 0.691150 4.416731 2.098763
 0.753982 4.398089 -0.111943
 0.816814 4.574903 5.160351
 0.879646 4.943762 6.302964
 0.942478 5.301529 4.316852
 1.005310 5.562758 5.213561
 1.068142 5.970294 6.613336
 1.130973 6.294788 3.548975
 1.193805 6.369123 -2.510131
 1.256637 6.001398 -5.691350
 1.319469 6.036768 6.002151
 1.382301 6.423093 5.385944
 1.445133 6.764203 4.347166
 1.507964 6.816023 -1.394414
 1.570796 6.903596 5.048990
 1.633628 7.273977 4.182570
 1.696460 7.231290 -5.736964
 1.759292 6.747428 -6.694064
 1.822124 6.626069 1.425429
 1.884956 6.573210 -3.416390
 1.947787 6.454756 0.025074
 2.010619 6.355801 -4.156049
 2.073451 5.974077 -7.966483
 2.136283 5.465048 -6.436799
 2.199115 5.266040 -0.286825
 2.261947 5.364523 2.608734
 2.324779 5.448122 -0.483674
 2.387610 5.383839 -1.230178
 2.450442 5.220966 -4.428712
 2.513274 4.915256 -3.970569
 2.576106 4.817081 0.356560
 2.638938 4.846394 0.179596
 2.701770 4.870448 0.961407
 2.764602 5.023425 4.141864
 2.827433 5.369493 6.441493
 2.890265 5.813914 7.564197
 2.953097 6.300437 7.942793
 3.015929 6.870687 10.586450
 3.078761 7.658548 14.363574
