#! FIELDS psi2 ffpsi2 dffpsi2_psi2
#! SET min_psi2 -pi
#! SET max_psi2 pi
#! SET nbins_psi2  100
#! SET periodic_psi2 true
 -3.141593 6.721951 -19.132082
 -3.078761 5.597009 -19.134847
 -3.015929 3.616218 -44.208453
 -2.953097 1.064513 -29.806783
 -2.890265 0.116979 -1.885436
 -2.827433 0.496974 11.289518
 -2.764602 1.123993 3.334004
 -2.701770 0.684784 -10.216475
 -2.638938 0.750109 13.535898
 -2.576106 1.774934 11.110492
 -2.513274 1.914695 -2.021000
 -2.450442 2.084985 10.027817
 -2.387610 3.187807 22.134790
 -2.324779 4.423618 15.616570
 -2.261947 5.176842 8.525797
 -2.199115 5.656825 8.987583
 -2.136283 6.521314 18.478466
 -2.073451 7.736352 17.412283
 -2.010619 8.684664 14.277232
 -1.947787 9.582100 13.789235
 -1.884956 10.523990 16.843659
 -1.822124 11.537081 12.584777
 -1.759292 11.996956 4.307179
 -1.696460 12.524355 14.232561
 -1.633628 13.562274 14.343888
 -1.570796 14.018803 1.318043
 -1.507964 14.060550 1.939204
 -1.445133 14.292956 4.430184
 -1.382301 14.503616 1.296985
 -1.319469 14.384483 -4.467221
 -1.256637 14.104282 -3.745083
 -1.193805 13.914304 -2.751217
 -1.130973 13.656058 -7.286362
 -1.068142 12.787845 -18.970201
 -1.005310 11.848139 -7.411138
 -0.942478 11.686005 -3.010559
 -0.879646 11.081123 -14.606507
 -0.816814 10.243442 -10.534745
 -0.753982 9.611384 -11.634228
 -0.691150 8.629952 -24.034520
 -0.628319 5.211808 -81.236582
 -0.565487 0.815744 -47.679130
 -0.502655 -0.353783 10.355522
 -0.439823 1.386271 25.493819
 -0.376991 1.137910 -12.721749
 -0.314159 1.508485 22.692366
 -0.251327 2.851691 11.013114
 -0.188496 3.027641 -1.393764
 -0.125664 2.652377 -13.087751
 -0.062832 1.513936 -16.602036
 0.000000 1.218252 5.658293
 0.062832 1.226819 -8.945280
 0.125664 1.063504 10.743467
 0.188496 2.451437 25.619108
 0.251327 3.594420 13.461977
 0.314159 4.463229 12.762714
 0.376991 5.236529 13.081773
 0.439823 5.869784 2.895359
 0.502655 5.574512 -7.858548
 0.565487 5.614079 13.071597
 0.628319 7.137925 30.549382
 0.691150 9.079111 32.487887
 0.753982 11.152185 28.963792
 0.816814 12.563880 18.362353
 0.879646 13.759537 20.367918
 0.942478 15.092834 21.252221
 1.005310 16.433493 21.419350
 1.068142 17.775845 21.301368
 1.130973 19.164428 22.781051
 1.193805 20.593895 21.705177
 1.256637 21.772675 15.604892
 1.319469 22.808974 19.426264
 1.382301 24.122685 18.924182
 1.445133 25.056817 13.004075
 1.507964 25.982289 16.348244
 1.570796 27.163289 21.887742
 1.633628 28.371127 9.859294
 1.696460 28.486752 1.820279
 1.759292 29.223008 21.606943
 1.822124 30.674971 16.978731
 1.884956 30.934209 -4.730237
 1.947787 30.731856 1.036776
 2.010619 30.972453 1.382130
 2.073451 30.366778 -17.643006
 2.136283 29.571625 -3.874996
 2.199115 29.683790 0.865867
 2.261947 29.123979 -15.557090
 2.324779 28.233564 -13.005087
 2.387610 27.244738 -18.698228
 2.450442 26.012369 -20.456069
 2.513274 24.561936 -26.206199
 2.576106 22.788960 -29.456484
 2.638938 20.898064 -30.583503
 2.701770 18.965536 -31.093071
 2.764602 16.972650 -31.641569
 2.827433 15.163008 -25.476246
 2.890265 13.591659 -26.315000
 2.953097 11.837881 -29.020317
 3.015929 9.908429 -32.208468
 3.078761 8.057413 -24.767945
