#! FIELDS psi3 ffpsi3 dffpsi3_psi3
#! SET min_psi3 -pi
#! SET max_psi3 pi
#! SET nbins_psi3  100
#! SET periodic_psi3 true
 -3.141593 9.085729 16.483740
 -3.078761 10.258577 20.108121
 -3.015929 11.406946 16.516083
 -2.953097 12.528733 19.677212
 -2.890265 13.757620 17.541395
 -2.827433 14.790788 18.652083
 -2.764602 16.340598 27.252768
 -2.701770 17.496428 9.194763
 -2.638938 18.182602 15.437809
 -2.576106 19.239232 15.342342
 -2.513274 19.938132 6.053451
 -2.450442 20.008657 -2.679498
 -2.387610 19.726186 -6.341947
 -2.324779 19.207107 -9.260194
 -2.261947 18.724948 -6.280173
 -2.199115 18.270029 -7.902747
 -2.136283 17.837591 -7.253568
 -2.073451 17.213800 -10.403530
 -2.010619 16.883177 0.378329
 -1.947787 17.079014 3.824819
 -1.884956 17.150964 -3.135626
 -1.822124 16.687686 -9.456633
 -1.759292 16.150164 -7.622784
 -1.696460 15.780917 -3.383534
 -1.633628 15.709757 -0.360965
 -1.570796 15.449301 -9.618178
 -1.507964 14.548799 -17.410618
 -1.445133 13.522361 -12.906407
 -1.382301 13.177639 1.829214
 -1.319469 13.009117 -16.087850
 -1.256637 11.435148 -25.490615
 -1.193805 10.212483 -13.605948
 -1.130973 9.639027 -6.091290
 -1.068142 9.241714 -7.909099
 -1.005310 8.314451 -25.916909
 -0.942478 6.022743 -38.804674
 -0.879646 4.438852 -9.261219
 -0.816814 4.271434 -4.919471
 -0.753982 3.528252 -15.031541
 -0.691150 2.689735 -9.753382
 -0.628319 2.451057 0.890201
 -0.565487 2.379145 -6.399295
 -0.502655 1.739201 -9.741925
 -0.439823 1.507223 1.543645
 -0.376991 1.471525 -6.978123
 -0.314159 0.636136 -14.429890
 -0.251327 0.314350 5.580766
 -0.188496 0.761142 1.178917
 -0.125664 0.384609 -9.341034
 -0.062832 -0.189120 -7.366304
 0.000000 -0.369583 1.342503
 0.062832 0.052452 14.635623
 0.125664 1.628089 32.349000
 0.188496 3.342016 20.456450
 0.251327 4.637195 20.537653
 0.314159 5.504665 7.023924
 0.376991 5.959518 8.935522
 0.439823 6.460792 5.771037
 0.502655 6.269275 -18.997414
 0.565487 4.706741 -16.972091
 0.628319 4.586384 0.133685
 0.691150 2.630932 -46.295548
 0.753982 1.118061 3.300074
 0.816814 3.081105 56.216670
 0.879646 6.908084 47.912715
 0.942478 8.722946 16.455306
 1.005310 9.395249 0.435380
 1.068142 9.129016 -1.803602
 1.130973 9.673813 18.633506
 1.193805 10.882464 13.665194
 1.256637 11.374155 5.996541
 1.319469 11.676372 -0.083176
 1.382301 11.147222 -15.579696
 1.445133 9.712389 -30.462565
 1.507964 7.994054 -16.501952
 1.570796 7.905237 8.558643
 1.633628 7.906147 -15.865364
 1.696460 6.111057 -30.397976
 1.759292 5.214897 4.054076
 1.822124 5.999562 10.939181
 1.884956 6.287095 3.804827
 1.947787 6.426692 -4.664640
 2.010619 5.997402 -2.014323
 2.073451 6.307372 7.034721
 2.136283 6.351466 -6.730348
 2.199115 5.597624 -13.279674
 2.261947 5.131121 -1.894802
 2.324779 5.102395 0.208760
 2.387610 5.153439 0.213400
 2.450442 5.011190 -3.770134
 2.513274 4.865269 -0.872842
 2.576106 4.749533 -3.326013
 2.638938 4.613407 0.133968
 2.701770 4.585294 -4.358783
 2.764602 4.091641 -6.364097
 2.827433 4.309217 13.305986
 2.890265 5.322405 15.275841
 2.953097 6.135596 10.831025
 3.015929 6.821856 13.522297
 3.078761 7.959441 20.259924
