#! FIELDS psi2 ffpsi2 dffpsi2_psi2
#! SET min_psi2 -pi
#! SET max_psi2 pi
#! SET nbins_psi2  100
#! SET periodic_psi2 true
 -3.141593 13.848191 25.087939
 -3.078761 15.357834 21.462652
 -3.015929 16.422969 11.899229
 -2.953097 17.016751 10.423927
 -2.890265 18.241459 29.583531
 -2.827433 20.242080 26.692599
 -2.764602 21.229143 7.739708
 -2.701770 21.546531 1.174466
 -2.638938 21.269087 -8.572352
 -2.576106 20.499714 -17.814824
 -2.513274 19.043475 -26.171730
 -2.450442 17.463046 -22.747400
 -2.387610 16.245866 -16.798779
 -2.324779 15.238695 -15.528478
 -2.261947 14.221024 -18.168980
 -2.199115 12.949167 -20.543270
 -2.136283 11.823241 -15.308264
 -2.073451 10.862878 -16.640859
 -2.010619 9.769588 -17.062000
 -1.947787 8.807340 -12.815641
 -1.884956 8.084124 -12.702834
 -1.822124 7.195518 -12.223530
 -1.759292 6.825744 -0.686587
 -1.696460 6.738215 -3.670841
 -1.633628 6.546998 -0.726260
 -1.570796 6.681489 4.780758
 -1.507964 7.046664 5.237532
 -1.445133 7.220317 0.083004
 -1.382301 7.109556 -2.618955
 -1.319469 7.016227 -0.047480
 -1.256637 7.070329 1.273206
 -1.193805 7.179217 2.601071
 -1.130973 7.405929 3.921085
 -1.068142 7.588355 1.775598
 -1.005310 7.677044 1.471220
 -0.942478 7.858946 4.617322
 -0.879646 8.117695 2.149482
 -0.816814 8.232158 3.276998
 -0.753982 8.457797 0.997589
 -0.691150 8.143730 -10.793061
 -0.628319 7.285494 -13.923031
 -0.565487 6.630505 -6.528733
 -0.502655 6.497085 1.895020
 -0.439823 6.611865 0.048342
 -0.376991 6.651078 3.018593
 -0.314159 6.842687 -0.896176
 -0.251327 6.404904 -9.459501
 -0.188496 5.983877 -4.512366
 -0.125664 5.695715 -4.471636
 -0.062832 5.605138 3.360646
 0.000000 6.151524 11.167154
 0.062832 6.580217 3.765304
 0.125664 7.229966 18.429601
 0.188496 8.416620 15.483533
 0.251327 9.389092 17.132373
 0.314159 10.159960 3.869183
 0.376991 10.014060 -6.936332
 0.439823 9.569388 -2.912381
 0.502655 9.886565 9.365353
 0.565487 9.792427 -18.621019
 0.628319 7.670780 -41.023068
 0.691150 5.666534 -18.779285
 0.753982 5.309536 5.844221
 0.816814 6.226737 19.890626
 0.879646 6.785848 -9.731357
 0.942478 5.057787 -37.136258
 1.005310 3.467065 -6.507156
 1.068142 4.390181 31.456537
 1.130973 6.142284 13.957052
 1.193805 6.181676 -7.101378
 1.256637 5.776700 -2.848059
 1.319469 5.891200 3.921487
 1.382301 5.967337 -0.771494
 1.445133 5.987673 0.155854
 1.507964 5.650479 -11.318510
 1.570796 4.798289 -13.935805
 1.633628 4.078783 -8.731841
 1.696460 3.320029 -19.309563
 1.759292 2.065525 -12.954459
 1.822124 2.063998 9.378596
 1.884956 2.266201 -9.330286
 1.947787 1.226884 -14.694688
 2.010619 1.200978 14.089449
 2.073451 2.240820 10.411095
 2.136283 2.210618 -10.305345
 2.199115 1.219080 -14.999881
 2.261947 0.919034 4.651624
 2.324779 1.214138 0.720664
 2.387610 1.054266 -4.393279
 2.450442 0.640406 -8.028867
 2.513274 0.462170 4.830542
 2.576106 0.999437 7.046844
 2.638938 0.839424 -13.009125
 2.701770 -0.026531 -6.934143
 2.764602 0.431024 20.199696
 2.827433 2.146935 33.441835
 2.890265 4.676848 44.237990
 2.953097 7.166482 34.635603
 3.015929 9.522635 41.593517
 3.078761 12.068867 33.974251
