#! FIELDS phi2 ffphi2 dffphi2_phi2
#! SET min_phi2 -pi
#! SET max_phi2 pi
#! SET nbins_phi2  100
#! SET periodic_phi2 true
 -3.141593 16.290567 -47.481864
 -3.078761 13.451260 -42.166158
 -3.015929 11.097290 -32.940400
 -2.953097 9.157536 -29.858005
 -2.890265 7.318855 -28.341938
 -2.827433 5.694358 -22.766955
 -2.764602 4.401382 -18.883007
 -2.701770 3.413530 -11.841706
 -2.638938 2.829409 -8.050166
 -2.576106 2.290172 -9.448889
 -2.513274 1.747008 -6.121347
 -2.450442 1.674891 3.934028
 -2.387610 2.066780 5.284064
 -2.324779 1.931066 -10.176277
 -2.261947 1.074103 -14.243099
 -2.199115 0.500043 -1.944956
 -2.136283 0.811311 10.084562
 -2.073451 1.593288 13.727359
 -2.010619 2.364779 9.214898
 -1.947787 2.620922 -1.297076
 -1.884956 2.358789 -4.405477
 -1.822124 2.326360 3.109073
 -1.759292 2.489086 0.193328
 -1.696460 2.316428 -5.187049
 -1.633628 2.015539 -2.873209
 -1.570796 1.887258 -3.466048
 -1.507964 1.490639 -7.546391
 -1.445133 1.188533 -1.406028
 -1.382301 1.166125 -1.380924
 -1.319469 0.949796 -4.344208
 -1.256637 0.734507 -2.761569
 -1.193805 0.569619 -1.899119
 -1.130973 0.650610 5.257721
 -1.068142 1.171851 10.203818
 -1.005310 1.844796 10.419189
 -0.942478 2.457229 10.825298
 -0.879646 3.569050 26.015497
 -0.816814 5.498927 30.473444
 -0.753982 7.016464 19.417582
 -0.691150 8.405087 26.605335
 -0.628319 10.298933 31.400811
 -0.565487 12.204445 29.704214
 -0.502655 14.178090 32.520624
 -0.439823 16.111912 27.868038
 -0.376991 17.805427 27.112898
 -0.314159 19.555627 27.563940
 -0.251327 21.203080 24.406471
 -0.188496 22.635850 21.302014
 -0.125664 23.922027 19.274210
 -0.062832 24.977985 13.311221
 0.000000 25.583024 6.409457
 0.062832 25.824491 0.919492
 0.125664 25.659135 -6.268308
 0.188496 25.118008 -10.047095
 0.251327 24.420718 -12.730672
 0.314159 23.510796 -15.681152
 0.376991 22.490708 -16.666663
 0.439823 21.483646 -14.875067
 0.502655 20.589666 -14.284842
 0.565487 19.674979 -14.260259
 0.628319 18.896420 -9.848502
 0.691150 18.467435 -4.033019
 0.753982 18.358941 0.334958
 0.816814 18.462952 2.626569
 0.879646 18.726922 6.721017
 0.942478 19.424337 15.530935
 1.005310 20.597951 21.209756
 1.068142 22.120229 27.487742
 1.130973 24.033970 32.789522
 1.193805 26.228196 36.781923
 1.256637 28.648111 39.614853
 1.319469 31.232855 42.501418
 1.382301 34.034899 46.073661
 1.445133 36.995097 46.314006
 1.507964 39.807498 43.517199
 1.570796 42.647214 45.958893
 1.633628 45.521723 45.413994
 1.696460 48.630868 53.960460
 1.759292 51.882309 38.664942
 1.822124 53.140009 9.378737
 1.884956 54.291709 34.395639
 1.947787 58.057207 87.832586
 2.010619 65.490497 148.543948
 2.073451 inf nan
 2.136283 inf nan
 2.199115 inf nan
 2.261947 inf nan
 2.324779 inf nan
 2.387610 75.491246 -225.896278
 2.450442 63.121039 -166.462225
 2.513274 54.459354 -109.996286
 2.576106 49.045363 -65.976314
 2.638938 45.434732 -55.122933
 2.701770 41.809558 -59.920658
 2.764602 37.870837 -65.582161
 2.827433 33.731743 -64.210729
 2.890265 29.892397 -58.539067
 2.953097 26.278237 -56.882152
 3.015929 22.752968 -54.980044
 3.078761 19.401736 -51.531105
