#! FIELDS phi3 ffphi3 dffphi3_phi3
#! SET min_phi3 -pi
#! SET max_phi3 pi
#! SET nbins_phi3  100
#! SET periodic_phi3 true
 -3.141593 21.805367 -53.392872
 -3.078761 18.607213 -47.780856
 -3.015929 15.801881 -41.875677
 -2.953097 13.357679 -35.544715
 -2.890265 11.331149 -29.380013
 -2.827433 9.605789 -25.780113
 -2.764602 8.123918 -21.063033
 -2.701770 6.960726 -15.744682
 -2.638938 6.187630 -9.378568
 -2.576106 5.632420 -8.861695
 -2.513274 5.153671 -5.699438
 -2.450442 4.831946 -6.206129
 -2.387610 4.312516 -9.352935
 -2.324779 3.700654 -11.118805
 -2.261947 2.898004 -12.661555
 -2.199115 2.381128 -2.677180
 -2.136283 2.484037 3.798442
 -2.073451 2.602944 -0.542623
 -2.010619 2.539358 -0.737804
 -1.947787 2.411831 -4.521099
 -1.884956 2.011389 -7.075747
 -1.822124 1.626240 -5.003686
 -1.759292 1.342117 -4.235256
 -1.696460 1.142596 -2.318988
 -1.633628 0.876095 -7.747298
 -1.570796 0.175954 -12.221462
 -1.507964 -0.273083 -0.725687
 -1.445133 -0.119385 2.330732
 -1.382301 -0.207742 -4.743256
 -1.319469 -0.511880 -3.177323
 -1.256637 -0.492614 3.592493
 -1.193805 -0.096471 9.162292
 -1.130973 0.597756 10.938335
 -1.068142 1.183972 9.925047
 -1.005310 2.190966 22.801049
 -0.942478 3.899305 30.010661
 -0.879646 5.911668 33.719837
 -0.816814 8.063895 34.035106
 -0.753982 10.244643 36.009749
 -0.691150 12.625676 38.575800
 -0.628319 15.018572 37.514141
 -0.565487 17.465706 40.289907
 -0.502655 20.083639 42.413114
 -0.439823 22.835120 44.749224
 -0.376991 25.694174 44.266356
 -0.314159 28.281502 37.450358
 -0.251327 30.590764 36.867524
 -0.188496 32.945452 36.540120
 -0.125664 35.088676 31.120127
 -0.062832 36.930629 27.369762
 0.000000 38.492017 21.229292
 0.062832 39.544831 11.895072
 0.125664 39.971054 1.539904
 0.188496 39.797773 -6.679795
 0.251327 39.156286 -13.862919
 0.314159 38.021227 -22.339572
 0.376991 36.403790 -28.570225
 0.439823 34.505433 -31.126057
 0.502655 32.573618 -30.121686
 0.565487 30.703406 -29.627934
 0.628319 28.857692 -28.751554
 0.691150 27.139140 -25.848118
 0.753982 25.611062 -22.463832
 0.816814 24.380320 -16.462700
 0.879646 23.534805 -10.585017
 0.942478 23.037202 -5.400450
 1.005310 22.853308 -0.281255
 1.068142 23.046294 6.764127
 1.130973 23.712452 14.113547
 1.193805 24.788697 19.998131
 1.256637 26.220578 25.415862
 1.319469 28.015678 31.949582
 1.382301 30.242377 38.193986
 1.445133 32.788398 42.581330
 1.507964 35.620005 46.767132
 1.570796 38.679384 50.153808
 1.633628 41.963038 52.861372
 1.696460 45.314894 53.381020
 1.759292 48.907582 61.157241
 1.822124 53.071869 69.144737
 1.884956 57.913052 88.185004
 1.947787 65.059691 133.423945
 2.010619 inf nan
 2.073451 inf nan
 2.136283 inf nan
 2.199115 inf nan
 2.261947 inf nan
 2.324779 inf nan
 2.387610 inf nan
 2.450442 inf nan
 2.513274 85.774396 -246.980240
 2.576106 70.736914 -198.682430
 2.638938 59.903000 -146.260540
 2.701770 52.199231 -100.558511
 2.764602 46.806678 -76.478050
 2.827433 42.073402 -74.338381
 2.890265 37.587556 -68.693394
 2.953097 33.299731 -68.310544
 3.015929 29.086720 -64.505731
 3.078761 25.270184 -57.256823
