#! FIELDS phi4 ffphi4 dffphi4_phi4
#! SET min_phi4 -pi
#! SET max_phi4 pi
#! SET nbins_phi4  100
#! SET periodic_phi4 true
 -3.141593 13.320933 -46.673283
 -3.078761 10.520115 -42.236822
 -3.015929 8.048620 -36.357409
 -2.953097 5.919630 -31.653934
 -2.890265 4.099265 -25.642148
 -2.827433 2.752022 -17.579384
 -2.764602 1.754165 -15.219196
 -2.701770 0.845532 -13.014651
 -2.638938 0.123794 -10.235722
 -2.576106 -0.297896 -1.133311
 -2.513274 0.031536 9.737219
 -2.450442 0.655467 9.163731
 -2.387610 1.217349 8.710762
 -2.324779 1.590394 2.723597
 -2.261947 1.921537 10.689429
 -2.199115 2.807937 13.403673
 -2.136283 3.297955 2.554870
 -2.073451 3.287850 -1.327490
 -2.010619 3.370992 4.387012
 -1.947787 3.590716 0.249073
 -1.884956 3.425819 -4.012114
 -1.822124 3.177158 -3.976330
 -1.759292 2.876438 -6.378285
 -1.696460 2.363121 -9.017426
 -1.633628 1.828242 -8.394842
 -1.570796 1.309146 -6.962509
 -1.507964 0.984558 -5.197738
 -1.445133 0.571018 -5.631281
 -1.382301 0.558311 5.157671
 -1.319469 1.013885 7.568558
 -1.256637 1.460965 7.518408
 -1.193805 2.063202 11.667569
 -1.130973 2.910537 15.350582
 -1.068142 4.022500 19.896884
 -1.005310 5.381764 23.035315
 -0.942478 6.936979 26.560073
 -0.879646 8.714665 29.373681
 -0.816814 10.603250 30.587036
 -0.753982 12.598327 32.756676
 -0.691150 14.730511 34.801072
 -0.628319 16.999096 37.018780
 -0.565487 19.369315 37.718150
 -0.502655 21.734068 37.072419
 -0.439823 24.048531 36.020992
 -0.376991 26.273206 34.564495
 -0.314159 28.446394 34.047978
 -0.251327 30.494657 30.375920
 -0.188496 32.317146 27.696565
 -0.125664 33.950551 23.056991
 -0.062832 35.146548 14.923768
 0.000000 35.869885 7.777398
 0.062832 36.044536 -3.119881
 0.125664 35.445780 -15.636356
 0.188496 34.147485 -25.166838
 0.251327 32.340825 -32.146710
 0.314159 30.137468 -37.524281
 0.376991 27.672367 -40.811425
 0.439823 25.026054 -43.067110
 0.502655 22.329792 -42.233118
 0.565487 19.727558 -40.923722
 0.628319 17.162709 -40.512266
 0.691150 14.708634 -36.843942
 0.753982 12.593217 -30.540335
 0.816814 10.828966 -25.769427
 0.879646 9.385436 -19.773946
 0.942478 8.389406 -11.679768
 1.005310 7.913948 -3.833521
 1.068142 7.858876 2.041977
 1.130973 8.229920 10.284919
 1.193805 9.160310 18.964407
 1.256637 10.613984 27.748129
 1.319469 12.712202 38.745211
 1.382301 15.423739 46.757527
 1.445133 18.584773 53.111483
 1.507964 22.118057 58.356376
 1.570796 25.995851 63.987709
 1.633628 30.213027 67.748487
 1.696460 34.526179 67.123930
 1.759292 38.804346 66.450630
 1.822124 42.936514 62.657791
 1.884956 46.836187 59.299650
 1.947787 50.415047 52.661584
 2.010619 53.629019 50.887326
 2.073451 57.183959 61.101183
 2.136283 61.434515 73.785317
 2.199115 62.771840 -71.671699
 2.261947 58.500459 -47.521667
 2.324779 56.699694 -17.470771
 2.387610 54.746588 -49.399024
 2.450442 51.619764 -43.438489
 2.513274 49.171529 -38.763523
 2.576106 46.390230 -50.313423
 2.638938 42.898419 -60.103506
 2.701770 38.959794 -64.143111
 2.764602 34.922589 -64.014175
 2.827433 30.953280 -61.953716
 2.890265 27.157561 -59.038594
 2.953097 23.462811 -59.021793
 3.015929 19.781151 -57.119094
 3.078761 16.382060 -51.033900
