#! FIELDS phi3 ffphi3 dffphi3_phi3
#! SET min_phi3 -pi
#! SET max_phi3 pi
#! SET nbins_phi3  100
#! SET periodic_phi3 true
 -3.141593 21.485401 -53.055712
 -3.078761 18.340816 -46.844255
 -3.015929 15.583976 -41.165377
 -2.953097 13.150374 -36.321805
 -2.890265 11.032632 -30.830757
 -2.827433 9.295875 -24.589571
 -2.764602 7.889747 -20.675984
 -2.701770 6.679182 -17.508064
 -2.638938 5.757106 -11.555147
 -2.576106 5.180943 -7.731718
 -2.513274 4.673383 -8.932053
 -2.450442 4.076154 -9.417583
 -2.387610 3.558885 -7.051798
 -2.324779 3.147373 -6.561890
 -2.261947 2.717235 -6.482587
 -2.199115 2.443342 -2.216653
 -2.136283 2.332600 -1.911386
 -2.073451 2.242509 -0.758589
 -2.010619 2.187421 -1.433465
 -1.947787 2.069042 -2.230432
 -1.884956 1.891218 -3.639822
 -1.822124 1.628935 -4.419667
 -1.759292 1.399054 -2.422539
 -1.696460 1.281453 -2.517614
 -1.633628 1.018519 -5.613427
 -1.570796 0.563660 -8.868392
 -1.507964 0.098437 -4.284655
 -1.445133 -0.088174 -4.497980
 -1.382301 -0.559463 -8.212038
 -1.319469 -0.802038 1.314617
 -1.256637 -0.500518 7.111862
 -1.193805 0.086518 11.920148
 -1.130973 0.906332 12.487908
 -1.068142 1.661300 13.482893
 -1.005310 2.773929 21.660102
 -0.942478 4.331870 27.557386
 -0.879646 6.178073 30.539499
 -0.816814 8.182390 32.975729
 -0.753982 10.316437 34.927377
 -0.691150 12.654031 39.410236
 -0.628319 15.239015 41.621252
 -0.565487 17.835847 40.354762
 -0.502655 20.376843 40.571807
 -0.439823 23.019799 43.040939
 -0.376991 25.758258 42.786063
 -0.314159 28.360779 39.605469
 -0.251327 30.837810 38.992167
 -0.188496 33.227290 35.853564
 -0.125664 35.349324 31.479606
 -0.062832 37.213027 27.306285
 0.000000 38.740719 20.225124
 0.062832 39.696696 10.196887
 0.125664 40.083967 2.102690
 0.188496 39.936372 -7.207017
 0.251327 39.163179 -17.166873
 0.314159 37.863993 -23.538988
 0.376991 36.238740 -28.135030
 0.439823 34.361989 -31.151555
 0.502655 32.380874 -31.604052
 0.565487 30.403846 -31.287501
 0.628319 28.472649 -29.828415
 0.691150 26.703016 -26.279855
 0.753982 25.176698 -22.239379
 0.816814 23.929982 -17.303629
 0.879646 23.007891 -12.037525
 0.942478 22.426430 -6.381588
 1.005310 22.213664 -0.364545
 1.068142 22.394495 6.238991
 1.130973 23.007713 13.198787
 1.193805 24.037373 19.360743
 1.256637 25.445096 25.467185
 1.319469 27.242983 31.441430
 1.382301 29.397833 37.016938
 1.445133 31.919101 42.801250
 1.507964 34.774602 47.433627
 1.570796 37.909764 51.802858
 1.633628 41.319869 55.397108
 1.696460 44.854950 55.634813
 1.759292 48.398282 56.750178
 1.822124 52.177244 62.851449
 1.884956 56.682967 83.774707
 1.947787 63.424326 129.058443
 2.010619 75.996354 160.716194
 2.073451 72.296981 -152.949480
 2.136283 64.656333 -90.259878
 2.199115 60.954590 -27.570276
 2.261947 61.191750 35.119325
 2.324779 65.367814 97.808927
 2.387610 73.451654 155.803319
 2.450442 72.668473 -155.392476
 2.513274 64.864583 -93.168447
 2.576106 60.802289 -40.652483
 2.638938 57.740297 -77.341846
 2.701770 51.971337 -92.612184
 2.764602 46.501903 -82.131833
 2.827433 41.597508 -73.749700
 2.890265 37.164709 -68.607740
 2.953097 32.880631 -67.417649
 3.015929 28.771828 -62.952574
 3.078761 24.975752 -57.938155
