#! FIELDS phi4 ffphi4 dffphi4_phi4
#! SET min_phi4 -pi
#! SET max_phi4 pi
#! SET nbins_phi4  100
#! SET periodic_phi4 true
 -3.141593 13.077431 -48.252591
 -3.078761 10.202008 -42.707770
 -3.015929 7.709727 -36.854229
 -2.953097 5.600748 -30.110760
 -2.890265 3.838898 -26.712298
 -2.827433 2.307358 -20.999849
 -2.764602 1.248343 -12.592301
 -2.701770 0.743508 -3.971226
 -2.638938 0.582898 -2.597914
 -2.576106 0.327527 -5.336324
 -2.513274 0.070667 -1.017816
 -2.450442 0.319206 8.080070
 -2.387610 0.818511 6.421585
 -2.324779 1.309205 10.857911
 -2.261947 2.036743 9.989292
 -2.199115 2.577333 8.465516
 -2.136283 3.096273 6.648733
 -2.073451 3.343494 1.956889
 -2.010619 3.455770 1.939025
 -1.947787 3.567695 0.678558
 -1.884956 3.460763 -3.470190
 -1.822124 3.251889 -3.232513
 -1.759292 2.998063 -4.811940
 -1.696460 2.650974 -6.917007
 -1.633628 2.047616 -12.374487
 -1.570796 1.255387 -10.446065
 -1.507964 0.903010 -1.559170
 -1.445133 0.870997 0.035160
 -1.382301 0.938910 1.476756
 -1.319469 0.968898 0.475938
 -1.256637 1.222641 8.164048
 -1.193805 1.885664 11.876099
 -1.130973 2.749408 16.331733
 -1.068142 3.926609 20.405773
 -1.005310 5.272540 22.141290
 -0.942478 6.738207 25.056812
 -0.879646 8.480720 29.793839
 -0.816814 10.403485 31.124634
 -0.753982 12.466472 34.503381
 -0.691150 14.712805 36.219068
 -0.628319 17.018222 36.740919
 -0.565487 19.343305 36.918261
 -0.502655 21.695622 37.334725
 -0.439823 24.018749 36.108161
 -0.376991 26.257026 34.655215
 -0.314159 28.408282 33.591583
 -0.251327 30.474100 31.424451
 -0.188496 32.343610 27.403235
 -0.125664 33.893348 21.529041
 -0.062832 35.068751 15.763031
 0.000000 35.838168 7.765185
 0.062832 35.975900 -3.605792
 0.125664 35.398292 -14.793566
 0.188496 34.133858 -25.065147
 0.251327 32.316639 -32.154698
 0.314159 30.166726 -36.095036
 0.376991 27.761807 -40.555189
 0.439823 25.093870 -43.892151
 0.502655 22.315484 -44.104995
 0.565487 19.602093 -41.831403
 0.628319 17.065559 -39.223666
 0.691150 14.679504 -36.173528
 0.753982 12.555798 -31.714663
 0.816814 10.672648 -27.659800
 0.879646 9.193393 -19.022217
 0.942478 8.243573 -11.604735
 1.005310 7.742829 -4.176299
 1.068142 7.713592 3.271179
 1.130973 8.188753 12.012080
 1.193805 9.215204 20.395112
 1.256637 10.726133 27.547146
 1.319469 12.740954 37.160863
 1.382301 15.420656 47.024324
 1.445133 18.557024 51.966330
 1.507964 22.047360 58.854054
 1.570796 26.056123 67.077943
 1.633628 30.421868 68.914811
 1.696460 34.798539 68.062204
 1.759292 39.093181 65.349459
 1.822124 43.138434 62.181916
 1.884956 47.090494 59.162068
 1.947787 50.249174 40.816187
 2.010619 52.780966 40.811372
 2.073451 55.553184 47.654448
 2.136283 57.811119 12.404335
 2.199115 58.149841 10.727634
 2.261947 59.459667 14.947331
 2.324779 57.032680 -64.500525
 2.387610 54.023814 -32.551389
 2.450442 51.953957 -39.957262
 2.513274 49.258376 -42.016873
 2.576106 46.484427 -50.222840
 2.638938 42.807640 -64.945359
 2.701770 38.622453 -66.204841
 2.764602 34.593629 -62.395164
 2.827433 30.710777 -61.115446
 2.890265 26.942979 -58.993164
 2.953097 23.255225 -58.384857
 3.015929 19.631351 -56.520917
 3.078761 16.218275 -51.910773
