#! FIELDS phi2 ffphi2 dffphi2_phi2
#! SET min_phi2 -pi
#! SET max_phi2 pi
#! SET nbins_phi2  100
#! SET periodic_phi2 true
 -3.141593 16.479243 -46.011801
 -3.078761 13.697614 -42.329106
 -3.015929 11.174311 -38.203643
 -2.953097 8.890980 -33.808424
 -2.890265 7.034129 -25.500857
 -2.827433 5.490600 -24.694158
 -2.764602 4.062839 -18.784341
 -2.701770 3.257551 -7.530920
 -2.638938 2.865442 -6.667296
 -2.576106 2.348095 -10.534499
 -2.513274 1.490594 -14.953023
 -2.450442 0.874210 -2.365114
 -2.387610 1.192505 10.186245
 -2.324779 1.745316 5.117645
 -2.261947 1.902283 1.800013
 -2.199115 2.094537 3.710934
 -2.136283 2.186354 -2.046671
 -2.073451 1.942523 -3.524578
 -2.010619 1.873122 0.660761
 -1.947787 1.961993 2.655111
 -1.884956 2.280801 6.746963
 -1.822124 2.555767 0.394103
 -1.759292 2.428555 -2.880352
 -1.696460 2.154502 -7.688260
 -1.633628 1.475875 -10.820852
 -1.570796 1.170280 1.191065
 -1.507964 1.317903 1.215322
 -1.445133 1.266658 -2.800921
 -1.382301 0.993955 -4.912386
 -1.319469 0.798045 -1.163003
 -1.256637 0.756338 -0.630645
 -1.193805 0.769912 1.417595
 -1.130973 0.882919 1.605255
 -1.068142 1.060855 5.595176
 -1.005310 1.702165 14.418660
 -0.942478 2.724758 17.094902
 -0.879646 3.890297 20.752934
 -0.816814 5.340091 24.439204
 -0.753982 6.893202 25.011293
 -0.691150 8.563753 28.297031
 -0.628319 10.412328 29.601680
 -0.565487 12.279379 30.127293
 -0.502655 14.245687 31.870360
 -0.439823 16.237877 30.823314
 -0.376991 18.106277 28.512580
 -0.314159 19.876617 27.482128
 -0.251327 21.519014 24.222962
 -0.188496 22.941935 21.027463
 -0.125664 24.164264 17.517093
 -0.062832 25.130221 12.784347
 0.000000 25.750976 7.023898
 0.062832 26.036561 1.822688
 0.125664 25.961907 -4.111635
 0.188496 25.570869 -8.050345
 0.251327 24.952424 -11.812870
 0.314159 24.099437 -14.984398
 0.376991 23.109709 -16.349173
 0.439823 22.079365 -16.120709
 0.502655 21.106693 -14.829131
 0.565487 20.221546 -13.213491
 0.628319 19.490411 -9.534778
 0.691150 19.049455 -4.926144
 0.753982 18.820991 -2.157073
 0.816814 18.853983 3.556297
 0.879646 19.269703 9.571290
 0.942478 20.028627 14.050212
 1.005310 21.049029 19.264517
 1.068142 22.539285 27.976874
 1.130973 24.507759 33.932390
 1.193805 26.783389 38.367587
 1.256637 29.323129 41.229032
 1.319469 31.958197 42.927849
 1.382301 34.801640 46.326032
 1.445133 37.680941 44.129395
 1.507964 40.475875 45.508537
 1.570796 43.478275 47.739106
 1.633628 46.224239 38.340431
 1.696460 48.624214 40.748709
 1.759292 51.542540 50.292650
 1.822124 54.723974 49.476335
 1.884956 57.729128 46.537992
 1.947787 61.411589 77.302356
 2.010619 68.051633 134.055207
 2.073451 inf nan
 2.136283 inf nan
 2.199115 inf nan
 2.261947 81.494750 -212.366974
 2.324779 70.044621 -151.820590
 2.387610 62.214837 -100.192088
 2.450442 56.858993 -74.532438
 2.513274 52.834585 -52.030677
 2.576106 49.810651 -53.092851
 2.638938 45.926224 -65.515678
 2.701770 41.904161 -62.187172
 2.764602 38.037172 -61.939351
 2.827433 34.107423 -62.182864
 2.890265 30.277458 -60.090589
 2.953097 26.509261 -59.680937
 3.015929 22.846720 -56.231048
 3.078761 19.495852 -50.382626
