#! FIELDS phi3 ffphi3 dffphi3_phi3
#! SET min_phi3 -pi
#! SET max_phi3 pi
#! SET nbins_phi3  100
#! SET periodic_phi3 true
 -3.141593 21.441319 -51.436064
 -3.078761 18.398321 -46.190849
 -3.015929 15.624203 -41.786994
 -2.953097 13.176404 -36.034973
 -2.890265 11.101146 -29.972945
 -2.827433 9.410878 -23.956000
 -2.764602 8.068775 -18.872318
 -2.701770 7.028026 -14.386769
 -2.638938 6.235360 -11.272710
 -2.576106 5.528802 -11.819597
 -2.513274 4.771229 -11.350020
 -2.450442 4.188295 -7.394705
 -2.387610 3.775970 -6.127471
 -2.324779 3.386289 -6.458439
 -2.261947 2.981707 -6.219674
 -2.199115 2.601098 -5.964309
 -2.136283 2.295083 -2.993957
 -2.073451 2.233926 -0.006331
 -2.010619 2.156705 -2.545138
 -1.947787 2.000324 -2.300039
 -1.884956 1.812997 -3.628890
 -1.822124 1.631962 -2.047094
 -1.759292 1.439668 -4.871365
 -1.696460 1.096253 -4.991450
 -1.633628 0.827221 -4.238332
 -1.570796 0.539615 -4.721250
 -1.507964 0.219760 -5.678002
 -1.445133 -0.132345 -5.047590
 -1.382301 -0.380165 -2.808996
 -1.319469 -0.503469 -1.334938
 -1.256637 -0.512135 1.826880
 -1.193805 -0.173111 9.248539
 -1.130973 0.584372 13.682980
 -1.068142 1.479644 15.318308
 -1.005310 2.641983 22.154990
 -0.942478 4.204303 26.302736
 -0.879646 5.887527 27.492105
 -0.816814 7.762200 32.307242
 -0.753982 9.890592 33.976053
 -0.691150 12.015602 34.541484
 -0.628319 14.330815 37.834990
 -0.565487 16.659156 36.623232
 -0.502655 19.186447 45.368079
 -0.439823 22.472520 56.589959
 -0.376991 25.761016 44.603346
 -0.314159 28.439529 43.237389
 -0.251327 31.227633 41.992610
 -0.188496 33.501805 30.302840
 -0.125664 35.299239 27.693596
 -0.062832 37.023416 26.678580
 0.000000 38.569288 21.325513
 0.062832 39.661039 13.431227
 0.125664 40.243267 4.044825
 0.188496 40.081200 -9.005116
 0.251327 39.207553 -18.387079
 0.314159 37.843456 -24.190114
 0.376991 36.211478 -27.912635
 0.439823 34.345522 -30.980509
 0.502655 32.400199 -30.600698
 0.565487 30.460929 -31.700523
 0.628319 28.445449 -31.424281
 0.691150 26.592555 -27.652161
 0.753982 24.952523 -24.363513
 0.816814 23.576462 -19.127352
 0.879646 22.574995 -12.651342
 0.942478 21.979103 -6.477089
 1.005310 21.747902 -0.998464
 1.068142 21.860550 4.978171
 1.130973 22.454682 14.311039
 1.193805 23.634586 22.590689
 1.256637 25.236880 28.034885
 1.319469 27.168894 33.622621
 1.382301 29.503681 40.222876
 1.445133 32.192101 44.732339
 1.507964 35.160227 49.162495
 1.570796 38.371031 52.190194
 1.633628 41.817570 56.950162
 1.696460 45.565404 60.712311
 1.759292 49.473933 61.994710
 1.822124 53.380803 59.746341
 1.884956 57.059838 56.829802
 1.947787 60.778168 60.175615
 2.010619 64.620195 60.388660
 2.073451 68.575765 66.933182
 2.136283 73.545634 86.782591
 2.199115 75.243170 -43.299350
 2.261947 73.648888 2.579247
 2.324779 75.735636 61.009155
 2.387610 76.539457 -84.682086
 2.450442 71.015479 -79.665450
 2.513274 65.948652 -82.155779
 2.576106 60.993429 -75.900098
 2.638938 56.146754 -78.738000
 2.701770 51.207220 -77.845952
 2.764602 46.367569 -76.045786
 2.827433 41.652053 -74.013804
 2.890265 37.091986 -70.650601
 2.953097 32.810173 -65.531927
 3.015929 28.814032 -62.355439
 3.078761 24.946586 -59.829204
