#! FIELDS phi2 ffphi2 dffphi2_phi2
#! SET min_phi2 -pi
#! SET max_phi2 pi
#! SET nbins_phi2  100
#! SET periodic_phi2 true
 -3.141593 19.872356 -33.014435
 -3.078761 18.216565 -33.979356
 -3.015929 15.009298 -62.957013
 -2.953097 10.819877 -63.964061
 -2.890265 7.728900 -32.109587
 -2.827433 6.576736 -8.734814
 -2.764602 6.129083 -11.159974
 -2.701770 4.491351 -34.665512
 -2.638938 2.924472 -15.592266
 -2.576106 1.787621 -19.436167
 -2.513274 1.464015 12.309257
 -2.450442 2.431506 6.002023
 -2.387610 2.560315 8.498683
 -2.324779 3.618130 19.128245
 -2.261947 4.454695 6.553023
 -2.199115 4.579084 1.379884
 -2.136283 4.964457 9.011291
 -2.073451 5.381301 4.227962
 -2.010619 5.656206 4.487208
 -1.947787 5.795928 -1.452974
 -1.884956 5.371216 -12.320925
 -1.822124 4.470842 -12.676386
 -1.759292 3.957900 -6.831499
 -1.696460 3.011441 -23.105627
 -1.633628 1.881467 -7.193885
 -1.570796 1.989971 3.870330
 -1.507964 1.745446 -10.232273
 -1.445133 1.059500 -10.374663
 -1.382301 0.544819 -4.682248
 -1.319469 0.620299 6.419199
 -1.256637 0.936307 0.472003
 -1.193805 0.781695 -3.686376
 -1.130973 0.334567 -10.429460
 -1.068142 0.176237 11.135972
 -1.005310 1.646325 26.679811
 -0.942478 2.385027 0.890174
 -0.879646 2.981393 22.844669
 -0.816814 5.176048 40.595516
 -0.753982 7.119846 20.585112
 -0.691150 8.402965 22.369086
 -0.628319 10.151186 37.337616
 -0.565487 13.545147 68.507211
 -0.502655 17.442450 47.346378
 -0.439823 20.375674 41.971516
 -0.376991 20.883229 -13.004083
 -0.314159 21.407956 35.601667
 -0.251327 25.425392 88.320347
 -0.188496 30.644242 56.234346
 -0.125664 33.278211 37.985046
 -0.062832 33.867926 -69.524049
 0.000000 25.585491 -134.589176
 0.062832 18.958394 -74.920966
 0.125664 16.209079 -12.616620
 0.188496 17.330075 47.120558
 0.251327 21.421766 64.730118
 0.314159 19.191377 -126.260742
 0.376991 12.125259 -87.554937
 0.439823 8.411122 -31.380162
 0.502655 7.869718 9.047596
 0.565487 8.582214 5.885080
 0.628319 8.010106 -26.226776
 0.691150 5.565465 -44.910777
 0.753982 3.237119 -24.934097
 0.816814 2.484257 -2.202854
 0.879646 2.344735 -5.431786
 0.942478 1.966458 -3.990933
 1.005310 1.826924 -2.149255
 1.068142 1.825121 5.638875
 1.130973 2.816701 25.368358
 1.193805 4.651774 29.075359
 1.256637 6.330350 27.336760
 1.319469 8.666990 48.777401
 1.382301 12.212004 60.370350
 1.445133 16.309811 70.715562
 1.507964 21.004028 78.233250
 1.570796 26.933026 110.129352
 1.633628 35.899061 149.079537
 1.696460 45.838624 83.577514
 1.759292 52.655881 134.724103
 1.822124 64.574684 35.405100
 1.884956 66.443462 32.683354
 1.947787 68.784081 36.877019
 2.010619 71.190514 46.322603
 2.073451 75.427198 92.076248
 2.136283 83.085009 150.229201
 2.199115 inf nan
 2.261947 inf nan
 2.324779 inf nan
 2.387610 inf nan
 2.450442 inf nan
 2.513274 inf nan
 2.576106 inf nan
 2.638938 inf nan
 2.701770 74.690691 -236.711254
 2.764602 61.688279 -175.890787
 2.827433 49.127117 -183.788659
 2.890265 38.711023 -142.016885
 2.953097 31.557522 -85.875062
 3.015929 27.409169 -56.826881
 3.078761 23.212106 -70.430286
