#! FIELDS psi3 ffpsi3 dffpsi3_psi3
#! SET min_psi3 -pi
#! SET max_psi3 pi
#! SET nbins_psi3  100
#! SET periodic_psi3 true
 -3.141593 8.376927 13.699817
 -3.078761 9.340542 16.603942
 -3.015929 10.480864 20.181594
 -2.953097 11.886586 23.817542
 -2.890265 13.386301 23.033397
 -2.827433 14.754799 20.661568
 -2.764602 16.056991 21.394308
 -2.701770 17.620443 28.907509
 -2.638938 19.352660 20.265456
 -2.576106 19.959977 3.410547
 -2.513274 20.432956 14.151726
 -2.450442 21.588786 18.630688
 -2.387610 22.452976 7.179674
 -2.324779 22.211067 -15.314950
 -2.261947 21.045175 -13.443411
 -2.199115 21.433336 29.093791
 -2.136283 24.475567 58.232438
 -2.073451 26.636826 4.290884
 -2.010619 26.057270 -19.436569
 -1.947787 24.097703 -40.124408
 -1.884956 22.071191 -15.986496
 -1.822124 22.648300 35.124865
 -1.759292 25.845563 50.918853
 -1.696460 27.214677 -4.299953
 -1.633628 25.486153 -43.887276
 -1.570796 23.510476 -10.317866
 -1.507964 24.469795 37.087972
 -1.445133 25.700884 -23.962953
 -1.382301 23.134300 -42.150103
 -1.319469 20.594445 -40.443211
 -1.256637 18.123927 -36.544068
 -1.193805 16.025653 -31.264950
 -1.130973 14.109323 -29.938855
 -1.068142 12.241899 -29.321106
 -1.005310 10.519743 -24.803306
 -0.942478 9.120750 -20.352614
 -0.879646 7.852569 -20.761388
 -0.816814 6.541848 -19.897068
 -0.753982 5.427323 -15.934466
 -0.691150 4.440912 -16.058932
 -0.628319 3.421834 -15.751715
 -0.565487 2.526191 -12.750335
 -0.502655 1.783819 -11.000121
 -0.439823 1.168329 -8.527901
 -0.376991 0.685589 -7.030845
 -0.314159 0.300611 -5.048582
 -0.251327 0.053756 -2.862057
 -0.188496 -0.051906 -0.503559
 -0.125664 -0.009294 1.858686
 -0.062832 0.180828 4.038480
 0.000000 0.479216 5.279162
 0.062832 0.838578 6.069644
 0.125664 1.237610 6.581089
 0.188496 1.668906 6.969535
 0.251327 2.096904 6.656373
 0.314159 2.541486 7.600422
 0.376991 3.024129 7.244479
 0.439823 3.431483 5.834948
 0.502655 3.801704 6.142218
 0.565487 4.180555 5.415903
 0.628319 4.501714 5.293251
 0.691150 4.842149 4.912015
 0.753982 5.112198 4.190811
 0.816814 5.399452 4.514931
 0.879646 5.664970 4.369483
 0.942478 5.977953 4.970261
 1.005310 6.222970 3.039992
 1.068142 6.445960 4.316780
 1.130973 6.731345 4.076418
 1.193805 6.894048 1.080678
 1.256637 6.958949 1.796710
 1.319469 7.127123 2.662241
 1.382301 7.234232 1.191574
 1.445133 7.342562 1.992363
 1.507964 7.399506 -0.648988
 1.570796 7.323866 -0.935479
 1.633628 7.263038 -1.976875
 1.696460 7.075521 -3.031877
 1.759292 6.962288 -0.723466
 1.822124 6.920352 -1.173146
 1.884956 6.805025 -2.375267
 1.947787 6.618004 -3.596113
 2.010619 6.400258 -2.991812
 2.073451 6.245159 -2.199532
 2.136283 6.107059 -2.255710
 2.199115 5.945047 -3.099607
 2.261947 5.734488 -3.307368
 2.324779 5.551405 -2.690063
 2.387610 5.364976 -3.330825
 2.450442 5.152643 -3.332531
 2.513274 4.974927 -1.953938
 2.576106 4.923002 -0.037219
 2.638938 4.934251 0.245893
 2.701770 4.953962 0.476556
 2.764602 5.023299 1.850271
 2.827433 5.207634 4.157084
 2.890265 5.539699 6.171547
 2.953097 6.011591 9.323098
 3.015929 6.731103 13.058262
 3.078761 7.565574 12.875289
