1.9023495024811942e-16 2.6878934237691117e-15 2.169302599795459e-14 1.2517634374214864e-13 5.439145746748036e-13 1.837273763720945e-12 5.024372835576751e-12 1.162358314063604e-11 2.397880690217572e-11 4.840803100291352e-11 1.1147088515560132e-10 3.077484649482067e-10 8.665871398108032e-10 2.1423101399502765e-9 4.495695593065748e-9 9.274564185956267e-9 3.144136465501489e-8 1.799063767855823e-7 9.679501245129848e-7 3.93197817774089e-6 1.1606213947778114e-5 2.4720732422280035e-5 3.795367459939037e-5 4.208201893664715e-5 3.3925588347981714e-5 2.03892964380262e-5 1.0146971250125092e-5 5.588472013873291e-6 4.103021890583437e-6 3.0579249658919026e-6 1.8177592094928895e-6 8.035150194484823e-7 2.6362597149583216e-7 6.735857662257698e-8 1.5603421252902504e-8 4.138935959342034e-9 1.2543820371891244e-9 3.4664155391661353e-10 7.61860701045435e-11 1.2867617864173877e-11 1.7781677392937553e-12 2.8127700038528807e-13 7.498001187706702e-14 2.375488581957333e-14 6.734888528803164e-15 1.8531818195481455e-15 5.734523636461533e-16 9.665773253516841e-17 1.0954306988795173e-16 1.6249136701839792e-18 -1.2160701561193353e-18 -9.212288117205365e-19 0.0 0.0 0.0 0.0 0.0 0.0 0.0 0.0 0.0 0.0 0.0 0.0 0.0 0.0 0.0 0.0 0.0 0.0 0.0 0.0 0.0 0.0 0.0 0.0 0.0 0.0 0.0 0.0 0.0 0.0 0.0 0.0 0.0 0.0 0.0 0.0 0.0 0.0 0.0 0.0 0.0 0.0 0.0 0.0 0.0 0.0 0.0 0.0 
5.831539199725608e-15 6.307707235326912e-14 4.909091576197987e-13 2.806535414528424e-12 1.2007559637176711e-11 3.966802528558301e-11 1.0513174061674199e-10 2.331454310759861e-10 4.52907458718321e-10 8.26123445352111e-10 1.6151151731750816e-9 3.79063932810068e-9 9.708127501985946e-9 2.281169360984261e-8 4.5397078972999675e-8 7.688874087615306e-8 1.2868412801098123e-7 3.2615490687307265e-7 1.2788172358054147e-6 4.7679051314595135e-6 1.362581552463958e-5 2.8496557152570132e-5 4.3250970913078005e-5 4.7798447857252123e-5 3.919833105378249e-5 2.558785256242849e-5 1.6409004323988492e-5 1.3351990083709592e-5 1.2223282176907957e-5 9.610446479338784e-6 5.777802468766256e-6 2.6019598085778744e-6 9.094434900483531e-7 2.8013751037946974e-7 9.447540549799456e-8 3.652430071276175e-8 1.331250079422948e-8 3.927179723406615e-9 8.88905141900408e-10 1.5597230719249708e-10 2.4964367413130343e-11 5.8179065293863754e-12 2.0655660778586298e-12 7.122179747778533e-13 2.1608201346309574e-13 6.625778435744622e-14 2.1684339521950168e-14 6.3622537873552465e-15 1.5802605630239518e-15 2.3545489012250114e-16 -2.8066834930435776e-17 -2.8021324370061434e-17 0.0 0.0 0.0 0.0 0.0 0.0 0.0 0.0 0.0 0.0 0.0 0.0 0.0 0.0 0.0 0.0 0.0 0.0 0.0 0.0 0.0 0.0 0.0 0.0 0.0 0.0 0.0 0.0 0.0 0.0 0.0 0.0 0.0 0.0 0.0 0.0 0.0 0.0 0.0 0.0 0.0 0.0 0.0 0.0 0.0 0.0 0.0 0.0 
1.0071347943535769e-13 1.070423523742672e-12 8.278282216245249e-12 4.6914342765807845e-11 1.978752982192493e-10 6.395533516820607e-10 1.6428728553212217e-9 3.4949778486973766e-9 6.424597971153989e-9 1.0759794367790598e-8 1.8173242249738772e-8 3.5632015221585764e-8 8.058460730291605e-8 1.7785200044836183e-7 3.4099133048652714e-7 5.511439375604302e-7 7.724644207769121e-7 1.0999408802843436e-6 2.190750354034721e-6 5.8696678615490824e-6 1.4712846508064323e-5 2.880125518480364e-5 4.208813283243293e-5 4.611995016067721e-5 3.9921959118522043e-5 3.163698923366824e-5 2.856810974154877e-5 2.9711742797824145e-5 2.8934887095747958e-5 2.28057796587199e-5 1.3860634618666065e-5 6.602422864043935e-6 2.7253036861744295e-6 1.1784978210183447e-6 5.773164531852134e-7 2.7443763575798904e-7 1.0814205662257615e-7 3.29725826274872e-8 7.668219883597771e-9 1.4491164954190971e-9 3.067637877528433e-10 1.0817311292574119e-10 4.5625134070406264e-11 1.6779326689420122e-11 5.610247185541831e-12 1.9812903322606167e-12 7.175583804512695e-13 2.226824433232289e-13 5.284894054991864e-14 9.13317877197276e-15 1.0379675508398683e-15 1.8778919870217533e-15 0.0 0.0 0.0 0.0 0.0 0.0 0.0 0.0 0.0 0.0 0.0 0.0 0.0 0.0 0.0 0.0 0.0 0.0 0.0 0.0 0.0 0.0 0.0 0.0 0.0 0.0 0.0 0.0 0.0 0.0 0.0 0.0 0.0 0.0 0.0 0.0 0.0 0.0 0.0 0.0 0.0 0.0 0.0 0.0 0.0 0.0 0.0 0.0 
1.1625003180579038e-12 1.2312340988289652e-11 9.480772430536394e-11 5.333467221309598e-10 2.2224817695433663e-9 7.049299685599765e-9 1.7621877351949304e-8 3.6153835538973964e-8 6.345127569975545e-8 9.950494396607931e-8 1.5012384683733466e-7 2.4912185286813973e-7 4.881756342702256e-7 9.979206319867159e-7 1.8415338964580913e-6 2.9013026401858427e-6 3.90241281356548e-6 4.744914448313722e-6 6.20260892814841e-6 1.0413461295418281e-5 1.9753286038475876e-5 3.335234469005152e-5 4.5048613205019625e-5 4.8903206494969604e-5 4.717070618764053e-5 4.7575310495730395e-5 5.292882256215799e-5 5.783278929388411e-5 5.496533084782087e-5 4.2762702058583145e-5 2.7061993052671636e-5 1.4872982100296836e-5 8.213860237837856e-6 4.993920947492113e-6 3.0196025580411493e-6 1.5641869144943534e-6 6.389297743679299e-7 1.9938191742881162e-7 4.814245877950669e-8 1.046823640159623e-8 3.2079478224916228e-9 1.5043821035975309e-9 6.896116834404098e-10 2.686872179483786e-10 1.0015768807421979e-10 4.02285985321053e-11 1.5702512759412662e-11 5.007758110973676e-12 1.195674813626383e-12 2.0809824955048236e-13 2.7032127141493773e-14 2.537165014869748e-14 0.0 0.0 0.0 0.0 0.0 0.0 0.0 0.0 0.0 0.0 0.0 0.0 0.0 0.0 0.0 0.0 0.0 0.0 0.0 0.0 0.0 0.0 0.0 0.0 0.0 0.0 0.0 0.0 0.0 0.0 0.0 0.0 0.0 0.0 0.0 0.0 0.0 0.0 0.0 0.0 0.0 0.0 0.0 0.0 0.0 0.0 0.0 0.0 
9.702876355555638e-12 1.0253486393823987e-10 7.865888580886394e-10 4.396428500151771e-9 1.8124622005142116e-8 5.652587846588246e-8 1.3785657472809462e-7 2.736360900509411e-7 4.608249804540036e-7 6.845478137953864e-7 9.452877950816688e-7 1.3522988447024946e-6 2.2577392274840286e-6 4.1848801621081095e-6 7.380229900798354e-6 1.1364257736765652e-5 1.5007969012974162e-5 1.7441765751417036e-5 1.959683090989262e-5 2.4667007656724744e-5 3.5524749471333194e-5 5.035326057837015e-5 6.239282171125321e-5 6.797438556425417e-5 7.271137146101837e-5 8.317172341252364e-5 9.569144139064974e-5 0.00010001632902764008 9.065730863860942e-5 7.116869673581621e-5 5.034407882098133e-5 3.503117694825011e-5 2.573241884587093e-5 1.9014231168729576e-5 1.2548002851286172e-5 6.750495313339691e-6 2.821112207181772e-6 9.031959706846292e-7 2.3379535633090322e-7 6.485064699261011e-8 2.8849810651633953e-8 1.5891476289481854e-8 7.646101232269587e-9 3.1817725952131698e-9 1.3365440978070223e-9 6.008265123702694e-10 2.4763798236108147e-10 8.039412622323103e-11 1.9290282548139175e-11 3.362613195978844e-12 4.32355951991046e-13 2.326796140323501e-13 0.0 0.0 0.0 0.0 0.0 0.0 0.0 0.0 0.0 0.0 0.0 0.0 0.0 0.0 0.0 0.0 0.0 0.0 0.0 0.0 0.0 0.0 0.0 0.0 0.0 0.0 0.0 0.0 0.0 0.0 0.0 0.0 0.0 0.0 0.0 0.0 0.0 0.0 0.0 0.0 0.0 0.0 0.0 0.0 0.0 0.0 0.0 0.0 
5.964555632492532e-11 6.290421656371526e-10 4.809248867695068e-9 2.6721597391029928e-8 1.0908309861873582e-7 3.349343282455217e-7 7.982436008564512e-7 1.5362159411342068e-6 2.4911430003628396e-6 3.5339862507853506e-6 4.555609731281535e-6 5.763671286492634e-6 8.158675853675473e-6 1.3382040868119339e-5 2.229761636213373e-5 3.355713551761868e-5 4.38374998008807e-5 5.0195640995355633e-5 5.363030822329328e-5 5.9795959811693644e-5 7.356494808596048e-5 9.251809405000301e-5 0.000108732357271436 0.00011982810374759723 0.00013354945893469947 0.0001541507335871565 0.00017109055987931364 0.00017082572634657435 0.00015307434247823387 0.00012826936922610477 0.00010585704298477945 8.894247541477913e-5 7.495743836738163e-5 5.9194829552955194e-5 4.0251889577676595e-5 2.2076665539381195e-5 9.42012379041888e-6 3.1472074324159397e-6 9.376806719246096e-7 3.6757289537987206e-7 2.1691814805682423e-7 1.2951095253857088e-7 6.498399216944965e-8 2.9547196654341683e-8 1.4228164527629293e-8 7.080821888928446e-9 3.043220910294461e-9 1.0006258148645797e-9 2.4093003784151964e-10 4.203558420318093e-11 5.358058322104795e-12 1.6828841029575077e-12 0.0 0.0 0.0 0.0 0.0 0.0 0.0 0.0 0.0 0.0 0.0 0.0 0.0 0.0 0.0 0.0 0.0 0.0 0.0 0.0 0.0 0.0 0.0 0.0 0.0 0.0 0.0 0.0 0.0 0.0 0.0 0.0 0.0 0.0 0.0 0.0 0.0 0.0 0.0 0.0 0.0 0.0 0.0 0.0 0.0 0.0 0.0 0.0 
2.5992319465973066e-10 2.7364551161290822e-9 2.086158175051104e-8 1.1534043767590047e-7 4.66970899146857e-7 1.4151033519314544e-6 3.3076686154027175e-6 6.202397639094572e-6 9.751899314587613e-6 1.3359684220793252e-5 1.6431799856224476e-5 1.9086342548168453e-5 2.34950957601834e-5 3.383014118422383e-5 5.27912434598618e-5 7.775129028587063e-5 0.00010122443484105983 0.00011637944105665949 0.0001247199734609084 0.00013764470868606816 0.00016548260780840964 0.00020482762773350776 0.00024158588398252748 0.00026836784181826217 0.0002920581883191815 0.0003176083581112461 0.0003343297542201979 0.0003295239356703092 0.00030614761949096357 0.0002763693777020609 0.00024697552366579316 0.00021808980364316176 0.0001866990613146908 0.0001477282515416036 0.00010083346234905432 5.5918327547681566e-5 2.451485377795977e-5 8.86378692626653e-6 3.310933250340408e-6 1.7992988201839722e-6 1.2310516689117157e-6 7.627777561582464e-7 4.0100822269925145e-7 2.02741880665992e-7 1.1120445072410542e-7 5.976798464223068e-8 2.6406378296578528e-8 8.750951675608892e-9 2.111307876748479e-9 3.685356487918428e-10 4.676771310087663e-11 9.508039375499072e-12 0.0 0.0 0.0 0.0 0.0 0.0 0.0 0.0 0.0 0.0 0.0 0.0 0.0 0.0 0.0 0.0 0.0 0.0 0.0 0.0 0.0 0.0 0.0 0.0 0.0 0.0 0.0 0.0 0.0 0.0 0.0 0.0 0.0 0.0 0.0 0.0 0.0 0.0 0.0 0.0 0.0 0.0 0.0 0.0 0.0 0.0 0.0 0.0 
8.148567252906465e-10 8.564897656456873e-9 6.51394501712427e-8 3.586627176267879e-7 1.4421893591614226e-6 4.323462745486048e-6 9.947762870675095e-6 1.827715871890816e-5 2.809499049064917e-5 3.764543593661314e-5 4.515324686733972e-5 5.008803541997231e-5 5.6265761283316054e-5 7.265472986255592e-5 0.00010650994018755496 0.00015442825721451062 0.0002027649527251971 0.0002394051444196991 0.00026871065588212137 0.00031420420813748576 0.00039760593693065154 0.0005114441353764312 0.000619729730535768 0.0006911356115407271 0.0007253626666687372 0.0007409581302896528 0.0007471486482648884 0.0007379311733706493 0.0007057427734257072 0.0006494646597497979 0.0005740371991855526 0.0004895612736163333 0.0004031118346284547 0.00031040717845667 0.00020962041773913884 0.00011721736114451703 5.3654290207953045e-5 2.2067243204302336e-5 1.069161822932945e-5 7.191771894267386e-6 5.224811567702439e-6 3.3106004119154398e-6 1.8455051151500243e-6 1.0493077218268168e-6 6.439713492951936e-7 3.652921516278015e-7 1.641849042904339e-7 5.465278769279684e-8 1.319886941269546e-8 2.3042374298029588e-9 2.9174844573284397e-10 4.325744835487042e-11 0.0 0.0 0.0 0.0 0.0 0.0 0.0 0.0 0.0 0.0 0.0 0.0 0.0 0.0 0.0 0.0 0.0 0.0 0.0 0.0 0.0 0.0 0.0 0.0 0.0 0.0 0.0 0.0 0.0 0.0 0.0 0.0 0.0 0.0 0.0 0.0 0.0 0.0 0.0 0.0 0.0 0.0 0.0 0.0 0.0 0.0 0.0 0.0 
1.8394679773110072e-9 1.930220917069845e-8 1.465114552103357e-7 8.039976433033849e-7 3.215317502315245e-6 9.559339033665896e-6 2.17461797057199e-5 3.9441142501174574e-5 5.9993705593379995e-5 8.008318928691527e-5 9.629791603897088e-5 0.00010674362511493633 0.00011715030025747935 0.00014418796993260883 0.00020419522007012958 0.0002954503348858152 0.00039749185421733584 0.0004931358315520615 0.0005938776375256987 0.0007425417957345758 0.0009775228658927364 0.0012807365399699195 0.001568848336522416 0.001753424884721415 0.0018128499154100412 0.0017994856679949467 0.0017754690292159717 0.0017464335152122849 0.0016659484497130782 0.0014994845494391137 0.0012672161966681885 0.0010233100589262265 0.0008023346831403638 0.0005968925811870737 0.00039658347147904395 0.00022394337611420672 0.00010881148829301575 5.190970985538475e-5 3.057490657705959e-5 2.2602499583128404e-5 1.6694618977534917e-5 1.0826442018576805e-5 6.514140422066833e-6 4.185380907930571e-6 2.81062786920325e-6 1.6517857151455033e-6 7.49582381837496e-7 2.4999201166872025e-7 6.038102850373561e-8 1.0539330292427524e-8 1.3326822905594066e-9 1.6006448276473923e-10 0.0 0.0 0.0 0.0 0.0 0.0 0.0 0.0 0.0 0.0 0.0 0.0 0.0 0.0 0.0 0.0 0.0 0.0 0.0 0.0 0.0 0.0 0.0 0.0 0.0 0.0 0.0 0.0 0.0 0.0 0.0 0.0 0.0 0.0 0.0 0.0 0.0 0.0 0.0 0.0 0.0 0.0 0.0 0.0 0.0 0.0 0.0 0.0 
2.9806562071138533e-9 3.121431497032841e-8 2.3656670483343753e-7 1.294948158723176e-6 5.159133860340863e-6 1.526059754143325e-5 3.4535307596190544e-5 6.25380943986821e-5 9.59487593971686e-5 0.00013123152415871965 0.0001642369326049562 0.00019151729859635835 0.0002207758143305291 0.00027891248480863234 0.0003968017118905202 0.0005805967386894261 0.0008081456889000166 0.0010615901650413411 0.0013622054763177743 0.0017713867617360983 0.002341507749860061 0.0030361524340636395 0.0036998695624529242 0.004142851989682547 0.0042876445575787655 0.004232504878283556 0.00413397833559518 0.004017318748830435 0.003760500767430048 0.0032806927806282972 0.0026597186446399215 0.002057386789304519 0.0015554947547121128 0.001126838846617587 0.0007388253211524692 0.00042174715183250576 0.00021628778477161408 0.00011417833459845036 7.309807912504016e-5 5.490292537521152e-5 4.053293813366504e-5 2.7175179350104697e-5 1.7901481252743087e-5 1.2812610067436834e-5 9.128651066355362e-6 5.45905903968627e-6 2.483629878516958e-6 8.277107460192299e-7 1.9973033370873475e-7 3.483969890045987e-8 4.401190835419795e-9 4.667996363765817e-10 0.0 0.0 0.0 0.0 0.0 0.0 0.0 0.0 0.0 0.0 0.0 0.0 0.0 0.0 0.0 0.0 0.0 0.0 0.0 0.0 0.0 0.0 0.0 0.0 0.0 0.0 0.0 0.0 0.0 0.0 0.0 0.0 0.0 0.0 0.0 0.0 0.0 0.0 0.0 0.0 0.0 0.0 0.0 0.0 0.0 0.0 0.0 0.0 
3.479421239703126e-9 3.633064540212258e-8 2.750525832695578e-7 1.5033710307943077e-6 5.979455965361645e-6 1.7676164881238984e-5 4.016702081993272e-5 7.395406435366331e-5 0.00011798014035822891 0.00017226082262229123 0.00023498192330731043 0.0003029943232046748 0.00038720631487294306 0.000526470212476651 0.0007710668093978829 0.0011471012915835231 0.0016498497582046053 0.002277158413144302 0.0030596527402489697 0.004058016793915604 0.005318151249028637 0.006777261406393228 0.008189382372827778 0.00919912203568523 0.009589989003351885 0.009485717039016095 0.009190275150617926 0.008783733226158125 0.008044776177853846 0.006840185655417073 0.005389398123729369 0.004050388388985984 0.002983407835383265 0.002118097507866663 0.0013762826566218694 0.0007931190364204131 0.00041966969224037733 0.0002289546874803615 0.00014586272595387014 0.0001063817835463726 7.810026404494387e-5 5.476011710385776e-5 3.937799420561494e-5 3.0263891838627808e-5 2.207264146472843e-5 1.319495771034484e-5 5.97392507191344e-6 1.983118695877602e-6 4.773672502037849e-7 8.315099844320486e-8 1.0492747665166964e-8 1.04002844312914e-9 0.0 0.0 0.0 0.0 0.0 0.0 0.0 0.0 0.0 0.0 0.0 0.0 0.0 0.0 0.0 0.0 0.0 0.0 0.0 0.0 0.0 0.0 0.0 0.0 0.0 0.0 0.0 0.0 0.0 0.0 0.0 0.0 0.0 0.0 0.0 0.0 0.0 0.0 0.0 0.0 0.0 0.0 0.0 0.0 0.0 0.0 0.0 0.0 
2.9209088700809935e-9 3.034496154657104e-8 2.2965734019842357e-7 1.255411037406629e-6 5.003126101315835e-6 1.490327192642997e-5 3.4617157146917926e-5 6.703964748659934e-5 0.0001169990466749069 0.00019274234042054115 0.00030024639867659483 0.00044348761527659774 0.0006438887651019631 0.0009574411112665805 0.001459016685803887 0.0022117696145715197 0.003266209292684071 0.004678885821270716 0.006501890936915257 0.008759152093513682 0.011439452004660774 0.014429889289138654 0.01736275510228112 0.019599247247243407 0.02060860612062545 0.020456868389487213 0.019665090663201996 0.018471013569991254 0.016586568339304043 0.013851229995949501 0.010719779729232614 0.007884069022811524 0.0056638873536238475 0.003941083816373575 0.0025467032759143434 0.001485257665659729 0.0008005460909721417 0.00043358819176646056 0.00026130262076192953 0.0001791341169069934 0.00012968788039512192 9.473928580544554e-5 7.194267034262475e-5 5.6175279510460414e-5 4.0296365850256674e-5 2.3589222898260522e-5 1.0520580525727957e-5 3.4606832450663983e-6 8.286650731602379e-7 1.4390779704907304e-7 1.8125293846482974e-8 1.7331046918429151e-9 0.0 0.0 0.0 0.0 0.0 0.0 0.0 0.0 0.0 0.0 0.0 0.0 0.0 0.0 0.0 0.0 0.0 0.0 0.0 0.0 0.0 0.0 0.0 0.0 0.0 0.0 0.0 0.0 0.0 0.0 0.0 0.0 0.0 0.0 0.0 0.0 0.0 0.0 0.0 0.0 0.0 0.0 0.0 0.0 0.0 0.0 0.0 0.0 
1.7747613814364419e-9 1.8262237341412777e-8 1.383915907544353e-7 7.59711485034805e-7 3.062496947151837e-6 9.388195685932594e-6 2.3261043029882642e-5 5.0768519319708316e-5 0.00010464035725037552 0.0002050822235566791 0.0003733097344281545 0.00063357983350677 0.0010359120911950215 0.001671710868585241 0.002655572024967292 0.004110266806539816 0.006195576490851111 0.00911644790947675 0.013017537559358023 0.017865186171631502 0.023491011747965 0.029630551948678308 0.03567413868152887 0.04046342002194783 0.04285011365821435 0.042679971964954225 0.040768273447936085 0.03770548228922056 0.03329270249100386 0.027449696947698617 0.0210119447679328 0.015209502130328088 0.010688422569773585 0.007309018996879753 0.004721129709239923 0.002801682170857668 0.0015405065331340782 0.0008274388932850828 0.0004701986675234045 0.0002982760089505532 0.0002071505938235466 0.00015084167624738397 0.00011315072067752795 8.41625958590813e-5 5.682821556039293e-5 3.171220271483269e-5 1.3708191628228952e-5 4.424782544479073e-6 1.0477308789588766e-6 1.8074454309575533e-7 2.267193130106434e-8 2.1251480485377122e-9 0.0 0.0 0.0 0.0 0.0 0.0 0.0 0.0 0.0 0.0 0.0 0.0 0.0 0.0 0.0 0.0 0.0 0.0 0.0 0.0 0.0 0.0 0.0 0.0 0.0 0.0 0.0 0.0 0.0 0.0 0.0 0.0 0.0 0.0 0.0 0.0 0.0 0.0 0.0 0.0 0.0 0.0 0.0 0.0 0.0 0.0 0.0 0.0 
8.062411741011592e-10 8.095449087880805e-9 6.161475615376315e-8 3.449547936064641e-7 1.4588264768033885e-6 4.941836690755991e-6 1.4580739194957991e-5 4.014719200027489e-5 0.00010354987123014492 0.00024105591451239883 0.0004982374615227748 0.0009346832372936467 0.0016522932622777104 0.002813684565447233 0.004619924264551537 0.007309436148046484 0.01124377596336789 0.016941256399178962 0.024814178768215744 0.03479284242792759 0.04636235870014868 0.05881907666105535 0.07097680363534001 0.08071940336657996 0.08582311582591784 0.08566172030714847 0.08140837884489298 0.07431616784960912 0.06467392142420886 0.0528201453388491 0.040226543431461176 0.028907963492754922 0.020052427096250037 0.013552219846877557 0.008755789210450627 0.005268177105670125 0.0029487485736296682 0.0015906498220410645 0.0008779764027155342 0.0005217695925763488 0.00033574405434033184 0.0002275586501272043 0.00015739923285992068 0.00010606398863527016 6.48847542238485e-5 3.342770841449275e-5 1.3654125081332199e-5 4.245634210928585e-6 9.815693809568308e-7 1.6678381854636737e-7 2.071904405640584e-8 1.9144033790897867e-9 0.0 0.0 0.0 0.0 0.0 0.0 0.0 0.0 0.0 0.0 0.0 0.0 0.0 0.0 0.0 0.0 0.0 0.0 0.0 0.0 0.0 0.0 0.0 0.0 0.0 0.0 0.0 0.0 0.0 0.0 0.0 0.0 0.0 0.0 0.0 0.0 0.0 0.0 0.0 0.0 0.0 0.0 0.0 0.0 0.0 0.0 0.0 0.0 
4.6516930934325596e-10 4.030243351276681e-9 2.8896943115826368e-8 1.6748800080501595e-7 8.127982159697066e-7 3.45930054937325e-6 1.3243683487308151e-5 4.516968407197905e-5 0.00013380347168592092 0.0003394010586207906 0.000744190903672595 0.0014561721207157548 0.0026481220049918604 0.004604672620863083 0.007720852689515582 0.01251085467341998 0.019748074546254844 0.030532774626864316 0.04577874082271711 0.0653675910299964 0.08809558268910431 0.11229316573606943 0.13561190623299535 0.15431915524046322 0.16442666034483325 0.1643306910694105 0.15550469979649892 0.1403927440453974 0.12069090300808193 0.0979650448729296 0.07468867353572964 0.05377177115489512 0.03711577763329211 0.024817708902540894 0.015908418289224846 0.00957303245976572 0.005392524994522484 0.0029263365976740737 0.0016000527715539384 0.0009075641124745671 0.0005334733520630754 0.00032151782265203114 0.00019651883058356066 0.00011732347019032533 6.38969636739862e-5 2.9612252559336617e-5 1.1067448925955245e-5 3.212729502901684e-6 7.065440039087347e-7 1.1592923199556042e-7 1.4061470973870043e-8 1.2804515131965348e-9 0.0 0.0 0.0 0.0 0.0 0.0 0.0 0.0 0.0 0.0 0.0 0.0 0.0 0.0 0.0 0.0 0.0 0.0 0.0 0.0 0.0 0.0 0.0 0.0 0.0 0.0 0.0 0.0 0.0 0.0 0.0 0.0 0.0 0.0 0.0 0.0 0.0 0.0 0.0 0.0 0.0 0.0 0.0 0.0 0.0 0.0 0.0 0.0 
1.3554028470916664e-9 9.551772387435641e-9 5.4535619869211665e-8 2.7077957342921524e-7 1.2442410711224167e-6 5.332245004958922e-6 2.0651831296284884e-5 7.028247698762835e-5 0.00020733260043937561 0.0005281231591058314 0.0011703240703571057 0.002311520138368902 0.004225281424217933 0.007399613400381002 0.012619166946969962 0.021003428435232004 0.03414692654133535 0.05409685516628804 0.08240259838762382 0.11866284937382904 0.16044643939645423 0.20446864723791475 0.24658529055322692 0.2807354418104778 0.300107835796197 0.3008416118357491 0.28408066457193115 0.25428635143586026 0.21649388820277224 0.17517431429945063 0.13425826444548378 0.09727993025153336 0.06694378823203727 0.044085442844889404 0.02772145826761984 0.016451843974374457 0.009214053226209998 0.004993812555331702 0.002706276938202489 0.001478108486439892 0.0007994916834481765 0.0004253048809591714 0.00022630904723972546 0.00011944390455018626 5.843500557878796e-5 2.4381339963928366e-5 8.187269503964712e-6 2.144067800478666e-6 4.305588747756418e-7 6.559339125237715e-8 7.517305232962901e-9 7.007011838306458e-10 0.0 0.0 0.0 0.0 0.0 0.0 0.0 0.0 0.0 0.0 0.0 0.0 0.0 0.0 0.0 0.0 0.0 0.0 0.0 0.0 0.0 0.0 0.0 0.0 0.0 0.0 0.0 0.0 0.0 0.0 0.0 0.0 0.0 0.0 0.0 0.0 0.0 0.0 0.0 0.0 0.0 0.0 0.0 0.0 0.0 0.0 0.0 0.0 
5.8886568393944655e-9 3.9736573142842306e-8 2.0699900414237997e-7 8.863264524351688e-7 3.3705781565762762e-6 1.1965597915606291e-5 3.962531800998372e-5 0.00012017535075232465 0.00032995785297975803 0.0008132550997811191 0.0017913210772213476 0.0035648995976863356 0.00660096518199353 0.011757212662982498 0.0205019551948011 0.03501048497797258 0.0582412277203515 0.0936066777165025 0.14330622036346632 0.20621591960651375 0.2780385017471462 0.3532677827175149 0.42541663990177203 0.4853403334032096 0.5218030234480966 0.5262177443995435 0.49765773294424764 0.4434281464933272 0.37500956191175117 0.30275353041111236 0.23299703913231862 0.16951926322925653 0.11598218033999358 0.07491573892037429 0.045922027237333615 0.026698314909549728 0.014784379369603588 0.007961513625126796 0.004264830724601396 0.0022621501846945558 0.001154113833730627 0.000558502980442462 0.00026320441765388886 0.00012368493685974589 5.5151223446233156e-5 2.1168331911885046e-5 6.47752379959483e-6 1.5212503547936058e-6 2.707788425474371e-7 3.6490798018741386e-8 3.742185127025619e-9 5.222311964563403e-10 0.0 0.0 0.0 0.0 0.0 0.0 0.0 0.0 0.0 0.0 0.0 0.0 0.0 0.0 0.0 0.0 0.0 0.0 0.0 0.0 0.0 0.0 0.0 0.0 0.0 0.0 0.0 0.0 0.0 0.0 0.0 0.0 0.0 0.0 0.0 0.0 0.0 0.0 0.0 0.0 0.0 0.0 0.0 0.0 0.0 0.0 0.0 0.0 
1.9392456893555946e-8 1.2905120560171043e-7 6.495703195154792e-7 2.5897093554303665e-6 8.742787239375493e-6 2.6651728084047377e-5 7.569769617259177e-5 0.00020169493318121883 0.0005061491536604884 0.0011928576292542874 0.00260896818976582 0.005280749579526661 0.010059272243538865 0.018464770521691796 0.03302935854152203 0.057426515399278275 0.09646805504206798 0.15536561332960233 0.23711525599437508 0.3396613189091461 0.45650825926743555 0.5794980085698996 0.6987820871211534 0.8001173406416694 0.8650700640827808 0.8775632008425724 0.8329369344826494 0.7419298986361377 0.6254487986366148 0.5034105110922911 0.38693720205599524 0.2809477794084636 0.1906380988048779 0.12098767609486233 0.07250089423832289 0.04137723910844589 0.022689164390452623 0.012151323659764613 0.006454935269093161 0.003375301788646523 0.0016855551570805105 0.0007875378508385059 0.00034980085302924874 0.00015182024743453664 6.258573593035731e-5 2.2435786763346395e-5 6.4221151893930655e-6 1.3965714223301692e-6 2.2603880974951952e-7 2.711723537191555e-8 2.468904801550697e-9 9.276434908134134e-10 0.0 0.0 0.0 0.0 0.0 0.0 0.0 0.0 0.0 0.0 0.0 0.0 0.0 0.0 0.0 0.0 0.0 0.0 0.0 0.0 0.0 0.0 0.0 0.0 0.0 0.0 0.0 0.0 0.0 0.0 0.0 0.0 0.0 0.0 0.0 0.0 0.0 0.0 0.0 0.0 0.0 0.0 0.0 0.0 0.0 0.0 0.0 0.0 
4.6940413996850786e-8 3.1115761245329064e-7 1.5460245379185906e-6 5.969133464813623e-6 1.8931609031882315e-5 5.2514730516067294e-5 0.00013342821233104464 0.00031963272002888583 0.0007406591843577657 0.001679270430312498 0.0036707238117695594 0.007603562988239345 0.014957345086525312 0.028289413021698902 0.051673484149338034 0.09078465648293252 0.15274647948202108 0.24490921526191722 0.3712467328382044 0.5290327924568432 0.7102383254671117 0.9043708345143947 1.0959618777211906 1.2599894368322613 1.3653199103647464 1.3873411268861002 1.3197972638798376 1.1781449767101442 0.9930888006195024 0.7962688044956421 0.6079236155464368 0.43807358030911653 0.29486114913346606 0.1851795510182118 0.10956872101005433 0.061895334024654504 0.03379374346993725 0.01806697266836713 0.009562694413611733 0.004988440691711853 0.0025041217665978917 0.0011825130789735237 0.0005252253490135118 0.0002214180751515556 8.643474912902965e-5 2.917851839233878e-5 7.906562776507494e-6 1.6349251488210413e-6 2.514120803011278e-7 2.847267076166492e-8 2.4936068610549577e-9 1.998129159871877e-9 0.0 0.0 0.0 0.0 0.0 0.0 0.0 0.0 0.0 0.0 0.0 0.0 0.0 0.0 0.0 0.0 0.0 0.0 0.0 0.0 0.0 0.0 0.0 0.0 0.0 0.0 0.0 0.0 0.0 0.0 0.0 0.0 0.0 0.0 0.0 0.0 0.0 0.0 0.0 0.0 0.0 0.0 0.0 0.0 0.0 0.0 0.0 0.0 
8.376067744089911e-8 5.580162546615021e-7 2.7805760781063157e-6 1.0685599334451332e-5 3.319251737936722e-5 8.813933801685976e-5 0.0002102307903335265 0.00047062989317964415 0.001035663964034863 0.0022988668041292555 0.005052338148366656 0.010655539499460898 0.02138479911622225 0.041162074018023215 0.07625384159539042 0.1353198178291468 0.22866126155786437 0.36579044161390645 0.5508744884429453 0.7803735678503816 1.0465391712212444 1.3385841919702621 1.6326379479540223 1.8832053321133053 2.0375666115196496 2.0639328698106447 1.962268041326466 1.7558334455284628 1.4822896934227956 1.1841692030774746 0.8959083497990222 0.6392175857932684 0.4274792168861208 0.267616410458163 0.15799434464001955 0.08916573780041566 0.048764875263195576 0.026103629885933708 0.013769561970236563 0.007152644101076842 0.0036047562546243166 0.0017252094954180658 0.0007739730364830538 0.00032245672801436466 0.00012118093199988158 3.8871591842992835e-5 1.0019130810643889e-5 1.985955742778391e-6 2.955817190482621e-7 3.277388241281486e-8 2.9338483652760556e-9 3.453354926373937e-9 0.0 0.0 0.0 0.0 0.0 0.0 0.0 0.0 0.0 0.0 0.0 0.0 0.0 0.0 0.0 0.0 0.0 0.0 0.0 0.0 0.0 0.0 0.0 0.0 0.0 0.0 0.0 0.0 0.0 0.0 0.0 0.0 0.0 0.0 0.0 0.0 0.0 0.0 0.0 0.0 0.0 0.0 0.0 0.0 0.0 0.0 0.0 0.0 
1.1219981765123601e-7 7.597696855882315e-7 3.859888600895504e-6 1.5120128460180062e-5 4.752429483065193e-5 0.00012571100025164135 0.0002936097811423583 0.0006392680682334463 0.0013805319021412497 0.0030535012200143363 0.00674049329081031 0.014275946040464489 0.0287284697579247 0.05557008088229998 0.10404616535511374 0.18738141460613475 0.3206062949073252 0.5152736351363336 0.7736198165439656 1.0896167455840267 1.457282461007397 1.8686195714684963 2.289733088951115 2.645338353429181 2.852781071841781 2.8757889852587266 2.7290721365023742 2.446261538859293 2.0686461129685174 1.6483932888364463 1.2378852550436092 0.8757716913868794 0.582913786252492 0.3649461925973573 0.21603857764485815 0.12242752454514173 0.06731318736401888 0.03613542865475758 0.01895901748091401 0.00972237944204754 0.004842022089797997 0.00230504229808258 0.0010297641280746432 0.0004226926598891411 0.00015399423239166403 4.7414929483891164e-5 1.1751048512256027e-5 2.271022531438194e-6 3.389380835270106e-7 3.9547515109089094e-8 3.9966353297828155e-9 4.611351435918607e-9 0.0 0.0 0.0 0.0 0.0 0.0 0.0 0.0 0.0 0.0 0.0 0.0 0.0 0.0 0.0 0.0 0.0 0.0 0.0 0.0 0.0 0.0 0.0 0.0 0.0 0.0 0.0 0.0 0.0 0.0 0.0 0.0 0.0 0.0 0.0 0.0 0.0 0.0 0.0 0.0 0.0 0.0 0.0 0.0 0.0 0.0 0.0 0.0 
1.171857449890011e-7 8.191330043208021e-7 4.322216731338289e-6 1.762754017151782e-5 5.738204903425716e-5 0.00015513568641450898 0.0003651853217605955 0.0007979823619322754 0.001737626284611475 0.003873864335922741 0.008544324552470995 0.017950639414522455 0.03583068245775483 0.06924981153008714 0.13097088636423387 0.2400921987623287 0.4180456441797051 0.6790971517807134 1.0221493888751494 1.4362252663866024 1.9160928697404027 2.457257572556049 3.0147231926418967 3.4793626260038812 3.737270513991617 3.75187088055564 3.5557196815776946 3.1911087454577225 2.7015482905854324 2.150517156439099 1.6098144285743818 1.1348920151026283 0.7541405913375394 0.47257602744798843 0.28049536073774445 0.1595695749764686 0.08813659402875318 0.04740848364354999 0.024717908779575984 0.012464750119248368 0.006071343548484598 0.002831454798587755 0.001243009362337442 0.0005008030617986067 0.00017849546804606038 5.39373498763598e-5 1.3378756121545956e-5 2.7104898036109726e-6 4.586450767527042e-7 6.663547711584282e-8 8.572222423048819e-9 5.215523103988489e-9 0.0 0.0 0.0 0.0 0.0 0.0 0.0 0.0 0.0 0.0 0.0 0.0 0.0 0.0 0.0 0.0 0.0 0.0 0.0 0.0 0.0 0.0 0.0 0.0 0.0 0.0 0.0 0.0 0.0 0.0 0.0 0.0 0.0 0.0 0.0 0.0 0.0 0.0 0.0 0.0 0.0 0.0 0.0 0.0 0.0 0.0 0.0 0.0 
1.0189659748769997e-7 7.460810489255946e-7 4.145836465069107e-6 1.7803652057637786e-5 6.0583083400174705e-5 0.00016921670808726452 0.00040801837797076673 0.0009135932185529286 0.0020393643665703965 0.0046027936394852096 0.010106361388824875 0.020990896369490267 0.041587668016805295 0.08050422858822855 0.15380129625875813 0.28620422470546797 0.5062027102181206 0.8330150141530466 1.2644380348745063 1.783715526055374 2.38199967101379 3.0532496011875105 3.7389023258330547 4.298951163089798 4.595743867918522 4.596753368395216 4.349611897820742 3.902326330948707 3.3031183637760533 2.630175817859781 1.9724223224143271 1.3953597948340395 0.9309332517815591 0.5851625588717067 0.34785008037376713 0.19791991793210623 0.10921362682207914 0.05856884912780334 0.030312137918195103 0.01507838402647374 0.007205350749441441 0.003289056754153661 0.0014143454837057718 0.0005606648857890247 0.00019921785920611255 6.193338650918859e-5 1.67862715905973e-5 4.042374285619e-6 8.690555710603625e-7 1.6036878043317863e-7 2.4089222708535982e-8 6.33466956043022e-9 0.0 0.0 0.0 0.0 0.0 0.0 0.0 0.0 0.0 0.0 0.0 0.0 0.0 0.0 0.0 0.0 0.0 0.0 0.0 0.0 0.0 0.0 0.0 0.0 0.0 0.0 0.0 0.0 0.0 0.0 0.0 0.0 0.0 0.0 0.0 0.0 0.0 0.0 0.0 0.0 0.0 0.0 0.0 0.0 0.0 0.0 0.0 0.0 
8.243901236097268e-8 6.276503835569439e-7 3.6379632121366155e-6 1.6271768321746632e-5 5.742702013788519e-5 0.00016574652436751787 0.0004133083661818313 0.0009601652809378153 0.002209408754595999 0.0050440882409920375 0.011036436515318262 0.02282005496864539 0.04537501778346094 0.0887176614331818 0.17116223316748855 0.32098551741935855 0.5726162638980511 0.9529414421572568 1.4641653936459278 2.08568593572206 2.7989035111525533 3.5869015956702626 4.376400098596424 5.007818240774817 5.330169466859704 5.310913373698522 5.005142731444979 4.471936221371761 3.7751610243282085 3.0088023939059134 2.269368465437669 1.620618364894757 1.0917142658600434 0.6907198174696155 0.41131283746970027 0.2332671272218461 0.12776348609718263 0.06785562494788985 0.03478334648382541 0.017159752393117497 0.008131878344105253 0.0036689776922200373 0.001553776802622745 0.0006105171381146322 0.0002217319693530735 7.500855265403123e-5 2.389986631510748e-5 7.049594781722292e-6 1.8064962041954744e-6 3.732880621525096e-7 5.915938414312952e-8 9.74656056880541e-9 0.0 0.0 0.0 0.0 0.0 0.0 0.0 0.0 0.0 0.0 0.0 0.0 0.0 0.0 0.0 0.0 0.0 0.0 0.0 0.0 0.0 0.0 0.0 0.0 0.0 0.0 0.0 0.0 0.0 0.0 0.0 0.0 0.0 0.0 0.0 0.0 0.0 0.0 0.0 0.0 0.0 0.0 0.0 0.0 0.0 0.0 0.0 0.0 
7.454994908916181e-8 5.580284249403146e-7 3.1998028576488365e-6 1.4261916181775044e-5 5.070657717302495e-5 0.00014952336094018744 0.0003862354430301399 0.0009334905480710994 0.0022074989447204256 0.005087069157311263 0.01115585878582989 0.023260764236216213 0.04707485646114796 0.09369439896072944 0.1822269511545683 0.34161242970712524 0.6094929526348374 1.0209679713294428 1.5871394181822756 2.2869667875985265 3.0884728157028563 3.9573839494898264 4.810989291606942 5.489045777629134 5.834768657259565 5.798223542217549 5.428061579984351 4.8073295354178835 4.033876492865073 3.2159921356321637 2.4427111300855646 1.7639909515070775 1.201998987601037 0.7670230956038873 0.4583661969009887 0.2592522610957179 0.14079478263939443 0.07394208119374854 0.037562656138479415 0.018472917036887866 0.008760859471944615 0.003941180598483516 0.0016524418477854084 0.0006473646278458192 0.00024430008454197116 9.193228750209349e-5 3.400543849209475e-5 1.1423228383666403e-5 3.1729162632385867e-6 6.827037457520026e-7 1.1001908335855761e-7 1.5665239129209e-8 0.0 0.0 0.0 0.0 0.0 0.0 0.0 0.0 0.0 0.0 0.0 0.0 0.0 0.0 0.0 0.0 0.0 0.0 0.0 0.0 0.0 0.0 0.0 0.0 0.0 0.0 0.0 0.0 0.0 0.0 0.0 0.0 0.0 0.0 0.0 0.0 0.0 0.0 0.0 0.0 0.0 0.0 0.0 0.0 0.0 0.0 0.0 0.0 
8.782279665583821e-8 6.094727163206032e-7 3.2338167329905326e-6 1.344841673494003e-5 4.5624437833849324e-5 0.00013256587218715915 0.00034722607846223276 0.000859817038279357 0.0020675469186126616 0.004805457740245389 0.010653240962056713 0.022654398610603536 0.04697069531829552 0.09508257448628765 0.18543334233387349 0.345192101822671 0.6117855872712047 1.0251775807543069 1.6047462641592358 2.332378444627086 3.1667326669156353 4.059155642970387 4.926826601983786 5.625870093733777 5.999242404929178 5.963770623273054 5.5471446314403785 4.861037671933367 4.04616349512679 3.221294569927113 2.4579176776086515 1.7882477564574033 1.2285505274170443 0.7902957752376765 0.4753483472315913 0.2696196832224082 0.14620473129462302 0.07650474164913547 0.03879763434179861 0.019135472233747012 0.00911625994536248 0.0040958092646807736 0.0017024285886882047 0.0006666399160412741 0.0002612297493129673 0.00010667820313871308 4.295517802576234e-5 1.5228004945627265e-5 4.334175337969053e-6 9.402171808007154e-7 1.517100143301632e-7 2.1357014959322148e-8 0.0 0.0 0.0 0.0 0.0 0.0 0.0 0.0 0.0 0.0 0.0 0.0 0.0 0.0 0.0 0.0 0.0 0.0 0.0 0.0 0.0 0.0 0.0 0.0 0.0 0.0 0.0 0.0 0.0 0.0 0.0 0.0 0.0 0.0 0.0 0.0 0.0 0.0 0.0 0.0 0.0 0.0 0.0 0.0 0.0 0.0 0.0 0.0 
1.1535589302062267e-7 7.569026956708363e-7 3.739832828175624e-6 1.435248329445498e-5 4.51529384110444e-5 0.00012436327954741292 0.00031755932031273415 0.0007803402156376265 0.0018756304798739775 0.0043905286853675105 0.009899041819721732 0.021520293327034305 0.04539992394997995 0.09239488792892107 0.17911642224789046 0.32969680772451293 0.5784973531422987 0.9645322370130298 1.5101087682820253 2.202378524294722 3.001368481924446 3.85429632605526 4.682943510289139 5.364621184819185 5.751539860355837 5.73610927683475 5.322660250653322 4.634726752344952 3.8359085888099003 3.0458244717661445 2.3218923631473882 1.6882854281171427 1.161276907683637 0.751090101431936 0.456019745808752 0.26135836165385923 0.1430373066326941 0.07547909400779944 0.038621001410005025 0.019217573694762548 0.009200917637633761 0.004126075682879545 0.0017081296744272513 0.0006746060179262559 0.0002729786040548495 0.00011572274122042446 4.7312829735349855e-5 1.6649497503313217e-5 4.658561186087154e-6 9.926889990784787e-7 1.5783137374469361e-7 2.314736378838275e-8 0.0 0.0 0.0 0.0 0.0 0.0 0.0 0.0 0.0 0.0 0.0 0.0 0.0 0.0 0.0 0.0 0.0 0.0 0.0 0.0 0.0 0.0 0.0 0.0 0.0 0.0 0.0 0.0 0.0 0.0 0.0 0.0 0.0 0.0 0.0 0.0 0.0 0.0 0.0 0.0 0.0 0.0 0.0 0.0 0.0 0.0 0.0 0.0 
1.3102477414720628e-7 8.45340496509512e-7 4.075973583182225e-6 1.5159152659226018e-5 4.5992705309727434e-5 0.00012209976587889863 0.0003012560435979213 0.0007181322561918405 0.0016923852131704386 0.00395795821198827 0.00905546871440695 0.020000288014526784 0.042372851168351544 0.08551502828946217 0.16352500184064755 0.2971813107749836 0.5161656899007916 0.8537603589631266 1.329737534322714 1.936976979509888 2.645309297453851 3.406019744572947 4.144624999380195 4.756929682398466 5.119296750693198 5.129713476430485 4.778863202283808 4.172484400099105 3.457574739562616 2.740559092067765 2.0760464785962145 1.4957220598041867 1.0221229479023135 0.6621214720034426 0.40619451685249774 0.23642737127734054 0.13154143923059816 0.07051607075365628 0.03661184306444532 0.018431772156606435 0.008884703981384029 0.004002858474751255 0.0016787163584044316 0.000684771011394413 0.00028837669283629074 0.00012362967606560806 4.907059615446103e-5 1.638794120234725e-5 4.334043904227949e-6 8.775756528776634e-7 1.337830778639875e-7 2.0494991319429988e-8 0.0 0.0 0.0 0.0 0.0 0.0 0.0 0.0 0.0 0.0 0.0 0.0 0.0 0.0 0.0 0.0 0.0 0.0 0.0 0.0 0.0 0.0 0.0 0.0 0.0 0.0 0.0 0.0 0.0 0.0 0.0 0.0 0.0 0.0 0.0 0.0 0.0 0.0 0.0 0.0 0.0 0.0 0.0 0.0 0.0 0.0 0.0 0.0 
1.1525762430267035e-7 7.502109570045761e-7 3.6708779917045177e-6 1.396708613274233e-5 4.3552813670913855e-5 0.00011790573856256971 0.0002897365003340445 0.0006702388936722874 0.0015228319283342676 0.003498612984465689 0.008037601283148605 0.017892002034638813 0.03777016057551486 0.07514142041008053 0.1414297452806481 0.25394990610926416 0.4368161999389488 0.7155280157499312 1.1051334164807392 1.6032128440038067 2.190286269241035 2.8240926721300545 3.434491245054515 3.935621404598491 4.239312505682822 4.272444553720607 4.020913396383496 3.552132451052397 2.9693186280512425 2.3565505908353535 1.7715814210739675 1.2597786523189374 0.851228417112216 0.5499668909212451 0.3400896581538339 0.20097610182545264 0.1137493266591107 0.0619424893310388 0.03259563247983874 0.01659895858944895 0.008093662796759283 0.003712332721977032 0.0016113868312125905 0.0006935816954031465 0.0003069298050798538 0.0001332461741251967 5.1378082924338134e-5 1.6224970161184894e-5 4.005093108721721e-6 7.542326467857048e-7 1.0719821022389223e-7 1.605283523260707e-8 0.0 0.0 0.0 0.0 0.0 0.0 0.0 0.0 0.0 0.0 0.0 0.0 0.0 0.0 0.0 0.0 0.0 0.0 0.0 0.0 0.0 0.0 0.0 0.0 0.0 0.0 0.0 0.0 0.0 0.0 0.0 0.0 0.0 0.0 0.0 0.0 0.0 0.0 0.0 0.0 0.0 0.0 0.0 0.0 0.0 0.0 0.0 0.0 
7.796229347008997e-8 5.27574662456378e-7 2.7370068916872494e-6 1.1254998413261772e-5 3.814692464078379e-5 0.00011004030664923969 0.00027620717014057615 0.0006237097791953685 0.001349971575218231 0.0029870691428444517 0.006789045608176788 0.015127745127622695 0.03180719496317791 0.0626021903812207 0.1164762761147274 0.2070577170500655 0.35227614286943515 0.569803280788781 0.8704908955375519 1.2554730140648618 1.713176339312334 2.208369874092656 2.6798199343017424 3.0616167478950596 3.299060728278583 3.3484212925797707 3.1934677729373186 2.865042267837497 2.4243929785004776 1.933833318192042 1.4495590101313585 1.0220036733165645 0.6838338401292953 0.4391883441358974 0.27199811826963316 0.16216878034698237 0.09292633893429211 0.05119794082202915 0.027205732461350905 0.013990677195361026 0.006921613037228791 0.003255613406366913 0.0014696417057145188 0.0006633172057122753 0.00030498623880621285 0.00013451252638955856 5.15446051493099e-5 1.5895524019622565e-5 3.7778436220209955e-6 6.772436469640293e-7 9.078931762386355e-8 1.2122084221408458e-8 0.0 0.0 0.0 0.0 0.0 0.0 0.0 0.0 0.0 0.0 0.0 0.0 0.0 0.0 0.0 0.0 0.0 0.0 0.0 0.0 0.0 0.0 0.0 0.0 0.0 0.0 0.0 0.0 0.0 0.0 0.0 0.0 0.0 0.0 0.0 0.0 0.0 0.0 0.0 0.0 0.0 0.0 0.0 0.0 0.0 0.0 0.0 0.0 
4.484593037938782e-8 3.3304583518925957e-7 1.9357302510684827e-6 8.953937442407267e-6 3.344243536895507e-5 0.00010216797931925221 0.00025964184233127414 0.0005704884121441734 0.0011708959530488242 0.002462238888720853 0.005450009458398844 0.012039164068281654 0.025185887105753424 0.04929918102168691 0.09124089118519768 0.16103500579370514 0.27067047394947774 0.43103620407620225 0.6496543801717397 0.9301369541316244 1.2672135316717867 1.6345075249181578 1.983417762516224 2.2650412288138675 2.4455735637755556 2.499182254237176 2.41012112745153 2.1890285970892696 1.8719775414321778 1.5045161167055587 1.1330417320604655 0.8000846784556866 0.533864937589457 0.34063955114202654 0.2097836626748887 0.1251142246510009 0.07213338386099552 0.04005389205808393 0.021422178832233376 0.011080054133224538 0.005530360399028662 0.00264085241081263 0.0012150614026711808 0.0005571357162538345 0.0002584132816303624 0.00011450340227756986 4.398383122826573e-5 1.3544219002961985e-5 3.1951152132757293e-6 5.644971217565372e-7 7.396986761658436e-8 8.788464895807028e-9 0.0 0.0 0.0 0.0 0.0 0.0 0.0 0.0 0.0 0.0 0.0 0.0 0.0 0.0 0.0 0.0 0.0 0.0 0.0 0.0 0.0 0.0 0.0 0.0 0.0 0.0 0.0 0.0 0.0 0.0 0.0 0.0 0.0 0.0 0.0 0.0 0.0 0.0 0.0 0.0 0.0 0.0 0.0 0.0 0.0 0.0 0.0 0.0 
2.8062820069729757e-8 2.3811773772120897e-7 1.5571433835327691e-6 7.84935770380823e-6 3.072372703498806e-5 9.49653635320982e-5 0.0002378571851197657 0.0005053228932658703 0.0009882130337617104 0.0019739928111968575 0.004207566165263648 0.009093441768616687 0.018785549407097958 0.0365392020975296 0.06745645590467138 0.1185975906342451 0.19745926687688367 0.3100188751361189 0.46086444935558935 0.6544052652445692 0.8904818557935363 1.1525457360752527 1.4046286839337048 1.6088153995111023 1.7404098652273483 1.783244340256449 1.7270056923438575 1.576993805274067 1.3566443149832346 1.0984464719351892 0.8355168624019352 0.59638108002346 0.4004453147181772 0.2550228369591988 0.15604780657444703 0.09275879202477186 0.05362135745028276 0.029917676426738468 0.01603215687249665 0.008268469629971605 0.004101732401430735 0.0019427730564017232 0.0008813554068305097 0.000394113315952422 0.00017758560621405887 7.724457566439638e-5 2.9514279975694947e-5 9.103180479266646e-6 2.1533237014585147e-6 3.8076575021863977e-7 4.976425515405891e-8 5.646327674928885e-9 0.0 0.0 0.0 0.0 0.0 0.0 0.0 0.0 0.0 0.0 0.0 0.0 0.0 0.0 0.0 0.0 0.0 0.0 0.0 0.0 0.0 0.0 0.0 0.0 0.0 0.0 0.0 0.0 0.0 0.0 0.0 0.0 0.0 0.0 0.0 0.0 0.0 0.0 0.0 0.0 0.0 0.0 0.0 0.0 0.0 0.0 0.0 0.0 
2.2544802762518257e-8 2.060147367335307e-7 1.4057478973895123e-6 7.185161222670966e-6 2.7873054139368057e-5 8.411208057355083e-5 0.00020418590764599806 0.0004195051481303602 0.0007919331648473592 0.0015229824194557687 0.003129725677860544 0.006561958380284895 0.013259667406136322 0.02547093103309609 0.04682557490943257 0.08223837005873028 0.13649489454430547 0.21274118094161037 0.31314566435122904 0.4411802329893725 0.5994100716909595 0.7792697779954956 0.9553393966295785 1.0971701029032515 1.1845041465614763 1.2081876827847386 1.165915712311156 1.0634227628780681 0.9158982397591101 0.7451007972925575 0.572898005323853 0.4155135117900516 0.2832358744422821 0.18188972248298996 0.1115614709863349 0.06643163234467687 0.03852894515647724 0.021523438540791043 0.011468347307948143 0.00582661544153437 0.0028229897616747325 0.001295239142109547 0.0005615032436853318 0.00023510665856637687 9.831971725374533e-5 4.0447325304836224e-5 1.50500459728277e-5 4.609292385440629e-6 1.091601454672443e-6 1.9367840381474779e-7 2.5396553840338137e-8 3.0371621787664757e-9 0.0 0.0 0.0 0.0 0.0 0.0 0.0 0.0 0.0 0.0 0.0 0.0 0.0 0.0 0.0 0.0 0.0 0.0 0.0 0.0 0.0 0.0 0.0 0.0 0.0 0.0 0.0 0.0 0.0 0.0 0.0 0.0 0.0 0.0 0.0 0.0 0.0 0.0 0.0 0.0 0.0 0.0 0.0 0.0 0.0 0.0 0.0 0.0 
1.8969670517105972e-8 1.748822209474291e-7 1.186123420500631e-6 5.95647593212216e-6 2.250751673320548e-5 6.585415210546039e-5 0.0001551278151173466 0.00031123797887526114 0.0005780804134509475 0.0010944409522548042 0.0021993446407096895 0.004490621831390622 0.00886119449544234 0.016754107670863706 0.0305983355269221 0.05373832492190293 0.08938354927538814 0.13932986523005256 0.20426938802111197 0.28609597529514696 0.38754918658533755 0.5046249253054492 0.6202096027227574 0.7112887406675331 0.7624735716758707 0.7701704251830531 0.7375420224011305 0.6699080702536585 0.575717827977789 0.4687334264243895 0.36344691413227237 0.2683559959493792 0.18708103096875434 0.12260437028474093 0.07634928877887147 0.04592851929633012 0.026752865004943678 0.014882461787636747 0.007811289444910138 0.0038664001017028877 0.0018093469206645917 0.0007955608643673718 0.00032518237321255925 0.00012428505924443395 4.598510862848016e-5 1.6882777927255405e-5 5.862052653602033e-6 1.7443266806239884e-6 4.0985644215507707e-7 7.273567534583593e-8 9.574749124288662e-9 1.3960302208870657e-9 0.0 0.0 0.0 0.0 0.0 0.0 0.0 0.0 0.0 0.0 0.0 0.0 0.0 0.0 0.0 0.0 0.0 0.0 0.0 0.0 0.0 0.0 0.0 0.0 0.0 0.0 0.0 0.0 0.0 0.0 0.0 0.0 0.0 0.0 0.0 0.0 0.0 0.0 0.0 0.0 0.0 0.0 0.0 0.0 0.0 0.0 0.0 0.0 
1.3475385024388567e-8 1.2318221208446094e-7 8.238112808299442e-7 4.06072987070367e-6 1.5013537120706922e-5 4.297272668039162e-5 9.956470157262932e-5 0.00019890874613844972 0.0003727865825513086 0.0007125205753559702 0.0014260523041495642 0.0028697203822142343 0.005577430674141766 0.010431999516336016 0.01894841543384545 0.0332531072676054 0.05544273097093391 0.08665086049199182 0.127008308389399 0.17726381945774694 0.23913882496489874 0.31052562083394225 0.38058855962405275 0.4340230120956648 0.4610706510852485 0.461455291051281 0.4393717757610752 0.39787370820656376 0.34070173091577227 0.27657373093978044 0.21548838341197335 0.16191188778214088 0.11590694543846158 0.07810148136378076 0.049756425194955156 0.030339783099551203 0.017707253554386345 0.009750171648119681 0.005005283194196917 0.002399747070545519 0.001084181544222099 0.0004610650170016185 0.00018093758420119837 6.404648100439777e-5 2.0553307275503474e-5 6.244558513299081e-6 1.8458462961898175e-6 5.022279641308976e-7 1.1379987459951317e-7 1.9971696502511694e-8 2.634590792607364e-9 5.877739061996133e-10 0.0 0.0 0.0 0.0 0.0 0.0 0.0 0.0 0.0 0.0 0.0 0.0 0.0 0.0 0.0 0.0 0.0 0.0 0.0 0.0 0.0 0.0 0.0 0.0 0.0 0.0 0.0 0.0 0.0 0.0 0.0 0.0 0.0 0.0 0.0 0.0 0.0 0.0 0.0 0.0 0.0 0.0 0.0 0.0 0.0 0.0 0.0 0.0 
7.400583178322377e-9 6.71033640133733e-8 4.44205097562565e-7 2.1647273328507817e-6 7.919759880039778e-6 2.2554630074797195e-5 5.2703001095113576e-5 0.00010845437325109423 0.00021266678071998391 0.000421520044727247 0.0008531595346007661 0.001712401012706069 0.003321122213282442 0.006212507698320586 0.011269617990218165 0.019711444864395234 0.032764404212590144 0.05112847856981365 0.07484993919325252 0.10417991787725958 0.13986796882239053 0.18049631013949144 0.21965666312733395 0.2485678451696743 0.2622630672847753 0.26165633294517543 0.24940213720031257 0.2261555820086255 0.19318179684930356 0.15614838046063717 0.12190990945520794 0.0929380351158727 0.06816949502647837 0.04716637117049678 0.030693470236557226 0.018918102507650737 0.011025450224441341 0.0059967081678733635 0.003012691448982838 0.0014066241832508199 0.0006237845925709829 0.0002659262542503696 0.0001059256068455126 3.718730370479538e-5 1.0994862117917213e-5 2.738868296408876e-6 6.07822205273515e-7 1.2814330912523077e-7 2.5034819678070002e-8 4.12125517148091e-9 5.370262287126133e-10 2.3532097773897324e-10 0.0 0.0 0.0 0.0 0.0 0.0 0.0 0.0 0.0 0.0 0.0 0.0 0.0 0.0 0.0 0.0 0.0 0.0 0.0 0.0 0.0 0.0 0.0 0.0 0.0 0.0 0.0 0.0 0.0 0.0 0.0 0.0 0.0 0.0 0.0 0.0 0.0 0.0 0.0 0.0 0.0 0.0 0.0 0.0 0.0 0.0 0.0 0.0 
3.045559033677441e-9 2.7488712284340304e-8 1.811829532930064e-7 8.814151286630912e-7 3.244252958431481e-6 9.464856069702288e-6 2.339762654076915e-5 5.2799440233478375e-5 0.00011443305535193528 0.00024160356119893616 0.0004966635875597415 0.0009938121208256066 0.0019315818686237132 0.003634136221173554 0.006587644322919905 0.011414674427017525 0.018730497130425707 0.02890700098151509 0.04200203472551722 0.05812895766757769 0.07751605316904422 0.09913714660479767 0.11945597126942531 0.13409134093555714 0.1410588209913718 0.1412625124011359 0.13568991926373858 0.12379516460971092 0.10591538204803334 0.08555809605756746 0.06696256317223583 0.05151863082523022 0.038347986830587155 0.026967541762345004 0.017786549942387833 0.011041827447653496 0.006436144633970841 0.0034824084627282505 0.0017359922511193133 0.0008091106717489732 0.00036731046215362535 0.00016617285714067692 7.121665728442715e-5 2.6328248825490685e-5 7.80093151211828e-6 1.7883406176454886e-6 3.182545090843251e-7 4.647764965915235e-8 6.112053520733384e-9 7.612195356759243e-10 8.8475368107998e-11 8.399221604533346e-11 0.0 0.0 0.0 0.0 0.0 0.0 0.0 0.0 0.0 0.0 0.0 0.0 0.0 0.0 0.0 0.0 0.0 0.0 0.0 0.0 0.0 0.0 0.0 0.0 0.0 0.0 0.0 0.0 0.0 0.0 0.0 0.0 0.0 0.0 0.0 0.0 0.0 0.0 0.0 0.0 0.0 0.0 0.0 0.0 0.0 0.0 0.0 0.0 
9.272295759410833e-10 8.363790564242836e-9 5.5296052448318476e-8 2.726346936156804e-7 1.0427991960844242e-6 3.322631830667438e-6 9.591098000691823e-6 2.619922165672233e-5 6.623793242669789e-5 0.00015000535744593246 0.00030736121580779365 0.0005968268180905784 0.0011384784861323113 0.00212886827001486 0.003824646044247267 0.006510579360982377 0.01044812086247915 0.015796982720669758 0.022606113963602747 0.03096066931486544 0.040909680835514516 0.05176980582790291 0.061697781066107744 0.0687283309114674 0.07224893399785323 0.07280598793157517 0.07055506707944027 0.06485920879519681 0.05584826013489348 0.04540574785926401 0.035721887659459155 0.027538760306044494 0.02050323695671841 0.014443392093096662 0.009572397517072133 0.005986357394006162 0.0035202822415729977 0.0019249774822306075 0.0009758673862041334 0.00047177789776544336 0.00022987806127797514 0.00011369410335274948 5.228274519773357e-5 2.006590749529608e-5 5.998506897853097e-6 1.3490232265489005e-6 2.2485809779876826e-7 2.7982379942650623e-8 2.6826540281825754e-9 2.1195774305521374e-10 1.6261033172079704e-11 2.4301773673880162e-11 0.0 0.0 0.0 0.0 0.0 0.0 0.0 0.0 0.0 0.0 0.0 0.0 0.0 0.0 0.0 0.0 0.0 0.0 0.0 0.0 0.0 0.0 0.0 0.0 0.0 0.0 0.0 0.0 0.0 0.0 0.0 0.0 0.0 0.0 0.0 0.0 0.0 0.0 0.0 0.0 0.0 0.0 0.0 0.0 0.0 0.0 0.0 0.0 
2.0534885564770924e-10 1.86292230410941e-9 1.2546530866524484e-8 6.517609386521883e-8 2.823286965696779e-7 1.1287257986299554e-6 4.323289156074331e-6 1.4930269098101174e-5 4.312713465075483e-5 0.0001016067836519044 0.0002021165024037498 0.0003686899302352914 0.000667516255129403 0.00121440546235426 0.0021434880715865204 0.0035756843502885733 0.005604488035556134 0.008282756109314648 0.011643920800159736 0.015768561236142575 0.020685120941845162 0.025988069686422845 0.03072560107163852 0.034029615109187186 0.03574507459898363 0.03612955824199017 0.035132091176083485 0.032422665722544736 0.02813727147476529 0.023132729621013173 0.018314018337473266 0.014033747918495492 0.010293456543436563 0.007154873459365803 0.004725513156142804 0.0029821251260492097 0.0017885766769580708 0.0010062229488487636 0.0005319609661622512 0.00027526216790365227 0.0001466123010145185 7.78434386168803e-5 3.684985519285906e-5 1.4105561244151978e-5 4.1398625404138095e-6 9.075867581872096e-7 1.465867048147325e-7 1.742688312639675e-8 1.5330156339735407e-9 1.0102971434649822e-10 5.3734706114939865e-12 5.363473488455818e-12 0.0 0.0 0.0 0.0 0.0 0.0 0.0 0.0 0.0 0.0 0.0 0.0 0.0 0.0 0.0 0.0 0.0 0.0 0.0 0.0 0.0 0.0 0.0 0.0 0.0 0.0 0.0 0.0 0.0 0.0 0.0 0.0 0.0 0.0 0.0 0.0 0.0 0.0 0.0 0.0 0.0 0.0 0.0 0.0 0.0 0.0 0.0 0.0 
3.371668270402117e-11 3.1287739391285543e-10 2.248729308305831e-9 1.3730162648752361e-8 7.97151631361436e-8 4.4864841968747854e-7 2.224456257656741e-6 8.859183820468573e-6 2.7229706534203423e-5 6.476654278776522e-5 0.00012456606278127567 0.0002127385009824352 0.0003610466572623289 0.0006345282450887966 0.0011061268593710748 0.0018287028189224455 0.0028283005729578 0.0041125910986381 0.00570403966305373 0.0076810966636713645 0.010094477905606577 0.012727311872036778 0.0150590376800601 0.01665220954280998 0.017455172298631128 0.017582833980068845 0.01699869271897622 0.01561732586364999 0.013591249381561121 0.011278118417754708 0.008966295252266911 0.006786847871732407 0.004846723949279852 0.0032762872394603497 0.0021317283069848484 0.0013529117082492978 0.000833024131850277 0.0004900617492867851 0.0002773195929939645 0.00015800628542216513 9.26647282761096e-5 5.1785934732243965e-5 2.454052411498793e-5 9.122100249998475e-6 2.562938025537293e-6 5.349473273111873e-7 8.219899494872858e-8 9.31286125317045e-9 7.807392155256194e-10 4.857070240205448e-11 2.2852809128580935e-12 9.16930601031399e-13 0.0 0.0 0.0 0.0 0.0 0.0 0.0 0.0 0.0 0.0 0.0 0.0 0.0 0.0 0.0 0.0 0.0 0.0 0.0 0.0 0.0 0.0 0.0 0.0 0.0 0.0 0.0 0.0 0.0 0.0 0.0 0.0 0.0 0.0 0.0 0.0 0.0 0.0 0.0 0.0 0.0 0.0 0.0 0.0 0.0 0.0 0.0 0.0 
4.1588644049870546e-12 4.181711072207062e-11 3.6690407412232787e-10 3.1784902857368903e-9 2.666513681732364e-8 1.9127735023257044e-7 1.0699928595541374e-6 4.50153107881428e-6 1.4156200512274964e-5 3.3723369619013695e-5 6.34697135821862e-5 0.00010360199074172028 0.00016811566685490784 0.00029219017204096975 0.0005176328089975758 0.0008699009927654842 0.0013487645819681925 0.0019416477234938823 0.0026609130122373465 0.003576268761605195 0.00475387761941557 0.006092900609372694 0.0072951304523807 0.008102849515357276 0.008478358823459448 0.008475061906633143 0.00808619003079255 0.007326365027395607 0.006332919295835457 0.005266997649947529 0.0041921007667751605 0.0031315371819034617 0.0021688570377960416 0.0014101091752856667 0.0008897512218033288 0.000561897271431637 0.0003573037597492474 0.00022658159777263752 0.0001452147921197917 9.69798328779636e-5 6.483770025126503e-5 3.8507413295152085e-5 1.829956139244929e-5 6.588628543926028e-6 1.7558950984217866e-6 3.427614573212342e-7 4.877622950308188e-8 5.092681598689425e-9 3.932021074214299e-10 2.2570517625156538e-11 9.67952913833109e-13 1.3119409676816182e-13 0.0 0.0 0.0 0.0 0.0 0.0 0.0 0.0 0.0 0.0 0.0 0.0 0.0 0.0 0.0 0.0 0.0 0.0 0.0 0.0 0.0 0.0 0.0 0.0 0.0 0.0 0.0 0.0 0.0 0.0 0.0 0.0 0.0 0.0 0.0 0.0 0.0 0.0 0.0 0.0 0.0 0.0 0.0 0.0 0.0 0.0 0.0 0.0 
4.0064537865421275e-13 5.1804059269007425e-12 6.799725349546863e-11 8.583034345740559e-10 8.92860107888852e-9 7.047665574892968e-8 4.112372012552663e-7 1.7674365206851136e-6 5.623739146622954e-6 1.3447233567944759e-5 2.5146557611800693e-5 4.05508392714223e-5 6.649466626135225e-5 0.0001222055070742582 0.00023200511032214131 0.0004075500292166671 0.0006371134988141153 0.0008990794186986155 0.0011973838486609815 0.0015867760107613708 0.002131404619202836 0.0027969135910490984 0.003420821608563127 0.0038484957575637005 0.004043199547161013 0.004020847870629659 0.0037803983973396073 0.003358757627925868 0.0028607090381554965 0.0023690514952300554 0.0018855538008169272 0.00139782417343191 0.0009467932355381657 0.0005940303050258193 0.00036189844584420393 0.00022824136169678953 0.00015573070460497913 0.00011499918632454932 9.070317738155216e-5 7.376722908320838e-5 5.587028556523001e-5 3.4995887817224603e-5 1.6803671983435986e-5 5.969377450024216e-6 1.5446985815900208e-6 2.886826611844942e-7 3.8766844534193844e-8 3.765532411969546e-9 2.668558134031642e-10 1.3891847144268832e-11 5.324687298160149e-13 2.388515923813742e-14 0.0 0.0 0.0 0.0 0.0 0.0 0.0 0.0 0.0 0.0 0.0 0.0 0.0 0.0 0.0 0.0 0.0 0.0 0.0 0.0 0.0 0.0 0.0 0.0 0.0 0.0 0.0 0.0 0.0 0.0 0.0 0.0 0.0 0.0 0.0 0.0 0.0 0.0 0.0 0.0 0.0 0.0 0.0 0.0 0.0 0.0 0.0 0.0 
4.0020898179487167e-14 7.909952613790741e-13 1.462406838902239e-11 2.1969402641127283e-10 2.452068860872813e-9 1.994835597912035e-8 1.1836251076587031e-7 5.149831706744108e-7 1.6557753091145265e-6 3.997526288878917e-6 7.589362852092404e-6 1.2864910646782122e-5 2.4024476337288104e-5 5.224683902714412e-5 0.0001115565804604932 0.00020541522574371774 0.00031763362815870756 0.00042552608323308147 0.0005297273864150122 0.0006698062524846235 0.0008950779450955905 0.0012008700717963392 0.0015096071398240278 0.001739489796654483 0.0018596129985820576 0.0018600596051204907 0.0017326614153099407 0.0015108638501427382 0.0012679839138509748 0.0010479789414497309 0.00083940335616675 0.0006259675858219267 0.0004245825337141606 0.0002656863107268464 0.00016307460855072953 0.00010979851899768994 8.777340719935559e-5 7.874633100279671e-5 7.2432884147953e-5 6.421903545217252e-5 5.042121903641819e-5 3.195220064302031e-5 1.536497969171393e-5 5.438016624236901e-6 1.396234268700644e-6 2.577521338285102e-7 3.400280760236463e-8 3.222736237468821e-9 2.2103282437196052e-10 1.1025331626068097e-11 3.99738131104407e-13 1.1395194444867642e-14 0.0 0.0 0.0 0.0 0.0 0.0 0.0 0.0 0.0 0.0 0.0 0.0 0.0 0.0 0.0 0.0 0.0 0.0 0.0 0.0 0.0 0.0 0.0 0.0 0.0 0.0 0.0 0.0 0.0 0.0 0.0 0.0 0.0 0.0 0.0 0.0 0.0 0.0 0.0 0.0 0.0 0.0 0.0 0.0 0.0 0.0 0.0 0.0 
4.987342845636883e-15 1.3420458441614726e-13 2.8345681951616654e-12 4.4833415860943937e-11 5.1132271239094e-10 4.21271444919724e-9 2.5260215436972404e-8 1.1108472112067661e-7 3.617068581838614e-7 8.926306784810792e-7 1.8071137914469892e-6 3.7012547462564794e-6 9.391715883669189e-6 2.5729341126058882e-5 6.0808156213331595e-5 0.00011409102830318818 0.00016996390673264564 0.0002099168949220309 0.0002354764386625476 0.000274192467606406 0.0003565442210659087 0.0004833665629877032 0.000622439818800498 0.0007404947549793032 0.0008192659973004007 0.0008387119754138847 0.0007835318463260078 0.00067608371612209 0.0005650307284805734 0.0004736459778024219 0.00038851043470456526 0.0002965368286370615 0.00020629765042105022 0.00013416551065022385 8.879843736623433e-5 6.898180045341375e-5 6.497485374621175e-5 6.39962292281011e-5 5.9398196957023746e-5 5.084773252719739e-5 3.850726219996706e-5 2.3879867013626864e-5 1.1363240704347694e-5 4.001396024449331e-6 1.0242233171555452e-6 1.8854679985928177e-7 2.478707061074965e-8 2.338207765696285e-9 1.5932527044762507e-10 7.876494425757855e-12 2.8206872023844027e-13 7.54723780208174e-15 0.0 0.0 0.0 0.0 0.0 0.0 0.0 0.0 0.0 0.0 0.0 0.0 0.0 0.0 0.0 0.0 0.0 0.0 0.0 0.0 0.0 0.0 0.0 0.0 0.0 0.0 0.0 0.0 0.0 0.0 0.0 0.0 0.0 0.0 0.0 0.0 0.0 0.0 0.0 0.0 0.0 0.0 0.0 0.0 0.0 0.0 0.0 0.0 
5.646543560501383e-16 1.9350760272779874e-14 4.234449394136088e-13 6.8115445315486815e-12 7.847262107777472e-11 6.523219341142902e-10 3.949551999822811e-9 1.7581347715485735e-8 5.847749062624588e-8 1.5345517374996076e-7 3.806608295263813e-7 1.1785571532369303e-6 4.288934485061004e-6 1.3797401315013686e-5 3.43151379426208e-5 6.433743557687701e-5 9.213845238266504e-5 0.00010536369454238613 0.00010686880791074528 0.00011474814851143384 0.0001440048800064538 0.00019217413837244085 0.0002464531514274875 0.00029947725483388114 0.00034601368474576123 0.0003692310421960014 0.00035246612879459734 0.0003055980295059883 0.00025764381438017083 0.0002218783721942039 0.00018801569232592837 0.00014691394901401883 0.00010420886524103979 7.02754507778742e-5 5.056266090332896e-5 4.467362602996919e-5 4.619805328970074e-5 4.614681389938323e-5 4.0744674733236726e-5 3.216446011325232e-5 2.268665158064241e-5 1.3481776198743267e-5 6.285259008645229e-6 2.1936579295308457e-6 5.593749301783875e-7 1.0279285373251512e-7 1.3499187853832674e-8 1.2721868917446322e-9 8.658768574763365e-11 4.273999875657114e-12 1.5272210057301698e-13 4.055123658683475e-15 0.0 0.0 0.0 0.0 0.0 0.0 0.0 0.0 0.0 0.0 0.0 0.0 0.0 0.0 0.0 0.0 0.0 0.0 0.0 0.0 0.0 0.0 0.0 0.0 0.0 0.0 0.0 0.0 0.0 0.0 0.0 0.0 0.0 0.0 0.0 0.0 0.0 0.0 0.0 0.0 0.0 0.0 0.0 0.0 0.0 0.0 0.0 0.0 
5.099805531550024e-18 2.1179007348220368e-15 4.52702540884215e-14 7.349349153543547e-13 8.531876557581347e-12 7.153368158742139e-11 4.379502664496993e-10 1.9881268172995276e-9 7.001515078683857e-9 2.2500897497071075e-8 8.982663892271552e-8 4.4558805693398363e-7 2.005079398249779e-6 6.9234509089814495e-6 1.7610410427061033e-5 3.2966152019795816e-5 4.609939110380408e-5 5.031258784420981e-5 4.8341873688424684e-5 5.055451391437998e-5 6.26088679130309e-5 7.994697114966013e-5 9.700051401830208e-5 0.00011581241778204729 0.00013843972184888266 0.00015575769756454152 0.00015495123104474048 0.0001372237907711986 0.00011687660050257769 0.00010201540909772684 8.76141343343026e-5 6.85632507277257e-5 4.82127024654379e-5 3.263425864013115e-5 2.4728144306464196e-5 2.3849318254820533e-5 2.5959797220182556e-5 2.5782278761240834e-5 2.157347882911059e-5 1.5599239322682258e-5 1.0074330566302947e-5 5.640023342893286e-6 2.5495807054217545e-6 8.77651734690152e-7 2.225039066725247e-7 4.0790521587992994e-8 5.351397943627512e-9 5.04086541956225e-10 3.42988331406514e-11 1.6924277345322745e-12 6.04403892880091e-14 1.591709567355609e-15 0.0 0.0 0.0 0.0 0.0 0.0 0.0 0.0 0.0 0.0 0.0 0.0 0.0 0.0 0.0 0.0 0.0 0.0 0.0 0.0 0.0 0.0 0.0 0.0 0.0 0.0 0.0 0.0 0.0 0.0 0.0 0.0 0.0 0.0 0.0 0.0 0.0 0.0 0.0 0.0 0.0 0.0 0.0 0.0 0.0 0.0 0.0 0.0 
-1.6129487279883195e-17 2.258593208654944e-16 3.644255477224446e-15 6.001660642495696e-14 7.025804374586876e-13 5.942133718717757e-12 3.6972187826157886e-11 1.7635076030971766e-10 7.494629942978526e-10 3.922974083807904e-9 2.6591253951381366e-8 1.6794140969504372e-7 8.162735587450734e-7 2.9014947438829723e-6 7.476112528601984e-6 1.4028015218953691e-5 1.9454295231861067e-5 2.0911176620209882e-5 2.008252965973127e-5 2.1764494005599035e-5 2.7444754474868343e-5 3.348084160013731e-5 3.730347849389925e-5 4.1905068471041235e-5 5.061024315219215e-5 6.003049268717672e-5 6.287015946089642e-5 5.725453548950805e-5 4.8681171165219995e-5 4.1739510595512256e-5 3.5182752301887435e-5 2.6896939944215107e-5 1.8299194733390375e-5 1.2070479182292812e-5 9.349252444161498e-6 9.579016207244212e-6 1.079022506231164e-5 1.064943830850885e-5 8.533997804956855e-6 5.700931411243257e-6 3.350647544469456e-6 1.7409443786732904e-6 7.540479613210991e-7 2.543780022747226e-7 6.393263671707058e-8 1.1678545750845185e-8 1.5299210410696317e-9 1.440310016423387e-10 9.797776488375625e-12 4.83308484297037e-13 1.7247508615058256e-14 4.247569890939865e-16 0.0 0.0 0.0 0.0 0.0 0.0 0.0 0.0 0.0 0.0 0.0 0.0 0.0 0.0 0.0 0.0 0.0 0.0 0.0 0.0 0.0 0.0 0.0 0.0 0.0 0.0 0.0 0.0 0.0 0.0 0.0 0.0 0.0 0.0 0.0 0.0 0.0 0.0 0.0 0.0 0.0 0.0 0.0 0.0 0.0 0.0 0.0 0.0 
2.0233757311024055e-17 7.281355840973067e-17 2.2211308261442897e-16 3.538924592159796e-15 4.3085562271115015e-14 3.68664005240218e-13 2.3953149906684772e-12 1.3601896524725333e-11 9.438283320925136e-11 8.753050868983272e-10 7.734347036142909e-9 5.289200604006865e-8 2.644940448060887e-7 9.543384341700444e-7 2.4812079661218406e-6 4.675017692561007e-6 6.485620461000722e-6 7.000385025598285e-6 6.941734964852795e-6 8.016396596520699e-6 1.0424135150204566e-5 1.2356597693708825e-5 1.2777815433142645e-5 1.3308696343494397e-5 1.593478878629381e-5 1.978999342936751e-5 2.177473216524423e-5 2.030985389177581e-5 1.7007854264961367e-5 1.3963145679691558e-5 1.1266395831507454e-5 8.282199636726944e-6 5.385977544060178e-6 3.402764434090176e-6 2.640106391763212e-6 2.8268924165839047e-6 3.2694653169784626e-6 3.215976386887136e-6 2.497793388814854e-6 1.5644450497297562e-6 8.399650493120528e-7 4.008407331616487e-7 1.6424643766088816e-7 5.3867964488539505e-8 1.3369656244232326e-8 2.4294296103442317e-9 3.175854738451002e-10 2.9873310330507136e-11 2.0315342653625425e-12 1.0011392778512434e-13 3.562512156151074e-15 3.3850036527216714e-17 0.0 0.0 0.0 0.0 0.0 0.0 0.0 0.0 0.0 0.0 0.0 0.0 0.0 0.0 0.0 0.0 0.0 0.0 0.0 0.0 0.0 0.0 0.0 0.0 0.0 0.0 0.0 0.0 0.0 0.0 0.0 0.0 0.0 0.0 0.0 0.0 0.0 0.0 0.0 0.0 0.0 0.0 0.0 0.0 0.0 0.0 0.0 0.0 
7.109748658546102e-17 5.968818126385728e-17 5.2427844435661316e-17 1.0996227815703728e-16 1.87353098658744e-15 1.6023723849411337e-14 1.2405600907978083e-13 1.1829814367506946e-12 1.537622924382268e-11 1.9079457599105244e-10 1.8303132288337413e-9 1.2851646848559222e-8 6.513351555486008e-8 2.3715714911251106e-7 6.205272609778852e-7 1.174110536920007e-6 1.6358412857212177e-6 1.7915363109272765e-6 1.863787985244768e-6 2.3066590013480205e-6 3.0948300249532044e-6 3.6159474797367297e-6 3.5489902327171137e-6 3.456041583487055e-6 4.074333241972609e-6 5.2587842800358414e-6 6.032064851967197e-6 5.719808443633896e-6 4.678643412379613e-6 3.6263542732284238e-6 2.756010506663631e-6 1.9293714715585556e-6 1.1928212735765775e-6 7.144721706521294e-7 5.468961332134052e-7 6.052091242474916e-7 7.153751973156033e-7 7.02964332770146e-7 5.339489060617998e-7 3.178458451153746e-7 1.5712104893181945e-7 6.834674260298526e-8 2.6104349829982745e-8 8.230979225391198e-9 2.0055926656608975e-9 3.6158031353846446e-10 4.711541238768149e-11 4.426271512620565e-12 3.009120740386719e-13 1.4752265160623525e-14 5.113305922587287e-16 2.0050594074897666e-18 0.0 0.0 0.0 0.0 0.0 0.0 0.0 0.0 0.0 0.0 0.0 0.0 0.0 0.0 0.0 0.0 0.0 0.0 0.0 0.0 0.0 0.0 0.0 0.0 0.0 0.0 0.0 0.0 0.0 0.0 0.0 0.0 0.0 0.0 0.0 0.0 0.0 0.0 0.0 0.0 0.0 0.0 0.0 0.0 0.0 0.0 0.0 0.0 
1.1809751874083397e-16 5.00902083519367e-17 4.1190160110180966e-17 3.680299830814719e-17 1.2606859189313007e-16 6.289485427803647e-16 7.822390723015439e-15 1.414826552620989e-13 2.4693133420313467e-12 3.313507345829187e-11 3.2520825412522837e-10 2.308139844833801e-9 1.1784255530865394e-8 4.314963198497238e-8 1.1338991633828107e-7 2.153463976820504e-7 3.019402501750605e-7 3.377201045789068e-7 3.7185232446827724e-7 4.92446490506758e-7 6.798335056319516e-7 7.896130603994522e-7 7.495945539513133e-7 6.939908625642208e-7 8.070830754515751e-7 1.075345662666229e-6 1.2740391991588778e-6 1.219683453335489e-6 9.712288317965921e-7 7.065956552561101e-7 5.004758169251316e-7 3.3127765071471405e-7 1.9429909281396674e-7 1.0968672369976483e-7 8.167571049341156e-8 9.243024146156412e-8 1.1122246251569674e-7 1.0935577105801826e-7 8.180039247181129e-8 4.686963019703091e-8 2.1598235304390777e-8 8.558476665985477e-9 3.005754011614945e-9 8.986833235398613e-10 2.1321984223377237e-10 3.799064156623518e-11 4.926265985944089e-12 4.619781119707642e-13 3.142345442271542e-14 1.4799974241372237e-15 3.040539076682949e-17 2.0477315975603969e-19 0.0 0.0 0.0 0.0 0.0 0.0 0.0 0.0 0.0 0.0 0.0 0.0 0.0 0.0 0.0 0.0 0.0 0.0 0.0 0.0 0.0 0.0 0.0 0.0 0.0 0.0 0.0 0.0 0.0 0.0 0.0 0.0 0.0 0.0 0.0 0.0 0.0 0.0 0.0 0.0 0.0 0.0 0.0 0.0 0.0 0.0 0.0 0.0 
1.5358707985664786e-16 3.954749032826351e-17 4.359617708863842e-17 2.8915495670994554e-17 5.572465952211067e-17 1.0648265688692539e-16 8.162494728518486e-16 1.7251167298872765e-14 3.2198313847418874e-13 4.398832642522992e-12 4.3511053388479656e-11 3.1041776843814305e-10 1.591252732436709e-9 5.845505997001195e-9 1.5402605819093406e-8 2.934241557809274e-8 4.144363464237353e-8 4.751422545542905e-8 5.550589177629553e-8 7.812736095349594e-8 1.105032496122952e-7 1.2822203216272438e-7 1.1944475354556122e-7 1.0710189786081953e-7 1.236052669984384e-7 1.6873360920941653e-7 2.0444827369980826e-7 1.9654278648768248e-7 1.5259337509348478e-7 1.0456229805165439e-7 6.887457032267354e-8 4.299657849222665e-8 2.3982147158529273e-8 1.277569090998924e-8 9.155987518804342e-9 1.047219942980203e-8 1.276772670587483e-8 1.2570029775766524e-8 9.312631359763823e-9 5.199760699787276e-9 2.2738797133085444e-9 8.311647277114318e-10 2.677840959077517e-10 7.517143046541761e-11 1.7229673701212444e-11 3.021349456331969e-12 3.8916063440323773e-13 3.6486373806229566e-14 2.5095292749480923e-15 7.73990144273888e-17 6.450263495701736e-19 -9.167578705800028e-21 0.0 0.0 0.0 0.0 0.0 0.0 0.0 0.0 0.0 0.0 0.0 0.0 0.0 0.0 0.0 0.0 0.0 0.0 0.0 0.0 0.0 0.0 0.0 0.0 0.0 0.0 0.0 0.0 0.0 0.0 0.0 0.0 0.0 0.0 0.0 0.0 0.0 0.0 0.0 0.0 0.0 0.0 0.0 0.0 0.0 0.0 0.0 0.0 
1.7272345199955334e-16 2.784404736341954e-17 4.467141328673221e-17 1.8484650037929155e-17 3.385952880998912e-17 1.0957315087766701e-16 1.7557968146217624e-16 1.8547077425185088e-15 3.376905404863212e-14 4.609238891121636e-13 4.57379891966377e-12 3.272501630396476e-11 1.6814994710846994e-10 6.189139570691189e-10 1.6337918908319935e-9 3.1212049104518434e-9 4.4459696294654415e-9 5.250157667393159e-9 6.567124155175798e-9 9.944284239062427e-9 1.4791980181485329e-8 1.801215002437188e-8 1.7722301747649163e-8 1.6234985084381596e-8 1.7615746897952577e-8 2.2493844373840462e-8 2.6517718125810994e-8 2.5129360405485698e-8 1.8985043033740338e-8 1.2308961559240214e-8 7.54385691799367e-9 4.430894797248587e-9 2.3533602812690165e-9 1.1852098443230028e-9 8.102958760124853e-10 9.273317704083847e-10 1.1414017557779541e-9 1.125449794916911e-9 8.285300074356168e-10 4.542900756024858e-10 1.9096429304970717e-10 6.516298337760608e-11 1.9257752463744675e-11 5.022072057481926e-12 1.1005885190815882e-12 1.8882923571993148e-13 2.409632292606926e-14 2.3500043249986612e-15 2.0271698521630366e-16 8.034051046140217e-19 -4.3675599815245023e-20 -4.991907742722564e-22 0.0 0.0 0.0 0.0 0.0 0.0 0.0 0.0 0.0 0.0 0.0 0.0 0.0 0.0 0.0 0.0 0.0 0.0 0.0 0.0 0.0 0.0 0.0 0.0 0.0 0.0 0.0 0.0 0.0 0.0 0.0 0.0 0.0 0.0 0.0 0.0 0.0 0.0 0.0 0.0 0.0 0.0 0.0 0.0 0.0 0.0 0.0 0.0 
0.0 0.0 0.0 0.0 0.0 0.0 0.0 0.0 0.0 0.0 0.0 0.0 0.0 0.0 0.0 0.0 0.0 0.0 0.0 0.0 0.0 0.0 0.0 0.0 0.0 0.0 0.0 0.0 0.0 0.0 0.0 0.0 0.0 0.0 0.0 0.0 0.0 0.0 0.0 0.0 0.0 0.0 0.0 0.0 0.0 0.0 0.0 0.0 0.0 0.0 0.0 0.0 0.0 0.0 0.0 0.0 0.0 0.0 0.0 0.0 0.0 0.0 0.0 0.0 0.0 0.0 0.0 0.0 0.0 0.0 0.0 0.0 0.0 0.0 0.0 0.0 0.0 0.0 0.0 0.0 0.0 0.0 0.0 0.0 0.0 0.0 0.0 0.0 0.0 0.0 0.0 0.0 0.0 0.0 0.0 0.0 0.0 0.0 0.0 0.0 
0.0 0.0 0.0 0.0 0.0 0.0 0.0 0.0 0.0 0.0 0.0 0.0 0.0 0.0 0.0 0.0 0.0 0.0 0.0 0.0 0.0 0.0 0.0 0.0 0.0 0.0 0.0 0.0 0.0 0.0 0.0 0.0 0.0 0.0 0.0 0.0 0.0 0.0 0.0 0.0 0.0 0.0 0.0 0.0 0.0 0.0 0.0 0.0 0.0 0.0 0.0 0.0 0.0 0.0 0.0 0.0 0.0 0.0 0.0 0.0 0.0 0.0 0.0 0.0 0.0 0.0 0.0 0.0 0.0 0.0 0.0 0.0 0.0 0.0 0.0 0.0 0.0 0.0 0.0 0.0 0.0 0.0 0.0 0.0 0.0 0.0 0.0 0.0 0.0 0.0 0.0 0.0 0.0 0.0 0.0 0.0 0.0 0.0 0.0 0.0 
0.0 0.0 0.0 0.0 0.0 0.0 0.0 0.0 0.0 0.0 0.0 0.0 0.0 0.0 0.0 0.0 0.0 0.0 0.0 0.0 0.0 0.0 0.0 0.0 0.0 0.0 0.0 0.0 0.0 0.0 0.0 0.0 0.0 0.0 0.0 0.0 0.0 0.0 0.0 0.0 0.0 0.0 0.0 0.0 0.0 0.0 0.0 0.0 0.0 0.0 0.0 0.0 0.0 0.0 0.0 0.0 0.0 0.0 0.0 0.0 0.0 0.0 0.0 0.0 0.0 0.0 0.0 0.0 0.0 0.0 0.0 0.0 0.0 0.0 0.0 0.0 0.0 0.0 0.0 0.0 0.0 0.0 0.0 0.0 0.0 0.0 0.0 0.0 0.0 0.0 0.0 0.0 0.0 0.0 0.0 0.0 0.0 0.0 0.0 0.0 
0.0 0.0 0.0 0.0 0.0 0.0 0.0 0.0 0.0 0.0 0.0 0.0 0.0 0.0 0.0 0.0 0.0 0.0 0.0 0.0 0.0 0.0 0.0 0.0 0.0 0.0 0.0 0.0 0.0 0.0 0.0 0.0 0.0 0.0 0.0 0.0 0.0 0.0 0.0 0.0 0.0 0.0 0.0 0.0 0.0 0.0 0.0 0.0 0.0 0.0 0.0 0.0 0.0 0.0 0.0 0.0 0.0 0.0 0.0 0.0 0.0 0.0 0.0 0.0 0.0 0.0 0.0 0.0 0.0 0.0 0.0 0.0 0.0 0.0 0.0 0.0 0.0 0.0 0.0 0.0 0.0 0.0 0.0 0.0 0.0 0.0 0.0 0.0 0.0 0.0 0.0 0.0 0.0 0.0 0.0 0.0 0.0 0.0 0.0 0.0 
0.0 0.0 0.0 0.0 0.0 0.0 0.0 0.0 0.0 0.0 0.0 0.0 0.0 0.0 0.0 0.0 0.0 0.0 0.0 0.0 0.0 0.0 0.0 0.0 0.0 0.0 0.0 0.0 0.0 0.0 0.0 0.0 0.0 0.0 0.0 0.0 0.0 0.0 0.0 0.0 0.0 0.0 0.0 0.0 0.0 0.0 0.0 0.0 0.0 0.0 0.0 0.0 0.0 0.0 0.0 0.0 0.0 0.0 0.0 0.0 0.0 0.0 0.0 0.0 0.0 0.0 0.0 0.0 0.0 0.0 0.0 0.0 0.0 0.0 0.0 0.0 0.0 0.0 0.0 0.0 0.0 0.0 0.0 0.0 0.0 0.0 0.0 0.0 0.0 0.0 0.0 0.0 0.0 0.0 0.0 0.0 0.0 0.0 0.0 0.0 
0.0 0.0 0.0 0.0 0.0 0.0 0.0 0.0 0.0 0.0 0.0 0.0 0.0 0.0 0.0 0.0 0.0 0.0 0.0 0.0 0.0 0.0 0.0 0.0 0.0 0.0 0.0 0.0 0.0 0.0 0.0 0.0 0.0 0.0 0.0 0.0 0.0 0.0 0.0 0.0 0.0 0.0 0.0 0.0 0.0 0.0 0.0 0.0 0.0 0.0 0.0 0.0 0.0 0.0 0.0 0.0 0.0 0.0 0.0 0.0 0.0 0.0 0.0 0.0 0.0 0.0 0.0 0.0 0.0 0.0 0.0 0.0 0.0 0.0 0.0 0.0 0.0 0.0 0.0 0.0 0.0 0.0 0.0 0.0 0.0 0.0 0.0 0.0 0.0 0.0 0.0 0.0 0.0 0.0 0.0 0.0 0.0 0.0 0.0 0.0 
0.0 0.0 0.0 0.0 0.0 0.0 0.0 0.0 0.0 0.0 0.0 0.0 0.0 0.0 0.0 0.0 0.0 0.0 0.0 0.0 0.0 0.0 0.0 0.0 0.0 0.0 0.0 0.0 0.0 0.0 0.0 0.0 0.0 0.0 0.0 0.0 0.0 0.0 0.0 0.0 0.0 0.0 0.0 0.0 0.0 0.0 0.0 0.0 0.0 0.0 0.0 0.0 0.0 0.0 0.0 0.0 0.0 0.0 0.0 0.0 0.0 0.0 0.0 0.0 0.0 0.0 0.0 0.0 0.0 0.0 0.0 0.0 0.0 0.0 0.0 0.0 0.0 0.0 0.0 0.0 0.0 0.0 0.0 0.0 0.0 0.0 0.0 0.0 0.0 0.0 0.0 0.0 0.0 0.0 0.0 0.0 0.0 0.0 0.0 0.0 
0.0 0.0 0.0 0.0 0.0 0.0 0.0 0.0 0.0 0.0 0.0 0.0 0.0 0.0 0.0 0.0 0.0 0.0 0.0 0.0 0.0 0.0 0.0 0.0 0.0 0.0 0.0 0.0 0.0 0.0 0.0 0.0 0.0 0.0 0.0 0.0 0.0 0.0 0.0 0.0 0.0 0.0 0.0 0.0 0.0 0.0 0.0 0.0 0.0 0.0 0.0 0.0 0.0 0.0 0.0 0.0 0.0 0.0 0.0 0.0 0.0 0.0 0.0 0.0 0.0 0.0 0.0 0.0 0.0 0.0 0.0 0.0 0.0 0.0 0.0 0.0 0.0 0.0 0.0 0.0 0.0 0.0 0.0 0.0 0.0 0.0 0.0 0.0 0.0 0.0 0.0 0.0 0.0 0.0 0.0 0.0 0.0 0.0 0.0 0.0 
0.0 0.0 0.0 0.0 0.0 0.0 0.0 0.0 0.0 0.0 0.0 0.0 0.0 0.0 0.0 0.0 0.0 0.0 0.0 0.0 0.0 0.0 0.0 0.0 0.0 0.0 0.0 0.0 0.0 0.0 0.0 0.0 0.0 0.0 0.0 0.0 0.0 0.0 0.0 0.0 0.0 0.0 0.0 0.0 0.0 0.0 0.0 0.0 0.0 0.0 0.0 0.0 0.0 0.0 0.0 0.0 0.0 0.0 0.0 0.0 0.0 0.0 0.0 0.0 0.0 0.0 0.0 0.0 0.0 0.0 0.0 0.0 0.0 0.0 0.0 0.0 0.0 0.0 0.0 0.0 0.0 0.0 0.0 0.0 0.0 0.0 0.0 0.0 0.0 0.0 0.0 0.0 0.0 0.0 0.0 0.0 0.0 0.0 0.0 0.0 
0.0 0.0 0.0 0.0 0.0 0.0 0.0 0.0 0.0 0.0 0.0 0.0 0.0 0.0 0.0 0.0 0.0 0.0 0.0 0.0 0.0 0.0 0.0 0.0 0.0 0.0 0.0 0.0 0.0 0.0 0.0 0.0 0.0 0.0 0.0 0.0 0.0 0.0 0.0 0.0 0.0 0.0 0.0 0.0 0.0 0.0 0.0 0.0 0.0 0.0 0.0 0.0 0.0 0.0 0.0 0.0 0.0 0.0 0.0 0.0 0.0 0.0 0.0 0.0 0.0 0.0 0.0 0.0 0.0 0.0 0.0 0.0 0.0 0.0 0.0 0.0 0.0 0.0 0.0 0.0 0.0 0.0 0.0 0.0 0.0 0.0 0.0 0.0 0.0 0.0 0.0 0.0 0.0 0.0 0.0 0.0 0.0 0.0 0.0 0.0 
0.0 0.0 0.0 0.0 0.0 0.0 0.0 0.0 0.0 0.0 0.0 0.0 0.0 0.0 0.0 0.0 0.0 0.0 0.0 0.0 0.0 0.0 0.0 0.0 0.0 0.0 0.0 0.0 0.0 0.0 0.0 0.0 0.0 0.0 0.0 0.0 0.0 0.0 0.0 0.0 0.0 0.0 0.0 0.0 0.0 0.0 0.0 0.0 0.0 0.0 0.0 0.0 0.0 0.0 0.0 0.0 0.0 0.0 0.0 0.0 0.0 0.0 0.0 0.0 0.0 0.0 0.0 0.0 0.0 0.0 0.0 0.0 0.0 0.0 0.0 0.0 0.0 0.0 0.0 0.0 0.0 0.0 0.0 0.0 0.0 0.0 0.0 0.0 0.0 0.0 0.0 0.0 0.0 0.0 0.0 0.0 0.0 0.0 0.0 0.0 
0.0 0.0 0.0 0.0 0.0 0.0 0.0 0.0 0.0 0.0 0.0 0.0 0.0 0.0 0.0 0.0 0.0 0.0 0.0 0.0 0.0 0.0 0.0 0.0 0.0 0.0 0.0 0.0 0.0 0.0 0.0 0.0 0.0 0.0 0.0 0.0 0.0 0.0 0.0 0.0 0.0 0.0 0.0 0.0 0.0 0.0 0.0 0.0 0.0 0.0 0.0 0.0 0.0 0.0 0.0 0.0 0.0 0.0 0.0 0.0 0.0 0.0 0.0 0.0 0.0 0.0 0.0 0.0 0.0 0.0 0.0 0.0 0.0 0.0 0.0 0.0 0.0 0.0 0.0 0.0 0.0 0.0 0.0 0.0 0.0 0.0 0.0 0.0 0.0 0.0 0.0 0.0 0.0 0.0 0.0 0.0 0.0 0.0 0.0 0.0 
0.0 0.0 0.0 0.0 0.0 0.0 0.0 0.0 0.0 0.0 0.0 0.0 0.0 0.0 0.0 0.0 0.0 0.0 0.0 0.0 0.0 0.0 0.0 0.0 0.0 0.0 0.0 0.0 0.0 0.0 0.0 0.0 0.0 0.0 0.0 0.0 0.0 0.0 0.0 0.0 0.0 0.0 0.0 0.0 0.0 0.0 0.0 0.0 0.0 0.0 0.0 0.0 0.0 0.0 0.0 0.0 0.0 0.0 0.0 0.0 0.0 0.0 0.0 0.0 0.0 0.0 0.0 0.0 0.0 0.0 0.0 0.0 0.0 0.0 0.0 0.0 0.0 0.0 0.0 0.0 0.0 0.0 0.0 0.0 0.0 0.0 0.0 0.0 0.0 0.0 0.0 0.0 0.0 0.0 0.0 0.0 0.0 0.0 0.0 0.0 
0.0 0.0 0.0 0.0 0.0 0.0 0.0 0.0 0.0 0.0 0.0 0.0 0.0 0.0 0.0 0.0 0.0 0.0 0.0 0.0 0.0 0.0 0.0 0.0 0.0 0.0 0.0 0.0 0.0 0.0 0.0 0.0 0.0 0.0 0.0 0.0 0.0 0.0 0.0 0.0 0.0 0.0 0.0 0.0 0.0 0.0 0.0 0.0 0.0 0.0 0.0 0.0 0.0 0.0 0.0 0.0 0.0 0.0 0.0 0.0 0.0 0.0 0.0 0.0 0.0 0.0 0.0 0.0 0.0 0.0 0.0 0.0 0.0 0.0 0.0 0.0 0.0 0.0 0.0 0.0 0.0 0.0 0.0 0.0 0.0 0.0 0.0 0.0 0.0 0.0 0.0 0.0 0.0 0.0 0.0 0.0 0.0 0.0 0.0 0.0 
0.0 0.0 0.0 0.0 0.0 0.0 0.0 0.0 0.0 0.0 0.0 0.0 0.0 0.0 0.0 0.0 0.0 0.0 0.0 0.0 0.0 0.0 0.0 0.0 0.0 0.0 0.0 0.0 0.0 0.0 0.0 0.0 0.0 0.0 0.0 0.0 0.0 0.0 0.0 0.0 0.0 0.0 0.0 0.0 0.0 0.0 0.0 0.0 0.0 0.0 0.0 0.0 0.0 0.0 0.0 0.0 0.0 0.0 0.0 0.0 0.0 0.0 0.0 0.0 0.0 0.0 0.0 0.0 0.0 0.0 0.0 0.0 0.0 0.0 0.0 0.0 0.0 0.0 0.0 0.0 0.0 0.0 0.0 0.0 0.0 0.0 0.0 0.0 0.0 0.0 0.0 0.0 0.0 0.0 0.0 0.0 0.0 0.0 0.0 0.0 
0.0 0.0 0.0 0.0 0.0 0.0 0.0 0.0 0.0 0.0 0.0 0.0 0.0 0.0 0.0 0.0 0.0 0.0 0.0 0.0 0.0 0.0 0.0 0.0 0.0 0.0 0.0 0.0 0.0 0.0 0.0 0.0 0.0 0.0 0.0 0.0 0.0 0.0 0.0 0.0 0.0 0.0 0.0 0.0 0.0 0.0 0.0 0.0 0.0 0.0 0.0 0.0 0.0 0.0 0.0 0.0 0.0 0.0 0.0 0.0 0.0 0.0 0.0 0.0 0.0 0.0 0.0 0.0 0.0 0.0 0.0 0.0 0.0 0.0 0.0 0.0 0.0 0.0 0.0 0.0 0.0 0.0 0.0 0.0 0.0 0.0 0.0 0.0 0.0 0.0 0.0 0.0 0.0 0.0 0.0 0.0 0.0 0.0 0.0 0.0 
0.0 0.0 0.0 0.0 0.0 0.0 0.0 0.0 0.0 0.0 0.0 0.0 0.0 0.0 0.0 0.0 0.0 0.0 0.0 0.0 0.0 0.0 0.0 0.0 0.0 0.0 0.0 0.0 0.0 0.0 0.0 0.0 0.0 0.0 0.0 0.0 0.0 0.0 0.0 0.0 0.0 0.0 0.0 0.0 0.0 0.0 0.0 0.0 0.0 0.0 0.0 0.0 0.0 0.0 0.0 0.0 0.0 0.0 0.0 0.0 0.0 0.0 0.0 0.0 0.0 0.0 0.0 0.0 0.0 0.0 0.0 0.0 0.0 0.0 0.0 0.0 0.0 0.0 0.0 0.0 0.0 0.0 0.0 0.0 0.0 0.0 0.0 0.0 0.0 0.0 0.0 0.0 0.0 0.0 0.0 0.0 0.0 0.0 0.0 0.0 
0.0 0.0 0.0 0.0 0.0 0.0 0.0 0.0 0.0 0.0 0.0 0.0 0.0 0.0 0.0 0.0 0.0 0.0 0.0 0.0 0.0 0.0 0.0 0.0 0.0 0.0 0.0 0.0 0.0 0.0 0.0 0.0 0.0 0.0 0.0 0.0 0.0 0.0 0.0 0.0 0.0 0.0 0.0 0.0 0.0 0.0 0.0 0.0 0.0 0.0 0.0 0.0 0.0 0.0 0.0 0.0 0.0 0.0 0.0 0.0 0.0 0.0 0.0 0.0 0.0 0.0 0.0 0.0 0.0 0.0 0.0 0.0 0.0 0.0 0.0 0.0 0.0 0.0 0.0 0.0 0.0 0.0 0.0 0.0 0.0 0.0 0.0 0.0 0.0 0.0 0.0 0.0 0.0 0.0 0.0 0.0 0.0 0.0 0.0 0.0 
0.0 0.0 0.0 0.0 0.0 0.0 0.0 0.0 0.0 0.0 0.0 0.0 0.0 0.0 0.0 0.0 0.0 0.0 0.0 0.0 0.0 0.0 0.0 0.0 0.0 0.0 0.0 0.0 0.0 0.0 0.0 0.0 0.0 0.0 0.0 0.0 0.0 0.0 0.0 0.0 0.0 0.0 0.0 0.0 0.0 0.0 0.0 0.0 0.0 0.0 0.0 0.0 0.0 0.0 0.0 0.0 0.0 0.0 0.0 0.0 0.0 0.0 0.0 0.0 0.0 0.0 0.0 0.0 0.0 0.0 0.0 0.0 0.0 0.0 0.0 0.0 0.0 0.0 0.0 0.0 0.0 0.0 0.0 0.0 0.0 0.0 0.0 0.0 0.0 0.0 0.0 0.0 0.0 0.0 0.0 0.0 0.0 0.0 0.0 0.0 
0.0 0.0 0.0 0.0 0.0 0.0 0.0 0.0 0.0 0.0 0.0 0.0 0.0 0.0 0.0 0.0 0.0 0.0 0.0 0.0 0.0 0.0 0.0 0.0 0.0 0.0 0.0 0.0 0.0 0.0 0.0 0.0 0.0 0.0 0.0 0.0 0.0 0.0 0.0 0.0 0.0 0.0 0.0 0.0 0.0 0.0 0.0 0.0 0.0 0.0 0.0 0.0 0.0 0.0 0.0 0.0 0.0 0.0 0.0 0.0 0.0 0.0 0.0 0.0 0.0 0.0 0.0 0.0 0.0 0.0 0.0 0.0 0.0 0.0 0.0 0.0 0.0 0.0 0.0 0.0 0.0 0.0 0.0 0.0 0.0 0.0 0.0 0.0 0.0 0.0 0.0 0.0 0.0 0.0 0.0 0.0 0.0 0.0 0.0 0.0 
0.0 0.0 0.0 0.0 0.0 0.0 0.0 0.0 0.0 0.0 0.0 0.0 0.0 0.0 0.0 0.0 0.0 0.0 0.0 0.0 0.0 0.0 0.0 0.0 0.0 0.0 0.0 0.0 0.0 0.0 0.0 0.0 0.0 0.0 0.0 0.0 0.0 0.0 0.0 0.0 0.0 0.0 0.0 0.0 0.0 0.0 0.0 0.0 0.0 0.0 0.0 0.0 0.0 0.0 0.0 0.0 0.0 0.0 0.0 0.0 0.0 0.0 0.0 0.0 0.0 0.0 0.0 0.0 0.0 0.0 0.0 0.0 0.0 0.0 0.0 0.0 0.0 0.0 0.0 0.0 0.0 0.0 0.0 0.0 0.0 0.0 0.0 0.0 0.0 0.0 0.0 0.0 0.0 0.0 0.0 0.0 0.0 0.0 0.0 0.0 
0.0 0.0 0.0 0.0 0.0 0.0 0.0 0.0 0.0 0.0 0.0 0.0 0.0 0.0 0.0 0.0 0.0 0.0 0.0 0.0 0.0 0.0 0.0 0.0 0.0 0.0 0.0 0.0 0.0 0.0 0.0 0.0 0.0 0.0 0.0 0.0 0.0 0.0 0.0 0.0 0.0 0.0 0.0 0.0 0.0 0.0 0.0 0.0 0.0 0.0 0.0 0.0 0.0 0.0 0.0 0.0 0.0 0.0 0.0 0.0 0.0 0.0 0.0 0.0 0.0 0.0 0.0 0.0 0.0 0.0 0.0 0.0 0.0 0.0 0.0 0.0 0.0 0.0 0.0 0.0 0.0 0.0 0.0 0.0 0.0 0.0 0.0 0.0 0.0 0.0 0.0 0.0 0.0 0.0 0.0 0.0 0.0 0.0 0.0 0.0 
0.0 0.0 0.0 0.0 0.0 0.0 0.0 0.0 0.0 0.0 0.0 0.0 0.0 0.0 0.0 0.0 0.0 0.0 0.0 0.0 0.0 0.0 0.0 0.0 0.0 0.0 0.0 0.0 0.0 0.0 0.0 0.0 0.0 0.0 0.0 0.0 0.0 0.0 0.0 0.0 0.0 0.0 0.0 0.0 0.0 0.0 0.0 0.0 0.0 0.0 0.0 0.0 0.0 0.0 0.0 0.0 0.0 0.0 0.0 0.0 0.0 0.0 0.0 0.0 0.0 0.0 0.0 0.0 0.0 0.0 0.0 0.0 0.0 0.0 0.0 0.0 0.0 0.0 0.0 0.0 0.0 0.0 0.0 0.0 0.0 0.0 0.0 0.0 0.0 0.0 0.0 0.0 0.0 0.0 0.0 0.0 0.0 0.0 0.0 0.0 
0.0 0.0 0.0 0.0 0.0 0.0 0.0 0.0 0.0 0.0 0.0 0.0 0.0 0.0 0.0 0.0 0.0 0.0 0.0 0.0 0.0 0.0 0.0 0.0 0.0 0.0 0.0 0.0 0.0 0.0 0.0 0.0 0.0 0.0 0.0 0.0 0.0 0.0 0.0 0.0 0.0 0.0 0.0 0.0 0.0 0.0 0.0 0.0 0.0 0.0 0.0 0.0 0.0 0.0 0.0 0.0 0.0 0.0 0.0 0.0 0.0 0.0 0.0 0.0 0.0 0.0 0.0 0.0 0.0 0.0 0.0 0.0 0.0 0.0 0.0 0.0 0.0 0.0 0.0 0.0 0.0 0.0 0.0 0.0 0.0 0.0 0.0 0.0 0.0 0.0 0.0 0.0 0.0 0.0 0.0 0.0 0.0 0.0 0.0 0.0 
0.0 0.0 0.0 0.0 0.0 0.0 0.0 0.0 0.0 0.0 0.0 0.0 0.0 0.0 0.0 0.0 0.0 0.0 0.0 0.0 0.0 0.0 0.0 0.0 0.0 0.0 0.0 0.0 0.0 0.0 0.0 0.0 0.0 0.0 0.0 0.0 0.0 0.0 0.0 0.0 0.0 0.0 0.0 0.0 0.0 0.0 0.0 0.0 0.0 0.0 0.0 0.0 0.0 0.0 0.0 0.0 0.0 0.0 0.0 0.0 0.0 0.0 0.0 0.0 0.0 0.0 0.0 0.0 0.0 0.0 0.0 0.0 0.0 0.0 0.0 0.0 0.0 0.0 0.0 0.0 0.0 0.0 0.0 0.0 0.0 0.0 0.0 0.0 0.0 0.0 0.0 0.0 0.0 0.0 0.0 0.0 0.0 0.0 0.0 0.0 
0.0 0.0 0.0 0.0 0.0 0.0 0.0 0.0 0.0 0.0 0.0 0.0 0.0 0.0 0.0 0.0 0.0 0.0 0.0 0.0 0.0 0.0 0.0 0.0 0.0 0.0 0.0 0.0 0.0 0.0 0.0 0.0 0.0 0.0 0.0 0.0 0.0 0.0 0.0 0.0 0.0 0.0 0.0 0.0 0.0 0.0 0.0 0.0 0.0 0.0 0.0 0.0 0.0 0.0 0.0 0.0 0.0 0.0 0.0 0.0 0.0 0.0 0.0 0.0 0.0 0.0 0.0 0.0 0.0 0.0 0.0 0.0 0.0 0.0 0.0 0.0 0.0 0.0 0.0 0.0 0.0 0.0 0.0 0.0 0.0 0.0 0.0 0.0 0.0 0.0 0.0 0.0 0.0 0.0 0.0 0.0 0.0 0.0 0.0 0.0 
0.0 0.0 0.0 0.0 0.0 0.0 0.0 0.0 0.0 0.0 0.0 0.0 0.0 0.0 0.0 0.0 0.0 0.0 0.0 0.0 0.0 0.0 0.0 0.0 0.0 0.0 0.0 0.0 0.0 0.0 0.0 0.0 0.0 0.0 0.0 0.0 0.0 0.0 0.0 0.0 0.0 0.0 0.0 0.0 0.0 0.0 0.0 0.0 0.0 0.0 0.0 0.0 0.0 0.0 0.0 0.0 0.0 0.0 0.0 0.0 0.0 0.0 0.0 0.0 0.0 0.0 0.0 0.0 0.0 0.0 0.0 0.0 0.0 0.0 0.0 0.0 0.0 0.0 0.0 0.0 0.0 0.0 0.0 0.0 0.0 0.0 0.0 0.0 0.0 0.0 0.0 0.0 0.0 0.0 0.0 0.0 0.0 0.0 0.0 0.0 
0.0 0.0 0.0 0.0 0.0 0.0 0.0 0.0 0.0 0.0 0.0 0.0 0.0 0.0 0.0 0.0 0.0 0.0 0.0 0.0 0.0 0.0 0.0 0.0 0.0 0.0 0.0 0.0 0.0 0.0 0.0 0.0 0.0 0.0 0.0 0.0 0.0 0.0 0.0 0.0 0.0 0.0 0.0 0.0 0.0 0.0 0.0 0.0 0.0 0.0 0.0 0.0 0.0 0.0 0.0 0.0 0.0 0.0 0.0 0.0 0.0 0.0 0.0 0.0 0.0 0.0 0.0 0.0 0.0 0.0 0.0 0.0 0.0 0.0 0.0 0.0 0.0 0.0 0.0 0.0 0.0 0.0 0.0 0.0 0.0 0.0 0.0 0.0 0.0 0.0 0.0 0.0 0.0 0.0 0.0 0.0 0.0 0.0 0.0 0.0 
0.0 0.0 0.0 0.0 0.0 0.0 0.0 0.0 0.0 0.0 0.0 0.0 0.0 0.0 0.0 0.0 0.0 0.0 0.0 0.0 0.0 0.0 0.0 0.0 0.0 0.0 0.0 0.0 0.0 0.0 0.0 0.0 0.0 0.0 0.0 0.0 0.0 0.0 0.0 0.0 0.0 0.0 0.0 0.0 0.0 0.0 0.0 0.0 0.0 0.0 0.0 0.0 0.0 0.0 0.0 0.0 0.0 0.0 0.0 0.0 0.0 0.0 0.0 0.0 0.0 0.0 0.0 0.0 0.0 0.0 0.0 0.0 0.0 0.0 0.0 0.0 0.0 0.0 0.0 0.0 0.0 0.0 0.0 0.0 0.0 0.0 0.0 0.0 0.0 0.0 0.0 0.0 0.0 0.0 0.0 0.0 0.0 0.0 0.0 0.0 
0.0 0.0 0.0 0.0 0.0 0.0 0.0 0.0 0.0 0.0 0.0 0.0 0.0 0.0 0.0 0.0 0.0 0.0 0.0 0.0 0.0 0.0 0.0 0.0 0.0 0.0 0.0 0.0 0.0 0.0 0.0 0.0 0.0 0.0 0.0 0.0 0.0 0.0 0.0 0.0 0.0 0.0 0.0 0.0 0.0 0.0 0.0 0.0 0.0 0.0 0.0 0.0 0.0 0.0 0.0 0.0 0.0 0.0 0.0 0.0 0.0 0.0 0.0 0.0 0.0 0.0 0.0 0.0 0.0 0.0 0.0 0.0 0.0 0.0 0.0 0.0 0.0 0.0 0.0 0.0 0.0 0.0 0.0 0.0 0.0 0.0 0.0 0.0 0.0 0.0 0.0 0.0 0.0 0.0 0.0 0.0 0.0 0.0 0.0 0.0 
0.0 0.0 0.0 0.0 0.0 0.0 0.0 0.0 0.0 0.0 0.0 0.0 0.0 0.0 0.0 0.0 0.0 0.0 0.0 0.0 0.0 0.0 0.0 0.0 0.0 0.0 0.0 0.0 0.0 0.0 0.0 0.0 0.0 0.0 0.0 0.0 0.0 0.0 0.0 0.0 0.0 0.0 0.0 0.0 0.0 0.0 0.0 0.0 0.0 0.0 0.0 0.0 0.0 0.0 0.0 0.0 0.0 0.0 0.0 0.0 0.0 0.0 0.0 0.0 0.0 0.0 0.0 0.0 0.0 0.0 0.0 0.0 0.0 0.0 0.0 0.0 0.0 0.0 0.0 0.0 0.0 0.0 0.0 0.0 0.0 0.0 0.0 0.0 0.0 0.0 0.0 0.0 0.0 0.0 0.0 0.0 0.0 0.0 0.0 0.0 
0.0 0.0 0.0 0.0 0.0 0.0 0.0 0.0 0.0 0.0 0.0 0.0 0.0 0.0 0.0 0.0 0.0 0.0 0.0 0.0 0.0 0.0 0.0 0.0 0.0 0.0 0.0 0.0 0.0 0.0 0.0 0.0 0.0 0.0 0.0 0.0 0.0 0.0 0.0 0.0 0.0 0.0 0.0 0.0 0.0 0.0 0.0 0.0 0.0 0.0 0.0 0.0 0.0 0.0 0.0 0.0 0.0 0.0 0.0 0.0 0.0 0.0 0.0 0.0 0.0 0.0 0.0 0.0 0.0 0.0 0.0 0.0 0.0 0.0 0.0 0.0 0.0 0.0 0.0 0.0 0.0 0.0 0.0 0.0 0.0 0.0 0.0 0.0 0.0 0.0 0.0 0.0 0.0 0.0 0.0 0.0 0.0 0.0 0.0 0.0 
0.0 0.0 0.0 0.0 0.0 0.0 0.0 0.0 0.0 0.0 0.0 0.0 0.0 0.0 0.0 0.0 0.0 0.0 0.0 0.0 0.0 0.0 0.0 0.0 0.0 0.0 0.0 0.0 0.0 0.0 0.0 0.0 0.0 0.0 0.0 0.0 0.0 0.0 0.0 0.0 0.0 0.0 0.0 0.0 0.0 0.0 0.0 0.0 0.0 0.0 0.0 0.0 0.0 0.0 0.0 0.0 0.0 0.0 0.0 0.0 0.0 0.0 0.0 0.0 0.0 0.0 0.0 0.0 0.0 0.0 0.0 0.0 0.0 0.0 0.0 0.0 0.0 0.0 0.0 0.0 0.0 0.0 0.0 0.0 0.0 0.0 0.0 0.0 0.0 0.0 0.0 0.0 0.0 0.0 0.0 0.0 0.0 0.0 0.0 0.0 
0.0 0.0 0.0 0.0 0.0 0.0 0.0 0.0 0.0 0.0 0.0 0.0 0.0 0.0 0.0 0.0 0.0 0.0 0.0 0.0 0.0 0.0 0.0 0.0 0.0 0.0 0.0 0.0 0.0 0.0 0.0 0.0 0.0 0.0 0.0 0.0 0.0 0.0 0.0 0.0 0.0 0.0 0.0 0.0 0.0 0.0 0.0 0.0 0.0 0.0 0.0 0.0 0.0 0.0 0.0 0.0 0.0 0.0 0.0 0.0 0.0 0.0 0.0 0.0 0.0 0.0 0.0 0.0 0.0 0.0 0.0 0.0 0.0 0.0 0.0 0.0 0.0 0.0 0.0 0.0 0.0 0.0 0.0 0.0 0.0 0.0 0.0 0.0 0.0 0.0 0.0 0.0 0.0 0.0 0.0 0.0 0.0 0.0 0.0 0.0 
0.0 0.0 0.0 0.0 0.0 0.0 0.0 0.0 0.0 0.0 0.0 0.0 0.0 0.0 0.0 0.0 0.0 0.0 0.0 0.0 0.0 0.0 0.0 0.0 0.0 0.0 0.0 0.0 0.0 0.0 0.0 0.0 0.0 0.0 0.0 0.0 0.0 0.0 0.0 0.0 0.0 0.0 0.0 0.0 0.0 0.0 0.0 0.0 0.0 0.0 0.0 0.0 0.0 0.0 0.0 0.0 0.0 0.0 0.0 0.0 0.0 0.0 0.0 0.0 0.0 0.0 0.0 0.0 0.0 0.0 0.0 0.0 0.0 0.0 0.0 0.0 0.0 0.0 0.0 0.0 0.0 0.0 0.0 0.0 0.0 0.0 0.0 0.0 0.0 0.0 0.0 0.0 0.0 0.0 0.0 0.0 0.0 0.0 0.0 0.0 
0.0 0.0 0.0 0.0 0.0 0.0 0.0 0.0 0.0 0.0 0.0 0.0 0.0 0.0 0.0 0.0 0.0 0.0 0.0 0.0 0.0 0.0 0.0 0.0 0.0 0.0 0.0 0.0 0.0 0.0 0.0 0.0 0.0 0.0 0.0 0.0 0.0 0.0 0.0 0.0 0.0 0.0 0.0 0.0 0.0 0.0 0.0 0.0 0.0 0.0 0.0 0.0 0.0 0.0 0.0 0.0 0.0 0.0 0.0 0.0 0.0 0.0 0.0 0.0 0.0 0.0 0.0 0.0 0.0 0.0 0.0 0.0 0.0 0.0 0.0 0.0 0.0 0.0 0.0 0.0 0.0 0.0 0.0 0.0 0.0 0.0 0.0 0.0 0.0 0.0 0.0 0.0 0.0 0.0 0.0 0.0 0.0 0.0 0.0 0.0 
0.0 0.0 0.0 0.0 0.0 0.0 0.0 0.0 0.0 0.0 0.0 0.0 0.0 0.0 0.0 0.0 0.0 0.0 0.0 0.0 0.0 0.0 0.0 0.0 0.0 0.0 0.0 0.0 0.0 0.0 0.0 0.0 0.0 0.0 0.0 0.0 0.0 0.0 0.0 0.0 0.0 0.0 0.0 0.0 0.0 0.0 0.0 0.0 0.0 0.0 0.0 0.0 0.0 0.0 0.0 0.0 0.0 0.0 0.0 0.0 0.0 0.0 0.0 0.0 0.0 0.0 0.0 0.0 0.0 0.0 0.0 0.0 0.0 0.0 0.0 0.0 0.0 0.0 0.0 0.0 0.0 0.0 0.0 0.0 0.0 0.0 0.0 0.0 0.0 0.0 0.0 0.0 0.0 0.0 0.0 0.0 0.0 0.0 0.0 0.0 
0.0 0.0 0.0 0.0 0.0 0.0 0.0 0.0 0.0 0.0 0.0 0.0 0.0 0.0 0.0 0.0 0.0 0.0 0.0 0.0 0.0 0.0 0.0 0.0 0.0 0.0 0.0 0.0 0.0 0.0 0.0 0.0 0.0 0.0 0.0 0.0 0.0 0.0 0.0 0.0 0.0 0.0 0.0 0.0 0.0 0.0 0.0 0.0 0.0 0.0 0.0 0.0 0.0 0.0 0.0 0.0 0.0 0.0 0.0 0.0 0.0 0.0 0.0 0.0 0.0 0.0 0.0 0.0 0.0 0.0 0.0 0.0 0.0 0.0 0.0 0.0 0.0 0.0 0.0 0.0 0.0 0.0 0.0 0.0 0.0 0.0 0.0 0.0 0.0 0.0 0.0 0.0 0.0 0.0 0.0 0.0 0.0 0.0 0.0 0.0 
0.0 0.0 0.0 0.0 0.0 0.0 0.0 0.0 0.0 0.0 0.0 0.0 0.0 0.0 0.0 0.0 0.0 0.0 0.0 0.0 0.0 0.0 0.0 0.0 0.0 0.0 0.0 0.0 0.0 0.0 0.0 0.0 0.0 0.0 0.0 0.0 0.0 0.0 0.0 0.0 0.0 0.0 0.0 0.0 0.0 0.0 0.0 0.0 0.0 0.0 0.0 0.0 0.0 0.0 0.0 0.0 0.0 0.0 0.0 0.0 0.0 0.0 0.0 0.0 0.0 0.0 0.0 0.0 0.0 0.0 0.0 0.0 0.0 0.0 0.0 0.0 0.0 0.0 0.0 0.0 0.0 0.0 0.0 0.0 0.0 0.0 0.0 0.0 0.0 0.0 0.0 0.0 0.0 0.0 0.0 0.0 0.0 0.0 0.0 0.0 
0.0 0.0 0.0 0.0 0.0 0.0 0.0 0.0 0.0 0.0 0.0 0.0 0.0 0.0 0.0 0.0 0.0 0.0 0.0 0.0 0.0 0.0 0.0 0.0 0.0 0.0 0.0 0.0 0.0 0.0 0.0 0.0 0.0 0.0 0.0 0.0 0.0 0.0 0.0 0.0 0.0 0.0 0.0 0.0 0.0 0.0 0.0 0.0 0.0 0.0 0.0 0.0 0.0 0.0 0.0 0.0 0.0 0.0 0.0 0.0 0.0 0.0 0.0 0.0 0.0 0.0 0.0 0.0 0.0 0.0 0.0 0.0 0.0 0.0 0.0 0.0 0.0 0.0 0.0 0.0 0.0 0.0 0.0 0.0 0.0 0.0 0.0 0.0 0.0 0.0 0.0 0.0 0.0 0.0 0.0 0.0 0.0 0.0 0.0 0.0 
0.0 0.0 0.0 0.0 0.0 0.0 0.0 0.0 0.0 0.0 0.0 0.0 0.0 0.0 0.0 0.0 0.0 0.0 0.0 0.0 0.0 0.0 0.0 0.0 0.0 0.0 0.0 0.0 0.0 0.0 0.0 0.0 0.0 0.0 0.0 0.0 0.0 0.0 0.0 0.0 0.0 0.0 0.0 0.0 0.0 0.0 0.0 0.0 0.0 0.0 0.0 0.0 0.0 0.0 0.0 0.0 0.0 0.0 0.0 0.0 0.0 0.0 0.0 0.0 0.0 0.0 0.0 0.0 0.0 0.0 0.0 0.0 0.0 0.0 0.0 0.0 0.0 0.0 0.0 0.0 0.0 0.0 0.0 0.0 0.0 0.0 0.0 0.0 0.0 0.0 0.0 0.0 0.0 0.0 0.0 0.0 0.0 0.0 0.0 0.0 
0.0 0.0 0.0 0.0 0.0 0.0 0.0 0.0 0.0 0.0 0.0 0.0 0.0 0.0 0.0 0.0 0.0 0.0 0.0 0.0 0.0 0.0 0.0 0.0 0.0 0.0 0.0 0.0 0.0 0.0 0.0 0.0 0.0 0.0 0.0 0.0 0.0 0.0 0.0 0.0 0.0 0.0 0.0 0.0 0.0 0.0 0.0 0.0 0.0 0.0 0.0 0.0 0.0 0.0 0.0 0.0 0.0 0.0 0.0 0.0 0.0 0.0 0.0 0.0 0.0 0.0 0.0 0.0 0.0 0.0 0.0 0.0 0.0 0.0 0.0 0.0 0.0 0.0 0.0 0.0 0.0 0.0 0.0 0.0 0.0 0.0 0.0 0.0 0.0 0.0 0.0 0.0 0.0 0.0 0.0 0.0 0.0 0.0 0.0 0.0 
0.0 0.0 0.0 0.0 0.0 0.0 0.0 0.0 0.0 0.0 0.0 0.0 0.0 0.0 0.0 0.0 0.0 0.0 0.0 0.0 0.0 0.0 0.0 0.0 0.0 0.0 0.0 0.0 0.0 0.0 0.0 0.0 0.0 0.0 0.0 0.0 0.0 0.0 0.0 0.0 0.0 0.0 0.0 0.0 0.0 0.0 0.0 0.0 0.0 0.0 0.0 0.0 0.0 0.0 0.0 0.0 0.0 0.0 0.0 0.0 0.0 0.0 0.0 0.0 0.0 0.0 0.0 0.0 0.0 0.0 0.0 0.0 0.0 0.0 0.0 0.0 0.0 0.0 0.0 0.0 0.0 0.0 0.0 0.0 0.0 0.0 0.0 0.0 0.0 0.0 0.0 0.0 0.0 0.0 0.0 0.0 0.0 0.0 0.0 0.0 
0.0 0.0 0.0 0.0 0.0 0.0 0.0 0.0 0.0 0.0 0.0 0.0 0.0 0.0 0.0 0.0 0.0 0.0 0.0 0.0 0.0 0.0 0.0 0.0 0.0 0.0 0.0 0.0 0.0 0.0 0.0 0.0 0.0 0.0 0.0 0.0 0.0 0.0 0.0 0.0 0.0 0.0 0.0 0.0 0.0 0.0 0.0 0.0 0.0 0.0 0.0 0.0 0.0 0.0 0.0 0.0 0.0 0.0 0.0 0.0 0.0 0.0 0.0 0.0 0.0 0.0 0.0 0.0 0.0 0.0 0.0 0.0 0.0 0.0 0.0 0.0 0.0 0.0 0.0 0.0 0.0 0.0 0.0 0.0 0.0 0.0 0.0 0.0 0.0 0.0 0.0 0.0 0.0 0.0 0.0 0.0 0.0 0.0 0.0 0.0 
0.0 0.0 0.0 0.0 0.0 0.0 0.0 0.0 0.0 0.0 0.0 0.0 0.0 0.0 0.0 0.0 0.0 0.0 0.0 0.0 0.0 0.0 0.0 0.0 0.0 0.0 0.0 0.0 0.0 0.0 0.0 0.0 0.0 0.0 0.0 0.0 0.0 0.0 0.0 0.0 0.0 0.0 0.0 0.0 0.0 0.0 0.0 0.0 0.0 0.0 0.0 0.0 0.0 0.0 0.0 0.0 0.0 0.0 0.0 0.0 0.0 0.0 0.0 0.0 0.0 0.0 0.0 0.0 0.0 0.0 0.0 0.0 0.0 0.0 0.0 0.0 0.0 0.0 0.0 0.0 0.0 0.0 0.0 0.0 0.0 0.0 0.0 0.0 0.0 0.0 0.0 0.0 0.0 0.0 0.0 0.0 0.0 0.0 0.0 0.0 
0.0 0.0 0.0 0.0 0.0 0.0 0.0 0.0 0.0 0.0 0.0 0.0 0.0 0.0 0.0 0.0 0.0 0.0 0.0 0.0 0.0 0.0 0.0 0.0 0.0 0.0 0.0 0.0 0.0 0.0 0.0 0.0 0.0 0.0 0.0 0.0 0.0 0.0 0.0 0.0 0.0 0.0 0.0 0.0 0.0 0.0 0.0 0.0 0.0 0.0 0.0 0.0 0.0 0.0 0.0 0.0 0.0 0.0 0.0 0.0 0.0 0.0 0.0 0.0 0.0 0.0 0.0 0.0 0.0 0.0 0.0 0.0 0.0 0.0 0.0 0.0 0.0 0.0 0.0 0.0 0.0 0.0 0.0 0.0 0.0 0.0 0.0 0.0 0.0 0.0 0.0 0.0 0.0 0.0 0.0 0.0 0.0 0.0 0.0 0.0 
0.0 0.0 0.0 0.0 0.0 0.0 0.0 0.0 0.0 0.0 0.0 0.0 0.0 0.0 0.0 0.0 0.0 0.0 0.0 0.0 0.0 0.0 0.0 0.0 0.0 0.0 0.0 0.0 0.0 0.0 0.0 0.0 0.0 0.0 0.0 0.0 0.0 0.0 0.0 0.0 0.0 0.0 0.0 0.0 0.0 0.0 0.0 0.0 0.0 0.0 0.0 0.0 0.0 0.0 0.0 0.0 0.0 0.0 0.0 0.0 0.0 0.0 0.0 0.0 0.0 0.0 0.0 0.0 0.0 0.0 0.0 0.0 0.0 0.0 0.0 0.0 0.0 0.0 0.0 0.0 0.0 0.0 0.0 0.0 0.0 0.0 0.0 0.0 0.0 0.0 0.0 0.0 0.0 0.0 0.0 0.0 0.0 0.0 0.0 0.0 
0.0 0.0 0.0 0.0 0.0 0.0 0.0 0.0 0.0 0.0 0.0 0.0 0.0 0.0 0.0 0.0 0.0 0.0 0.0 0.0 0.0 0.0 0.0 0.0 0.0 0.0 0.0 0.0 0.0 0.0 0.0 0.0 0.0 0.0 0.0 0.0 0.0 0.0 0.0 0.0 0.0 0.0 0.0 0.0 0.0 0.0 0.0 0.0 0.0 0.0 0.0 0.0 0.0 0.0 0.0 0.0 0.0 0.0 0.0 0.0 0.0 0.0 0.0 0.0 0.0 0.0 0.0 0.0 0.0 0.0 0.0 0.0 0.0 0.0 0.0 0.0 0.0 0.0 0.0 0.0 0.0 0.0 0.0 0.0 0.0 0.0 0.0 0.0 0.0 0.0 0.0 0.0 0.0 0.0 0.0 0.0 0.0 0.0 0.0 0.0 
