#! FIELDS psi4 ffpsi4 dffpsi4_psi4
#! SET min_psi4 -pi
#! SET max_psi4 pi
#! SET nbins_psi4  100
#! SET periodic_psi4 true
 -3.141593 4.320277 18.322689
 -3.078761 5.738608 25.699891
 -3.015929 7.342159 25.091227
 -2.953097 9.092664 30.787535
 -2.890265 10.943279 25.214338
 -2.827433 12.328666 21.387305
 -2.764602 13.847101 26.328584
 -2.701770 15.407947 21.040417
 -2.638938 16.452745 13.328699
 -2.576106 17.248424 12.625110
 -2.513274 18.056444 12.448551
 -2.450442 18.849395 13.655628
 -2.387610 19.599874 6.194712
 -2.324779 19.535989 -4.539887
 -2.261947 19.350470 -1.988563
 -2.199115 19.193636 -1.656135
 -2.136283 19.239529 0.437935
 -2.073451 18.837758 -13.128379
 -2.010619 17.897458 -14.040004
 -1.947787 17.384128 -1.905088
 -1.884956 17.229822 -7.490362
 -1.822124 16.514538 -11.911931
 -1.759292 15.773362 -13.584148
 -1.696460 14.768468 -17.038308
 -1.633628 13.736348 -15.867239
 -1.570796 12.806336 -13.237237
 -1.507964 12.002760 -13.917642
 -1.445133 11.033853 -15.254642
 -1.382301 10.213613 -11.583510
 -1.319469 9.463573 -12.158721
 -1.256637 8.756967 -10.257114
 -1.193805 8.142109 -9.538231
 -1.130973 7.522758 -10.552463
 -1.068142 6.837648 -10.691197
 -1.005310 6.220276 -8.892663
 -0.942478 5.710907 -7.763675
 -0.879646 5.178936 -9.402712
 -0.816814 4.548888 -10.300736
 -0.753982 3.954260 -8.300631
 -0.691150 3.464509 -7.785340
 -0.628319 2.994162 -6.820072
 -0.565487 2.605123 -5.898323
 -0.502655 2.246587 -5.126840
 -0.439823 1.997526 -3.145711
 -0.376991 1.857619 -0.275309
 -0.314159 2.039624 5.152523
 -0.251327 2.329798 3.415841
 -0.188496 2.532921 3.806032
 -0.125664 2.814840 4.548489
 -0.062832 3.087573 4.755215
 0.000000 3.478595 6.933982
 0.062832 3.806666 3.348548
 0.125664 4.050435 5.427344
 0.188496 4.459294 6.295152
 0.251327 4.747400 3.142648
 0.314159 4.919505 1.852078
 0.376991 4.886591 -2.154014
 0.439823 4.895873 3.068665
 0.502655 5.103073 1.934948
 0.565487 5.144696 0.202783
 0.628319 5.134157 -1.095249
 0.691150 5.031402 -1.517031
 0.753982 4.978312 -0.495066
 0.816814 4.918972 -1.519071
 0.879646 4.835971 -0.775046
 0.942478 4.843828 1.233176
 1.005310 5.025393 4.430996
 1.068142 5.320729 4.154043
 1.130973 5.525669 2.531462
 1.193805 5.659950 1.925802
 1.256637 5.837093 4.308426
 1.319469 6.248176 8.697280
 1.382301 6.855912 9.500093
 1.445133 7.345587 6.096485
 1.507964 7.706990 5.655552
 1.570796 7.998660 3.148746
 1.633628 8.164588 2.568369
 1.696460 8.255767 -0.383777
 1.759292 8.175158 -1.580366
 1.822124 8.037126 -3.138672
 1.884956 7.810380 -4.059120
 1.947787 7.453569 -7.748496
 2.010619 6.857716 -11.085644
 2.073451 6.118348 -11.516371
 2.136283 5.388071 -13.497167
 2.199115 4.394428 -15.363385
 2.261947 3.778778 -4.297706
 2.324779 3.552855 -5.954680
 2.387610 2.893990 -13.676262
 2.450442 2.091644 -10.584517
 2.513274 1.558740 -7.122095
 2.576106 1.188867 -4.055421
 2.638938 1.067236 -0.553946
 2.701770 1.028148 -0.755069
 2.764602 1.020948 0.734199
 2.827433 1.154564 4.033193
 2.890265 1.565333 8.471385
 2.953097 2.097353 7.950700
 3.015929 2.638253 9.961180
 3.078761 3.366505 12.993700
