#! FIELDS psi4 ffpsi4 dffpsi4_psi4
#! SET min_psi4 -pi
#! SET max_psi4 pi
#! SET nbins_psi4  100
#! SET periodic_psi4 true
 -3.141593 4.811505 17.489718
 -3.078761 5.882715 17.438374
 -3.015929 7.241870 26.677474
 -2.953097 9.102885 29.807327
 -2.890265 10.769949 22.364677
 -2.827433 11.671520 5.593167
 -2.764602 12.212400 18.434374
 -2.701770 14.117567 33.524010
 -2.638938 14.743815 -8.382296
 -2.576106 14.733607 11.113228
 -2.513274 16.127838 34.951742
 -2.450442 18.998759 43.657337
 -2.387610 20.010646 4.351675
 -2.324779 21.477615 43.912895
 -2.261947 24.689275 41.756974
 -2.199115 25.253919 -14.524440
 -2.136283 24.002624 -22.951040
 -2.073451 22.799090 -11.405727
 -2.010619 22.664498 2.696995
 -1.947787 22.218788 -18.388418
 -1.884956 21.149074 -10.312915
 -1.822124 20.953040 1.091158
 -1.759292 20.926992 -4.839965
 -1.696460 19.802563 -33.224699
 -1.633628 17.294760 -39.247893
 -1.570796 15.486928 -17.275840
 -1.507964 14.731958 -11.571827
 -1.445133 13.983120 -10.215753
 -1.382301 13.187178 -17.730042
 -1.319469 12.095206 -14.435279
 -1.256637 11.197703 -15.485959
 -1.193805 10.415783 -6.806760
 -1.130973 10.252117 -2.054767
 -1.068142 9.758806 -14.412182
 -1.005310 8.684672 -16.552447
 -0.942478 7.845243 -11.829425
 -0.879646 6.936766 -17.200101
 -0.816814 5.884551 -14.861965
 -0.753982 5.065219 -12.102803
 -0.691150 4.352695 -10.180777
 -0.628319 3.710909 -11.141214
 -0.565487 3.070691 -7.471862
 -0.502655 2.789524 -2.754951
 -0.439823 2.630883 -2.325385
 -0.376991 2.467593 -3.176402
 -0.314159 2.305671 -1.092481
 -0.251327 2.372015 3.063090
 -0.188496 2.636672 4.471362
 -0.125664 2.863021 2.847095
 -0.062832 3.060362 3.792613
 0.000000 3.342119 4.703819
 0.062832 3.582217 2.472699
 0.125664 3.701152 2.725485
 0.188496 4.068945 8.384820
 0.251327 4.518826 4.188751
 0.314159 4.595511 -0.234910
 0.376991 4.716792 4.996430
 0.439823 5.137162 5.827837
 0.502655 5.174908 -3.628602
 0.565487 5.032968 -0.099336
 0.628319 5.004721 -1.582414
 0.691150 4.914994 -0.923090
 0.753982 4.865449 -0.480391
 0.816814 4.899253 1.121395
 0.879646 4.910889 -0.829118
 0.942478 4.900437 1.353643
 1.005310 5.138706 5.854295
 1.068142 5.451884 2.767125
 1.130973 5.598330 3.392315
 1.193805 5.834522 2.913001
 1.256637 6.022434 4.344630
 1.319469 6.417591 7.499806
 1.382301 6.855516 5.673722
 1.445133 7.112044 2.959027
 1.507964 7.372555 6.203042
 1.570796 7.787390 4.891857
 1.633628 7.948604 1.346689
 1.696460 7.971385 -0.753770
 1.759292 7.904507 -2.049053
 1.822124 7.627863 -5.739460
 1.884956 7.378936 -2.228896
 1.947787 7.135631 -6.932001
 2.010619 6.568151 -9.924502
 2.073451 5.948860 -10.204778
 2.136283 5.257501 -11.186991
 2.199115 4.569752 -11.723183
 2.261947 3.742752 -13.364057
 2.324779 3.049031 -8.509600
 2.387610 2.558799 -8.610601
 2.450442 1.906125 -11.226712
 2.513274 1.303632 -7.196496
 2.576106 0.990188 -3.596308
 2.638938 0.778453 -3.259082
 2.701770 0.592563 -2.580511
 2.764602 0.488690 -0.217421
 2.827433 0.618092 4.407911
 2.890265 1.042284 8.927598
 2.953097 1.731569 13.136977
 3.015929 2.683876 16.362972
 3.078761 3.720588 16.719376
