#! FIELDS psi3 ffpsi3 dffpsi3_psi3
#! SET min_psi3 -pi
#! SET max_psi3 pi
#! SET nbins_psi3  100
#! SET periodic_psi3 true
 -3.141593 8.033417 10.669443
 -3.078761 8.782503 15.608113
 -3.015929 10.232481 29.752742
 -2.953097 12.053678 22.882595
 -2.890265 12.714975 -1.651928
 -2.827433 12.609324 6.656106
 -2.764602 14.112166 41.149094
 -2.701770 17.370837 56.504509
 -2.638938 20.437441 36.702477
 -2.576106 22.265096 25.252733
 -2.513274 23.941483 23.538044
 -2.450442 24.364825 -4.970304
 -2.387610 24.638707 16.793888
 -2.324779 25.915434 15.828091
 -2.261947 26.261053 -2.148151
 -2.199115 26.046576 -3.904109
 -2.136283 25.625717 -9.528487
 -2.073451 25.018841 -8.731221
 -2.010619 24.776075 3.710240
 -1.947787 25.647376 22.810838
 -1.884956 27.031808 13.384436
 -1.822124 26.644866 -27.660088
 -1.759292 24.400880 -31.216112
 -1.696460 22.944602 -32.158513
 -1.633628 19.204857 -63.989460
 -1.570796 16.779126 -10.025889
 -1.507964 17.878741 40.519594
 -1.445133 20.099749 12.383748
 -1.382301 20.100577 -0.900212
 -1.319469 19.585103 -23.381662
 -1.256637 17.699258 -30.283097
 -1.193805 15.913364 -26.681148
 -1.130973 14.330426 -24.627411
 -1.068142 12.670707 -28.780983
 -1.005310 10.847433 -27.332572
 -0.942478 9.317880 -22.515737
 -0.879646 7.842289 -24.628779
 -0.816814 6.350390 -21.623428
 -0.753982 5.146491 -17.881249
 -0.691150 3.996590 -17.933316
 -0.628319 3.050326 -11.949543
 -0.565487 2.422214 -8.696302
 -0.502655 1.867256 -9.786425
 -0.439823 1.199275 -10.552376
 -0.376991 0.651848 -6.440282
 -0.314159 0.391587 -2.281193
 -0.251327 0.250007 -3.302082
 -0.188496 0.005827 -2.998104
 -0.125664 -0.001952 2.523813
 -0.062832 0.230727 4.259450
 0.000000 0.506271 4.392086
 0.062832 0.823502 6.449334
 0.125664 1.361452 9.928986
 0.188496 1.934071 7.834395
 0.251327 2.407925 7.272205
 0.314159 2.790021 5.121713
 0.376991 3.165858 6.838385
 0.439823 3.556791 4.813974
 0.502655 3.728028 0.909197
 0.565487 3.855963 4.637403
 0.628319 4.286677 7.517127
 0.691150 4.723355 6.570129
 0.753982 4.999660 1.005453
 0.816814 5.001320 1.160526
 0.879646 5.259761 7.263704
 0.942478 5.897205 11.343176
 1.005310 6.371474 3.105651
 1.068142 6.462983 0.348485
 1.130973 6.460118 1.068236
 1.193805 6.704544 5.379871
 1.256637 6.908995 0.469109
 1.319469 6.910213 1.746239
 1.382301 7.247675 7.390359
 1.445133 7.483767 -1.754994
 1.507964 7.090330 -8.725077
 1.570796 6.702324 -1.677512
 1.633628 6.922065 6.750998
 1.696460 7.157545 -0.350641
 1.759292 7.184207 3.135869
 1.822124 7.383323 0.568915
 1.884956 7.231854 -4.120237
 1.947787 6.988811 -2.914911
 2.010619 6.861113 -2.344211
 2.073451 6.548391 -7.789779
 2.136283 6.030732 -6.906277
 2.199115 5.751695 -3.405135
 2.261947 5.435718 -6.072742
 2.324779 5.176473 -1.568082
 2.387610 5.130578 -1.715069
 2.450442 4.886727 -4.679313
 2.513274 4.667702 -2.797761
 2.576106 4.500155 -1.779833
 2.638938 4.544506 3.062456
 2.701770 4.786369 3.867426
 2.764602 5.022745 3.943925
 2.827433 5.275042 3.504708
 2.890265 5.475476 3.933043
 2.953097 5.879034 8.817270
 3.015929 6.545776 12.017080
 3.078761 7.316538 11.958161
