#! FIELDS psi2 ffpsi2 dffpsi2_psi2
#! SET min_psi2 -pi
#! SET max_psi2 pi
#! SET nbins_psi2  100
#! SET periodic_psi2 true
 -3.141593 14.841671 45.667931
 -3.078761 17.936229 55.595948
 -3.015929 21.798503 61.267646
 -2.953097 24.895510 32.443492
 -2.890265 26.441394 25.279722
 -2.827433 29.006059 56.700390
 -2.764602 31.740145 4.002266
 -2.701770 30.945613 -6.045245
 -2.638938 31.216250 -8.399843
 -2.576106 28.068904 -62.551364
 -2.513274 25.100284 -34.720329
 -2.450442 23.348152 -19.104194
 -2.387610 22.924654 2.313806
 -2.324779 22.832410 -8.035117
 -2.261947 21.936828 -22.252817
 -2.199115 20.191078 -27.741669
 -2.136283 18.894475 -13.811054
 -2.073451 18.128580 -13.451899
 -2.010619 17.157209 -15.896487
 -1.947787 16.256818 -12.863896
 -1.884956 15.481979 -11.641201
 -1.822124 14.927100 -5.715996
 -1.759292 14.589773 -6.353904
 -1.696460 14.185735 -5.528495
 -1.633628 13.928670 -2.685900
 -1.570796 13.841723 -0.502532
 -1.507964 13.801570 -1.124196
 -1.445133 13.717223 -1.183794
 -1.382301 13.705018 1.262716
 -1.319469 13.933767 5.968566
 -1.256637 14.329315 4.778058
 -1.193805 14.453760 0.416409
 -1.130973 14.511794 1.091052
 -1.068142 14.589391 2.457867
 -1.005310 14.939367 8.110540
 -0.942478 15.380331 4.314573
 -0.879646 15.506426 0.569402
 -0.816814 15.477295 -1.752801
 -0.753982 15.337272 -1.868212
 -0.691150 15.287118 -0.098385
 -0.628319 15.238945 -3.181618
 -0.565487 14.593146 -17.065489
 -0.502655 13.528294 -14.306212
 -0.439823 12.893580 -5.116217
 -0.376991 12.951956 6.316106
 -0.314159 13.522487 8.954128
 -0.251327 13.462190 -11.221369
 -0.188496 12.880790 -2.699126
 -0.125664 13.121408 6.195824
 -0.062832 12.916507 -13.012705
 0.000000 12.319309 -1.878091
 0.062832 12.318738 -3.598020
 0.125664 12.020364 -0.199183
 0.188496 12.474328 9.915637
 0.251327 12.650927 -2.152825
 0.314159 12.708329 2.506000
 0.376991 12.477566 -10.300411
 0.439823 11.673175 -13.405400
 0.502655 11.078431 -3.979039
 0.565487 11.029002 -0.617335
 0.628319 10.802889 -6.421790
 0.691150 10.286079 -9.027775
 0.753982 9.841276 -4.449046
 0.816814 9.703274 -1.065734
 0.879646 9.488219 -6.869457
 0.942478 8.941557 -8.655229
 1.005310 8.545383 -4.267070
 1.068142 8.314864 -3.215869
 1.130973 8.149339 -2.686934
 1.193805 7.904160 -4.819098
 1.256637 7.606167 -4.722710
 1.319469 7.308607 -4.600006
 1.382301 7.023901 -4.516917
 1.445133 6.753362 -4.545350
 1.507964 6.356060 -8.557233
 1.570796 5.702905 -11.439053
 1.633628 5.017656 -10.483991
 1.696460 4.325163 -11.416791
 1.759292 3.642385 -10.362789
 1.822124 2.998873 -10.089927
 1.884956 2.388756 -9.050206
 1.947787 1.926384 -5.615972
 2.010619 1.604492 -5.243028
 2.073451 1.270557 -5.217920
 2.136283 0.923980 -6.232250
 2.199115 0.489609 -7.360450
 2.261947 -0.007483 -8.596445
 2.324779 -0.538238 -7.618757
 2.387610 -0.902757 -3.789823
 2.450442 -1.034232 -0.840700
 2.513274 -1.011322 2.075281
 2.576106 -0.709248 7.599424
 2.638938 -0.065238 12.783429
 2.701770 0.861462 16.100722
 2.764602 1.941935 18.679668
 2.827433 3.297313 24.632330
 2.890265 4.997688 28.555982
 2.953097 6.851821 30.891383
 3.015929 9.051668 39.769664
 3.078761 11.851482 47.903773
