#! FIELDS psi4 ffpsi4 dffpsi4_psi4
#! SET min_psi4 -pi
#! SET max_psi4 pi
#! SET nbins_psi4  100
#! SET periodic_psi4 true
 -3.141593 4.319255 13.851329
 -3.078761 5.574383 25.582869
 -3.015929 7.263542 25.711829
 -2.953097 8.669350 18.347450
 -2.890265 9.840908 23.670577
 -2.827433 11.852731 36.005967
 -2.764602 13.858623 28.141937
 -2.701770 14.603578 -20.154240
 -2.638938 12.662462 -20.374288
 -2.576106 13.112169 36.362424
 -2.513274 17.183249 89.417872
 -2.450442 22.162937 40.042195
 -2.387610 23.035925 7.850279
 -2.324779 24.352958 32.173189
 -2.261947 25.437200 -8.422312
 -2.199115 24.184585 -25.668624
 -2.136283 22.729834 -13.724682
 -2.073451 23.009665 20.930611
 -2.010619 23.865295 -9.670626
 -1.947787 22.350328 -25.133065
 -1.884956 21.396740 -5.615203
 -1.822124 21.072008 -11.522929
 -1.759292 19.910831 -20.330355
 -1.696460 18.721397 -18.421714
 -1.633628 17.721098 -11.564133
 -1.570796 17.177650 -8.962999
 -1.507964 16.416776 -13.462919
 -1.445133 15.679092 -10.748242
 -1.382301 14.823500 -17.246692
 -1.319469 13.611132 -20.887554
 -1.256637 12.286995 -19.166257
 -1.193805 11.435450 -8.479304
 -1.130973 10.800325 -14.851383
 -1.068142 9.693000 -17.233856
 -1.005310 8.866113 -9.536052
 -0.942478 8.238499 -12.077325
 -0.879646 7.395117 -13.554124
 -0.816814 6.553445 -14.660827
 -0.753982 5.419241 -19.976738
 -0.691150 4.368289 -12.396966
 -0.628319 3.779783 -7.423930
 -0.565487 3.366696 -6.126370
 -0.502655 2.907810 -9.036260
 -0.439823 2.349294 -7.125796
 -0.376991 2.134376 0.495788
 -0.314159 2.343051 4.677571
 -0.251327 2.519985 0.271533
 -0.188496 2.492974 0.221573
 -0.125664 2.620569 3.733905
 -0.062832 2.953900 6.568179
 0.000000 3.355415 5.509624
 0.062832 3.709118 6.893936
 0.125664 4.196811 6.554807
 0.188496 4.401075 1.047511
 0.251327 4.477526 1.347402
 0.314159 4.542646 0.761766
 0.376991 4.577759 0.561125
 0.439823 4.723745 4.326880
 0.502655 4.977947 2.547141
 0.565487 5.024186 -1.364964
 0.628319 4.791187 -5.160317
 0.691150 4.526811 -2.836306
 0.753982 4.362165 -3.647747
 0.816814 4.061865 -4.246252
 0.879646 4.015037 2.621433
 0.942478 4.262921 4.893725
 1.005310 4.689706 8.311076
 1.068142 5.122337 4.007107
 1.130973 5.172699 -1.320830
 1.193805 5.195754 3.456596
 1.256637 5.606520 8.491424
 1.319469 6.145033 7.900651
 1.382301 6.509745 3.803992
 1.445133 6.782628 5.537377
 1.507964 7.195899 7.524083
 1.570796 7.680213 6.427632
 1.633628 7.883778 0.435006
 1.696460 7.785174 -3.560043
 1.759292 7.460882 -7.213906
 1.822124 6.960474 -6.228004
 1.884956 6.860074 2.146460
 1.947787 7.038013 2.718588
 2.010619 7.131668 -1.459605
 2.073451 6.585796 -16.379093
 2.136283 5.441454 -16.300627
 2.199115 4.691961 -8.726924
 2.261947 4.123031 -10.649562
 2.324779 3.372251 -12.097152
 2.387610 2.706654 -9.188085
 2.450442 2.139744 -9.239181
 2.513274 1.593825 -7.582910
 2.576106 1.173594 -6.432835
 2.638938 0.790574 -4.913976
 2.701770 0.611909 -1.139597
 2.764602 0.627306 1.879543
 2.827433 0.856419 5.072669
 2.890265 1.227310 6.414043
 2.953097 1.687348 9.353759
 3.015929 2.545212 17.425865
 3.078761 3.578062 13.037679
