#! FIELDS phi2 ffphi2 dffphi2_phi2
#! SET min_phi2 -pi
#! SET max_phi2 pi
#! SET nbins_phi2  100
#! SET periodic_phi2 true
 -3.141593 16.720104 -48.116246
 -3.078761 13.810711 -44.877684
 -3.015929 11.202257 -36.731634
 -2.953097 9.191993 -28.622436
 -2.890265 7.455367 -26.821230
 -2.827433 5.914037 -21.328542
 -2.764602 4.785369 -15.547658
 -2.701770 3.830423 -14.971266
 -2.638938 3.002594 -10.743012
 -2.576106 2.480774 -6.095160
 -2.513274 2.184953 -4.105005
 -2.450442 1.923486 -3.747841
 -2.387610 1.790827 -0.198543
 -2.324779 1.883140 2.633832
 -2.261947 2.087989 3.723026
 -2.199115 2.305631 2.729787
 -2.136283 2.373170 -1.102811
 -2.073451 2.259424 -0.836343
 -2.010619 2.329118 2.157599
 -1.947787 2.481697 2.801663
 -1.884956 2.645074 1.842106
 -1.822124 2.696312 -0.272628
 -1.759292 2.609944 -2.130535
 -1.696460 2.506710 -1.254355
 -1.633628 2.336397 -5.013657
 -1.570796 1.897570 -8.253091
 -1.507964 1.383590 -7.722758
 -1.445133 0.954865 -6.051137
 -1.382301 0.556333 -6.875013
 -1.319469 0.205837 -3.186383
 -1.256637 0.124889 -0.601362
 -1.193805 0.089959 -0.004939
 -1.130973 0.159616 2.436279
 -1.068142 0.520647 9.976983
 -1.005310 1.341562 14.363650
 -0.942478 2.228442 14.410094
 -0.879646 3.275769 19.523920
 -0.816814 4.684317 24.304912
 -0.753982 6.248872 25.904639
 -0.691150 8.071617 31.942754
 -0.628319 10.180069 34.382428
 -0.565487 12.361619 34.140218
 -0.502655 14.455724 32.049307
 -0.439823 16.340602 27.364094
 -0.376991 18.024723 27.066745
 -0.314159 19.742718 26.656884
 -0.251327 21.357408 24.310617
 -0.188496 22.716043 18.328363
 -0.125664 23.741852 14.912930
 -0.062832 24.673359 14.898109
 0.000000 25.488915 8.691753
 0.062832 25.643220 -2.825687
 0.125664 25.303955 -7.194915
 0.188496 24.774284 -10.101855
 0.251327 23.975364 -14.979648
 0.314159 23.021087 -14.877040
 0.376991 22.041718 -17.037102
 0.439823 20.901891 -18.538976
 0.502655 19.787231 -16.292570
 0.565487 18.956151 -9.639656
 0.628319 18.524064 -5.577130
 0.691150 18.082737 -8.372087
 0.753982 17.701926 -1.905439
 0.816814 17.866435 5.925932
 0.879646 18.330275 8.923151
 0.942478 19.084255 15.430606
 1.005310 20.209760 19.787078
 1.068142 21.600115 24.607660
 1.130973 23.333353 30.904898
 1.193805 25.499373 37.187112
 1.256637 27.961571 40.486617
 1.319469 30.522100 40.387149
 1.382301 33.171340 44.891233
 1.445133 36.252420 51.510478
 1.507964 39.489377 50.361475
 1.570796 42.656416 49.435430
 1.633628 45.700571 46.801198
 1.696460 48.586945 43.750627
 1.759292 51.202285 38.737255
 1.822124 53.489817 33.689063
 1.884956 55.533638 31.900694
 1.947787 57.588689 33.072147
 2.010619 59.633795 31.078186
 2.073451 61.360392 21.378284
 2.136283 62.182607 5.468764
 2.199115 62.289113 -0.880275
 2.261947 61.982479 -11.318314
 2.324779 60.767963 -26.182827
 2.387610 58.790581 -36.283137
 2.450442 56.282097 -43.688519
 2.513274 53.238496 -52.925158
 2.576106 49.751404 -57.272325
 2.638938 46.076564 -59.400689
 2.701770 42.321042 -59.873004
 2.764602 38.549222 -60.957179
 2.827433 34.559993 -65.160636
 2.890265 30.583553 -60.770986
 2.953097 26.813350 -59.800195
 3.015929 23.174320 -54.969956
 3.078761 19.869479 -51.315610
