#! FIELDS psi2 ffpsi2 dffpsi2_psi2
#! SET min_psi2 -pi
#! SET max_psi2 pi
#! SET nbins_psi2  100
#! SET periodic_psi2 true
 -3.141593 4.975296 16.213947
 -3.078761 6.103109 19.145802
 -3.015929 7.358652 20.698694
 -2.953097 8.696937 21.709908
 -2.890265 10.125041 23.775996
 -2.827433 11.648108 24.020271
 -2.764602 13.165398 24.517512
 -2.701770 14.726745 24.416322
 -2.638938 16.195784 21.825234
 -2.576106 17.351146 13.396313
 -2.513274 17.813638 1.414664
 -2.450442 17.616226 -6.793948
 -2.387610 17.030564 -11.998101
 -2.324779 16.130318 -15.760010
 -2.261947 15.156169 -15.072343
 -2.199115 14.258654 -12.902549
 -2.136283 13.567966 -9.848837
 -2.073451 12.888188 -11.984044
 -2.010619 12.161647 -10.413390
 -1.947787 11.575200 -8.963350
 -1.884956 10.908596 -12.941562
 -1.822124 10.043485 -12.775724
 -1.759292 9.452946 -6.386807
 -1.696460 9.080944 -6.428582
 -1.633628 8.625776 -7.892506
 -1.570796 8.164903 -5.914351
 -1.507964 7.907053 -3.010800
 -1.445133 7.710753 -3.303854
 -1.382301 7.484233 -4.282440
 -1.319469 7.196854 -4.101809
 -1.256637 7.031208 -1.113923
 -1.193805 7.030301 0.266935
 -1.130973 6.959921 -2.413170
 -1.068142 6.852333 -0.312504
 -1.005310 6.894840 0.917327
 -0.942478 6.924701 0.094365
 -0.879646 6.919061 -0.371762
 -0.816814 6.865140 -1.579374
 -0.753982 6.705005 -3.408106
 -0.691150 6.474891 -3.880512
 -0.628319 6.188708 -5.455345
 -0.565487 5.804202 -6.686703
 -0.502655 5.331407 -8.444220
 -0.439823 4.798907 -7.920889
 -0.376991 4.361179 -6.190351
 -0.314159 4.017599 -4.643432
 -0.251327 3.755366 -4.242151
 -0.188496 3.474056 -4.177989
 -0.125664 3.295703 -1.444844
 -0.062832 3.256462 -0.395430
 0.000000 3.189095 -1.746079
 0.062832 3.103140 -0.546772
 0.125664 3.116492 0.507053
 0.188496 3.129009 -0.105250
 0.251327 3.123596 -0.153013
 0.314159 3.093403 -0.822806
 0.376991 3.058169 0.068656
 0.439823 3.116334 1.350970
 0.502655 3.149254 -0.721647
 0.565487 3.057623 -1.700255
 0.628319 2.970266 -1.132090
 0.691150 2.903010 -1.153975
 0.753982 2.823929 -1.349301
 0.816814 2.746030 -0.934925
 0.879646 2.750581 1.226685
 0.942478 2.867138 1.915441
 1.005310 2.969742 1.538002
 1.068142 3.090427 2.408672
 1.130973 3.294437 4.067890
 1.193805 3.574897 4.548527
 1.256637 3.860472 4.648055
 1.319469 4.191668 5.994349
 1.382301 4.607174 6.993123
 1.445133 5.044879 6.650326
 1.507964 5.437870 5.945268
 1.570796 5.815612 5.973694
 1.633628 6.146309 4.022374
 1.696460 6.311611 1.617097
 1.759292 6.407176 1.386954
 1.822124 6.461007 0.257317
 1.884956 6.447924 -0.969896
 1.947787 6.288075 -4.221904
 2.010619 5.964131 -5.743210
 2.073451 5.591500 -6.017719
 2.136283 5.211651 -6.210350
 2.199115 4.793815 -7.288764
 2.261947 4.294348 -8.337224
 2.324779 3.785218 -7.837483
 2.387610 3.300888 -7.644213
 2.450442 2.829030 -7.260143
 2.513274 2.405799 -6.229486
 2.576106 2.047882 -5.047030
 2.638938 1.792409 -3.028201
 2.701770 1.675880 -0.629853
 2.764602 1.711004 1.581217
 2.827433 1.870867 3.565118
 2.890265 2.180463 6.432222
 2.953097 2.687185 9.421583
 3.015929 3.327809 10.849788
 3.078761 4.070563 12.837722
