#! FIELDS phi2 ffphi2 dffphi2_phi2
#! SET min_phi2 -pi
#! SET max_phi2 pi
#! SET nbins_phi2  100
#! SET periodic_phi2 true
 -3.141593 15.167897 -38.903804
 -3.078761 14.362940 6.225216
 -3.015929 13.192936 -53.560190
 -2.953097 10.367477 -23.722700
 -2.890265 10.355549 15.891389
 -2.827433 9.286796 -69.099861
 -2.764602 4.329297 -70.033207
 -2.701770 1.357369 -22.402401
 -2.638938 1.480285 22.155375
 -2.576106 2.511005 -5.083134
 -2.513274 1.669847 -6.711607
 -2.450442 2.295036 24.177741
 -2.387610 3.951834 21.426299
 -2.324779 3.921427 -36.262497
 -2.261947 0.187242 -57.786720
 -2.199115 -1.849751 -4.354313
 -2.136283 -0.339777 50.301711
 -2.073451 3.036102 27.487838
 -2.010619 2.513777 -14.402704
 -1.947787 2.667900 14.711011
 -1.884956 2.890183 -10.856145
 -1.822124 2.501099 4.688382
 -1.759292 3.527002 23.653990
 -1.696460 3.850360 -22.319690
 -1.633628 2.135947 -21.768855
 -1.570796 1.617265 6.288865
 -1.507964 2.455241 9.724688
 -1.445133 1.526816 -37.948542
 -1.382301 -0.833299 -25.980142
 -1.319469 -1.064549 19.275504
 -1.256637 1.097791 39.814169
 -1.193805 2.856328 18.247835
 -1.130973 4.158383 25.715141
 -1.068142 5.782448 17.329176
 -1.005310 5.854898 -7.748742
 -0.942478 5.637954 3.259373
 -0.879646 6.412395 20.031770
 -0.816814 7.716225 19.407506
 -0.753982 8.907136 19.981327
 -0.691150 10.837555 47.378343
 -0.628319 14.401510 31.481746
 -0.565487 12.889842 -31.981836
 -0.502655 12.689037 27.280975
 -0.439823 16.344944 88.435991
 -0.376991 22.933591 94.878405
 -0.314159 26.366291 40.772692
 -0.251327 30.704970 94.586871
 -0.188496 36.444950 53.491905
 -0.125664 35.128954 -72.644155
 -0.062832 30.422182 -64.939009
 0.000000 27.829495 -14.951012
 0.062832 28.360977 24.402384
 0.125664 29.583779 15.017959
 0.188496 30.994155 15.327905
 0.251327 27.942089 -85.081558
 0.314159 23.459400 -52.290397
 0.376991 21.425982 -15.211855
 0.439823 20.784101 -13.093653
 0.502655 19.397053 -30.075197
 0.565487 16.706631 -56.083308
 0.628319 13.270225 -45.914928
 0.691150 11.257403 -18.688128
 0.753982 10.734510 0.239092
 0.816814 11.002974 4.706341
 0.879646 10.891867 -7.918039
 0.942478 10.402915 -5.256523
 1.005310 10.380741 4.938108
 1.068142 10.971968 13.249175
 1.130973 12.098558 23.166804
 1.193805 13.693702 24.953521
 1.256637 15.405164 34.276478
 1.319469 18.429098 61.511145
 1.382301 22.776369 72.731526
 1.445133 27.779105 84.230400
 1.507964 33.813651 103.440478
 1.570796 41.460199 128.567865
 1.633628 52.373065 148.185833
 1.696460 61.942298 117.412281
 1.759292 67.390069 53.646904
 1.822124 71.432706 63.580361
 1.884956 74.349283 34.580381
 1.947787 77.677783 77.239209
 2.010619 84.399216 136.796577
 2.073451 inf nan
 2.136283 inf nan
 2.199115 inf nan
 2.261947 inf nan
 2.324779 inf nan
 2.387610 inf nan
 2.450442 inf nan
 2.513274 inf nan
 2.576106 inf nan
 2.638938 inf nan
 2.701770 103.390601 -226.008647
 2.764602 86.563846 -225.989121
 2.827433 69.513469 -207.141987
 2.890265 45.121095 -195.611159
 2.953097 34.480257 -144.081604
 3.015929 26.312796 -121.364451
 3.078761 19.374647 -93.201594
