#! FIELDS phi2 ffphi2 dffphi2_phi2
#! SET min_phi2 -pi
#! SET max_phi2 pi
#! SET nbins_phi2  100
#! SET periodic_phi2 true
 -3.141593 16.855159 -47.910807
 -3.078761 14.007247 -42.412638
 -3.015929 11.511257 -37.334879
 -2.953097 9.310679 -32.454705
 -2.890265 7.461638 -26.524461
 -2.827433 5.910018 -23.248241
 -2.764602 4.597360 -17.772056
 -2.701770 3.655913 -13.297463
 -2.638938 2.861662 -11.297977
 -2.576106 2.316801 -6.295370
 -2.513274 2.014742 -3.500283
 -2.450442 1.834096 -2.804575
 -2.387610 1.665259 -2.157357
 -2.324779 1.596314 0.009154
 -2.261947 1.640292 0.910559
 -2.199115 1.707742 1.571827
 -2.136283 1.870341 3.595554
 -2.073451 2.125562 3.913358
 -2.010619 2.313259 2.056500
 -1.947787 2.433273 2.139864
 -1.884956 2.580703 1.993705
 -1.822124 2.646504 0.344360
 -1.759292 2.671623 0.243793
 -1.696460 2.600400 -2.900288
 -1.633628 2.343157 -4.981447
 -1.570796 1.984021 -6.362242
 -1.507964 1.580356 -6.328997
 -1.445133 1.193261 -5.928890
 -1.382301 0.867254 -4.304417
 -1.319469 0.629299 -3.595146
 -1.256637 0.428995 -2.377927
 -1.193805 0.373008 0.728564
 -1.130973 0.543819 4.890162
 -1.068142 0.987139 8.905593
 -1.005310 1.648178 12.206183
 -0.942478 2.539140 16.103141
 -0.879646 3.670095 19.706157
 -0.816814 5.002096 22.500018
 -0.753982 6.524504 26.159791
 -0.691150 8.304540 29.698344
 -0.628319 10.167932 29.247721
 -0.565487 12.054241 30.742676
 -0.502655 13.987652 29.902828
 -0.439823 15.814891 28.328598
 -0.376991 17.586624 27.561165
 -0.314159 19.243098 24.589549
 -0.251327 20.683071 21.363007
 -0.188496 21.973296 19.311039
 -0.125664 23.036708 13.635705
 -0.062832 23.666708 6.756443
 0.000000 23.944655 1.952040
 0.062832 23.864414 -5.021050
 0.125664 23.297199 -12.822996
 0.188496 22.310266 -18.082190
 0.251327 21.081761 -20.919002
 0.314159 19.647081 -25.145203
 0.376991 17.918054 -29.491259
 0.439823 16.013855 -30.531711
 0.502655 14.137783 -29.028611
 0.565487 12.360531 -27.581583
 0.628319 10.683700 -25.494629
 0.691150 9.210644 -21.137592
 0.753982 8.020922 -16.944397
 0.816814 7.076637 -12.800974
 0.879646 6.468940 -6.325813
 0.942478 6.279208 0.063729
 1.005310 6.420739 4.130523
 1.068142 6.862744 10.712771
 1.130973 7.808797 19.266554
 1.193805 9.237682 25.510175
 1.256637 11.018983 31.872153
 1.319469 13.336408 41.472457
 1.382301 16.181996 48.532364
 1.445133 19.492830 56.263755
 1.507964 23.272181 62.777790
 1.570796 27.449255 68.559930
 1.633628 31.987654 73.526252
 1.696460 36.825308 76.843044
 1.759292 41.737336 75.234911
 1.822124 46.443550 71.253347
 1.884956 50.857973 65.575017
 1.947787 54.797243 57.243231
 2.010619 58.109718 45.670645
 2.073451 60.553937 31.068986
 2.136283 62.044676 15.807061
 2.199115 62.562566 0.688684
 2.261947 62.180028 -12.718679
 2.324779 60.979219 -25.435486
 2.387610 59.031011 -35.985670
 2.450442 56.496658 -44.636178
 2.513274 53.452459 -51.826815
 2.576106 50.015095 -57.390201
 2.638938 46.275206 -61.216359
 2.701770 42.376048 -62.491485
 2.764602 38.444452 -62.625411
 2.827433 34.491991 -63.220889
 2.890265 30.536784 -61.896765
 2.953097 26.781083 -57.670090
 3.015929 23.265249 -54.226256
 3.078761 19.967288 -50.904386
