#! FIELDS phi3 ffphi3 dffphi3_phi3
#! SET min_phi3 -pi
#! SET max_phi3 pi
#! SET nbins_phi3  100
#! SET periodic_phi3 true
 -3.141593 20.920131 -50.890532
 -3.078761 17.865780 -46.248714
 -3.015929 15.124112 -40.935947
 -2.953097 12.728326 -35.283121
 -2.890265 10.685685 -29.806844
 -2.827433 8.984125 -24.289545
 -2.764602 7.627050 -19.153078
 -2.701770 6.541451 -15.575332
 -2.638938 5.663411 -12.436131
 -2.576106 4.960336 -10.148843
 -2.513274 4.368882 -8.825611
 -2.450442 3.843688 -7.818150
 -2.387610 3.394607 -6.679187
 -2.324779 2.984302 -6.177723
 -2.261947 2.670457 -3.704213
 -2.199115 2.490883 -2.345019
 -2.136283 2.349595 -2.295025
 -2.073451 2.207587 -2.214001
 -2.010619 2.064648 -2.332568
 -1.947787 1.940133 -1.596895
 -1.884956 1.826496 -2.527877
 -1.822124 1.613634 -3.913798
 -1.759292 1.358325 -4.479642
 -1.696460 1.039873 -5.382063
 -1.633628 0.712920 -5.034650
 -1.570796 0.417189 -4.252253
 -1.507964 0.188322 -3.097488
 -1.445133 0.008902 -2.859207
 -1.382301 -0.174300 -2.808141
 -1.319469 -0.306958 -1.044416
 -1.256637 -0.234790 3.719205
 -1.193805 0.151038 8.227944
 -1.130973 0.790339 12.028654
 -1.068142 1.653364 15.527732
 -1.005310 2.792910 20.838835
 -0.942478 4.242141 24.731335
 -0.879646 5.889051 27.631504
 -0.816814 7.734347 30.919620
 -0.753982 9.791960 34.268607
 -0.691150 12.028994 36.443569
 -0.628319 14.393118 38.549971
 -0.565487 16.895229 40.524698
 -0.502655 19.474049 40.722308
 -0.439823 22.035556 40.593186
 -0.376991 24.624539 40.960497
 -0.314159 27.131676 37.719051
 -0.251327 29.366212 33.010141
 -0.188496 31.322752 28.928628
 -0.125664 32.984370 23.061805
 -0.062832 34.147829 13.030008
 0.000000 34.605794 2.224594
 0.062832 34.567297 -3.411232
 0.125664 34.064890 -13.386593
 0.188496 32.934474 -21.796871
 0.251327 31.367055 -27.988201
 0.314159 29.466380 -32.054692
 0.376991 27.350455 -35.530928
 0.439823 24.996568 -39.088795
 0.502655 22.492806 -40.090256
 0.565487 20.015498 -38.686734
 0.628319 17.593476 -38.558402
 0.691150 15.224262 -36.144499
 0.753982 13.099214 -31.544936
 0.816814 11.240548 -27.584358
 0.879646 9.687864 -21.138401
 0.942478 8.648068 -11.856511
 1.005310 8.173443 -3.576634
 1.068142 8.169233 3.430301
 1.130973 8.650175 12.321538
 1.193805 9.737249 22.118848
 1.256637 11.438207 32.067375
 1.319469 13.766623 41.576474
 1.382301 16.646596 49.457223
 1.445133 19.970910 55.362878
 1.507964 23.645672 60.819158
 1.570796 27.697291 66.370512
 1.633628 32.016946 68.669141
 1.696460 36.455013 70.128482
 1.759292 40.940450 69.561594
 1.822124 45.265707 65.243933
 1.884956 49.310630 61.288515
 1.947787 53.022821 54.501753
 2.010619 56.259024 47.318246
 2.073451 58.991667 38.222938
 2.136283 61.088265 27.891690
 2.199115 62.497515 16.074737
 2.261947 63.056498 1.639484
 2.324779 62.776624 -10.555443
 2.387610 61.683265 -24.423263
 2.450442 59.765072 -35.956973
 2.513274 57.243614 -43.824095
 2.576106 54.267251 -51.052885
 2.638938 50.859599 -56.566539
 2.701770 47.241580 -58.612452
 2.764602 43.453588 -61.836633
 2.827433 39.512172 -63.378115
 2.890265 35.528129 -62.864355
 2.953097 31.641120 -60.982781
 3.015929 27.862768 -59.005166
 3.078761 24.261064 -55.400426
