#! FIELDS psi2 ffpsi2 dffpsi2_psi2
#! SET min_psi2 -pi
#! SET max_psi2 pi
#! SET nbins_psi2  100
#! SET periodic_psi2 true
 -3.141593 14.157537 33.869426
 -3.078761 16.129099 26.293866
 -3.015929 17.624097 26.496850
 -2.953097 19.987336 48.023611
 -2.890265 22.839997 33.415518
 -2.827433 24.249578 14.395392
 -2.764602 24.242559 -13.638506
 -2.701770 23.853224 7.292234
 -2.638938 24.478074 -2.312354
 -2.576106 23.159670 -29.916606
 -2.513274 21.269489 -29.845957
 -2.450442 19.552794 -23.452171
 -2.387610 18.354469 -15.228517
 -2.324779 17.553383 -11.635947
 -2.261947 16.609592 -19.848043
 -2.199115 15.229031 -21.789530
 -2.136283 13.948886 -19.274415
 -2.073451 12.869254 -14.065978
 -2.010619 12.205299 -8.072279
 -1.947787 11.691217 -9.139874
 -1.884956 11.070627 -9.877050
 -1.822124 10.495488 -8.660330
 -1.759292 9.986024 -7.084635
 -1.696460 9.624861 -4.899483
 -1.633628 9.331782 -4.253553
 -1.570796 9.132564 -1.872603
 -1.507964 9.080430 -0.464718
 -1.445133 9.031586 -0.579649
 -1.382301 9.072076 1.624306
 -1.319469 9.212011 2.910460
 -1.256637 9.364355 0.727536
 -1.193805 9.333345 -0.209557
 -1.130973 9.440153 3.009522
 -1.068142 9.578875 0.889403
 -1.005310 9.666364 3.254046
 -0.942478 10.008419 6.398607
 -0.879646 10.325666 3.309734
 -0.816814 10.473787 1.946002
 -0.753982 10.589069 0.883935
 -0.691150 10.458278 -4.877436
 -0.628319 10.149824 -4.081983
 -0.565487 9.934630 -3.078008
 -0.502655 9.713663 -4.672842
 -0.439823 9.364255 -5.396587
 -0.376991 9.067371 -5.138257
 -0.314159 8.661423 -6.665125
 -0.251327 8.400701 -1.134305
 -0.188496 8.501378 3.739377
 -0.125664 8.731886 2.235994
 -0.062832 8.748609 -0.863441
 0.000000 8.742463 1.481394
 0.062832 8.999401 5.732505
 0.125664 9.220055 0.885787
 0.188496 9.364358 5.176941
 0.251327 9.692659 2.266766
 0.314159 9.596438 -3.447004
 0.376991 9.367662 -4.213803
 0.439823 9.058923 -5.517359
 0.502655 8.701437 -5.322802
 0.565487 8.441132 -3.333239
 0.628319 8.187418 -5.258041
 0.691150 7.807281 -6.167465
 0.753982 7.486791 -4.153130
 0.816814 7.205064 -5.184241
 0.879646 6.879057 -4.679046
 0.942478 6.672513 -1.643725
 1.005310 6.657966 0.694041
 1.068142 6.723767 1.437375
 1.130973 6.826036 1.089576
 1.193805 6.794499 -1.694856
 1.256637 6.744911 0.530474
 1.319469 6.756810 -1.434624
 1.382301 6.539582 -4.876150
 1.445133 6.222299 -4.934906
 1.507964 5.902335 -5.788621
 1.570796 5.459687 -8.193979
 1.633628 4.888190 -10.181032
 1.696460 4.171629 -12.225192
 1.759292 3.430590 -11.078801
 1.822124 2.783445 -9.458475
 1.884956 2.265383 -6.911807
 1.947787 1.908670 -4.687794
 2.010619 1.640097 -4.159118
 2.073451 1.367813 -4.601274
 2.136283 1.052036 -5.563219
 2.199115 0.662288 -6.885231
 2.261947 0.206861 -7.337752
 2.324779 -0.226624 -6.274817
 2.387610 -0.560912 -4.317644
 2.450442 -0.754894 -1.664683
 2.513274 -0.735308 2.523735
 2.576106 -0.421717 7.311735
 2.638938 0.172217 11.650097
 2.701770 1.062970 16.663192
 2.764602 2.253655 20.932396
 2.827433 3.699512 25.313424
 2.890265 5.444294 29.414833
 2.953097 7.349838 31.493094
 3.015929 9.511857 37.175454
 3.078761 11.918997 37.493271
