#! FIELDS phi3 ffphi3 dffphi3_phi3
#! SET min_phi3 -pi
#! SET max_phi3 pi
#! SET nbins_phi3  100
#! SET periodic_phi3 true
 -3.141593 21.952181 -52.757822
 -3.078761 18.712173 -49.614375
 -3.015929 15.863150 -40.581607
 -2.953097 13.491849 -36.349103
 -2.890265 11.318600 -31.247108
 -2.827433 9.662132 -21.969156
 -2.764602 8.445903 -17.754382
 -2.701770 7.330607 -17.869208
 -2.638938 6.217606 -17.404252
 -2.576106 5.315161 -9.210126
 -2.513274 5.032036 -3.200182
 -2.450442 4.561079 -10.825020
 -2.387610 4.021979 -5.176637
 -2.324779 3.741844 -5.132366
 -2.261947 3.477034 -2.609015
 -2.199115 3.252637 -5.597681
 -2.136283 2.923733 -3.755673
 -2.073451 2.725272 -2.595324
 -2.010619 2.753191 3.319353
 -1.947787 2.746478 -6.088190
 -1.884956 2.346246 -2.472393
 -1.822124 2.467578 3.766544
 -1.759292 2.580679 -0.493637
 -1.696460 2.448102 -4.598263
 -1.633628 1.936349 -9.365450
 -1.570796 1.486845 -9.101464
 -1.507964 -0.188306 -42.036855
 -1.445133 -2.303584 -17.318927
 -1.382301 -2.193288 17.398157
 -1.319469 -0.848372 21.270452
 -1.256637 0.499478 20.318158
 -1.193805 0.988605 -3.886013
 -1.130973 1.232500 15.666852
 -1.068142 2.113240 4.612996
 -1.005310 2.610842 20.397409
 -0.942478 4.812760 44.328784
 -0.879646 7.432701 36.627332
 -0.816814 9.482167 28.214744
 -0.753982 11.124580 26.583228
 -0.691150 13.118767 36.244667
 -0.628319 15.497723 38.105569
 -0.565487 17.918023 39.412850
 -0.502655 20.510249 41.461832
 -0.439823 23.031373 39.447796
 -0.376991 25.734613 46.625967
 -0.314159 28.687131 43.706209
 -0.251327 31.168947 36.907963
 -0.188496 33.523335 36.624241
 -0.125664 35.649645 30.110426
 -0.062832 37.319078 23.570630
 0.000000 38.732995 20.439612
 0.062832 39.679229 8.582971
 0.125664 39.836717 -3.775049
 0.188496 39.162077 -17.000737
 0.251327 37.918552 -21.862225
 0.314159 36.328131 -29.317280
 0.376991 34.279041 -35.149852
 0.439823 32.031249 -35.641576
 0.502655 29.837089 -34.125547
 0.565487 27.701127 -34.765374
 0.628319 25.382325 -38.518052
 0.691150 23.025321 -36.111057
 0.753982 20.774858 -34.835166
 0.816814 18.869955 -25.728196
 0.879646 17.330367 -23.254439
 0.942478 16.275691 -8.417882
 1.005310 16.163522 2.594373
 1.068142 16.448819 6.403638
 1.130973 16.973673 9.920012
 1.193805 17.714035 15.714165
 1.256637 19.321849 36.491064
 1.319469 21.993161 44.175658
 1.382301 24.778440 45.990783
 1.445133 27.872845 51.390349
 1.507964 31.333967 58.670597
 1.570796 35.310057 66.240062
 1.633628 39.645252 68.035181
 1.696460 43.808713 62.968690
 1.759292 47.894681 65.579588
 1.822124 52.097879 66.210894
 1.884956 56.313603 65.388166
 1.947787 60.350226 60.194648
 2.010619 63.902812 50.397012
 2.073451 66.695607 37.121779
 2.136283 68.762711 29.936170
 2.199115 70.419369 19.530936
 2.261947 71.092927 3.375346
 2.324779 70.982517 -7.869230
 2.387610 69.977281 -23.770711
 2.450442 68.127245 -35.282567
 2.513274 65.288027 -57.275958
 2.576106 61.005245 -75.276007
 2.638938 56.222195 -75.833426
 2.701770 51.460184 -75.754516
 2.764602 46.716499 -75.124542
 2.827433 42.013162 -74.285350
 2.890265 37.447482 -70.459200
 2.953097 33.162851 -66.200252
 3.015929 29.114987 -62.370116
 3.078761 25.368227 -56.676087
