#! FIELDS phi4 ffphi4 dffphi4_phi4
#! SET min_phi4 -pi
#! SET max_phi4 pi
#! SET nbins_phi4  100
#! SET periodic_phi4 true
 -3.141593 14.657002 -48.239181
 -3.078761 11.600463 -47.240226
 -3.015929 9.116030 -29.034259
 -2.953097 7.784623 -19.088480
 -2.890265 6.281824 -28.413949
 -2.827433 3.985803 -43.974802
 -2.764602 1.695015 -23.529597
 -2.701770 0.118914 -43.985951
 -2.638938 -3.124984 -40.217323
 -2.576106 -3.940625 15.561979
 -2.513274 -1.277106 65.902962
 -2.450442 3.147095 57.337257
 -2.387610 4.959942 6.984197
 -2.324779 4.882043 -8.061458
 -2.261947 4.418924 -5.388177
 -2.199115 4.185276 0.393071
 -2.136283 4.789109 17.156763
 -2.073451 5.691618 8.145062
 -2.010619 6.043659 6.146790
 -1.947787 6.453007 3.241539
 -1.884956 6.139090 -10.510708
 -1.822124 5.759005 0.507148
 -1.759292 5.783735 -5.961415
 -1.696460 4.958344 -15.190618
 -1.633628 4.281127 -6.417811
 -1.570796 4.058463 -0.512017
 -1.507964 4.103116 -2.063665
 -1.445133 3.499993 -13.874259
 -1.382301 2.993858 1.230864
 -1.319469 3.649287 14.602828
 -1.256637 3.941766 -5.498632
 -1.193805 3.881443 8.643930
 -1.130973 4.915267 19.446761
 -1.068142 5.851893 9.476453
 -1.005310 6.434816 14.354688
 -0.942478 8.085792 36.968578
 -0.879646 10.393322 28.814448
 -0.816814 11.310988 4.756453
 -0.753982 12.048234 24.388756
 -0.691150 14.480784 49.084501
 -0.628319 17.559830 45.731295
 -0.565487 20.214033 37.357279
 -0.502655 22.321238 31.024876
 -0.439823 24.412554 36.150609
 -0.376991 26.745987 35.600516
 -0.314159 28.767134 29.199115
 -0.251327 30.630739 30.678659
 -0.188496 32.582705 30.230706
 -0.125664 34.375495 26.227278
 -0.062832 35.823979 19.051867
 0.000000 36.719186 8.433843
 0.062832 36.858820 -3.363924
 0.125664 36.362169 -12.394542
 0.188496 35.331553 -20.704479
 0.251327 33.673558 -32.166642
 0.314159 31.311837 -43.278096
 0.376991 28.359230 -47.084675
 0.439823 25.800925 -34.330164
 0.502655 23.746819 -32.741565
 0.565487 21.716755 -31.828867
 0.628319 19.529623 -39.373004
 0.691150 17.091397 -33.679983
 0.753982 15.231947 -32.046264
 0.816814 12.821295 -37.841976
 0.879646 10.889277 -28.717296
 0.942478 8.678119 -35.760018
 1.005310 7.460594 1.135110
 1.068142 8.714939 33.237593
 1.130973 10.744603 28.957783
 1.193805 12.599289 29.009185
 1.256637 14.219161 23.293057
 1.319469 15.751181 26.087133
 1.382301 17.753833 39.542880
 1.445133 20.607119 46.937560
 1.507964 23.524596 48.244219
 1.570796 27.031679 63.126728
 1.633628 31.407779 72.826658
 1.696460 35.908900 66.716552
 1.759292 40.036967 63.892996
 1.822124 44.140615 63.574123
 1.884956 47.967477 55.811898
 1.947787 51.329205 50.035763
 2.010619 54.274507 41.847213
 2.073451 56.602240 31.437222
 2.136283 58.198657 18.234023
 2.199115 58.901493 4.073645
 2.261947 58.715474 -9.832931
 2.324779 57.749713 -20.754230
 2.387610 56.034224 -34.337463
 2.450442 53.515530 -44.608028
 2.513274 50.504969 -51.046467
 2.576106 47.152549 -55.356723
 2.638938 43.509445 -60.558188
 2.701770 39.644347 -61.832771
 2.764602 35.686831 -64.666371
 2.827433 31.625465 -62.909804
 2.890265 27.848684 -57.802493
 2.953097 24.303305 -55.390292
 3.015929 20.866469 -53.592028
 3.078761 17.653322 -48.470343
