#! FIELDS psi4 ffpsi4 dffpsi4_psi4
#! SET min_psi4 -pi
#! SET max_psi4 pi
#! SET nbins_psi4  100
#! SET periodic_psi4 true
 -3.141593 4.923836 1.942955
 -3.078761 6.048410 33.078566
 -3.015929 8.055454 20.128039
 -2.953097 9.084592 23.871540
 -2.890265 11.353533 39.715060
 -2.827433 12.640581 3.538510
 -2.764602 13.234082 22.303898
 -2.701770 15.737933 55.887276
 -2.638938 19.348814 46.061534
 -2.576106 21.527360 33.945662
 -2.513274 24.675045 64.379588
 -2.450442 29.010700 60.972906
 -2.387610 30.849269 5.876842
 -2.324779 31.197824 0.063628
 -2.261947 28.943410 -79.457082
 -2.199115 24.023947 -59.491555
 -2.136283 22.122038 -0.428040
 -2.073451 23.751467 44.085684
 -2.010619 24.891082 -14.281935
 -1.947787 24.058446 -12.914255
 -1.884956 22.608894 -23.235492
 -1.822124 22.478829 21.904967
 -1.759292 24.746466 32.717568
 -1.696460 23.725880 -55.609902
 -1.633628 19.852490 -61.118367
 -1.570796 16.927794 -26.278202
 -1.507964 16.702785 14.662571
 -1.445133 17.358292 -3.078891
 -1.382301 16.948759 -2.270758
 -1.319469 16.958822 -8.314791
 -1.256637 15.205017 -36.364401
 -1.193805 13.552233 -14.217120
 -1.130973 13.215866 -0.293926
 -1.068142 12.932253 -12.018286
 -1.005310 11.867059 -19.878728
 -0.942478 10.360307 -26.343450
 -0.879646 9.030032 -15.534086
 -0.816814 7.930419 -23.689286
 -0.753982 6.290222 -21.948135
 -0.691150 5.633263 -1.220974
 -0.628319 5.241947 -16.323547
 -0.565487 4.022006 -16.283874
 -0.502655 3.524913 -0.815497
 -0.439823 3.560180 -1.014008
 -0.376991 3.139411 -12.002001
 -0.314159 2.381315 -8.989395
 -0.251327 2.310494 6.748988
 -0.188496 2.813467 4.987315
 -0.125664 2.816063 -3.280755
 -0.062832 2.741818 3.917432
 0.000000 3.455445 16.596004
 0.062832 3.931967 -10.076982
 0.125664 2.680216 -18.083696
 0.188496 2.458829 11.532495
 0.251327 3.600945 16.300904
 0.314159 3.467719 -20.963408
 0.376991 2.349772 -3.503906
 0.439823 3.464677 34.389070
 0.502655 4.750016 -5.172314
 0.565487 4.278544 -0.370740
 0.628319 4.051077 -18.568461
 0.691150 2.225318 -26.856947
 0.753982 1.542733 5.336049
 0.816814 2.410315 17.174285
 0.879646 3.488052 16.937127
 0.942478 4.052713 -2.978393
 1.005310 3.753735 2.035877
 1.068142 4.559719 17.650712
 1.130973 5.057922 -0.371078
 1.193805 5.340396 12.145130
 1.256637 6.317957 15.386119
 1.319469 7.209262 11.940039
 1.382301 6.685814 -34.296170
 1.445133 4.640496 -16.933174
 1.507964 5.213430 35.667741
 1.570796 8.623281 57.882216
 1.633628 8.951030 -41.022818
 1.696460 6.951299 -11.518349
 1.759292 7.839361 38.179955
 1.822124 10.741695 36.290143
 1.884956 11.169841 -10.931707
 1.947787 10.372280 -20.082910
 2.010619 7.679818 -55.998980
 2.073451 5.078865 -21.229108
 2.136283 5.031180 16.787157
 2.199115 6.364770 13.769874
 2.261947 5.758850 -26.313448
 2.324779 4.367469 -12.691784
 2.387610 4.017421 -5.070996
 2.450442 3.110859 -21.402781
 2.513274 1.992625 -11.567768
 2.576106 1.472126 -8.257041
 2.638938 0.892955 -8.449451
 2.701770 0.409596 -8.201328
 2.764602 -0.010660 -1.903458
 2.827433 0.603207 23.122617
 2.890265 2.376918 22.706081
 2.953097 2.994153 4.702557
 3.015929 3.776002 21.120128
 3.078761 4.978735 7.671762
