#! FIELDS psi4 ffpsi4 dffpsi4_psi4
#! SET min_psi4 -pi
#! SET max_psi4 pi
#! SET nbins_psi4  100
#! SET periodic_psi4 true
 -3.141593 6.452025 13.238638
 -3.078761 7.809697 29.086367
 -3.015929 9.691383 27.539065
 -2.953097 11.176162 20.363651
 -2.890265 12.551814 25.081421
 -2.827433 14.306742 28.661001
 -2.764602 16.121077 31.015357
 -2.701770 18.310085 34.160230
 -2.638938 19.881671 19.580477
 -2.576106 21.638591 36.970849
 -2.513274 23.671316 19.232615
 -2.450442 24.358141 7.617783
 -2.387610 24.305390 -9.484432
 -2.324779 24.220156 13.105994
 -2.261947 25.918604 35.355060
 -2.199115 27.695523 15.431554
 -2.136283 27.688589 -13.293255
 -2.073451 26.764326 -13.163358
 -2.010619 25.552295 -30.602335
 -1.947787 23.389738 -30.523864
 -1.884956 22.098673 -12.144963
 -1.822124 21.237422 -21.019336
 -1.759292 19.704679 -20.254283
 -1.696460 19.069517 -3.901444
 -1.633628 18.259766 -25.164903
 -1.570796 16.374822 -28.656814
 -1.507964 15.378941 -0.194790
 -1.445133 15.997192 10.902314
 -1.382301 15.695013 -20.311969
 -1.319469 14.325358 -16.620241
 -1.256637 13.778099 -5.265518
 -1.193805 13.080858 -15.962263
 -1.130973 12.109522 -15.661759
 -1.068142 10.997395 -17.399402
 -1.005310 10.230607 -7.454016
 -0.942478 9.714623 -12.276284
 -0.879646 8.432009 -27.027166
 -0.816814 6.990737 -14.488013
 -0.753982 6.516119 -5.673102
 -0.691150 5.556879 -27.363307
 -0.628319 3.775714 -20.425455
 -0.565487 3.476433 8.380402
 -0.502655 3.890717 -0.678374
 -0.439823 3.846577 3.867795
 -0.376991 4.118183 -1.215462
 -0.314159 3.601916 -10.687317
 -0.251327 3.100616 -5.586957
 -0.188496 2.577102 -15.780339
 -0.125664 1.163600 -22.040394
 -0.062832 0.422541 -0.953455
 0.000000 1.120305 25.415279
 0.062832 3.671692 50.122647
 0.125664 5.678582 4.851545
 0.188496 5.415107 -3.477152
 0.251327 5.554378 5.014999
 0.314159 5.763846 1.972304
 0.376991 5.889505 0.445446
 0.439823 5.035628 -30.553072
 0.502655 3.368059 -11.506721
 0.565487 3.987839 27.995629
 0.628319 5.762682 18.103288
 0.691150 6.090732 -4.122081
 0.753982 5.555965 -9.708051
 0.816814 5.050622 -9.303770
 0.879646 4.206303 -14.430861
 0.942478 3.471768 -8.521283
 1.005310 3.488134 11.809441
 1.068142 4.702333 20.583521
 1.130973 5.566224 7.053055
 1.193805 5.899529 6.985418
 1.256637 6.536325 9.927036
 1.319469 6.997208 7.951565
 1.382301 7.818843 17.318968
 1.445133 8.903400 13.774153
 1.507964 9.001533 -11.799189
 1.570796 8.176119 -6.002185
 1.633628 8.787284 23.406302
 1.696460 9.993356 6.897863
 1.759292 10.102123 0.028943
 1.822124 9.475909 -21.784693
 1.884956 8.263497 -10.068355
 1.947787 7.915137 -11.690979
 2.010619 6.583448 -19.984427
 2.073451 6.116679 3.122354
 2.136283 6.347988 0.102716
 2.199115 5.947214 -10.553263
 2.261947 5.526753 -2.759766
 2.324779 5.125522 -11.332325
 2.387610 4.343401 -13.300964
 2.450442 3.416845 -15.443919
 2.513274 2.507486 -11.560769
 2.576106 2.192072 -0.897456
 2.638938 1.524391 -23.197849
 2.701770 -0.041769 -21.903990
 2.764602 -1.108171 -11.412555
 2.827433 -1.173350 11.585295
 2.890265 0.271125 31.077443
 2.953097 2.309599 31.294125
 3.015929 4.110121 26.868024
 3.078761 5.646062 18.265577
