#! FIELDS psi3 hhpsi3 dhhpsi3_psi3
#! SET min_psi3 -pi
#! SET max_psi3 pi
#! SET nbins_psi3  100
#! SET periodic_psi3 true
 -3.141593 0.172791 -0.223803
 -3.078761 0.159353 -0.200321
 -3.015929 0.146519 -0.220969
 -2.953097 0.130006 -0.298809
 -2.890265 0.110747 -0.297565
 -2.827433 0.093291 -0.251530
 -2.764602 0.079795 -0.175618
 -2.701770 0.070181 -0.136377
 -2.638938 0.062215 -0.117611
 -2.576106 0.055224 -0.100428
 -2.513274 0.050110 -0.062367
 -2.450442 0.046454 -0.057737
 -2.387610 0.042644 -0.067116
 -2.324779 0.037510 -0.092830
 -2.261947 0.031528 -0.094579
 -2.199115 0.025884 -0.081614
 -2.136283 0.021311 -0.064627
 -2.073451 0.017718 -0.047926
 -2.010619 0.015401 -0.025257
 -1.947787 0.014327 -0.012476
 -1.884956 0.013358 -0.019335
 -1.822124 0.011998 -0.022248
 -1.759292 0.010696 -0.017029
 -1.696460 0.010192 0.002046
 -1.633628 0.010835 0.019947
 -1.570796 0.013127 0.055056
 -1.507964 0.017800 0.094072
 -1.445133 0.024510 0.111557
 -1.382301 0.031063 0.098514
 -1.319469 0.037585 0.111641
 -1.256637 0.044679 0.111778
 -1.193805 0.051993 0.127473
 -1.130973 0.061229 0.168441
 -1.068142 0.073012 0.206927
 -1.005310 0.087344 0.246709
 -0.942478 0.102829 0.240040
 -0.879646 0.117615 0.234984
 -0.816814 0.132342 0.237017
 -0.753982 0.148591 0.293453
 -0.691150 0.169398 0.365498
 -0.628319 0.194991 0.464045
 -0.565487 0.228359 0.599520
 -0.502655 0.270757 0.758492
 -0.439823 0.323794 0.929806
 -0.376991 0.385575 1.003807
 -0.314159 0.443493 0.795986
 -0.251327 0.481761 0.406365
 -0.188496 0.491764 -0.086563
 -0.125664 0.474079 -0.434979
 -0.062832 0.438865 -0.669243
 0.000000 0.393896 -0.700362
 0.062832 0.355039 -0.531845
 0.125664 0.324169 -0.453820
 0.188496 0.298256 -0.367802
 0.251327 0.276210 -0.331213
 0.314159 0.257430 -0.262736
 0.376991 0.240286 -0.300656
 0.439823 0.219825 -0.325616
 0.502655 0.200969 -0.271277
 0.565487 0.184685 -0.248256
 0.628319 0.169747 -0.218485
 0.691150 0.157699 -0.162129
 0.753982 0.149151 -0.102783
 0.816814 0.144888 -0.040438
 0.879646 0.142045 -0.056310
 0.942478 0.137065 -0.110633
 1.005310 0.127332 -0.185032
 1.068142 0.116668 -0.134208
 1.130973 0.110439 -0.072984
 1.193805 0.106464 -0.050879
 1.256637 0.104500 -0.008563
 1.319469 0.104646 0.006356
 1.382301 0.104744 -0.001021
 1.445133 0.104359 -0.011626
 1.507964 0.103503 -0.008788
 1.570796 0.103659 0.017894
 1.633628 0.105968 0.057793
 1.696460 0.110479 0.084521
 1.759292 0.116982 0.129985
 1.822124 0.127032 0.191078
 1.884956 0.140032 0.208250
 1.947787 0.151808 0.172033
 2.010619 0.162590 0.172856
 2.073451 0.172637 0.150482
 2.136283 0.183772 0.228159
 2.199115 0.201614 0.324307
 2.261947 0.221252 0.286766
 2.324779 0.237941 0.257591
 2.387610 0.253784 0.246328
 2.450442 0.267428 0.170587
 2.513274 0.274140 0.060755
 2.576106 0.276444 0.013259
 2.638938 0.274727 -0.062922
 2.701770 0.269547 -0.095784
 2.764602 0.260848 -0.190138
 2.827433 0.246209 -0.253450
 2.890265 0.230535 -0.235170
 2.953097 0.216121 -0.231108
 3.015929 0.201050 -0.234720
 3.078761 0.186931 -0.218971
