#! FIELDS phi2 ffphi2 dffphi2_phi2
#! SET min_phi2 -pi
#! SET max_phi2 pi
#! SET nbins_phi2  100
#! SET periodic_phi2 true
 -3.141593 20.610376 -59.502005
 -3.078761 16.585941 -61.160725
 -3.015929 13.347886 -44.028578
 -2.953097 10.501530 -48.901286
 -2.890265 7.293220 -49.836674
 -2.827433 4.886692 -22.813969
 -2.764602 4.356113 -0.626653
 -2.701770 3.808449 -15.871828
 -2.638938 3.108465 -5.787481
 -2.576106 2.694705 -7.639456
 -2.513274 2.403460 -1.913475
 -2.450442 2.316476 -0.275373
 -2.387610 2.273535 -4.224245
 -2.324779 1.913717 -1.850643
 -2.261947 2.357204 13.419841
 -2.199115 2.984088 4.177836
 -2.136283 3.088855 0.219214
 -2.073451 3.043591 0.129370
 -2.010619 3.334925 8.257647
 -1.947787 3.807228 5.784203
 -1.884956 4.002506 -1.004536
 -1.822124 3.709257 -5.454594
 -1.759292 3.481622 -4.717335
 -1.696460 2.675609 -18.510114
 -1.633628 1.922391 -3.194510
 -1.570796 1.880934 -2.489919
 -1.507964 1.407360 -13.690714
 -1.445133 0.200707 -20.350278
 -1.382301 -0.432944 3.768528
 -1.319469 0.410361 12.673657
 -1.256637 -0.112012 -23.515534
 -1.193805 -1.017483 0.896412
 -1.130973 -0.069206 22.434442
 -1.068142 0.790207 4.381113
 -1.005310 1.217746 13.064051
 -0.942478 2.552659 28.576493
 -0.879646 4.468632 27.317249
 -0.816814 5.695606 13.741071
 -0.753982 6.384514 7.208208
 -0.691150 6.768738 9.495566
 -0.628319 8.151963 35.916453
 -0.565487 9.909809 -1.788775
 -0.502655 9.216000 1.424398
 -0.439823 10.974624 54.510578
 -0.376991 15.658296 86.414013
 -0.314159 20.811054 65.092573
 -0.251327 25.192092 68.973062
 -0.188496 27.290290 -27.108597
 -0.125664 24.917702 -28.066521
 -0.062832 24.637508 21.495897
 0.000000 27.642899 70.260977
 0.062832 30.478848 -26.178353
 0.125664 26.545811 -63.949800
 0.188496 23.729420 -24.855148
 0.251327 23.090879 -4.215105
 0.314159 21.978225 -27.418183
 0.376991 20.582450 -18.989385
 0.439823 18.979623 -29.741413
 0.502655 17.531624 -14.487145
 0.565487 16.935776 -7.806065
 0.628319 16.415669 -6.229805
 0.691150 16.376721 2.734655
 0.753982 16.213662 -8.929026
 0.816814 15.767155 -1.349155
 0.879646 16.154118 13.194018
 0.942478 17.389132 24.595089
 1.005310 18.807280 18.359364
 1.068142 19.977130 21.897646
 1.130973 21.703473 30.847989
 1.193805 22.855459 1.423850
 1.256637 23.315829 24.506906
 1.319469 26.455323 75.858108
 1.382301 32.830774 125.993955
 1.445133 42.263681 152.664765
 1.507964 52.386671 82.888484
 1.570796 49.505149 -67.492834
 1.633628 47.233901 -4.803232
 1.696460 48.901557 57.886370
 1.759292 54.508117 120.575972
 1.822124 64.053581 183.265573
 1.884956 inf nan
 1.947787 inf nan
 2.010619 inf nan
 2.073451 inf nan
 2.136283 inf nan
 2.199115 inf nan
 2.261947 inf nan
 2.324779 inf nan
 2.387610 inf nan
 2.450442 inf nan
 2.513274 inf nan
 2.576106 inf nan
 2.638938 inf nan
 2.701770 inf nan
 2.764602 inf nan
 2.827433 56.357161 -249.745127
 2.890265 42.537749 -187.814571
 2.953097 32.668884 -126.396639
 3.015929 26.572431 -69.088265
 3.078761 23.494024 -37.049060
