#! FIELDS phi2 ffphi2 dffphi2_phi2
#! SET min_phi2 -pi
#! SET max_phi2 pi
#! SET nbins_phi2  100
#! SET periodic_phi2 true
 -3.141593 25.094458 -78.777500
 -3.078761 19.814488 -100.670587
 -3.015929 13.625359 -82.306429
 -2.953097 10.104529 -29.847701
 -2.890265 9.416905 -1.092599
 -2.827433 8.699519 -20.642995
 -2.764602 7.617143 -15.093307
 -2.701770 6.436778 -17.281598
 -2.638938 6.117231 4.207589
 -2.576106 5.773682 -19.622705
 -2.513274 4.136087 -29.201743
 -2.450442 2.635579 -13.031521
 -2.387610 2.713104 11.316440
 -2.324779 3.147662 -1.261472
 -2.261947 2.801819 -5.771311
 -2.199115 2.834564 7.774060
 -2.136283 3.525011 10.671557
 -2.073451 4.045021 7.345125
 -2.010619 4.527993 6.925521
 -1.947787 4.732775 -2.331802
 -1.884956 4.062632 -16.651077
 -1.822124 3.298335 -5.317809
 -1.759292 2.984897 -8.892826
 -1.696460 2.312845 -10.766131
 -1.633628 1.645641 -8.374944
 -1.570796 1.416360 -2.190673
 -1.507964 0.937831 -11.277642
 -1.445133 0.599922 3.834300
 -1.382301 1.205820 5.910385
 -1.319469 0.013578 -37.050290
 -1.256637 -1.616270 -7.482692
 -1.193805 -0.955869 21.053274
 -1.130973 -0.293432 -1.568440
 -1.068142 -0.237202 8.445986
 -1.005310 0.725724 17.651362
 -0.942478 1.642886 14.408405
 -0.879646 2.832533 20.763507
 -0.816814 3.915582 16.946771
 -0.753982 5.576525 35.576794
 -0.691150 7.495848 18.964006
 -0.628319 8.800393 31.226619
 -0.565487 11.568466 52.022055
 -0.502655 15.357194 73.886595
 -0.439823 21.296848 107.908952
 -0.376991 26.084255 5.705960
 -0.314159 26.872217 24.116386
 -0.251327 28.918148 33.798472
 -0.188496 29.669250 -28.001829
 -0.125664 25.946938 -62.135930
 -0.062832 23.493068 -13.381770
 0.000000 24.168124 29.160696
 0.062832 25.546296 7.618013
 0.125664 25.970690 7.170905
 0.188496 25.853261 -11.782314
 0.251327 24.839047 -21.078879
 0.314159 22.194128 -61.926593
 0.376991 18.766507 -39.177754
 0.439823 17.439068 -4.783919
 0.502655 17.677978 5.697499
 0.565487 17.322528 -18.605532
 0.628319 15.879771 -21.776179
 0.691150 14.880854 -11.202813
 0.753982 14.119220 -15.007501
 0.816814 13.061722 -17.049538
 0.879646 12.154229 -10.125399
 0.942478 12.014925 6.277976
 1.005310 12.753059 14.270201
 1.068142 13.503468 9.249712
 1.130973 14.231500 16.468978
 1.193805 15.635337 28.381739
 1.256637 18.039421 49.529190
 1.319469 21.491462 52.101521
 1.382301 24.198072 39.057340
 1.445133 27.081017 52.792703
 1.507964 30.804922 66.573186
 1.570796 35.968298 100.434879
 1.633628 43.729194 128.981538
 1.696460 48.547864 20.839855
 1.759292 51.689190 80.195193
 1.822124 58.682140 142.374867
 1.884956 inf nan
 1.947787 inf nan
 2.010619 inf nan
 2.073451 inf nan
 2.136283 inf nan
 2.199115 inf nan
 2.261947 inf nan
 2.324779 inf nan
 2.387610 inf nan
 2.450442 inf nan
 2.513274 inf nan
 2.576106 inf nan
 2.638938 inf nan
 2.701770 inf nan
 2.764602 inf nan
 2.827433 76.353175 -240.906655
 2.890265 61.000319 -208.954056
 2.953097 48.753371 -171.751374
 3.015929 38.827988 -138.660153
 3.078761 31.005367 -110.269357
