#! FIELDS psi3 ffpsi3 dffpsi3_psi3
#! SET min_psi3 -pi
#! SET max_psi3 pi
#! SET nbins_psi3  100
#! SET periodic_psi3 true
 -3.141593 4.484201 46.604975
 -3.078761 8.444345 66.770959
 -3.015929 10.489235 -1.862905
 -2.953097 10.607277 16.429460
 -2.890265 12.664935 43.325664
 -2.827433 14.814140 15.925199
 -2.764602 14.969652 -0.804413
 -2.701770 15.558096 20.772909
 -2.638938 17.341034 31.539919
 -2.576106 19.075647 22.742386
 -2.513274 20.208498 13.164341
 -2.450442 20.921303 11.490309
 -2.387610 21.749621 14.034165
 -2.324779 22.580324 11.479655
 -2.261947 23.204123 9.687016
 -2.199115 23.902074 11.310767
 -2.136283 24.428062 5.077658
 -2.073451 24.669680 3.558191
 -2.010619 24.990596 7.415654
 -1.947787 25.414825 1.496379
 -1.884956 24.845345 -16.455246
 -1.822124 24.145297 -1.545281
 -1.759292 24.553816 10.243834
 -1.696460 25.040496 3.889498
 -1.633628 24.999226 -4.431368
 -1.570796 24.490806 -12.721428
 -1.507964 23.562708 -14.683087
 -1.445133 22.662368 -14.238872
 -1.382301 21.823244 -14.066555
 -1.319469 20.425012 -31.823954
 -1.256637 18.105867 -40.081550
 -1.193805 15.406011 -44.906346
 -1.130973 13.036737 -25.342927
 -1.068142 12.120375 -13.104891
 -1.005310 10.552106 -29.569218
 -0.942478 9.282477 -11.766047
 -0.879646 8.616737 -10.513853
 -0.816814 8.004475 -10.481713
 -0.753982 7.173047 -14.203293
 -0.691150 6.115622 -26.436810
 -0.628319 3.999773 -28.732344
 -0.565487 3.153417 -4.183491
 -0.502655 2.369787 -17.684374
 -0.439823 2.145866 14.446357
 -0.376991 3.463621 13.176288
 -0.314159 3.376223 -4.662377
 -0.251327 3.487631 4.631940
 -0.188496 3.475729 -5.544058
 -0.125664 2.897378 -11.068901
 -0.062832 2.478274 0.302475
 0.000000 2.825099 3.602190
 0.062832 1.681318 -37.250492
 0.125664 -0.174490 -13.097905
 0.188496 0.148621 17.052932
 0.251327 0.657185 -4.464658
 0.314159 0.539333 8.389755
 0.376991 1.920358 31.217686
 0.439823 3.308225 5.235251
 0.502655 3.070201 -4.599546
 0.565487 2.996356 -1.557170
 0.628319 2.726891 -3.005682
 0.691150 3.067486 13.703992
 0.753982 3.995418 11.790508
 0.816814 4.518712 5.883370
 0.879646 4.676271 -1.705575
 0.942478 4.437625 -3.095664
 1.005310 4.569446 6.422433
 1.068142 4.710138 -5.065138
 1.130973 4.332078 -2.148021
 1.193805 4.620349 9.507307
 1.256637 5.182569 7.401367
 1.319469 5.670342 7.905703
 1.382301 5.968638 -1.012680
 1.445133 5.023136 -27.598292
 1.507964 3.810447 -2.479887
 1.570796 4.898825 31.411592
 1.633628 5.927832 -11.674259
 1.696460 4.655995 -13.339244
 1.759292 4.886241 16.380760
 1.822124 5.195512 -14.044062
 1.884956 4.396601 -0.608455
 1.947787 5.325336 24.119952
 2.010619 5.720661 -23.806647
 2.073451 3.525143 -30.969044
 2.136283 2.454009 -3.638024
 2.199115 3.096627 25.393895
 2.261947 5.543524 46.761634
 2.324779 7.110482 -14.408028
 2.387610 4.761032 -39.944555
 2.450442 3.389764 -0.721090
 2.513274 4.548479 31.880922
 2.576106 6.226059 17.275819
 2.638938 6.953841 -3.812086
 2.701770 4.587490 -50.831983
 2.764602 2.753231 -2.877731
 2.827433 4.274657 48.667733
 2.890265 7.278215 18.469621
 2.953097 6.489222 -21.372280
 3.015929 4.808535 -35.245216
 3.078761 3.196496 -6.186973
