#! FIELDS psi2 ffpsi2 dffpsi2_psi2
#! SET min_psi2 -pi
#! SET max_psi2 pi
#! SET nbins_psi2  100
#! SET periodic_psi2 true
 -3.141593 14.885525 43.596602
 -3.078761 17.908027 53.420855
 -3.015929 21.620481 58.842483
 -2.953097 24.547278 36.425057
 -2.890265 27.646762 69.498130
 -2.827433 33.767107 126.246646
 -2.764602 44.096879 184.584429
 -2.701770 inf nan
 -2.638938 inf nan
 -2.576106 inf nan
 -2.513274 inf nan
 -2.450442 inf nan
 -2.387610 inf nan
 -2.324779 inf nan
 -2.261947 inf nan
 -2.199115 inf nan
 -2.136283 inf nan
 -2.073451 inf nan
 -2.010619 inf nan
 -1.947787 inf nan
 -1.884956 inf nan
 -1.822124 inf nan
 -1.759292 inf nan
 -1.696460 inf nan
 -1.633628 inf nan
 -1.570796 inf nan
 -1.507964 54.591176 -215.007635
 -1.445133 42.916487 -154.881017
 -1.382301 35.007706 -97.826844
 -1.319469 30.434474 -49.749923
 -1.256637 28.439684 -17.093791
 -1.193805 27.577432 -18.322580
 -1.130973 25.811591 -31.981061
 -1.068142 24.161263 -19.982506
 -1.005310 23.131451 -15.310345
 -0.942478 22.024158 -18.595374
 -0.879646 21.037528 -12.935979
 -0.816814 20.263612 -12.150539
 -0.753982 19.493379 -12.550521
 -0.691150 18.707503 -12.203338
 -0.628319 18.002605 -9.960685
 -0.565487 17.405017 -9.690770
 -0.502655 16.829727 -7.859811
 -0.439823 16.382895 -7.550380
 -0.376991 15.842852 -8.671778
 -0.314159 15.398386 -5.623726
 -0.251327 15.055558 -5.808945
 -0.188496 14.653309 -6.863349
 -0.125664 14.231326 -6.601207
 -0.062832 13.766522 -8.344268
 0.000000 13.264450 -7.031415
 0.062832 12.869371 -6.098467
 0.125664 12.465569 -6.532783
 0.188496 12.117992 -4.167694
 0.251327 11.876181 -4.869561
 0.314159 11.456701 -7.397852
 0.376991 11.073489 -4.923711
 0.439823 10.733284 -6.720853
 0.502655 10.234950 -8.404331
 0.565487 9.749657 -6.979748
 0.628319 9.366040 -4.993995
 0.691150 9.125040 -3.159190
 0.753982 8.888432 -4.866230
 0.816814 8.549579 -5.005134
 0.879646 8.316243 -2.903004
 0.942478 8.126956 -2.977545
 1.005310 8.007714 -0.571553
 1.068142 8.021206 0.404084
 1.130973 8.038809 0.529457
 1.193805 8.130506 2.043251
 1.256637 8.222387 0.532837
 1.319469 8.202330 -1.063255
 1.382301 8.092320 -2.784665
 1.445133 7.805987 -6.384997
 1.507964 7.340699 -8.017574
 1.570796 6.796266 -9.733995
 1.633628 6.107357 -11.889169
 1.696460 5.320995 -13.329037
 1.759292 4.428878 -14.781213
 1.822124 3.521678 -13.632097
 1.884956 2.781869 -9.493141
 1.947787 2.316040 -5.905806
 2.010619 1.990900 -4.665966
 2.073451 1.650290 -7.284534
 2.136283 1.063392 -10.010710
 2.199115 0.528068 -7.588514
 2.261947 -0.056350 -11.322156
 2.324779 -0.708777 -7.793522
 2.387610 -1.017484 -3.088744
 2.450442 -1.177901 -1.668473
 2.513274 -1.149151 2.554966
 2.576106 -0.895253 5.661038
 2.638938 -0.353469 12.021069
 2.701770 0.592668 17.378314
 2.764602 1.789371 20.812945
 2.827433 3.250820 25.661006
 2.890265 5.030347 30.953374
 2.953097 7.150300 36.102358
 3.015929 9.580057 40.887439
 3.078761 12.222493 41.780146
