#! FIELDS psi2 ffpsi2 dffpsi2_psi2
#! SET min_psi2 -pi
#! SET max_psi2 pi
#! SET nbins_psi2  100
#! SET periodic_psi2 true
 -3.141593 26.082889 31.983804
 -3.078761 28.648982 44.452038
 -3.015929 30.792796 22.783852
 -2.953097 32.285547 30.775492
 -2.890265 35.066018 54.964703
 -2.827433 37.839614 20.433532
 -2.764602 37.867878 -13.632321
 -2.701770 36.639331 -22.380185
 -2.638938 35.258126 -22.755452
 -2.576106 33.624950 -28.072376
 -2.513274 32.005082 -22.764901
 -2.450442 30.643718 -21.573173
 -2.387610 29.317297 -19.750555
 -2.324779 28.249802 -14.585360
 -2.261947 27.254611 -18.723171
 -2.199115 26.055278 -16.463682
 -2.136283 25.401828 -4.081603
 -2.073451 25.529069 7.248265
 -2.010619 25.890626 -0.596288
 -1.947787 25.343547 -13.609611
 -1.884956 24.498950 -13.499910
 -1.822124 23.483610 -16.133996
 -1.759292 23.114024 3.193079
 -1.696460 21.907898 -50.428747
 -1.633628 19.082617 -26.057309
 -1.570796 19.077841 25.243627
 -1.507964 21.715728 47.693834
 -1.445133 23.105839 -8.472711
 -1.382301 21.724250 -24.738823
 -1.319469 20.872510 -2.241580
 -1.256637 20.540065 -13.454229
 -1.193805 20.071631 5.588991
 -1.130973 20.874289 9.104722
 -1.068142 20.697881 -7.342504
 -1.005310 20.752968 11.442152
 -0.942478 22.052195 25.513555
 -0.879646 23.452582 19.259390
 -0.816814 24.396802 6.878178
 -0.753982 24.393288 -2.471679
 -0.691150 24.381364 2.798243
 -0.628319 24.810998 10.710398
 -0.565487 25.603746 12.425818
 -0.502655 26.127526 3.297400
 -0.439823 26.039869 -5.382979
 -0.376991 25.373553 -16.677674
 -0.314159 24.201475 -18.048665
 -0.251327 23.457353 -1.149205
 -0.188496 24.414199 29.722603
 -0.125664 26.029076 5.791396
 -0.062832 24.204715 -51.599299
 0.000000 21.589019 -22.896162
 0.062832 21.647684 22.854360
 0.125664 23.612212 28.613097
 0.188496 24.202879 -9.259422
 0.251327 23.599497 -1.816484
 0.314159 24.114550 14.843619
 0.376991 24.956620 5.976247
 0.439823 24.161651 -29.393579
 0.502655 21.626133 -47.196589
 0.565487 19.453245 -14.122519
 0.628319 20.185439 35.863671
 0.691150 22.715212 21.466751
 0.753982 21.916747 -27.696697
 0.816814 20.520452 -17.289411
 0.879646 19.584132 -11.472360
 0.942478 19.199099 -0.922763
 1.005310 19.216856 -3.094734
 1.068142 18.670697 -10.254400
 1.130973 18.179563 -6.418333
 1.193805 17.714400 -8.430312
 1.256637 17.336592 -2.126136
 1.319469 17.298536 -1.787230
 1.382301 17.079477 -2.206069
 1.445133 17.324576 8.682218
 1.507964 17.507629 -8.726254
 1.570796 16.111792 -32.235085
 1.633628 14.070255 -27.368943
 1.696460 12.991531 -10.772943
 1.759292 11.642302 -32.578341
 1.822124 10.106289 -10.133449
 1.884956 10.338139 14.198806
 1.947787 11.369204 12.462820
 2.010619 11.493454 -4.258131
 2.073451 10.957714 -16.869920
 2.136283 9.903138 -8.451248
 2.199115 9.951910 4.366761
 2.261947 10.198153 5.793418
 2.324779 10.637946 3.239453
 2.387610 7.152149 -128.166197
 2.450442 -0.419612 -96.400098
 2.513274 -4.543787 -34.529350
 2.576106 -4.747825 28.031597
 2.638938 -1.037269 89.546135
 2.701770 6.052854 123.613997
 2.764602 12.362315 58.431512
 2.827433 15.283533 24.626822
 2.890265 17.141216 44.083886
 2.953097 20.481988 47.701249
 3.015929 22.530081 26.920471
 3.078761 24.364665 27.963633
