#! FIELDS phi2 ffphi2 dffphi2_phi2
#! SET min_phi2 -pi
#! SET max_phi2 pi
#! SET nbins_phi2  100
#! SET periodic_phi2 true
 -3.141593 16.442257 -47.260144
 -3.078761 13.627916 -42.329765
 -3.015929 11.128293 -37.041222
 -2.953097 8.976309 -31.777331
 -2.890265 7.094574 -28.050367
 -2.827433 5.494014 -22.721097
 -2.764602 4.226813 -17.758630
 -2.701770 3.254719 -13.286252
 -2.638938 2.531458 -9.955325
 -2.576106 1.993549 -7.212940
 -2.513274 1.610685 -5.152979
 -2.450442 1.347104 -3.008644
 -2.387610 1.261330 0.155738
 -2.324779 1.318770 1.278211
 -2.261947 1.414799 1.778266
 -2.199115 1.529060 1.739038
 -2.136283 1.659551 2.668986
 -2.073451 1.878759 4.064388
 -2.010619 2.113027 2.961106
 -1.947787 2.275790 2.566831
 -1.884956 2.419078 1.512742
 -1.822124 2.483275 1.017679
 -1.759292 2.554615 0.681617
 -1.696460 2.512378 -2.151104
 -1.633628 2.309465 -4.061453
 -1.570796 2.031425 -4.742047
 -1.507964 1.707030 -5.695692
 -1.445133 1.322109 -6.358879
 -1.382301 0.949993 -5.268684
 -1.319469 0.666441 -3.774813
 -1.256637 0.493641 -1.585618
 -1.193805 0.477596 1.132511
 -1.130973 0.658609 4.735429
 -1.068142 1.075934 8.497324
 -1.005310 1.744923 12.944509
 -0.942478 2.705227 17.287622
 -0.879646 3.887671 20.215469
 -0.816814 5.272292 23.846446
 -0.753982 6.876110 26.870119
 -0.691150 8.654766 29.442822
 -0.628319 10.543038 30.152798
 -0.565487 12.466616 30.934443
 -0.502655 14.431566 31.110605
 -0.439823 16.369597 30.083350
 -0.376991 18.205497 28.123380
 -0.314159 19.938509 26.712340
 -0.251327 21.549563 24.166123
 -0.188496 22.984065 21.386467
 -0.125664 24.234694 17.788025
 -0.062832 25.173768 11.853078
 0.000000 25.751212 6.598210
 0.062832 26.009585 1.436630
 0.125664 25.919311 -4.459446
 0.188496 25.455404 -10.107412
 0.251327 24.697069 -13.698546
 0.314159 23.776528 -15.269746
 0.376991 22.806245 -15.607439
 0.439823 21.816714 -15.707324
 0.502655 20.878856 -13.917811
 0.565487 20.058523 -12.334043
 0.628319 19.346547 -10.015370
 0.691150 18.834176 -6.116538
 0.753982 18.609844 -0.807166
 0.816814 18.730081 4.374883
 0.879646 19.148168 9.022844
 0.942478 19.887244 14.522388
 1.005310 20.969077 19.756271
 1.068142 22.394690 25.911764
 1.130973 24.252174 32.746458
 1.193805 26.466622 37.285563
 1.256637 28.948517 41.223098
 1.319469 31.643845 43.907318
 1.382301 34.480844 45.556596
 1.445133 37.323614 43.313675
 1.507964 39.918865 39.461574
 1.570796 42.557973 45.558593
 1.633628 45.599530 48.503859
 1.696460 48.660296 49.972504
 1.759292 51.946050 52.330800
 1.822124 55.720222 74.061231
 1.884956 62.048043 125.764505
 1.947787 inf nan
 2.010619 inf nan
 2.073451 inf nan
 2.136283 inf nan
 2.199115 inf nan
 2.261947 inf nan
 2.324779 76.680391 -219.760970
 2.387610 64.816257 -157.799864
 2.450442 56.799578 -98.127431
 2.513274 52.205726 -52.927012
 2.576106 49.135909 -51.958048
 2.638938 45.633376 -57.497081
 2.701770 41.856542 -62.986998
 2.764602 37.892627 -61.967489
 2.827433 34.046387 -61.123200
 2.890265 30.193377 -61.079917
 2.953097 26.420566 -58.693011
 3.015929 22.856230 -54.591367
 3.078761 19.542241 -51.101205
