#! FIELDS psi2 ffpsi2 dffpsi2_psi2
#! SET min_psi2 -pi
#! SET max_psi2 pi
#! SET nbins_psi2  100
#! SET periodic_psi2 true
 -3.141593 14.945040 51.028564
 -3.078761 18.111310 45.402408
 -3.015929 20.945376 50.194873
 -2.953097 24.599749 55.684005
 -2.890265 26.773004 21.393488
 -2.827433 29.058509 58.096939
 -2.764602 34.471701 114.958271
 -2.701770 43.519336 164.741540
 -2.638938 53.543490 81.612068
 -2.576106 60.439705 138.544624
 -2.513274 inf nan
 -2.450442 inf nan
 -2.387610 inf nan
 -2.324779 inf nan
 -2.261947 inf nan
 -2.199115 inf nan
 -2.136283 inf nan
 -2.073451 inf nan
 -2.010619 inf nan
 -1.947787 inf nan
 -1.884956 inf nan
 -1.822124 inf nan
 -1.759292 inf nan
 -1.696460 inf nan
 -1.633628 inf nan
 -1.570796 inf nan
 -1.507964 inf nan
 -1.445133 inf nan
 -1.382301 78.072783 -231.343327
 -1.319469 65.388091 -171.369934
 -1.256637 56.477421 -112.665328
 -1.193805 51.130543 -58.956372
 -1.130973 48.685646 -24.604188
 -1.068142 47.089407 -30.444717
 -1.005310 45.122106 -29.718502
 -0.942478 43.284233 -30.051873
 -0.879646 41.137257 -40.948045
 -0.816814 38.107131 -53.559570
 -0.753982 34.712307 -51.224670
 -0.691150 31.675248 -47.426566
 -0.628319 29.156237 -28.836988
 -0.565487 26.952477 -56.308439
 -0.502655 23.299058 -44.835994
 -0.439823 21.562822 -16.729705
 -0.376991 20.322554 -25.193407
 -0.314159 18.577308 -27.672003
 -0.251327 17.075388 -20.273336
 -0.188496 15.909108 -16.881623
 -0.125664 15.043081 -10.679549
 -0.062832 14.463621 -8.683966
 0.000000 13.889924 -9.380994
 0.062832 13.370682 -6.783141
 0.125664 13.049285 -3.470836
 0.188496 12.838285 -4.551589
 0.251327 12.449829 -7.168041
 0.314159 11.984821 -7.575079
 0.376991 11.513080 -7.302752
 0.439823 11.092477 -6.076874
 0.502655 10.708640 -6.562869
 0.565487 10.271845 -7.145465
 0.628319 9.800523 -7.871849
 0.691150 9.374765 -4.898693
 0.753982 9.149061 -3.414230
 0.816814 8.883434 -4.650834
 0.879646 8.625871 -3.496906
 0.942478 8.416006 -3.367313
 1.005310 8.224275 -2.596026
 1.068142 8.087764 -1.744171
 1.130973 8.007853 -1.074662
 1.193805 7.910239 -2.230292
 1.256637 7.723236 -3.786585
 1.319469 7.459414 -4.379569
 1.382301 7.163214 -5.373021
 1.445133 6.766019 -7.177462
 1.507964 6.303415 -7.424261
 1.570796 5.781411 -9.737153
 1.633628 5.098321 -11.516591
 1.696460 4.355118 -12.234430
 1.759292 3.584108 -11.901502
 1.822124 2.894319 -10.062382
 1.884956 2.314585 -8.331795
 1.947787 1.864832 -5.979284
 2.010619 1.545405 -4.433090
 2.073451 1.274250 -4.533429
 2.136283 0.949789 -5.937470
 2.199115 0.510770 -8.097416
 2.261947 -0.020458 -8.271182
 2.324779 -0.494504 -6.845238
 2.387610 -0.874494 -5.051690
 2.450442 -1.081362 -1.205343
 2.513274 -1.014144 3.191986
 2.576106 -0.695690 6.860036
 2.638938 -0.134452 11.230092
 2.701770 0.739757 16.488961
 2.764602 1.925085 21.109461
 2.827433 3.406855 26.047709
 2.890265 5.207714 30.948514
 2.953097 7.283349 34.765274
 3.015929 9.570286 37.428340
 3.078761 12.025450 41.354403
