#! FIELDS phi3 ffphi3 dffphi3_phi3
#! SET min_phi3 -pi
#! SET max_phi3 pi
#! SET nbins_phi3  100
#! SET periodic_phi3 true
 -3.141593 21.099385 -52.651200
 -3.078761 17.963197 -47.309923
 -3.015929 15.139498 -42.408416
 -2.953097 12.673476 -35.941053
 -2.890265 10.612887 -29.742931
 -2.827433 8.930354 -23.951744
 -2.764602 7.570154 -19.568835
 -2.701770 6.460284 -15.803950
 -2.638938 5.575423 -12.518820
 -2.576106 4.863434 -10.272462
 -2.513274 4.273064 -8.745267
 -2.450442 3.738548 -8.215277
 -2.387610 3.278627 -6.331049
 -2.324779 2.911877 -5.596148
 -2.261947 2.595243 -4.234893
 -2.199115 2.381580 -2.734959
 -2.136283 2.243401 -1.713351
 -2.073451 2.164815 -0.892760
 -2.010619 2.101026 -1.474594
 -1.947787 1.975943 -2.362711
 -1.884956 1.816186 -2.825781
 -1.822124 1.611529 -3.770750
 -1.759292 1.335494 -5.013378
 -1.696460 1.005552 -5.388417
 -1.633628 0.671190 -4.997304
 -1.570796 0.408759 -3.555121
 -1.507964 0.172448 -4.237605
 -1.445133 -0.105057 -4.164004
 -1.382301 -0.291380 -1.647496
 -1.319469 -0.333339 0.189642
 -1.256637 -0.225207 3.704569
 -1.193805 0.154273 8.138360
 -1.130973 0.773649 11.621804
 -1.068142 1.660018 16.679309
 -1.005310 2.834677 20.253266
 -0.942478 4.237766 24.942275
 -0.879646 6.019064 31.313708
 -0.816814 8.089589 33.578209
 -0.753982 10.220681 34.153121
 -0.691150 12.443536 36.575703
 -0.628319 14.851371 39.598196
 -0.565487 17.440189 42.369343
 -0.502655 20.168537 43.479091
 -0.439823 22.905463 43.100731
 -0.376991 25.647187 43.435600
 -0.314159 28.283475 38.614136
 -0.251327 30.512269 32.908273
 -0.188496 32.609838 34.231114
 -0.125664 34.815394 35.006861
 -0.062832 36.986522 32.990297
 0.000000 38.724213 20.755967
 0.062832 39.569361 4.608099
 0.125664 39.558224 0.276785
 0.188496 39.783017 3.377499
 0.251327 39.714713 -2.718839
 0.314159 39.928519 9.844593
 0.376991 40.632426 11.821464
 0.439823 41.795709 24.885863
 0.502655 41.885357 -33.127255
 0.565487 39.653815 -27.503923
 0.628319 38.340641 -18.616867
 0.691150 37.102028 -19.071259
 0.753982 36.047694 -16.004145
 0.816814 35.116287 -11.486060
 0.879646 34.517338 -10.568608
 0.942478 33.835924 -7.619782
 1.005310 33.811830 6.440192
 1.068142 34.500019 14.992311
 1.130973 35.763166 25.444593
 1.193805 37.613986 32.334102
 1.256637 39.738832 35.522281
 1.319469 42.142885 36.190546
 1.382301 43.761014 23.902447
 1.445133 46.625948 72.073697
 1.507964 53.093390 133.948538
 1.570796 inf nan
 1.633628 inf nan
 1.696460 inf nan
 1.759292 inf nan
 1.822124 inf nan
 1.884956 inf nan
 1.947787 inf nan
 2.010619 inf nan
 2.073451 inf nan
 2.136283 inf nan
 2.199115 inf nan
 2.261947 inf nan
 2.324779 inf nan
 2.387610 inf nan
 2.450442 inf nan
 2.513274 inf nan
 2.576106 inf nan
 2.638938 inf nan
 2.701770 61.342218 -207.631843
 2.764602 49.956023 -152.217094
 2.827433 41.980638 -103.420206
 2.890265 36.569849 -72.991124
 2.953097 32.289045 -65.536406
 3.015929 28.304225 -61.119805
 3.078761 24.573200 -57.647220
