#! FIELDS phi3 ffphi3 dffphi3_phi3
#! SET min_phi3 -pi
#! SET max_phi3 pi
#! SET nbins_phi3  100
#! SET periodic_phi3 true
 -3.141593 21.955722 -51.558061
 -3.078761 19.315005 -31.587403
 -3.015929 17.661089 -26.524586
 -2.953097 15.516620 -41.957169
 -2.890265 12.614511 -45.623702
 -2.827433 10.392697 -23.700522
 -2.764602 9.341291 -13.609639
 -2.701770 8.359123 -19.631653
 -2.638938 6.878688 -23.346090
 -2.576106 5.816526 -11.711470
 -2.513274 5.149822 -9.268735
 -2.450442 4.351415 -25.588895
 -2.387610 1.671189 -45.741279
 -2.324779 0.011883 -3.729141
 -2.261947 0.844902 20.736663
 -2.199115 1.505838 1.997311
 -2.136283 1.615130 1.785444
 -2.073451 1.871467 8.648172
 -2.010619 2.581867 10.096386
 -1.947787 2.989585 4.795550
 -1.884956 3.128961 -5.181252
 -1.822124 2.278065 -13.890680
 -1.759292 2.236401 13.733965
 -1.696460 3.091644 -4.182349
 -1.633628 1.192219 -38.052365
 -1.570796 -0.246018 -6.562175
 -1.507964 -0.099085 7.822896
 -1.445133 0.947179 27.518999
 -1.382301 2.864922 26.059786
 -1.319469 4.062524 14.370186
 -1.256637 4.661735 1.437106
 -1.193805 3.066231 -60.072068
 -1.130973 -0.831027 -46.753483
 -1.068142 -2.082880 7.406050
 -1.005310 -0.100829 51.643172
 -0.942478 3.609692 60.073841
 -0.879646 6.814287 33.837777
 -0.816814 8.524805 26.912256
 -0.753982 10.611823 39.646323
 -0.691150 13.331754 42.590058
 -0.628319 15.630252 32.155454
 -0.565487 17.704490 31.970340
 -0.502655 19.339947 21.107860
 -0.439823 20.969752 34.508053
 -0.376991 23.867315 55.842936
 -0.314159 27.241362 44.364802
 -0.251327 29.768961 38.759842
 -0.188496 32.027799 29.727954
 -0.125664 33.726835 25.333331
 -0.062832 35.207766 20.960903
 0.000000 36.200455 8.677700
 0.062832 36.383766 -1.907964
 0.125664 35.842543 -16.512697
 0.188496 34.479910 -23.508658
 0.251327 33.206705 -17.402214
 0.314159 31.840767 -29.814510
 0.376991 29.590944 -37.729117
 0.439823 27.373589 -33.577166
 0.502655 25.140029 -38.261654
 0.565487 22.636978 -40.920076
 0.628319 20.109291 -37.673248
 0.691150 18.002872 -30.963889
 0.753982 15.910975 -36.022976
 0.816814 13.793890 -28.800272
 0.879646 12.296186 -20.118070
 0.942478 11.317642 -9.031473
 1.005310 11.309040 7.750928
 1.068142 11.903737 8.564996
 1.130973 12.467900 11.061858
 1.193805 13.453632 22.045547
 1.256637 15.337888 35.223233
 1.319469 17.221816 21.651230
 1.382301 18.579848 28.203623
 1.445133 21.307435 59.227539
 1.507964 25.736294 75.863340
 1.570796 30.417413 67.521730
 1.633628 34.830626 70.150348
 1.696460 39.232901 66.112965
 1.759292 43.362838 64.470262
 1.822124 47.533808 65.895007
 1.884956 51.572882 59.089823
 1.947787 55.095256 52.262247
 2.010619 58.250500 47.035720
 2.073451 61.032555 39.680450
 2.136283 63.232919 30.214618
 2.199115 64.839116 19.216114
 2.261947 65.541702 3.195280
 2.324779 65.327278 -10.167037
 2.387610 64.248572 -23.817243
 2.450442 62.376836 -35.835497
 2.513274 59.783388 -45.695909
 2.576106 56.718240 -51.993966
 2.638938 53.229702 -58.592402
 2.701770 49.439894 -61.759326
 2.764602 45.444428 -65.119462
 2.827433 41.345221 -64.868334
 2.890265 37.292731 -64.391406
 2.953097 33.210995 -65.347423
 3.015929 29.170523 -62.197507
 3.078761 25.444148 -57.241697
