#! FIELDS psi2 ffpsi2 dffpsi2_psi2
#! SET min_psi2 -pi
#! SET max_psi2 pi
#! SET nbins_psi2  100
#! SET periodic_psi2 true
 -3.141593 15.568155 42.976422
 -3.078761 18.368771 46.838199
 -3.015929 21.506325 51.751283
 -2.953097 24.847642 53.435778
 -2.890265 28.240356 53.542044
 -2.827433 31.660650 53.617676
 -2.764602 34.907699 47.680297
 -2.701770 37.525826 31.563506
 -2.638938 38.532086 -0.809821
 -2.576106 37.694836 -21.693254
 -2.513274 36.348272 -18.853335
 -2.450442 35.354702 -13.785013
 -2.387610 34.422754 -17.646159
 -2.324779 33.062031 -24.320524
 -2.261947 31.683898 -17.503130
 -2.199115 30.852328 -11.126451
 -2.136283 29.966907 -18.182303
 -2.073451 28.749100 -17.857813
 -2.010619 27.912842 -9.312393
 -1.947787 27.340077 -10.564987
 -1.884956 26.567295 -13.188738
 -1.822124 25.886558 -6.842929
 -1.759292 25.629175 -4.309638
 -1.696460 25.158217 -9.236039
 -1.633628 24.681810 -5.288569
 -1.570796 24.561815 1.832838
 -1.507964 24.776600 2.944507
 -1.445133 24.807869 -2.116786
 -1.382301 24.598286 -2.551479
 -1.319469 24.698698 5.526262
 -1.256637 25.086539 4.675164
 -1.193805 25.101082 -3.806812
 -1.130973 24.918474 0.243104
 -1.068142 25.193193 7.316731
 -1.005310 25.605571 4.449820
 -0.942478 25.784460 1.984899
 -0.879646 25.806892 -1.866583
 -0.816814 25.744556 2.021969
 -0.753982 26.092943 7.598620
 -0.691150 26.512896 4.414434
 -0.628319 26.387261 -10.430162
 -0.565487 25.288709 -22.325303
 -0.502655 23.794349 -23.807164
 -0.439823 22.404112 -21.551418
 -0.376991 20.726254 -32.944927
 -0.314159 18.725046 -25.771223
 -0.251327 17.731618 -7.663002
 -0.188496 17.152303 -15.051202
 -0.125664 16.018062 -17.659482
 -0.062832 14.962550 -17.078544
 0.000000 14.002839 -10.795444
 0.062832 13.771951 2.162578
 0.125664 13.885798 -1.561343
 0.188496 13.539495 -7.048722
 0.251327 13.344613 1.831165
 0.314159 13.433253 -3.635954
 0.376991 12.850545 -12.000147
 0.439823 12.145813 -9.299739
 0.502655 11.775791 -3.107399
 0.565487 11.552571 -5.046018
 0.628319 11.287417 -2.075110
 0.691150 11.110244 -6.334042
 0.753982 10.464852 -11.907226
 0.816814 9.921656 -4.411782
 0.879646 9.806367 -0.592540
 0.942478 9.826817 1.187763
 1.005310 9.809113 -2.879986
 1.068142 9.485552 -6.801049
 1.130973 9.060298 -5.928364
 1.193805 8.718670 -6.059623
 1.256637 8.232544 -9.056906
 1.319469 7.648448 -8.833482
 1.382301 7.218220 -5.139679
 1.445133 6.834137 -7.871101
 1.507964 6.305992 -8.505832
 1.570796 5.701451 -11.135255
 1.633628 4.988017 -10.710384
 1.696460 4.333318 -11.269160
 1.759292 3.493785 -14.866684
 1.822124 2.617257 -12.230550
 1.884956 1.973982 -8.300889
 1.947787 1.561331 -5.424524
 2.010619 1.232835 -4.559853
 2.073451 1.065964 -1.342346
 2.136283 0.912413 -4.055826
 2.199115 0.568999 -7.387487
 2.261947 -0.156525 -15.748005
 2.324779 -1.023783 -7.693292
 2.387610 -0.936608 8.330339
 2.450442 -0.609073 -2.604536
 2.513274 -0.983901 -2.841175
 2.576106 -0.669069 10.424587
 2.638938 0.124799 15.991968
 2.701770 1.241368 14.965742
 2.764602 1.854196 9.255569
 2.827433 2.957707 27.395947
 2.890265 5.270131 43.849014
 2.953097 7.974594 39.049544
 3.015929 10.333048 37.584927
 3.078761 12.846430 42.142830
