#! FIELDS phi3 ffphi3 dffphi3_phi3
#! SET min_phi3 -pi
#! SET max_phi3 pi
#! SET nbins_phi3  100
#! SET periodic_phi3 true
 -3.141593 20.936035 -58.272258
 -3.078761 17.532007 -49.592508
 -3.015929 14.692848 -40.262424
 -2.953097 12.684140 -21.412262
 -2.890265 12.070099 -2.775845
 -2.827433 10.756099 -43.419404
 -2.764602 8.177043 -33.211164
 -2.701770 5.792419 -45.005092
 -2.638938 3.688530 -14.563120
 -2.576106 3.936104 16.029329
 -2.513274 4.605863 0.455396
 -2.450442 4.186506 -9.988951
 -2.387610 3.650719 -7.374846
 -2.324779 2.897194 -18.997850
 -2.261947 1.681923 -13.569602
 -2.199115 1.434003 2.449068
 -2.136283 1.433306 -3.110684
 -2.073451 1.540947 9.624641
 -2.010619 2.245100 5.461167
 -1.947787 2.033340 -8.022305
 -1.884956 1.550578 -8.528647
 -1.822124 0.829918 -11.815765
 -1.759292 0.290817 -9.341103
 -1.696460 -0.963692 -26.025288
 -1.633628 -1.708602 8.812408
 -1.570796 0.299610 51.385555
 -1.507964 3.446907 35.533683
 -1.445133 4.640947 8.497775
 -1.382301 5.228856 13.071685
 -1.319469 6.432735 23.258541
 -1.256637 7.448663 2.676818
 -1.193805 5.742740 -67.130802
 -1.130973 0.842622 -67.129511
 -1.068142 -1.630121 -9.777632
 -1.005310 -0.348042 49.873832
 -0.942478 4.045726 73.817250
 -0.879646 6.468691 16.229339
 -0.816814 7.965382 30.535316
 -0.753982 9.837093 29.656749
 -0.691150 12.162922 45.153571
 -0.628319 15.229214 49.801387
 -0.565487 18.239539 40.594024
 -0.502655 20.527340 37.026031
 -0.439823 23.307212 48.784031
 -0.376991 26.120694 39.327257
 -0.314159 28.501742 35.299705
 -0.251327 30.458664 28.672275
 -0.188496 32.524490 38.078117
 -0.125664 34.966026 33.748384
 -0.062832 36.629263 22.379991
 0.000000 37.857313 14.441405
 0.062832 38.543231 8.218982
 0.125664 38.743168 -2.458820
 0.188496 38.372795 -9.010705
 0.251327 37.328333 -26.759347
 0.314159 35.223720 -36.613737
 0.376991 32.908110 -37.256824
 0.439823 30.536137 -38.291608
 0.502655 28.005457 -42.968794
 0.565487 25.223017 -43.503180
 0.628319 22.712999 -37.660550
 0.691150 20.218744 -40.558848
 0.753982 18.079038 -26.052512
 0.816814 16.475423 -31.247407
 0.879646 14.050007 -41.501127
 0.942478 12.009300 -17.534116
 1.005310 12.245384 24.547154
 1.068142 14.383205 32.225458
 1.130973 15.531542 10.145510
 1.193805 16.367065 17.599272
 1.256637 17.858738 31.117192
 1.319469 20.268480 43.853739
 1.382301 23.273126 50.596478
 1.445133 26.419273 48.351029
 1.507964 29.719413 57.980393
 1.570796 33.702728 65.841063
 1.633628 37.953114 66.485058
 1.696460 42.097135 62.281714
 1.759292 45.894833 58.507429
 1.822124 49.704094 61.430296
 1.884956 53.612746 60.753185
 1.947787 57.436749 59.383651
 2.010619 61.059084 52.169416
 2.073451 63.929775 38.397175
 2.136283 66.015676 27.850100
 2.199115 67.473731 17.199753
 2.261947 68.151965 5.511905
 2.324779 68.114324 -10.873534
 2.387610 66.611386 -32.742878
 2.450442 64.365893 -40.035142
 2.513274 61.350891 -55.148546
 2.576106 57.654343 -61.833444
 2.638938 53.542566 -68.984983
 2.701770 49.095321 -71.416275
 2.764602 44.592414 -72.605344
 2.827433 39.903106 -75.006623
 2.890265 35.557621 -61.700653
 2.953097 31.897039 -58.288018
 3.015929 28.183363 -57.841290
 3.078761 24.630059 -57.312817
