#! FIELDS psi2 ffpsi2 dffpsi2_psi2
#! SET min_psi2 -pi
#! SET max_psi2 pi
#! SET nbins_psi2  100
#! SET periodic_psi2 true
 -3.141593 14.926606 47.272558
 -3.078761 17.834680 45.117615
 -3.015929 20.705915 44.843764
 -2.953097 23.412382 40.300689
 -2.890265 25.756984 32.655872
 -2.827433 27.528541 24.075270
 -2.764602 28.787755 13.614604
 -2.701770 29.003080 -4.772660
 -2.638938 28.621447 -7.320569
 -2.576106 27.883820 -17.100577
 -2.513274 26.391357 -29.492772
 -2.450442 24.646638 -23.003966
 -2.387610 23.436983 -17.765231
 -2.324779 22.316947 -17.170693
 -2.261947 21.375209 -12.747751
 -2.199115 20.593269 -13.361257
 -2.136283 19.656200 -16.225403
 -2.073451 18.649133 -14.638224
 -2.010619 17.820300 -13.335268
 -1.947787 16.882638 -14.979721
 -1.884956 16.163303 -7.803863
 -1.822124 15.745609 -6.426709
 -1.759292 15.372544 -5.503986
 -1.696460 14.964781 -7.794194
 -1.633628 14.527440 -4.614228
 -1.570796 14.417188 0.386650
 -1.507964 14.535942 2.938220
 -1.445133 14.680199 1.307233
 -1.382301 14.725102 0.068542
 -1.319469 14.690585 -1.015857
 -1.256637 14.662139 0.866980
 -1.193805 14.839087 4.369584
 -1.130973 15.117241 3.520892
 -1.068142 15.277503 2.662352
 -1.005310 15.541680 4.648831
 -0.942478 15.627395 -2.506771
 -0.879646 15.392081 -3.424307
 -0.816814 15.306300 0.458424
 -0.753982 15.231323 -4.975129
 -0.691150 14.761791 -7.015678
 -0.628319 14.564606 -0.396177
 -0.565487 14.383094 -7.455050
 -0.502655 13.596011 -16.300212
 -0.439823 12.662005 -10.744878
 -0.376991 12.302069 -2.606017
 -0.314159 12.075755 -5.814175
 -0.251327 11.626073 -6.476837
 -0.188496 11.344430 -4.307107
 -0.125664 11.036151 -2.903921
 -0.062832 11.251302 9.479878
 0.000000 11.837356 3.666234
 0.062832 11.434633 -12.233973
 0.125664 10.980241 0.457550
 0.188496 11.300159 4.275474
 0.251327 11.110485 -7.965766
 0.314159 10.676799 -6.089042
 0.376991 9.972452 -17.348748
 0.439823 8.957636 -11.623268
 0.502655 8.461293 -6.253717
 0.565487 8.146027 -2.532802
 0.628319 8.124110 -0.266549
 0.691150 7.897836 -6.902105
 0.753982 7.369329 -8.973203
 0.816814 6.969784 -2.493143
 0.879646 6.909726 -2.221570
 0.942478 6.664623 -3.040513
 1.005310 6.658024 1.254463
 1.068142 6.691123 0.338276
 1.130973 6.675378 -2.068890
 1.193805 6.481554 -2.733206
 1.256637 6.355463 -1.867089
 1.319469 6.256641 -0.973066
 1.382301 6.124106 -5.306144
 1.445133 5.653698 -5.790103
 1.507964 5.650170 2.999218
 1.570796 5.431229 -11.983221
 1.633628 4.493152 -14.168472
 1.696460 3.780771 -10.268135
 1.759292 2.960117 -14.998524
 1.822124 2.235921 -6.694274
 1.884956 1.991304 -3.503923
 1.947787 1.614299 -7.836309
 2.010619 1.164615 -6.289307
 2.073451 0.818856 -3.753828
 2.136283 0.792191 1.683762
 2.199115 0.718585 -4.904583
 2.261947 0.460813 -1.545608
 2.324779 -0.000916 -20.687184
 2.387610 -1.667025 -20.657936
 2.450442 -1.831397 15.308363
 2.513274 -0.277161 27.791863
 2.576106 1.108139 12.895941
 2.638938 1.178250 -4.665330
 2.701770 1.427202 13.920500
 2.764602 2.560227 20.008923
 2.827433 4.101477 29.661605
 2.890265 6.026534 28.856971
 2.953097 7.685481 25.226347
 3.015929 9.536335 34.661303
 3.078761 12.024164 43.464619
