#! FIELDS phi2 ffphi2 dffphi2_phi2
#! SET min_phi2 -pi
#! SET max_phi2 pi
#! SET nbins_phi2  100
#! SET periodic_phi2 true
 -3.141593 16.033128 -61.771631
 -3.078761 11.840903 -68.887094
 -3.015929 8.206045 -44.193506
 -2.953097 6.143516 -22.317444
 -2.890265 5.498984 0.695223
 -2.827433 5.527166 -4.936043
 -2.764602 5.090862 -5.447950
 -2.701770 4.721985 -11.382459
 -2.638938 3.438896 -24.875767
 -2.576106 2.124499 -15.678639
 -2.513274 1.477977 -5.673688
 -2.450442 1.212792 -3.594897
 -2.387610 1.167546 3.313995
 -2.324779 1.505386 4.979348
 -2.261947 1.674763 1.346868
 -2.199115 1.802250 2.887353
 -2.136283 1.986587 2.269781
 -2.073451 2.115920 3.037438
 -2.010619 2.432917 6.081801
 -1.947787 2.736365 3.009175
 -1.884956 2.831965 0.723927
 -1.822124 2.916617 1.550972
 -1.759292 2.868117 -3.694785
 -1.696460 2.587747 -3.796418
 -1.633628 2.434758 -2.009680
 -1.570796 2.211198 -5.419901
 -1.507964 1.742365 -9.490421
 -1.445133 1.174645 -6.827621
 -1.382301 0.917549 -2.881181
 -1.319469 0.603626 -7.372201
 -1.256637 0.204183 -3.363173
 -1.193805 0.217352 2.636812
 -1.130973 0.409619 3.177498
 -1.068142 0.692847 6.737412
 -1.005310 1.294279 12.186868
 -0.942478 2.265088 19.052462
 -0.879646 3.597255 21.656108
 -0.816814 4.964709 23.148340
 -0.753982 6.602672 27.743757
 -0.691150 8.323668 27.259267
 -0.628319 10.167707 31.429301
 -0.565487 12.249193 34.283416
 -0.502655 14.405468 32.416303
 -0.439823 16.198262 25.250601
 -0.376991 17.848202 27.971030
 -0.314159 19.625288 26.582971
 -0.251327 21.147862 23.013167
 -0.188496 22.627399 22.873260
 -0.125664 23.857046 15.926588
 -0.062832 24.750902 11.930156
 0.000000 25.112994 -0.650018
 0.062832 25.046531 1.298691
 0.125664 25.207054 0.514278
 0.188496 24.858955 -11.387950
 0.251327 23.860418 -19.254488
 0.314159 22.597216 -20.475993
 0.376991 21.370631 -17.980804
 0.439823 20.225773 -20.196831
 0.502655 18.761938 -25.641498
 0.565487 17.203213 -22.015428
 0.628319 16.095378 -14.303933
 0.691150 15.244765 -12.530507
 0.753982 14.650152 -6.369010
 0.816814 14.352432 -3.726793
 0.879646 14.010252 -8.831123
 0.942478 13.448626 -5.023575
 1.005310 13.645688 10.658155
 1.068142 14.527758 15.111014
 1.130973 15.427818 14.421756
 1.193805 16.595024 23.976327
 1.256637 18.448612 34.526766
 1.319469 20.982517 46.008761
 1.382301 24.015034 47.195008
 1.445133 26.964219 49.364352
 1.507964 30.533998 63.107798
 1.570796 34.828701 71.514987
 1.633628 39.409445 71.587346
 1.696460 43.992113 69.838709
 1.759292 48.016694 52.115733
 1.822124 50.828195 38.442402
 1.884956 53.197735 37.143582
 1.947787 55.611317 39.495665
 2.010619 58.053662 36.353868
 2.073451 60.129623 28.986768
 2.136283 61.626894 17.949870
 2.199115 62.323767 2.865426
 2.261947 62.004638 -11.475471
 2.324779 60.995804 -21.540607
 2.387610 59.145042 -37.177444
 2.450442 56.500114 -45.927853
 2.513274 53.379907 -53.477576
 2.576106 49.872013 -57.242937
 2.638938 46.174834 -61.157112
 2.701770 42.208946 -63.853654
 2.764602 38.233902 -62.839816
 2.827433 34.354265 -59.393293
 2.890265 30.878568 -51.184755
 2.953097 27.874646 -45.854471
 3.015929 24.574065 -63.750377
 3.078761 20.128401 -71.209604
