#! FIELDS psi2 ffpsi2 dffpsi2_psi2
#! SET min_psi2 -pi
#! SET max_psi2 pi
#! SET nbins_psi2  100
#! SET periodic_psi2 true
 -3.141593 14.825938 35.446429
 -3.078761 16.460769 10.788783
 -3.015929 16.271309 -6.247242
 -2.953097 17.100526 38.240319
 -2.890265 21.315261 94.802251
 -2.827433 26.800316 28.750952
 -2.764602 27.046743 16.644744
 -2.701770 30.020059 77.312512
 -2.638938 35.407230 36.848124
 -2.576106 31.498601 -82.907670
 -2.513274 27.819250 -33.326415
 -2.450442 27.038994 1.304701
 -2.387610 26.345047 -28.181925
 -2.324779 24.498668 -29.766003
 -2.261947 22.125548 -40.894308
 -2.199115 20.258660 -16.369131
 -2.136283 19.905170 1.795746
 -2.073451 19.747398 -12.224025
 -2.010619 18.647657 -17.940638
 -1.947787 17.580718 -16.734434
 -1.884956 16.788670 -5.434659
 -1.822124 16.917554 6.031411
 -1.759292 17.021917 -5.235767
 -1.696460 16.262860 -15.555310
 -1.633628 15.586419 -4.402592
 -1.570796 15.550839 1.114333
 -1.507964 15.576135 -0.988574
 -1.445133 15.521803 1.701573
 -1.382301 15.909905 8.301277
 -1.319469 16.124236 -2.458184
 -1.256637 15.939058 -0.907087
 -1.193805 15.980279 0.912120
 -1.130973 16.086472 3.184567
 -1.068142 16.311048 2.626563
 -1.005310 16.351327 -0.598866
 -0.942478 16.503835 7.295259
 -0.879646 17.102826 7.391722
 -0.816814 17.232674 -0.003762
 -0.753982 17.441966 5.601139
 -0.691150 17.603099 -1.493540
 -0.628319 17.311838 -8.905516
 -0.565487 16.353583 -18.126947
 -0.502655 15.759100 2.033108
 -0.439823 16.252556 6.754153
 -0.376991 16.235253 -3.935951
 -0.314159 16.043685 -4.889299
 -0.251327 15.196412 -21.823157
 -0.188496 13.651759 -23.238414
 -0.125664 12.619305 -10.730607
 -0.062832 12.017672 -8.575198
 0.000000 11.641103 -2.859623
 0.062832 11.825998 9.514878
 0.125664 12.411243 2.541055
 0.188496 12.037740 -9.406831
 0.251327 11.607646 -3.960167
 0.314159 11.474491 -1.883900
 0.376991 11.171983 -8.720185
 0.439823 10.367957 -14.704255
 0.502655 9.749602 -3.859327
 0.565487 9.587999 -4.283141
 0.628319 9.255611 -4.265836
 0.691150 9.070267 -3.075490
 0.753982 8.786680 -5.518536
 0.816814 8.464123 -4.161378
 0.879646 8.296137 -1.959497
 0.942478 8.077558 -4.788155
 1.005310 7.889923 -0.505890
 1.068142 7.832032 -3.385851
 1.130973 7.490883 -5.445427
 1.193805 7.356337 1.189526
 1.256637 7.420662 -1.097732
 1.319469 7.217398 -4.475142
 1.382301 6.910752 -5.321719
 1.445133 6.495700 -8.639265
 1.507964 5.888436 -8.840567
 1.570796 5.487026 -5.339171
 1.633628 5.007257 -10.079250
 1.696460 4.278334 -13.314609
 1.759292 3.375547 -13.875067
 1.822124 2.691899 -8.121829
 1.884956 2.212792 -8.036694
 1.947787 1.714063 -6.847389
 2.010619 1.404675 -3.592224
 2.073451 1.160676 -4.717974
 2.136283 0.797615 -6.727360
 2.199115 0.339380 -7.722634
 2.261947 -0.140457 -7.115476
 2.324779 -0.505779 -4.563408
 2.387610 -0.752265 -3.595646
 2.450442 -0.970195 -3.099315
 2.513274 -1.023715 2.614945
 2.576106 -0.575740 11.107455
 2.638938 0.244960 13.869572
 2.701770 1.108917 14.073334
 2.764602 2.127779 18.745826
 2.827433 3.520583 26.184250
 2.890265 5.427493 33.396778
 2.953097 7.690405 39.212066
 3.015929 10.309705 41.116291
 3.078761 12.626256 33.404543
