#! FIELDS phi9 ffphi9 dffphi9_phi9
#! SET min_phi9 -pi
#! SET max_phi9 pi
#! SET nbins_phi9  100
#! SET periodic_phi9 true
 -3.141593 19.640071 -27.713347
 -3.078761 18.116156 -20.872618
 -3.015929 17.682442 13.465886
 -2.953097 20.163632 64.193256
 -2.890265 24.369360 46.800623
 -2.827433 26.139760 25.383961
 -2.764602 27.792855 11.775684
 -2.701770 27.859394 4.835274
 -2.638938 28.977380 27.388382
 -2.576106 30.362157 7.733692
 -2.513274 30.226377 -3.850577
 -2.450442 29.691321 -28.146506
 -2.387610 25.360336 -92.217840
 -2.324779 20.442377 -57.172295
 -2.261947 18.421539 -7.675001
 -2.199115 19.206090 28.601141
 -2.136283 20.929839 5.470490
 -2.073451 17.828858 -76.899904
 -2.010619 14.014053 -40.749633
 -1.947787 12.529573 -8.858172
 -1.884956 12.720896 11.163949
 -1.822124 12.322084 -34.969342
 -1.759292 9.485802 -43.662237
 -1.696460 6.958907 -44.424183
 -1.633628 3.542783 -55.875663
 -1.570796 0.790942 -31.143192
 -1.507964 -0.559737 -11.718246
 -1.445133 -0.543092 10.235366
 -1.382301 -0.299573 -10.109137
 -1.319469 -1.342692 -17.124008
 -1.256637 -2.262736 -10.634163
 -1.193805 -2.325985 9.712079
 -1.130973 -1.390434 14.851977
 -1.068142 -0.581417 15.067769
 -1.005310 0.820305 28.026032
 -0.942478 2.539656 23.628816
 -0.879646 3.767120 18.243724
 -0.816814 5.355855 35.307642
 -0.753982 8.391279 60.607091
 -0.691150 12.494756 63.485652
 -0.628319 16.300556 61.006657
 -0.565487 20.741499 81.561911
 -0.502655 26.730812 102.094812
 -0.439823 33.543959 100.801918
 -0.376991 39.608428 83.138759
 -0.314159 44.958007 90.797369
 -0.251327 52.366993 144.589575
 -0.188496 inf nan
 -0.125664 inf nan
 -0.062832 inf nan
 0.000000 inf nan
 0.062832 inf nan
 0.125664 inf nan
 0.188496 inf nan
 0.251327 71.129389 -223.171305
 0.314159 59.076574 -160.481703
 0.376991 50.955592 -98.185016
 0.439823 46.558666 -47.337635
 0.502655 42.397952 -102.684205
 0.565487 35.225570 -111.482984
 0.628319 29.409353 -68.597443
 0.691150 26.915397 -10.226186
 0.753982 27.840724 29.628862
 0.816814 27.591740 -42.275808
 0.879646 24.938540 -34.232201
 0.942478 23.378037 -18.928353
 1.005310 21.857520 -30.036118
 1.068142 20.147287 -23.573282
 1.130973 18.688839 -21.561532
 1.193805 17.688108 -11.088579
 1.256637 17.165173 -4.412111
 1.319469 17.184159 2.009862
 1.382301 16.991945 -8.404800
 1.445133 16.556658 0.822123
 1.507964 17.756511 38.607316
 1.570796 20.522475 33.352096
 1.633628 21.905812 26.800884
 1.696460 24.751237 58.086709
 1.759292 26.980007 2.826226
 1.822124 27.220453 18.839313
 1.884956 29.838770 60.290001
 1.947787 33.364511 42.105004
 2.010619 35.468655 25.258784
 2.073451 37.188183 35.143702
 2.136283 39.668110 29.465943
 2.199115 39.207472 -37.796291
 2.261947 37.024239 -22.248556
 2.324779 35.941601 -24.788444
 2.387610 34.171887 -17.074861
 2.450442 34.758782 37.288589
 2.513274 38.080873 41.268034
 2.576106 37.172349 -39.817697
 2.638938 34.993473 -31.629557
 2.701770 33.078849 -25.646089
 2.764602 31.805996 -22.693987
 2.827433 29.181119 -61.910977
 2.890265 24.726747 -69.367584
 2.953097 21.529565 -28.281249
 3.015929 21.192612 12.642915
 3.078761 21.425518 -18.708894
