#! FIELDS psi2 ffpsi2 dffpsi2_psi2
#! SET min_psi2 -pi
#! SET max_psi2 pi
#! SET nbins_psi2  100
#! SET periodic_psi2 true
 -3.141593 15.333019 61.075032
 -3.078761 19.591733 67.892657
 -3.015929 23.043233 38.186606
 -2.953097 25.127273 35.664182
 -2.890265 27.992433 56.356920
 -2.827433 32.608012 93.633999
 -2.764602 39.856497 128.523632
 -2.701770 45.824842 32.965194
 -2.638938 48.762150 69.961636
 -2.576106 55.060790 130.425451
 -2.513274 inf nan
 -2.450442 inf nan
 -2.387610 inf nan
 -2.324779 inf nan
 -2.261947 inf nan
 -2.199115 inf nan
 -2.136283 inf nan
 -2.073451 inf nan
 -2.010619 inf nan
 -1.947787 inf nan
 -1.884956 inf nan
 -1.822124 inf nan
 -1.759292 inf nan
 -1.696460 inf nan
 -1.633628 inf nan
 -1.570796 inf nan
 -1.507964 inf nan
 -1.445133 inf nan
 -1.382301 80.648076 -233.837467
 -1.319469 67.218135 -176.328389
 -1.256637 57.997940 -117.609895
 -1.193805 52.355320 -62.937757
 -1.130973 49.867374 -19.914454
 -1.068142 48.895543 -19.742102
 -1.005310 47.352622 -26.164690
 -0.942478 45.613857 -27.176258
 -0.879646 44.346021 -13.225451
 -0.816814 43.510542 -16.989521
 -0.753982 42.242200 -20.739758
 -0.691150 41.011387 -19.727158
 -0.628319 38.415375 -93.047585
 -0.565487 30.053189 -134.413487
 -0.502655 23.255599 -79.499319
 -0.439823 20.163250 -18.983318
 -0.376991 20.554856 21.345358
 -0.314159 20.279680 -29.422701
 -0.251327 19.171382 0.733565
 -0.188496 20.147521 24.097545
 -0.125664 20.964762 -11.588284
 -0.062832 18.174820 -63.413630
 0.000000 14.638114 -43.097738
 0.062832 13.043305 -7.085069
 0.125664 13.770744 29.469711
 0.188496 16.100859 30.426893
 0.251327 15.276007 -51.292546
 0.314159 12.134435 -38.693285
 0.376991 10.730088 -7.063032
 0.439823 11.051865 16.545307
 0.502655 12.626518 28.374909
 0.565487 13.425726 -10.389343
 0.628319 11.894433 -27.942258
 0.691150 10.687845 -9.478498
 0.753982 10.399223 -4.351410
 0.816814 9.705930 -16.231128
 0.879646 8.974252 -4.721242
 0.942478 8.749550 -6.694191
 1.005310 8.256804 -5.281383
 1.068142 8.152101 -0.263273
 1.130973 8.078302 -1.800049
 1.193805 7.874829 -5.767044
 1.256637 7.391687 -8.608841
 1.319469 6.808020 -10.230831
 1.382301 6.191473 -7.950915
 1.445133 5.935083 -0.737729
 1.507964 5.807570 -6.363784
 1.570796 5.024676 -16.296115
 1.633628 4.141531 -10.614472
 1.696460 3.512870 -11.402408
 1.759292 2.804233 -9.007265
 1.822124 2.409389 -5.169325
 1.884956 1.973815 -8.901937
 1.947787 1.445572 -6.306780
 2.010619 1.252010 -0.599831
 2.073451 1.214316 -1.605559
 2.136283 1.026506 -4.230646
 2.199115 0.664558 -7.638978
 2.261947 0.123552 -8.438567
 2.324779 -0.314383 -5.763853
 2.387610 -0.644279 -4.715713
 2.450442 -0.863938 -2.084259
 2.513274 -0.895640 1.360548
 2.576106 -0.644157 6.432858
 2.638938 -0.143409 9.832959
 2.701770 0.739549 18.769832
 2.764602 2.103427 22.845653
 2.827433 3.498846 21.707235
 2.890265 4.890023 22.764463
 2.953097 6.519629 30.747867
 3.015929 8.896596 44.539831
 3.078761 11.928104 49.859111
