#! FIELDS psi6 ffpsi6 dffpsi6_psi6
#! SET min_psi6 -pi
#! SET max_psi6 pi
#! SET nbins_psi6  100
#! SET periodic_psi6 true
 -3.141593 inf nan
 -3.078761 inf nan
 -3.015929 inf nan
 -2.953097 inf nan
 -2.890265 inf nan
 -2.827433 inf nan
 -2.764602 inf nan
 -2.701770 inf nan
 -2.638938 inf nan
 -2.576106 inf nan
 -2.513274 inf nan
 -2.450442 inf nan
 -2.387610 inf nan
 -2.324779 inf nan
 -2.261947 inf nan
 -2.199115 inf nan
 -2.136283 inf nan
 -2.073451 inf nan
 -2.010619 inf nan
 -1.947787 inf nan
 -1.884956 inf nan
 -1.822124 inf nan
 -1.759292 inf nan
 -1.696460 inf nan
 -1.633628 60.319864 -234.537785
 -1.570796 46.442251 -183.725086
 -1.507964 36.506241 -132.826209
 -1.445133 29.461335 -94.571842
 -1.382301 24.028199 -82.892922
 -1.319469 18.854198 -80.242787
 -1.256637 14.105214 -70.597237
 -1.193805 9.996303 -59.998504
 -1.130973 6.505327 -52.153320
 -1.068142 3.393662 -46.288972
 -1.005310 0.790150 -36.075154
 -0.942478 -1.098934 -23.747331
 -0.879646 -2.207136 -12.303679
 -0.816814 -2.756605 -5.586087
 -0.753982 -2.850097 3.891516
 -0.691150 -2.118670 19.309508
 -0.628319 -0.619203 26.475693
 -0.565487 1.134451 29.421653
 -0.502655 3.164878 36.142225
 -0.439823 5.710305 42.406246
 -0.376991 8.163353 35.010519
 -0.314159 10.367045 35.422532
 -0.251327 12.570645 33.578243
 -0.188496 14.633295 32.311688
 -0.125664 16.680497 32.250736
 -0.062832 18.668099 30.430275
 0.000000 20.469572 26.711594
 0.062832 22.250353 31.882246
 0.125664 24.492938 37.136035
 0.188496 26.777592 35.456612
 0.251327 28.867962 29.413062
 0.314159 30.788479 36.350589
 0.376991 33.873727 61.104290
 0.439823 36.930557 14.647171
 0.502655 37.503992 25.141656
 0.565487 40.968879 85.953019
 0.628319 48.338918 148.642620
 0.691150 inf nan
 0.753982 inf nan
 0.816814 inf nan
 0.879646 inf nan
 0.942478 inf nan
 1.005310 inf nan
 1.068142 inf nan
 1.130973 inf nan
 1.193805 inf nan
 1.256637 inf nan
 1.319469 inf nan
 1.382301 inf nan
 1.445133 inf nan
 1.507964 inf nan
 1.570796 inf nan
 1.633628 inf nan
 1.696460 inf nan
 1.759292 inf nan
 1.822124 inf nan
 1.884956 inf nan
 1.947787 inf nan
 2.010619 inf nan
 2.073451 inf nan
 2.136283 inf nan
 2.199115 inf nan
 2.261947 inf nan
 2.324779 inf nan
 2.387610 inf nan
 2.450442 inf nan
 2.513274 inf nan
 2.576106 inf nan
 2.638938 inf nan
 2.701770 inf nan
 2.764602 inf nan
 2.827433 inf nan
 2.890265 inf nan
 2.953097 inf nan
 3.015929 inf nan
 3.078761 inf nan
