#! FIELDS phi6 ffphi6 dffphi6_phi6
#! SET min_phi6 -pi
#! SET max_phi6 pi
#! SET nbins_phi6  100
#! SET periodic_phi6 true
 -3.141593 inf nan
 -3.078761 inf nan
 -3.015929 inf nan
 -2.953097 inf nan
 -2.890265 inf nan
 -2.827433 inf nan
 -2.764602 inf nan
 -2.701770 inf nan
 -2.638938 inf nan
 -2.576106 inf nan
 -2.513274 inf nan
 -2.450442 inf nan
 -2.387610 inf nan
 -2.324779 inf nan
 -2.261947 inf nan
 -2.199115 inf nan
 -2.136283 inf nan
 -2.073451 53.118338 -206.971121
 -2.010619 41.896447 -148.903505
 -1.947787 34.227923 -96.915579
 -1.884956 29.332797 -63.109051
 -1.822124 25.814796 -50.980698
 -1.759292 22.724916 -50.054644
 -1.696460 19.273748 -58.786006
 -1.633628 15.617978 -56.264217
 -1.570796 12.227149 -51.807157
 -1.507964 9.092044 -48.157535
 -1.445133 6.166991 -44.766917
 -1.382301 3.498592 -39.761324
 -1.319469 1.265580 -30.699234
 -1.256637 -0.397781 -23.060292
 -1.193805 -1.638383 -15.698864
 -1.130973 -2.319230 -6.354895
 -1.068142 -2.523654 -0.482708
 -1.005310 -2.343182 6.632676
 -0.942478 -1.663342 15.156951
 -0.879646 -0.402252 24.999214
 -0.816814 1.443627 33.230643
 -0.753982 3.775454 40.858362
 -0.691150 6.567348 47.192952
 -0.628319 9.755695 54.301556
 -0.565487 13.446636 61.715997
 -0.502655 17.521806 66.339856
 -0.439823 21.934709 73.522393
 -0.376991 26.980626 83.457220
 -0.314159 32.622642 94.642682
 -0.251327 39.938590 134.884956
 -0.188496 inf nan
 -0.125664 inf nan
 -0.062832 inf nan
 0.000000 inf nan
 0.062832 inf nan
 0.125664 inf nan
 0.188496 inf nan
 0.251327 inf nan
 0.314159 inf nan
 0.376991 inf nan
 0.439823 inf nan
 0.502655 inf nan
 0.565487 inf nan
 0.628319 inf nan
 0.691150 inf nan
 0.753982 inf nan
 0.816814 inf nan
 0.879646 inf nan
 0.942478 inf nan
 1.005310 inf nan
 1.068142 inf nan
 1.130973 inf nan
 1.193805 inf nan
 1.256637 inf nan
 1.319469 inf nan
 1.382301 inf nan
 1.445133 inf nan
 1.507964 inf nan
 1.570796 inf nan
 1.633628 inf nan
 1.696460 inf nan
 1.759292 inf nan
 1.822124 inf nan
 1.884956 inf nan
 1.947787 inf nan
 2.010619 inf nan
 2.073451 inf nan
 2.136283 inf nan
 2.199115 inf nan
 2.261947 inf nan
 2.324779 inf nan
 2.387610 inf nan
 2.450442 inf nan
 2.513274 inf nan
 2.576106 inf nan
 2.638938 inf nan
 2.701770 inf nan
 2.764602 inf nan
 2.827433 inf nan
 2.890265 inf nan
 2.953097 inf nan
 3.015929 inf nan
 3.078761 inf nan
