#! FIELDS psi4 ffpsi4 dffpsi4_psi4
#! SET min_psi4 -pi
#! SET max_psi4 pi
#! SET nbins_psi4  100
#! SET periodic_psi4 true
 -3.141593 4.641283 17.132392
 -3.078761 5.994451 25.475967
 -3.015929 7.675718 26.661459
 -2.953097 9.241481 22.306469
 -2.890265 10.602321 22.857525
 -2.827433 12.101788 22.817940
 -2.764602 13.600848 27.646544
 -2.701770 15.570617 31.190461
 -2.638938 17.154578 19.667684
 -2.576106 18.274616 14.471814
 -2.513274 18.468256 -8.320449
 -2.450442 18.265892 9.457743
 -2.387610 19.689503 30.224191
 -2.324779 21.538525 28.723672
 -2.261947 23.407010 30.312293
 -2.199115 24.833608 7.395627
 -2.136283 25.367791 22.788690
 -2.073451 27.218345 4.386344
 -2.010619 25.532245 -23.067948
 -1.947787 25.926225 37.004074
 -1.884956 30.191459 96.426493
 -1.822124 31.832847 -96.493429
 -1.759292 26.690915 -53.388229
 -1.696460 25.302168 9.006126
 -1.633628 27.417714 40.682267
 -1.570796 26.078694 -57.104710
 -1.507964 23.639870 -19.370822
 -1.445133 23.043030 -7.055188
 -1.382301 22.092976 -25.294241
 -1.319469 19.939016 -39.835894
 -1.256637 17.291270 -44.960484
 -1.193805 14.619437 -35.175706
 -1.130973 13.078980 -16.926930
 -1.068142 11.744002 -28.841851
 -1.005310 9.888985 -25.911439
 -0.942478 8.555669 -18.171647
 -0.879646 7.413133 -19.003193
 -0.816814 6.188152 -19.179580
 -0.753982 5.102172 -14.997151
 -0.691150 4.282530 -11.602349
 -0.628319 3.617577 -9.372320
 -0.565487 3.113430 -7.013630
 -0.502655 2.710765 -5.583766
 -0.439823 2.436302 -3.489367
 -0.376991 2.227238 -2.964079
 -0.314159 2.140734 0.569754
 -0.251327 2.298212 4.099601
 -0.188496 2.570538 3.671677
 -0.125664 2.743086 2.440621
 -0.062832 2.955643 4.439801
 0.000000 3.287768 5.849692
 0.062832 3.643560 5.002206
 0.125664 3.941159 5.149919
 0.188496 4.319388 6.019619
 0.251327 4.575498 2.118401
 0.314159 4.725287 3.380401
 0.376991 4.948537 2.879941
 0.439823 5.082939 1.617969
 0.502655 5.111776 -1.444989
 0.565487 4.914224 -3.587433
 0.628319 4.814387 0.369154
 0.691150 4.852845 0.220857
 0.753982 4.873940 0.951756
 0.816814 4.966638 1.297730
 0.879646 5.002403 0.172886
 0.942478 5.013609 0.083094
 1.005310 5.083597 2.972613
 1.068142 5.362407 4.767535
 1.130973 5.629839 3.969510
 1.193805 5.885175 4.351443
 1.256637 6.232632 6.714825
 1.319469 6.651449 5.841568
 1.382301 7.002459 6.164045
 1.445133 7.437008 6.927825
 1.507964 7.843754 6.082787
 1.570796 8.160209 3.011136
 1.633628 8.111574 -4.166246
 1.696460 7.951080 1.212168
 1.759292 8.139422 1.651852
 1.822124 8.027512 -4.011597
 1.884956 7.706471 -6.811867
 1.947787 7.156008 -9.894796
 2.010619 6.572843 -8.791213
 2.073451 5.911339 -12.927101
 2.136283 5.120985 -10.219790
 2.199115 4.636819 -7.086461
 2.261947 4.031522 -12.331544
 2.324779 3.212719 -12.545043
 2.387610 2.491841 -10.890060
 2.450442 1.832421 -9.728604
 2.513274 1.305521 -7.051615
 2.576106 0.903214 -6.155087
 2.638938 0.572673 -3.711638
 2.701770 0.449627 -0.497332
 2.764602 0.510837 2.454714
 2.827433 0.727386 4.260736
 2.890265 1.101956 8.071595
 2.953097 1.732264 11.802232
 3.015929 2.615383 16.245397
 3.078761 3.664090 15.797693
