#! FIELDS phi4 ffphi4 dffphi4_phi4
#! SET min_phi4 -pi
#! SET max_phi4 pi
#! SET nbins_phi4  100
#! SET periodic_phi4 true
 -3.141593 13.385471 -52.432484
 -3.078761 11.134535 -25.141206
 -3.015929 8.681816 -57.824673
 -2.953097 5.251914 -40.182994
 -2.890265 4.190769 6.259476
 -2.827433 5.449836 23.480362
 -2.764602 5.910661 -9.993294
 -2.701770 4.870075 -16.655587
 -2.638938 4.208695 -5.697539
 -2.576106 3.862409 -5.413073
 -2.513274 3.776595 3.402120
 -2.450442 3.951578 -1.613255
 -2.387610 3.676222 -2.819521
 -2.324779 3.844748 6.339371
 -2.261947 4.075396 -1.584850
 -2.199115 3.641478 -8.907420
 -2.136283 3.401926 1.924879
 -2.073451 3.615982 2.007812
 -2.010619 3.618579 0.360313
 -1.947787 3.781787 2.784131
 -1.884956 3.658191 -7.065194
 -1.822124 3.112410 -8.878704
 -1.759292 2.403688 -16.293178
 -1.696460 1.198882 -17.069945
 -1.633628 0.693257 0.258210
 -1.570796 0.682857 -4.263170
 -1.507964 0.296074 -7.666304
 -1.445133 -0.920347 -32.448110
 -1.382301 -2.527113 -9.084570
 -1.319469 -1.757257 30.023566
 -1.256637 0.320023 30.381884
 -1.193805 2.208332 31.122169
 -1.130973 3.750106 14.084191
 -1.068142 4.396096 11.607945
 -1.005310 5.328334 14.467894
 -0.942478 6.029013 11.792606
 -0.879646 7.294959 28.444874
 -0.816814 9.352449 34.716858
 -0.753982 11.368512 27.886580
 -0.691150 13.167662 32.549183
 -0.628319 15.536321 40.284742
 -0.565487 17.862277 32.161742
 -0.502655 19.919373 36.575168
 -0.439823 22.533766 43.547368
 -0.376991 25.061098 35.659158
 -0.314159 27.206470 33.265128
 -0.251327 29.118562 26.104119
 -0.188496 30.711528 26.396868
 -0.125664 32.396566 24.678441
 -0.062832 33.608322 13.787269
 0.000000 34.271623 7.606789
 0.062832 34.458266 -2.770678
 0.125664 33.879393 -15.749233
 0.188496 32.574873 -24.594066
 0.251327 30.792329 -33.225720
 0.314159 28.397933 -41.276252
 0.376991 25.828359 -39.894841
 0.439823 23.312642 -40.870390
 0.502655 20.735708 -40.373762
 0.565487 18.235945 -40.017851
 0.628319 15.648515 -41.638276
 0.691150 13.115197 -38.937032
 0.753982 10.744239 -35.956367
 0.816814 8.747309 -26.071795
 0.879646 7.605897 -10.741742
 0.942478 7.069262 -8.583416
 1.005310 6.691769 -1.685069
 1.068142 6.696556 0.383383
 1.130973 6.975708 10.947453
 1.193805 7.998123 19.124427
 1.256637 9.332110 24.726742
 1.319469 11.224246 35.604767
 1.382301 13.833999 46.670611
 1.445133 17.003722 53.873645
 1.507964 20.718039 62.829657
 1.570796 24.793753 64.438682
 1.633628 28.915386 65.502569
 1.696460 33.229622 69.167066
 1.759292 37.593117 66.274408
 1.822124 41.671773 61.388918
 1.884956 45.449411 56.663052
 1.947787 48.777328 47.437062
 2.010619 51.599647 42.094450
 2.073451 54.017118 33.072195
 2.136283 55.840698 24.947216
 2.199115 56.972447 9.860413
 2.261947 57.306829 0.505519
 2.324779 56.759734 -18.968654
 2.387610 55.031224 -33.452167
 2.450442 52.867390 -35.409479
 2.513274 50.354266 -45.831735
 2.576106 47.180170 -54.258051
 2.638938 43.529701 -61.752751
 2.701770 39.588337 -62.144685
 2.764602 35.778020 -59.569991
 2.827433 32.045897 -58.857004
 2.890265 28.384301 -59.341147
 2.953097 24.445868 -63.751579
 3.015929 20.822457 -50.710273
 3.078761 17.389357 -64.872109
