#! FIELDS phi3 ffphi3 dffphi3_phi3
#! SET min_phi3 -pi
#! SET max_phi3 pi
#! SET nbins_phi3  100
#! SET periodic_phi3 true
 -3.141593 21.516788 -52.793893
 -3.078761 18.363477 -48.026180
 -3.015929 15.485629 -43.294039
 -2.953097 12.951732 -36.912615
 -2.890265 10.923232 -27.531107
 -2.827433 9.380659 -23.024955
 -2.764602 7.960850 -21.271144
 -2.701770 6.835551 -14.635014
 -2.638938 5.990615 -13.281626
 -2.576106 5.132190 -13.895670
 -2.513274 4.272383 -13.231758
 -2.450442 3.502917 -10.816510
 -2.387610 2.964711 -6.670593
 -2.324779 2.541760 -7.417458
 -2.261947 2.102691 -5.415226
 -2.199115 1.901840 -1.654923
 -2.136283 1.856646 0.457189
 -2.073451 1.928354 0.609142
 -2.010619 1.772660 -5.538977
 -1.947787 1.464568 -2.465657
 -1.884956 1.428204 -0.695586
 -1.822124 1.275148 -3.095635
 -1.759292 1.133067 -1.997558
 -1.696460 0.920447 -5.250226
 -1.633628 0.533525 -5.790683
 -1.570796 0.294200 -2.581107
 -1.507964 0.044485 -5.205577
 -1.445133 -0.145241 -0.014477
 -1.382301 -0.106180 -0.136137
 -1.319469 -0.098316 1.406830
 -1.256637 0.104183 5.271456
 -1.193805 0.611414 10.493772
 -1.130973 1.331670 12.313375
 -1.068142 2.258005 17.463390
 -1.005310 3.458115 20.247897
 -0.942478 4.886016 25.593591
 -0.879646 6.563267 26.210321
 -0.816814 8.309952 31.749835
 -0.753982 10.628845 40.008091
 -0.691150 13.248585 43.677260
 -0.628319 15.999187 40.439235
 -0.565487 18.311325 34.891778
 -0.502655 20.462794 33.512135
 -0.439823 22.937046 47.550297
 -0.376991 26.217048 50.642231
 -0.314159 28.985325 38.995177
 -0.251327 31.544081 41.423935
 -0.188496 33.904373 31.582341
 -0.125664 35.754665 29.596419
 -0.062832 37.680393 28.451436
 0.000000 38.958015 11.876303
 0.062832 39.327020 0.509488
 0.125664 39.112261 -7.744354
 0.188496 38.353369 -15.322161
 0.251327 37.224981 -21.134603
 0.314159 35.728078 -25.770520
 0.376991 33.991560 -30.414938
 0.439823 31.844857 -36.889822
 0.502655 29.511935 -37.369545
 0.565487 27.073810 -40.144155
 0.628319 24.576993 -38.204891
 0.691150 22.391325 -31.187518
 0.753982 20.539220 -28.863207
 0.816814 18.806689 -24.823193
 0.879646 17.537952 -15.748891
 0.942478 16.728790 -10.556774
 1.005310 16.255882 -3.626952
 1.068142 16.342114 6.257056
 1.130973 16.966387 13.070369
 1.193805 18.028259 21.629570
 1.256637 19.781955 34.083921
 1.319469 22.204321 41.314081
 1.382301 24.898886 44.789062
 1.445133 28.010367 54.169228
 1.507964 31.694836 61.235364
 1.570796 35.680346 64.142790
 1.633628 39.850080 66.553364
 1.696460 44.082828 65.643408
 1.759292 48.183745 62.428483
 1.822124 52.148405 62.862679
 1.884956 56.219386 63.815186
 1.947787 60.023085 52.027772
 2.010619 62.891878 43.895119
 2.073451 66.083537 55.520492
 2.136283 69.213387 38.091859
 2.199115 70.967390 20.380038
 2.261947 71.886588 7.178753
 2.324779 71.656385 -13.948611
 2.387610 70.483208 -22.207054
 2.450442 68.508847 -45.628300
 2.513274 64.671132 -71.939061
 2.576106 60.007838 -74.413294
 2.638938 55.336644 -74.195824
 2.701770 50.753131 -71.565694
 2.764602 46.246959 -72.586422
 2.827433 41.597418 -74.783756
 2.890265 36.985017 -70.846229
 2.953097 32.789064 -62.749459
 3.015929 28.927880 -61.748603
 3.078761 25.057162 -59.890820
