#! FIELDS phi4 ffphi4 dffphi4_phi4
#! SET min_phi4 -pi
#! SET max_phi4 pi
#! SET nbins_phi4  100
#! SET periodic_phi4 true
 -3.141593 13.544812 -47.441973
 -3.078761 10.554525 -46.496611
 -3.015929 7.838023 -39.618130
 -2.953097 5.596360 -31.464337
 -2.890265 3.883637 -23.605365
 -2.827433 2.561858 -18.506381
 -2.764602 1.562438 -13.685088
 -2.701770 0.812877 -9.780446
 -2.638938 0.383733 -4.030469
 -2.576106 0.263907 -0.072094
 -2.513274 0.342004 2.321279
 -2.450442 0.563812 5.048804
 -2.387610 1.020629 9.347237
 -2.324779 1.642316 9.273617
 -2.261947 2.117469 6.084730
 -2.199115 2.492151 6.064943
 -2.136283 2.840047 4.564994
 -2.073451 3.081456 3.373571
 -2.010619 3.267339 2.117826
 -1.947787 3.285814 -1.736839
 -1.884956 3.124517 -2.576938
 -1.822124 2.971103 -3.131098
 -1.759292 2.651117 -7.010543
 -1.696460 2.153811 -8.418829
 -1.633628 1.649742 -7.035099
 -1.570796 1.291729 -4.814970
 -1.507964 1.017723 -3.687490
 -1.445133 0.852122 -1.827316
 -1.382301 0.750313 -1.158541
 -1.319469 0.823592 4.200634
 -1.256637 1.273284 9.611326
 -1.193805 1.991852 13.035267
 -1.130973 2.930205 17.168555
 -1.068142 4.116757 19.180884
 -1.005310 5.248423 17.714160
 -0.942478 6.560383 24.826027
 -0.879646 8.348319 31.343745
 -0.816814 10.442965 34.473278
 -0.753982 12.634223 34.957919
 -0.691150 14.875754 35.694764
 -0.628319 17.049344 32.964404
 -0.565487 19.176539 35.532283
 -0.502655 21.533404 38.273949
 -0.439823 23.902414 36.306841
 -0.376991 26.097215 33.111004
 -0.314159 28.101068 30.950428
 -0.251327 30.082092 31.720208
 -0.188496 32.009294 28.383226
 -0.125664 33.612644 22.597621
 -0.062832 34.864405 16.549417
 0.000000 35.626819 7.065296
 0.062832 35.750735 -2.941624
 0.125664 35.251926 -13.438794
 0.188496 34.065053 -23.637177
 0.251327 32.381153 -29.677375
 0.314159 30.300558 -36.911023
 0.376991 27.763061 -43.081040
 0.439823 25.004635 -44.161762
 0.502655 22.247753 -43.167819
 0.565487 19.635406 -39.836704
 0.628319 17.199013 -38.398339
 0.691150 14.783442 -37.723237
 0.753982 12.606589 -30.826359
 0.816814 10.895646 -24.190460
 0.879646 9.528159 -19.411256
 0.942478 8.461839 -14.187269
 1.005310 7.812861 -6.090630
 1.068142 7.712817 2.776701
 1.130973 8.131147 10.490477
 1.193805 9.073293 19.639236
 1.256637 10.574677 27.913950
 1.319469 12.629906 37.762793
 1.382301 15.315665 46.648188
 1.445133 18.401051 50.541332
 1.507964 21.773958 57.060201
 1.570796 25.709864 66.795640
 1.633628 30.099808 69.780906
 1.696460 34.562897 69.657534
 1.759292 38.964360 67.416357
 1.822124 43.122520 62.207219
 1.884956 46.904888 55.974014
 1.947787 50.246413 48.666257
 2.010619 53.059347 39.717765
 2.073451 55.261535 29.345066
 2.136283 56.777808 18.917298
 2.199115 57.591959 5.546655
 2.261947 57.449957 -9.081298
 2.324779 56.549856 -20.052099
 2.387610 54.873785 -32.875248
 2.450442 52.505820 -42.036819
 2.513274 49.653445 -48.381611
 2.576106 46.400356 -55.303806
 2.638938 42.764751 -59.730118
 2.701770 38.951990 -61.373433
 2.764602 35.013573 -64.228128
 2.827433 30.969164 -63.335924
 2.890265 27.116482 -59.430376
 2.953097 23.457958 -57.197321
 3.015929 19.919266 -55.431746
 3.078761 16.566384 -50.341648
