#! FIELDS psi2 ffpsi2 dffpsi2_psi2
#! SET min_psi2 -pi
#! SET max_psi2 pi
#! SET nbins_psi2  100
#! SET periodic_psi2 true
 -3.141593 13.182327 24.339523
 -3.078761 14.749262 25.149376
 -3.015929 16.279064 22.614024
 -2.953097 17.485024 14.923299
 -2.890265 18.331629 14.781894
 -2.827433 19.363030 13.199995
 -2.764602 19.425652 -10.270890
 -2.701770 18.468767 -18.775900
 -2.638938 17.174527 -21.157249
 -2.576106 15.910033 -19.511696
 -2.513274 14.626187 -21.414400
 -2.450442 13.307374 -20.086878
 -2.387610 12.037915 -21.359512
 -2.324779 10.591326 -23.436119
 -2.261947 9.371628 -14.239619
 -2.199115 8.579733 -14.085792
 -2.136283 7.546563 -16.887992
 -2.073451 6.539316 -16.320485
 -2.010619 5.445962 -17.081515
 -1.947787 4.576095 -10.603249
 -1.884956 3.995022 -8.467561
 -1.822124 3.516825 -6.602411
 -1.759292 3.223151 -2.659540
 -1.696460 2.995329 -6.485011
 -1.633628 2.439968 -9.327900
 -1.570796 2.068872 -1.581874
 -1.507964 2.102320 0.706121
 -1.445133 2.147081 1.891941
 -1.382301 2.363442 3.735341
 -1.319469 2.519715 2.352222
 -1.256637 2.890445 9.416852
 -1.193805 3.337244 1.616631
 -1.130973 3.253950 -0.745181
 -1.068142 3.347614 2.173295
 -1.005310 3.447485 1.837705
 -0.942478 3.747539 8.446908
 -0.879646 4.394684 9.873352
 -0.816814 4.731603 -0.367352
 -0.753982 4.439217 -6.899823
 -0.691150 4.147413 -0.561725
 -0.628319 4.385269 6.400698
 -0.565487 4.741703 4.333059
 -0.502655 5.037508 6.359266
 -0.439823 5.583887 10.109674
 -0.376991 6.086076 3.772054
 -0.314159 5.975169 -5.831618
 -0.251327 5.474664 -10.792892
 -0.188496 4.796055 -6.934444
 -0.125664 4.951439 12.154266
 -0.062832 5.823549 6.254744
 0.000000 5.266257 -14.498036
 0.062832 5.160710 13.595362
 0.125664 6.566923 24.730683
 0.188496 7.847922 16.006056
 0.251327 8.495832 3.391560
 0.314159 8.374395 -4.987274
 0.376991 8.130164 -2.069504
 0.439823 7.992989 -4.412974
 0.502655 7.536180 -7.898347
 0.565487 7.189992 -4.171484
 0.628319 6.849303 -6.199920
 0.691150 6.516852 -4.754600
 0.753982 6.213018 -4.390105
 0.816814 5.930115 -6.436630
 0.879646 5.348318 -9.912243
 0.942478 4.934556 -3.113805
 1.005310 4.912370 2.749806
 1.068142 5.409362 13.552164
 1.130973 6.385763 13.673729
 1.193805 6.924044 4.971876
 1.256637 7.132664 0.379443
 1.319469 6.887056 -6.055515
 1.382301 6.810002 5.106215
 1.445133 7.270149 5.577903
 1.507964 7.330349 -2.533551
 1.570796 6.990257 -8.729961
 1.633628 6.427553 -7.129842
 1.696460 6.064982 -6.005895
 1.759292 5.583985 -9.631431
 1.822124 4.874742 -11.668514
 1.884956 4.263323 -7.748287
 1.947787 3.834871 -6.256549
 2.010619 3.477201 -5.385462
 2.073451 3.077786 -7.667969
 2.136283 2.566214 -7.846882
 2.199115 2.141976 -6.443538
 2.261947 1.597221 -11.074073
 2.324779 0.902427 -9.102949
 2.387610 0.758294 6.020703
 2.450442 1.449160 11.518574
 2.513274 1.799328 -0.404231
 2.576106 1.814210 5.393587
 2.638938 2.659409 18.675337
 2.701770 3.712867 13.461597
 2.764602 4.535770 15.593959
 2.827433 5.869149 25.302270
 2.890265 7.319234 19.273423
 2.953097 8.550907 22.453302
 3.015929 10.127083 25.454390
 3.078761 11.658947 23.952996
