#! FIELDS psi2 ffpsi2 dffpsi2_psi2
#! SET min_psi2 -pi
#! SET max_psi2 pi
#! SET nbins_psi2  100
#! SET periodic_psi2 true
 -3.141593 15.523188 27.804936
 -3.078761 17.606526 34.705447
 -3.015929 19.535982 25.648576
 -2.953097 20.908387 19.324257
 -2.890265 22.114052 18.735407
 -2.827433 23.191972 15.179634
 -2.764602 24.077829 12.553941
 -2.701770 24.442803 -4.159395
 -2.638938 23.524367 -23.071824
 -2.576106 21.974436 -22.822312
 -2.513274 20.778050 -16.445770
 -2.450442 19.885388 -10.361050
 -2.387610 19.447166 -9.119519
 -2.324779 17.899621 -38.349262
 -2.261947 15.460064 -34.910013
 -2.199115 13.868725 -14.106306
 -2.136283 13.341340 -10.951727
 -2.073451 12.000409 -25.589055
 -2.010619 10.797777 -12.900348
 -1.947787 10.019679 -13.046576
 -1.884956 9.395130 -5.997941
 -1.822124 9.037681 -6.145361
 -1.759292 8.809622 -0.660208
 -1.696460 8.806341 -0.799641
 -1.633628 8.522746 -8.912526
 -1.570796 8.040307 -2.324949
 -1.507964 8.271216 5.184382
 -1.445133 8.184304 -6.571238
 -1.382301 7.944447 1.063303
 -1.319469 8.346765 11.411925
 -1.256637 9.195220 11.928157
 -1.193805 9.479489 -1.948797
 -1.130973 9.319436 -2.241770
 -1.068142 9.153163 -1.368645
 -1.005310 9.435876 9.419018
 -0.942478 9.893007 2.693674
 -0.879646 9.832634 -2.542462
 -0.816814 9.896223 5.929583
 -0.753982 10.472117 9.816654
 -0.691150 10.873583 2.568286
 -0.628319 10.922270 0.101934
 -0.565487 10.972485 1.385632
 -0.502655 10.852147 -6.797882
 -0.439823 10.448362 -3.591624
 -0.376991 10.112962 -8.904947
 -0.314159 9.741856 -0.804997
 -0.251327 9.895835 6.639967
 -0.188496 10.830310 20.555412
 -0.125664 11.676597 4.967333
 -0.062832 11.933598 2.990042
 0.000000 11.597658 -13.627877
 0.062832 11.013421 1.528306
 0.125664 11.930483 22.644145
 0.188496 12.905069 4.997585
 0.251327 12.959827 0.375847
 0.314159 12.984488 -0.577617
 0.376991 12.957256 -0.230209
 0.439823 12.694075 -10.339238
 0.502655 11.834741 -13.848178
 0.565487 10.942041 -17.636073
 0.628319 9.595788 -21.182499
 0.691150 8.720424 -6.896270
 0.753982 8.399237 -3.676660
 0.816814 8.555195 7.859597
 0.879646 8.626154 -8.793004
 0.942478 8.082727 -3.250536
 1.005310 8.324543 7.901420
 1.068142 8.507957 -4.594160
 1.130973 7.982042 -8.069258
 1.193805 7.827466 2.912123
 1.256637 8.062021 2.380760
 1.319469 7.972899 -6.568956
 1.382301 7.272378 -13.074780
 1.445133 6.676465 -4.223181
 1.507964 6.705248 1.780132
 1.570796 6.367429 -13.559276
 1.633628 5.121789 -26.540206
 1.696460 3.288905 -26.174115
 1.759292 2.136941 -12.937055
 1.822124 1.534476 -2.563952
 1.884956 2.153520 19.155543
 1.947787 2.902482 -0.230185
 2.010619 2.423786 -13.114746
 2.073451 1.482223 -13.117373
 2.136283 1.195308 4.491255
 2.199115 1.365730 -8.820016
 2.261947 -0.000460 -26.587320
 2.324779 -1.248036 -9.328797
 2.387610 -0.761877 26.016888
 2.450442 1.617003 41.986818
 2.513274 3.764278 25.711850
 2.576106 5.119633 17.949308
 2.638938 5.271978 -23.206555
 2.701770 2.594319 -52.227230
 2.764602 -0.672769 -45.201182
 2.827433 -2.151155 2.651798
 2.890265 -0.103813 62.920959
 2.953097 5.645950 115.998927
 3.015929 12.891089 23.432938
 3.078761 14.199716 17.437265
