#! FIELDS psi4 ffpsi4 dffpsi4_psi4
#! SET min_psi4 -pi
#! SET max_psi4 pi
#! SET nbins_psi4  100
#! SET periodic_psi4 true
 -3.141593 7.870100 23.521153
 -3.078761 9.236992 13.680868
 -3.015929 9.432461 -0.205336
 -2.953097 10.116814 24.659786
 -2.890265 12.270198 39.122009
 -2.827433 14.888522 44.559957
 -2.764602 17.066546 17.830086
 -2.701770 17.996679 16.705735
 -2.638938 19.072076 18.052767
 -2.576106 20.463970 27.321520
 -2.513274 23.010648 58.787692
 -2.450442 27.802759 79.046677
 -2.387610 30.284610 4.510715
 -2.324779 29.859913 -12.794148
 -2.261947 29.324932 -5.460069
 -2.199115 28.319114 -27.491220
 -2.136283 26.195565 -43.815342
 -2.073451 22.963397 -48.656537
 -2.010619 21.057679 -9.280672
 -1.947787 21.621462 20.599937
 -1.884956 22.163636 -12.717527
 -1.822124 19.819523 -56.126253
 -1.759292 16.487176 -42.548301
 -1.696460 14.908104 -5.613820
 -1.633628 15.901019 35.861389
 -1.570796 18.497219 29.460950
 -1.507964 18.126932 -27.230922
 -1.445133 16.701934 -18.026046
 -1.382301 15.290187 -27.369902
 -1.319469 13.806109 -16.831082
 -1.256637 13.205333 -3.107790
 -1.193805 13.270334 2.368093
 -1.130973 12.887461 -19.466014
 -1.068142 10.789993 -40.040623
 -1.005310 8.942266 -14.770894
 -0.942478 8.676411 0.864475
 -0.879646 8.873338 7.187609
 -0.816814 9.033479 -10.158209
 -0.753982 7.997397 -13.586651
 -0.691150 7.620960 -3.598199
 -0.628319 6.852893 -18.494757
 -0.565487 5.970936 -9.095430
 -0.502655 5.181413 -20.626703
 -0.439823 3.200291 -38.261766
 -0.376991 1.469488 -9.889674
 -0.314159 2.098849 24.184335
 -0.251327 3.130910 4.490427
 -0.188496 3.539554 12.456501
 -0.125664 4.451968 14.610456
 -0.062832 5.327642 11.252584
 0.000000 5.680874 1.243941
 0.062832 5.532154 -8.226107
 0.125664 4.714865 -12.214837
 0.188496 4.679752 12.795285
 0.251327 5.903423 18.400505
 0.314159 6.380379 -0.275876
 0.376991 6.551515 8.073256
 0.439823 7.025949 1.912852
 0.502655 7.013547 2.010111
 0.565487 7.001617 -6.434065
 0.628319 6.645769 0.406391
 0.691150 6.809881 -4.108118
 0.753982 5.679227 -24.707844
 0.816814 4.698861 -2.742282
 0.879646 5.336247 20.487919
 0.942478 6.761713 19.669045
 1.005310 7.568362 7.618786
 1.068142 7.625007 -8.044578
 1.130973 6.948570 -7.717657
 1.193805 6.936620 5.169519
 1.256637 7.246263 3.259206
 1.319469 7.143856 -5.467314
 1.382301 7.364222 17.531456
 1.445133 8.880328 18.041734
 1.507964 9.231754 4.601562
 1.570796 9.989253 12.455399
 1.633628 10.288461 2.583061
 1.696460 10.478723 -3.516976
 1.759292 9.813166 -7.681559
 1.822124 10.327363 23.104774
 1.884956 11.571609 2.585075
 1.947787 10.669846 -19.355378
 2.010619 9.877517 -8.700130
 2.073451 8.660193 -31.153339
 2.136283 6.948403 -18.832396
 2.199115 5.896765 -18.265022
 2.261947 5.081580 -3.454081
 2.324779 4.750590 -24.085562
 2.387610 2.044591 -42.893189
 2.450442 0.542000 -4.514400
 2.513274 0.683424 -6.957441
 2.576106 -0.982886 -28.282679
 2.638938 -1.357849 18.302455
 2.701770 0.278967 9.496489
 2.764602 -0.918743 -22.432990
 2.827433 -1.017352 18.674975
 2.890265 0.511796 20.697307
 2.953097 1.728886 25.196862
 3.015929 3.980782 43.416072
 3.078761 6.391258 28.210385
