#! FIELDS psi3 ffpsi3 dffpsi3_psi3
#! SET min_psi3 -pi
#! SET max_psi3 pi
#! SET nbins_psi3  100
#! SET periodic_psi3 true
 -3.141593 8.675663 13.748328
 -3.078761 9.683234 18.392465
 -3.015929 10.992891 22.751195
 -2.953097 12.438212 22.363566
 -2.890265 13.830909 22.584723
 -2.827433 15.318330 24.190705
 -2.764602 16.805735 22.429842
 -2.701770 18.142097 20.575219
 -2.638938 19.458182 20.839646
 -2.576106 20.676393 17.203413
 -2.513274 21.639592 14.242582
 -2.450442 22.602537 16.135932
 -2.387610 23.451036 9.494758
 -2.324779 23.959077 8.455376
 -2.261947 24.539765 9.175826
 -2.199115 25.085180 8.459157
 -2.136283 25.649462 9.399492
 -2.073451 26.215182 8.146056
 -2.010619 26.701045 7.826147
 -1.947787 27.207933 7.669585
 -1.884956 27.635051 6.224875
 -1.822124 28.046711 7.096325
 -1.759292 28.505665 6.290524
 -1.696460 28.597396 -5.251998
 -1.633628 27.821223 -17.594950
 -1.570796 26.670591 -18.367427
 -1.507964 25.380872 -23.542186
 -1.445133 23.873649 -22.332547
 -1.382301 22.600637 -21.233413
 -1.319469 20.518029 -46.796613
 -1.256637 17.534758 -40.273966
 -1.193805 15.841559 -15.760696
 -1.130973 14.773336 -23.478095
 -1.068142 13.059366 -28.823054
 -1.005310 11.120996 -32.223677
 -0.942478 9.267029 -24.711988
 -0.879646 8.262649 -5.942404
 -0.816814 8.343460 3.545507
 -0.753982 8.004013 -17.875621
 -0.691150 6.046747 -40.022614
 -0.628319 3.835680 -25.083444
 -0.565487 3.084769 -1.357364
 -0.502655 2.917860 -9.893286
 -0.439823 2.007558 -12.267553
 -0.376991 1.873596 6.533169
 -0.314159 1.989517 -10.929475
 -0.251327 0.678081 -21.546063
 -0.188496 -0.010611 0.018027
 -0.125664 0.548888 16.469109
 -0.062832 1.062844 -14.523188
 0.000000 -0.535704 -19.029036
 0.062832 -0.556625 16.209469
 0.125664 0.762074 18.748181
 0.188496 1.384249 0.992065
 0.251327 0.988518 -9.978130
 0.314159 0.814241 7.586321
 0.376991 1.808738 19.839870
 0.439823 2.853040 12.284779
 0.502655 3.438197 7.123196
 0.565487 3.813864 4.902231
 0.628319 4.065468 2.991497
 0.691150 4.200646 1.845735
 0.753982 4.424648 5.932775
 0.816814 4.873756 6.725493
 0.879646 5.186021 3.891629
 0.942478 5.431023 3.542289
 1.005310 5.609980 2.461378
 1.068142 5.798420 3.762129
 1.130973 6.081619 4.756438
 1.193805 6.339590 3.633171
 1.256637 6.635045 6.088598
 1.319469 7.051585 6.345206
 1.382301 7.361005 3.183013
 1.445133 7.444577 -0.504338
 1.507964 7.372192 -0.744458
 1.570796 7.421957 1.697214
 1.633628 7.480687 -0.134190
 1.696460 7.431772 -1.232644
 1.759292 7.341229 -1.753673
 1.822124 7.139209 -5.508684
 1.884956 6.724031 -5.635985
 1.947787 6.597362 0.879003
 2.010619 6.633561 -0.561366
 2.073451 6.551122 -1.948684
 2.136283 6.384733 -3.238981
 2.199115 6.165064 -3.808487
 2.261947 5.900339 -4.675285
 2.324779 5.599733 -4.306295
 2.387610 5.438469 -0.963611
 2.450442 5.359162 -2.555666
 2.513274 5.141796 -3.227056
 2.576106 5.045919 -0.177293
 2.638938 5.077495 1.545720
 2.701770 5.268397 3.882792
 2.764602 5.473023 2.283666
 2.827433 5.594135 2.387600
 2.890265 5.889635 7.363723
 2.953097 6.480108 10.751207
 3.015929 7.194140 11.641748
 3.078761 7.911414 11.171019
