#! FIELDS psi2 ffpsi2 dffpsi2_psi2
#! SET min_psi2 -pi
#! SET max_psi2 pi
#! SET nbins_psi2  100
#! SET periodic_psi2 true
 -3.141593 13.942508 43.627227
 -3.078761 16.892526 49.140072
 -3.015929 20.091946 51.772317
 -2.953097 23.465843 54.294920
 -2.890265 26.911686 54.423702
 -2.827433 30.413685 55.796820
 -2.764602 33.995980 57.515895
 -2.701770 37.642448 54.249191
 -2.638938 40.726569 47.341373
 -2.576106 44.554504 78.585312
 -2.513274 51.048300 128.953998
 -2.450442 61.143108 183.244497
 -2.387610 inf nan
 -2.324779 inf nan
 -2.261947 inf nan
 -2.199115 inf nan
 -2.136283 inf nan
 -2.073451 inf nan
 -2.010619 inf nan
 -1.947787 inf nan
 -1.884956 inf nan
 -1.822124 inf nan
 -1.759292 inf nan
 -1.696460 inf nan
 -1.633628 inf nan
 -1.570796 inf nan
 -1.507964 inf nan
 -1.445133 68.141825 -223.384303
 -1.382301 55.804448 -165.981063
 -1.319469 47.132846 -110.754392
 -1.256637 41.737610 -62.884933
 -1.193805 38.823230 -34.426129
 -1.130973 36.977336 -24.867766
 -1.068142 35.669285 -19.626319
 -1.005310 34.119319 -28.866962
 -0.942478 32.459825 -22.013616
 -0.879646 31.245881 -18.827278
 -0.816814 29.984931 -20.850628
 -0.753982 28.633167 -22.679807
 -0.691150 27.068798 -27.751253
 -0.628319 25.135849 -32.518343
 -0.565487 23.211408 -27.641976
 -0.502655 21.605753 -25.165180
 -0.439823 19.874914 -30.067523
 -0.376991 17.958921 -28.917618
 -0.314159 16.475997 -17.788130
 -0.251327 15.579184 -12.830647
 -0.188496 14.625010 -18.405716
 -0.125664 13.456590 -15.554078
 -0.062832 12.820565 -7.637039
 0.000000 12.010052 -17.316286
 0.062832 11.245057 -3.790999
 0.125664 11.399704 4.655986
 0.188496 11.414341 -6.030527
 0.251327 10.742935 -10.863043
 0.314159 10.482072 1.828303
 0.376991 10.473855 -5.684729
 0.439823 9.897474 -9.047379
 0.502655 9.454400 -8.013729
 0.565487 8.710418 -12.270816
 0.628319 8.273306 -2.611640
 0.691150 8.099283 -3.239838
 0.753982 8.017471 0.474398
 0.816814 8.002004 -1.183138
 0.879646 7.950094 -0.738656
 0.942478 7.704726 -8.083604
 1.005310 7.202431 -5.016507
 1.068142 7.062365 -2.029513
 1.130973 6.809524 -4.600477
 1.193805 6.637878 -1.042191
 1.256637 6.618224 -0.471431
 1.319469 6.397875 -6.861442
 1.382301 5.960714 -5.765069
 1.445133 5.673833 -3.790957
 1.507964 5.381602 -7.078345
 1.570796 4.729334 -11.950640
 1.633628 4.140248 -6.566145
 1.696460 3.677826 -9.900167
 1.759292 2.970071 -11.211752
 1.822124 2.272724 -11.713410
 1.884956 1.554401 -9.630365
 1.947787 1.195420 -2.143455
 2.010619 1.051854 -4.657993
 2.073451 0.630521 -6.113973
 2.136283 0.542488 2.853431
 2.199115 0.700505 0.746512
 2.261947 0.751931 0.838440
 2.324779 0.479850 -10.418612
 2.387610 -0.150453 -6.673099
 2.450442 -0.341825 -0.578987
 2.513274 -0.422024 -4.627979
 2.576106 -0.914326 -6.319324
 2.638938 -0.695570 13.871692
 2.701770 0.570505 23.673247
 2.764602 2.148055 26.830482
 2.827433 3.954520 29.255372
 2.890265 5.524257 19.239793
 2.953097 6.737940 23.509210
 3.015929 8.726196 38.614248
 3.078761 11.301579 41.193292
