#! FIELDS phi4 ffphi4 dffphi4_phi4
#! SET min_phi4 -pi
#! SET max_phi4 pi
#! SET nbins_phi4  100
#! SET periodic_phi4 true
 -3.141593 13.440172 -49.862958
 -3.078761 10.603489 -40.511707
 -3.015929 8.244018 -35.433278
 -2.953097 6.147820 -30.854744
 -2.890265 4.370413 -25.858374
 -2.827433 2.939389 -19.349319
 -2.764602 1.877041 -15.414262
 -2.701770 1.006328 -11.164180
 -2.638938 0.589310 -2.105851
 -2.576106 0.648888 2.705738
 -2.513274 0.753596 -0.056791
 -2.450442 0.796414 3.562705
 -2.387610 1.276239 10.155306
 -2.324779 1.835384 6.738008
 -2.261947 2.177317 5.134498
 -2.199115 2.583941 7.629476
 -2.136283 3.024979 5.607225
 -2.073451 3.286166 2.920752
 -2.010619 3.418843 1.241735
 -1.947787 3.403000 -2.204040
 -1.884956 3.133612 -6.020900
 -1.822124 2.742248 -5.689709
 -1.759292 2.455167 -3.911770
 -1.696460 2.137628 -6.801027
 -1.633628 1.650283 -7.975409
 -1.570796 1.160831 -7.947919
 -1.507964 0.650555 -7.494113
 -1.445133 0.378586 -0.505757
 -1.382301 0.480994 2.037039
 -1.319469 0.605751 3.250822
 -1.256637 0.966765 7.577921
 -1.193805 1.525757 10.812766
 -1.130973 2.413389 17.499866
 -1.068142 3.662183 21.239912
 -1.005310 5.027525 22.457637
 -0.942478 6.560037 26.138282
 -0.879646 8.248105 27.050011
 -0.816814 10.034435 30.549690
 -0.753982 12.142570 35.749292
 -0.691150 14.429287 36.224279
 -0.628319 16.743032 37.491622
 -0.565487 19.133763 37.212364
 -0.502655 21.385405 34.571784
 -0.439823 23.588750 35.496841
 -0.376991 25.900104 37.503026
 -0.314159 28.194456 34.097459
 -0.251327 30.209139 30.128336
 -0.188496 32.027359 27.473702
 -0.125664 33.661773 23.680864
 -0.062832 34.918503 15.788854
 0.000000 35.688104 8.597931
 0.062832 35.917806 -2.427568
 0.125664 35.304317 -16.876971
 0.188496 33.955101 -24.946302
 0.251327 32.171873 -32.200363
 0.314159 29.969068 -37.117226
 0.376991 27.499997 -41.923366
 0.439823 24.754648 -44.454555
 0.502655 21.983137 -43.611567
 0.565487 19.264489 -43.093331
 0.628319 16.624951 -39.859651
 0.691150 14.321278 -33.878938
 0.753982 12.293800 -30.756123
 0.816814 10.493421 -26.323695
 0.879646 8.999358 -20.958478
 0.942478 7.923831 -12.781394
 1.005310 7.403168 -4.192670
 1.068142 7.369416 3.411804
 1.130973 7.867654 12.212538
 1.193805 8.866211 19.637265
 1.256637 10.386256 28.736109
 1.319469 12.436688 35.931451
 1.382301 14.930060 43.738001
 1.445133 18.023810 54.411276
 1.507964 21.745103 62.260467
 1.570796 25.807298 64.886944
 1.633628 29.957859 65.212701
 1.696460 34.206042 68.511994
 1.759292 38.645415 69.510279
 1.822124 42.914524 62.956813
 1.884956 46.709596 56.375639
 1.947787 50.138370 50.789678
 2.010619 53.088678 41.649274
 2.073451 55.452796 33.256150
 2.136283 57.225819 21.002839
 2.199115 57.972192 3.012681
 2.261947 57.760196 -8.986703
 2.324779 56.878662 -19.379079
 2.387610 55.264134 -32.048166
 2.450442 52.922487 -42.064149
 2.513274 50.022981 -49.612118
 2.576106 46.746275 -54.457113
 2.638938 43.175463 -59.315256
 2.701770 39.321125 -62.724028
 2.764602 35.368307 -62.572280
 2.827433 31.466741 -62.052753
 2.890265 27.525934 -62.891582
 2.953097 23.686724 -58.594008
 3.015929 20.159395 -54.319735
 3.078761 16.756101 -54.272104
