#! FIELDS psi2 ffpsi2 dffpsi2_psi2
#! SET min_psi2 -pi
#! SET max_psi2 pi
#! SET nbins_psi2  100
#! SET periodic_psi2 true
 -3.141593 14.736952 28.801329
 -3.078761 16.557170 35.647612
 -3.015929 19.851998 70.703601
 -2.953097 25.435769 103.384712
 -2.890265 32.290107 100.057563
 -2.827433 38.000024 69.808753
 -2.764602 38.589609 -57.033811
 -2.701770 34.597109 -50.013591
 -2.638938 33.072893 0.250306
 -2.576106 33.702942 6.937502
 -2.513274 33.483152 -7.092548
 -2.450442 32.957120 -15.892480
 -2.387610 31.060222 -39.700120
 -2.324779 28.678956 -33.033364
 -2.261947 27.057865 -19.176780
 -2.199115 26.013716 -16.006494
 -2.136283 25.035388 -14.125911
 -2.073451 24.307821 -9.331012
 -2.010619 23.726943 -10.268416
 -1.947787 23.025820 -11.391243
 -1.884956 22.352503 -9.606650
 -1.822124 21.856217 -6.195011
 -1.759292 21.557863 -3.698642
 -1.696460 21.321762 -4.219554
 -1.633628 21.050427 -4.012983
 -1.570796 20.846825 -2.426245
 -1.507964 20.772517 0.476877
 -1.445133 20.904729 2.785631
 -1.382301 21.017515 0.864063
 -1.319469 21.054716 0.001396
 -1.256637 21.022881 -0.064398
 -1.193805 21.139502 3.266052
 -1.130973 21.322354 2.378774
 -1.068142 21.523007 4.606346
 -1.005310 21.897527 6.373703
 -0.942478 22.165774 1.533975
 -0.879646 22.200140 0.891580
 -0.816814 22.377554 4.807970
 -0.753982 22.744498 5.926649
 -0.691150 23.042972 3.536120
 -0.628319 23.222126 1.039132
 -0.565487 22.464165 -32.276228
 -0.502655 19.877710 -37.225597
 -0.439823 18.472428 -9.384042
 -0.376991 18.141034 -4.152616
 -0.314159 17.704374 -12.053377
 -0.251327 16.903542 -9.729743
 -0.188496 16.027741 -25.237541
 -0.125664 14.198932 -23.075178
 -0.062832 13.630888 1.911358
 0.000000 13.532685 -9.711936
 0.062832 12.778565 -9.441161
 0.125664 12.432637 -4.912970
 0.188496 11.906534 -10.328224
 0.251327 11.354312 -6.857563
 0.314159 11.045570 -2.567173
 0.376991 10.996982 -1.115649
 0.439823 10.663582 -9.139270
 0.502655 10.107340 -7.136074
 0.565487 9.682707 -7.778076
 0.628319 9.190196 -6.346228
 0.691150 8.977131 -0.680244
 0.753982 9.002829 -0.011580
 0.816814 8.782834 -7.509125
 0.879646 8.189747 -9.444927
 0.942478 7.837749 -1.128108
 1.005310 7.859005 -0.592827
 1.068142 7.700445 -3.121495
 1.130973 7.608072 0.250476
 1.193805 7.650605 -0.103475
 1.256637 7.497703 -4.502225
 1.319469 7.154760 -6.332373
 1.382301 6.711167 -7.532104
 1.445133 6.251955 -6.752100
 1.507964 5.894086 -4.764125
 1.570796 5.563131 -6.927441
 1.633628 4.973966 -11.215239
 1.696460 4.222701 -12.638940
 1.759292 3.407286 -12.975219
 1.822124 2.639580 -11.084237
 1.884956 2.044469 -7.975097
 1.947787 1.612218 -5.822875
 2.010619 1.318470 -3.619189
 2.073451 1.147353 -2.089240
 2.136283 0.964682 -4.631068
 2.199115 0.548436 -8.039634
 2.261947 0.044935 -7.598149
 2.324779 -0.406585 -6.913459
 2.387610 -0.793253 -4.906633
 2.450442 -0.978272 -0.989665
 2.513274 -0.929450 2.624148
 2.576106 -0.612557 7.519319
 2.638938 -0.004515 11.602866
 2.701770 0.850064 15.783602
 2.764602 2.017587 21.274673
 2.827433 3.477599 24.796246
 2.890265 5.173889 29.194730
 2.953097 7.134862 33.486623
 3.015929 9.552631 43.647387
 3.078761 12.413590 43.790072
