#! FIELDS psi4 ffpsi4 dffpsi4_psi4
#! SET min_psi4 -pi
#! SET max_psi4 pi
#! SET nbins_psi4  100
#! SET periodic_psi4 true
 -3.141593 4.396956 16.145982
 -3.078761 5.418804 20.115311
 -3.015929 7.057576 29.573274
 -2.953097 8.899194 28.817558
 -2.890265 10.655877 25.858161
 -2.827433 12.152291 22.883499
 -2.764602 13.776493 28.217451
 -2.701770 15.281954 17.248470
 -2.638938 16.157647 12.447849
 -2.576106 17.059795 19.418967
 -2.513274 18.705870 26.599254
 -2.450442 19.171943 -11.279836
 -2.387610 18.763049 7.205627
 -2.324779 20.070379 23.881590
 -2.261947 20.667852 1.399752
 -2.199115 20.778629 -1.866682
 -2.136283 20.568534 0.328601
 -2.073451 20.887529 6.401257
 -2.010619 21.167955 2.351590
 -1.947787 21.288144 4.086177
 -1.884956 21.751593 5.097989
 -1.822124 21.159800 -22.796862
 -1.759292 19.577908 -22.555525
 -1.696460 18.712292 -5.353772
 -1.633628 18.246959 -16.051379
 -1.570796 16.905951 -19.770023
 -1.507964 16.045724 -10.390872
 -1.445133 15.205368 -16.880072
 -1.382301 14.154318 -15.150917
 -1.319469 13.181167 -17.348244
 -1.256637 12.052637 -17.542541
 -1.193805 10.873182 -20.400107
 -1.130973 9.827738 -9.747178
 -1.068142 9.586661 -2.096267
 -1.005310 9.126661 -12.211608
 -0.942478 8.221528 -16.798190
 -0.879646 7.102524 -16.490564
 -0.816814 6.225313 -13.682449
 -0.753982 5.186746 -17.957166
 -0.691150 4.244276 -11.184761
 -0.628319 3.694651 -7.814579
 -0.565487 3.170220 -8.332495
 -0.502655 2.741583 -5.035057
 -0.439823 2.560325 -0.763879
 -0.376991 2.549334 -0.802311
 -0.314159 2.460155 -0.554839
 -0.251327 2.627862 5.338960
 -0.188496 2.928792 3.247716
 -0.125664 3.076837 2.050879
 -0.062832 3.292999 5.785609
 0.000000 3.777795 7.868000
 0.062832 4.121021 3.138553
 0.125664 4.290137 3.154038
 0.188496 4.576208 5.764420
 0.251327 4.941019 4.886066
 0.314159 5.092560 -0.082116
 0.376991 5.098768 1.702864
 0.439823 5.303880 3.656437
 0.502655 5.465384 1.029841
 0.565487 5.388268 -3.233063
 0.628319 5.176503 -2.843418
 0.691150 5.079400 -0.109320
 0.753982 5.041981 -2.880729
 0.816814 4.724872 -5.349994
 0.879646 4.518337 -1.237785
 0.942478 4.551365 2.053861
 1.005310 4.698000 2.037055
 1.068142 4.857760 3.776262
 1.130973 5.224526 7.998557
 1.193805 5.777099 7.987823
 1.256637 6.195592 6.442605
 1.319469 6.631786 6.625483
 1.382301 6.936607 3.022215
 1.445133 7.142201 4.515533
 1.507964 7.488938 5.366093
 1.570796 7.669998 0.141445
 1.633628 7.724199 3.472290
 1.696460 7.995556 1.761745
 1.759292 7.764261 -7.002903
 1.822124 7.421431 -3.457911
 1.884956 7.229148 -3.409163
 1.947787 7.009146 -3.434074
 2.010619 6.683802 -8.335081
 2.073451 5.971226 -13.065664
 2.136283 5.152315 -12.923866
 2.199115 4.303215 -14.372764
 2.261947 3.425170 -12.509129
 2.324779 2.771603 -8.825638
 2.387610 2.244751 -8.373542
 2.450442 1.683088 -9.291109
 2.513274 1.174689 -6.484156
 2.576106 0.826093 -4.881223
 2.638938 0.599275 -2.133636
 2.701770 0.545453 0.143710
 2.764602 0.597920 1.717791
 2.827433 0.826431 5.646247
 2.890265 1.242072 6.934149
 2.953097 1.662759 6.182693
 3.015929 2.115606 10.383520
 3.078761 3.148913 21.264013
