#! FIELDS psi ffpsi dffpsi_psi
#! SET min_psi -pi
#! SET max_psi pi
#! SET nbins_psi  500
#! SET periodic_psi true
 -3.141593 4.441669 18.255213
 -3.129026 4.676457 19.069812
 -3.116460 4.925039 20.372318
 -3.103894 5.192418 21.944318
 -3.091327 5.478862 23.344314
 -3.078761 5.778802 23.985381
 -3.066194 6.080148 23.592799
 -3.053628 6.370426 22.217494
 -3.041062 6.639813 20.402847
 -3.028495 6.886385 18.623211
 -3.015929 7.112594 17.197823
 -3.003363 7.323264 16.194068
 -2.990796 7.524681 15.626458
 -2.978230 7.723013 15.879501
 -2.965663 7.930786 17.093611
 -2.953097 8.160396 19.386344
 -2.940531 8.423731 22.433540
 -2.927964 8.727483 25.685436
 -2.915398 9.070620 28.609302
 -2.902832 9.445652 30.705835
 -2.890265 9.840167 31.554157
 -2.877699 10.236797 31.094229
 -2.865133 10.620116 29.451945
 -2.852566 10.978189 27.245843
 -2.840000 11.309285 25.109514
 -2.827433 11.617694 23.751197
 -2.814867 11.914966 23.301067
 -2.802301 12.211652 23.697020
 -2.789734 12.516989 24.611738
 -2.777168 12.835735 25.826269
 -2.764602 13.170326 27.118321
 -2.752035 13.520636 28.313480
 -2.739469 13.884456 29.237364
 -2.726902 14.257246 29.796807
 -2.714336 14.635106 29.892101
 -2.701770 15.012185 29.832169
 -2.689203 15.387925 29.609687
 -2.676637 15.760499 29.285455
 -2.664071 16.127789 28.775071
 -2.651504 16.486947 28.030908
 -2.638938 16.836179 27.193094
 -2.626371 17.176078 26.551002
 -2.613805 17.509884 26.317707
 -2.601239 17.842769 26.408740
 -2.588672 18.178366 26.688542
 -2.576106 18.518321 27.102596
 -2.563540 18.864168 27.580750
 -2.550973 19.216072 28.108988
 -2.538407 19.574143 28.527430
 -2.525840 19.935858 28.752123
 -2.513274 20.298861 28.624907
 -2.500708 20.658976 28.219531
 -2.488141 21.012318 27.668840
 -2.475575 21.357259 26.895265
 -2.463009 21.691350 25.911345
 -2.450442 22.012532 24.884687
 -2.437876 22.322031 24.135513
 -2.425310 22.625443 23.916602
 -2.412743 22.929431 24.173103
 -2.400177 23.236377 24.268762
 -2.387610 23.538681 23.273091
 -2.375044 23.818688 20.791257
 -2.362478 24.061340 17.517598
 -2.349911 24.266904 15.247045
 -2.337345 24.457469 15.204169
 -2.324779 24.661890 17.401460
 -2.312212 24.901416 20.537624
 -2.299646 25.178496 23.165365
 -2.287079 25.480519 24.398953
 -2.274513 25.789119 24.302638
 -2.261947 26.090806 23.426886
 -2.249380 26.380416 22.404606
 -2.236814 26.656994 21.500338
 -2.224248 26.920466 20.155997
 -2.211681 27.161985 17.687556
 -2.199115 27.363663 13.927127
 -2.186548 27.511562 9.235692
 -2.173982 27.602567 5.422578
 -2.161416 27.659766 4.106462
 -2.148849 27.722299 6.263328
 -2.136283 27.832862 11.503820
 -2.123717 28.020033 18.260575
 -2.111150 28.288645 24.014915
 -2.098584 28.611118 26.352133
 -2.086018 28.935636 24.461598
 -2.073451 29.215749 19.696235
 -2.060885 29.430626 14.575623
 -2.048318 29.585695 9.921740
 -2.035752 29.680820 5.003235
 -2.023186 29.707045 -1.262808
 -2.010619 29.648367 -8.095747
 -1.998053 29.505982 -14.656621
 -1.985487 29.290314 -19.664557
 -1.972920 29.022630 -22.549322
 -1.960354 28.734656 -22.614707
 -1.947787 28.468736 -19.090560
 -1.935221 28.267319 -12.537062
 -1.922655 28.159226 -4.703045
 -1.910088 28.142441 1.489355
 -1.897522 28.174795 2.592634
 -1.884956 28.174609 -3.922178
 -1.872389 28.050448 -16.449885
 -1.859823 27.762367 -28.729851
 -1.847256 27.357138 -34.435583
 -1.834690 26.927432 -32.805803
 -1.822124 26.552682 -26.386780
 -1.809557 26.271656 -18.286253
 -1.796991 26.088790 -11.156040
 -1.784425 25.980282 -6.598116
 -1.771858 25.908615 -5.368897
 -1.759292 25.832682 -7.124900
 -1.746726 25.722151 -10.548934
 -1.734159 25.565697 -14.193157
 -1.721593 25.367316 -17.157099
 -1.709026 25.136080 -19.458788
 -1.696460 24.879609 -21.270580
 -1.683894 24.603597 -22.543557
 -1.671327 24.314586 -23.379339
 -1.658761 24.016282 -24.104194
 -1.646195 23.707553 -25.078696
 -1.633628 23.385584 -26.078019
 -1.621062 23.055046 -26.315749
 -1.608495 22.730092 -25.076728
 -1.595929 22.430972 -22.340803
 -1.583363 22.172252 -18.719548
 -1.570796 21.960003 -15.090259
 -1.558230 21.789753 -12.140452
 -1.545664 21.649613 -10.331844
 -1.533097 21.523818 -9.913858
 -1.520531 21.394297 -10.931110
 -1.507964 21.243510 -13.231752
 -1.495398 21.057621 -16.367447
 -1.482832 20.831938 -19.415781
 -1.470265 20.573530 -21.441382
 -1.457699 20.299282 -21.930667
 -1.445133 20.027391 -21.196197
 -1.432566 19.768470 -19.966675
 -1.420000 19.524497 -18.911799
 -1.407434 19.290728 -18.348601
 -1.394867 19.061411 -18.170093
 -1.382301 18.833314 -18.114433
 -1.369734 18.606335 -17.952096
 -1.357168 18.382872 -17.566364
 -1.344602 18.165708 -16.957771
 -1.332035 17.957223 -16.173823
 -1.319469 17.759421 -15.295325
 -1.306903 17.573278 -14.302304
 -1.294336 17.400584 -13.148414
 -1.281770 17.243169 -11.886120
 -1.269203 17.101457 -10.701611
 -1.256637 16.972216 -9.971624
 -1.244071 16.847517 -10.021573
 -1.231504 16.716636 -10.918569
 -1.218938 16.571153 -12.253657
 -1.206372 16.409404 -13.427773
 -1.193805 16.236542 -13.963129
 -1.181239 16.061462 -13.808151
 -1.168672 15.891527 -13.198409
 -1.156106 15.730605 -12.404845
 -1.143540 15.580103 -11.543770
 -1.130973 15.441054 -10.578322
 -1.118407 15.314839 -9.508141
 -1.105841 15.202184 -8.467927
 -1.093274 15.101186 -7.678181
 -1.080708 15.007393 -7.339666
 -1.068142 14.915030 -7.437052
 -1.055575 14.819833 -7.743727
 -1.043009 14.721382 -7.909112
 -1.030442 14.623204 -7.656817
 -1.017876 14.531271 -6.932937
 -1.005310 14.450572 -5.906871
 -0.992743 14.383219 -4.872568
 -0.980177 14.327594 -4.064607
 -0.967611 14.280081 -3.596032
 -0.955044 14.236440 -3.426015
 -0.942478 14.193466 -3.473973
 -0.929911 14.148968 -3.665498
 -0.917345 14.101585 -3.915765
 -0.904779 14.051115 -4.149624
 -0.892212 13.998216 -4.292606
 -0.879646 13.944318 -4.314285
 -0.867080 13.890952 -4.209717
 -0.854513 13.839513 -4.018085
 -0.841947 13.790971 -3.741330
 -0.829380 13.746424 -3.382719
 -0.816814 13.706834 -2.957522
 -0.804248 13.672910 -2.488554
 -0.791681 13.644987 -2.007453
 -0.779115 13.622964 -1.544267
 -0.766549 13.606358 -1.177781
 -0.753982 13.593413 -0.969693
 -0.741416 13.581728 -0.987681
 -0.728849 13.568399 -1.213262
 -0.716283 13.551437 -1.550823
 -0.703717 13.530297 -1.852189
 -0.691150 13.506235 -2.007299
 -0.678584 13.481398 -1.968522
 -0.666018 13.458046 -1.789208
 -0.653451 13.437332 -1.578928
 -0.640885 13.418656 -1.478655
 -0.628319 13.399892 -1.608148
 -0.615752 13.378041 -1.956872
 -0.603186 13.351037 -2.388324
 -0.590619 13.319111 -2.715375
 -0.578053 13.284437 -2.822021
 -0.565487 13.249736 -2.733492
 -0.552920 13.216557 -2.604726
 -0.540354 13.184399 -2.593956
 -0.527788 13.151137 -2.793140
 -0.515221 13.114119 -3.174637
 -0.502655 13.071644 -3.636779
 -0.490088 13.023438 -4.077084
 -0.477522 12.970081 -4.446020
 -0.464956 12.912334 -4.787738
 -0.452389 12.850190 -5.152430
 -0.439823 12.783135 -5.570001
 -0.427257 12.710707 -5.997007
 -0.414690 12.633110 -6.386037
 -0.402124 12.550991 -6.710059
 -0.389557 12.465155 -6.976927
 -0.376991 12.376230 -7.187685
 -0.364425 12.285279 -7.293753
 -0.351858 12.193881 -7.267577
 -0.339292 12.103392 -7.150381
 -0.326726 12.014293 -7.080477
 -0.314159 11.924630 -7.270272
 -0.301593 11.830097 -7.866522
 -0.289027 11.725564 -8.841618
 -0.276460 11.607523 -9.961823
 -0.263894 11.476152 -10.922690
 -0.251327 11.334503 -11.577677
 -0.238761 11.186499 -11.955312
 -0.226195 11.034661 -12.206619
 -0.213628 10.879477 -12.504612
 -0.201062 10.719993 -12.911474
 -0.188496 10.554724 -13.423113
 -0.175929 10.382643 -13.973973
 -0.163363 10.204017 -14.430863
 -0.150796 10.021021 -14.647620
 -0.138230 9.837552 -14.474662
 -0.125664 9.659489 -13.786619
 -0.113097 9.493372 -12.592553
 -0.100531 9.344589 -11.073322
 -0.087965 9.215341 -9.535934
 -0.075398 9.103745 -8.287811
 -0.062832 9.005754 -7.378575
 -0.050265 8.917435 -6.720501
 -0.037699 8.836458 -6.200808
 -0.025133 8.761354 -5.806919
 -0.012566 8.689596 -5.677081
 0.000000 8.617449 -5.878295
 0.012566 8.540831 -6.366917
 0.025133 8.456882 -7.012392
 0.037699 8.364627 -7.705215
 0.050265 8.262642 -8.610433
 0.062832 8.146850 -9.913596
 0.075398 8.011899 -11.614388
 0.087965 7.855110 -13.321574
 0.100531 7.679869 -14.460066
 0.113097 7.496048 -14.630686
 0.125664 7.316289 -13.870470
 0.138230 7.149862 -12.581565
 0.150796 7.000094 -11.319658
 0.163363 6.863884 -10.464723
 0.175929 6.735358 -10.035664
 0.188496 6.610954 -9.780982
 0.201062 6.490485 -9.352830
 0.213628 6.377031 -8.692156
 0.226195 6.272119 -8.021135
 0.238761 6.174392 -7.623897
 0.251327 6.078516 -7.720524
 0.263894 5.978800 -8.178526
 0.276460 5.872719 -8.721417
 0.289027 5.760314 -9.172599
 0.301593 5.642245 -9.665404
 0.314159 5.515707 -10.558107
 0.326726 5.374580 -11.993000
 0.339292 5.213678 -13.577181
 0.351858 5.035912 -14.577069
 0.364425 4.852130 -14.506587
 0.376991 4.675070 -13.587422
 0.389557 4.511492 -12.488747
 0.402124 4.359254 -11.864308
 0.414690 4.211150 -11.791042
 0.427257 4.062736 -11.793294
 0.439823 3.917788 -11.149603
 0.452389 3.786816 -9.586721
 0.464956 3.679751 -7.413215
 0.477522 3.600041 -5.350095
 0.490088 3.542429 -4.009303
 0.502655 3.496075 -3.516762
 0.515221 3.451655 -3.648458
 0.527788 3.403947 -3.974867
 0.540354 3.352315 -4.259385
 0.552920 3.297339 -4.519964
 0.565487 3.238879 -4.824801
 0.578053 3.176351 -5.154004
 0.590619 3.109881 -5.481352
 0.603186 3.039338 -5.813091
 0.615752 2.964028 -6.228545
 0.628319 2.882490 -6.786122
 0.640885 2.793946 -7.331571
 0.653451 2.700197 -7.552461
 0.666018 2.606665 -7.273330
 0.678584 2.519763 -6.524643
 0.691150 2.443782 -5.635225
 0.703717 2.377637 -5.010454
 0.716283 2.315913 -4.954000
 0.728849 2.251280 -5.420478
 0.741416 2.179729 -5.990345
 0.753982 2.103056 -6.134834
 0.766549 2.028602 -5.631849
 0.779115 1.963920 -4.645225
 0.791681 1.912489 -3.621013
 0.804248 1.871719 -2.984788
 0.816814 1.835420 -2.948596
 0.829380 1.796512 -3.366050
 0.841947 1.751078 -3.918567
 0.854513 1.699148 -4.344179
 0.867080 1.643763 -4.461449
 0.879646 1.589932 -4.048879
 0.892212 1.545687 -2.910742
 0.904779 1.520929 -0.951821
 0.917345 1.525106 1.620771
 0.929911 1.562119 4.139350
 0.942478 1.625739 5.696150
 0.955044 1.698755 5.559595
 0.967611 1.758430 3.598847
 0.980177 1.785471 0.574220
 0.992743 1.774280 -2.322760
 1.005310 1.732455 -4.184753
 1.017876 1.675185 -4.812944
 1.030442 1.616512 -4.454573
 1.043009 1.567057 -3.394142
 1.055575 1.534839 -1.729280
 1.068142 1.527118 0.492625
 1.080708 1.549561 3.030554
 1.093274 1.603915 5.514641
 1.105841 1.687288 7.620417
 1.118407 1.793693 9.164957
 1.130973 1.916218 10.148424
 1.143540 2.047762 10.597020
 1.156106 2.181098 10.436377
 1.168672 2.308084 9.544291
 1.181239 2.419764 8.061920
 1.193805 2.510116 6.208564
 1.206372 2.577330 4.345767
 1.218938 2.622200 2.700312
 1.231504 2.646932 1.141791
 1.244071 2.651855 -0.534833
 1.256637 2.635516 -2.083853
 1.269203 2.602742 -3.140646
 1.281770 2.563379 -2.955312
 1.294336 2.535761 -1.261905
 1.306903 2.538222 1.781761
 1.319469 2.584044 5.453500
 1.332035 2.675076 8.843903
 1.344602 2.801945 10.982312
 1.357168 2.944983 11.380500
 1.369734 3.082529 10.224322
 1.382301 3.199946 8.358725
 1.394867 3.295644 6.921478
 1.407434 3.380717 6.762442
 1.420000 3.472750 7.979204
 1.432566 3.586146 9.967527
 1.445133 3.724195 11.803483
 1.457699 3.879428 12.432608
 1.470265 4.033000 11.630063
 1.482832 4.168299 9.674924
 1.495398 4.275767 7.335898
 1.507964 4.355210 5.198523
 1.520531 4.410213 3.494784
 1.533097 4.445745 2.131504
 1.545664 4.466464 1.106248
 1.558230 4.478002 0.712227
 1.570796 4.489803 1.195561
 1.583363 4.513517 2.628326
 1.595929 4.560396 4.861042
 1.608495 4.638756 7.586003
 1.621062 4.751974 10.287220
 1.633628 4.896055 12.391871
 1.646195 5.059681 13.353906
 1.658761 5.226751 12.888676
 1.671327 5.379801 11.190171
 1.683894 5.505980 8.707967
 1.696460 5.598847 5.897123
 1.709026 5.656650 3.248984
 1.721593 5.683794 1.073400
 1.734159 5.688777 -0.228424
 1.746726 5.684357 -0.421463
 1.759292 5.684572 0.465082
 1.771858 5.700183 1.970800
 1.784425 5.734585 3.333569
 1.796991 5.781365 3.900639
 1.809557 5.828760 3.392739
 1.822124 5.864847 2.238559
 1.834690 5.885740 1.065271
 1.847256 5.893910 0.242127
 1.859823 5.893016 -0.476875
 1.872389 5.881082 -1.586003
 1.884956 5.851349 -3.302723
 1.897522 5.797956 -5.236837
 1.910088 5.722610 -6.700689
 1.922655 5.634814 -7.182627
 1.935221 5.547210 -6.656567
 1.947787 5.470705 -5.454784
 1.960354 5.411401 -3.994769
 1.972920 5.370435 -2.593752
 1.985487 5.345170 -1.594607
 1.998053 5.328117 -1.285619
 2.010619 5.309000 -1.986168
 2.023186 5.274378 -3.693774
 2.035752 5.213442 -6.096660
 2.048318 5.122067 -8.419955
 2.060885 5.006143 -9.867844
 2.073451 4.880205 -9.975071
 2.086018 4.761020 -8.864460
 2.098584 4.660673 -7.095019
 2.111150 4.582786 -5.411959
 2.123717 4.522301 -4.392736
 2.136283 4.468586 -4.347352
 2.148849 4.409665 -5.168833
 2.161416 4.337030 -6.459564
 2.173982 4.247781 -7.752196
 2.186548 4.143802 -8.744854
 2.199115 4.029664 -9.397739
 2.211681 3.909251 -9.757816
 2.224248 3.786150 -9.802899
 2.236814 3.665560 -9.307264
 2.249380 3.555527 -8.118170
 2.261947 3.464393 -6.371944
 2.274513 3.395765 -4.643728
 2.287079 3.344273 -3.756108
 2.299646 3.295454 -4.291841
 2.312212 3.231003 -6.130116
 2.324779 3.139536 -8.456343
 2.337345 3.021053 -10.274559
 2.349911 2.885620 -11.156202
 2.362478 2.743608 -11.409242
 2.375044 2.599522 -11.582885
 2.387610 2.452392 -11.854369
 2.400177 2.302955 -11.869274
 2.412743 2.157819 -11.098614
 2.425310 2.028696 -9.327751
 2.437876 1.926332 -6.917415
 2.450442 1.854780 -4.545319
 2.463009 1.809457 -2.835453
 2.475575 1.779520 -2.112552
 2.488141 1.752370 -2.403800
 2.500708 1.716353 -3.462900
 2.513274 1.663655 -5.013507
 2.525840 1.589590 -6.821603
 2.538407 1.492544 -8.635514
 2.550973 1.374479 -10.128061
 2.563540 1.241719 -10.902977
 2.576106 1.105519 -10.640006
 2.588672 0.979812 -9.218142
 2.601239 0.878358 -6.836705
 2.613805 0.810771 -3.926740
 2.626371 0.780255 -1.005287
 2.638938 0.783717 1.403769
 2.651504 0.812213 2.914581
 2.664071 0.853224 3.426284
 2.676637 0.895424 3.134015
 2.689203 0.931119 2.486169
 2.701770 0.958863 1.927862
 2.714336 0.981832 1.735945
 2.726902 1.005202 1.958825
 2.739469 1.033468 2.486131
 2.752035 1.069040 3.089839
 2.764602 1.111343 3.511434
 2.777168 1.156938 3.581549
 2.789734 1.201343 3.351731
 2.802301 1.242127 3.083173
 2.814867 1.280932 3.080375
 2.827433 1.322134 3.454487
 2.840000 1.369931 4.062507
 2.852566 1.425457 4.656451
 2.865133 1.487161 5.044282
 2.877699 1.552341 5.214042
 2.890265 1.619330 5.335708
 2.902832 1.688411 5.615489
 2.915398 1.762472 6.132226
 2.927964 1.844927 6.917867
 2.940531 1.938527 7.906393
 2.953097 2.044528 8.819129
 2.965663 2.160102 9.347311
 2.978230 2.278782 9.336586
 2.990796 2.394011 8.849504
 3.003363 2.502191 8.277550
 3.015929 2.605395 8.137015
 3.028495 2.711503 8.733569
 3.041062 2.830233 10.156699
 3.053628 2.970614 12.128874
 3.066194 3.137298 14.215467
 3.078761 3.328724 16.016248
 3.091327 3.539172 17.224439
 3.103894 3.760759 17.794778
 3.116460 3.986400 17.945097
 3.129026 4.212900 17.996800
