#! FIELDS phi4 ffphi4 dffphi4_phi4
#! SET min_phi4 -pi
#! SET max_phi4 pi
#! SET nbins_phi4  100
#! SET periodic_phi4 true
 -3.141593 12.572438 -47.512740
 -3.078761 9.817276 -40.874425
 -3.015929 7.344874 -37.464980
 -2.953097 5.226763 -29.576338
 -2.890265 3.578826 -23.408305
 -2.827433 2.267240 -18.266403
 -2.764602 1.251070 -14.752233
 -2.701770 0.389830 -11.915085
 -2.638938 -0.099219 -2.729276
 -2.576106 0.021885 4.936146
 -2.513274 0.280659 2.416536
 -2.450442 0.406916 2.835334
 -2.387610 0.733647 7.545858
 -2.324779 1.295938 9.454761
 -2.261947 1.845484 8.032406
 -2.199115 2.348223 7.949454
 -2.136283 2.825575 6.905004
 -2.073451 3.147774 2.853077
 -2.010619 3.257446 1.484669
 -1.947787 3.355618 1.425313
 -1.884956 3.397238 -1.164755
 -1.822124 3.129296 -6.486358
 -1.759292 2.725614 -6.320689
 -1.696460 2.327417 -5.768358
 -1.633628 2.031210 -4.512546
 -1.570796 1.688226 -5.908687
 -1.507964 1.348530 -5.131920
 -1.445133 1.051616 -3.643699
 -1.382301 0.955726 0.443855
 -1.319469 1.079513 3.637841
 -1.256637 1.449153 8.194436
 -1.193805 2.129971 13.458392
 -1.130973 3.072256 15.753628
 -1.068142 4.132015 18.625256
 -1.005310 5.455641 23.079775
 -0.942478 6.985655 25.216998
 -0.879646 8.605982 26.208338
 -0.816814 10.389410 31.115982
 -0.753982 12.472149 33.899039
 -0.691150 14.647603 35.481862
 -0.628319 16.953679 37.363505
 -0.565487 19.343775 37.945171
 -0.502655 21.695489 36.750781
 -0.439823 24.095489 39.582248
 -0.376991 26.600296 38.616521
 -0.314159 28.940821 35.372105
 -0.251327 30.961876 27.411844
 -0.188496 32.495226 23.071783
 -0.125664 34.070397 27.389263
 -0.062832 35.814250 26.746442
 0.000000 37.642379 33.085758
 0.062832 39.818445 34.076911
 0.125664 41.647203 17.076379
 0.188496 41.480805 -19.948038
 0.251327 39.996870 -19.480486
 0.314159 39.520613 4.403184
 0.376991 40.205886 12.038437
 0.439823 40.565309 -0.155639
 0.502655 40.154377 -16.085654
 0.565487 38.506111 -33.200143
 0.628319 36.152997 -41.815327
 0.691150 33.420101 -42.826169
 0.753982 31.020880 -32.495554
 0.816814 29.308840 -23.159491
 0.879646 27.985197 -19.207096
 0.942478 26.935745 -13.777865
 1.005310 26.303779 -5.943327
 1.068142 26.219537 3.230295
 1.130973 26.694423 11.849344
 1.193805 27.735695 21.363048
 1.256637 29.330340 28.681880
 1.319469 31.366186 36.641035
 1.382301 33.910201 42.279472
 1.445133 36.583180 44.171077
 1.507964 39.798253 56.932224
 1.570796 43.392732 57.181050
 1.633628 47.863673 89.723568
 1.696460 55.263857 146.452387
 1.759292 inf nan
 1.822124 inf nan
 1.884956 inf nan
 1.947787 inf nan
 2.010619 inf nan
 2.073451 inf nan
 2.136283 inf nan
 2.199115 inf nan
 2.261947 inf nan
 2.324779 inf nan
 2.387610 inf nan
 2.450442 inf nan
 2.513274 63.869225 -198.756215
 2.576106 53.173435 -141.480186
 2.638938 45.778140 -97.923462
 2.701770 40.049397 -89.498820
 2.764602 34.602049 -80.495065
 2.827433 30.099905 -63.400571
 2.890265 26.430502 -55.602261
 2.953097 22.892010 -57.639637
 3.015929 19.235363 -57.655462
 3.078761 15.752085 -53.101500
