#! FIELDS psi2 ffpsi2 dffpsi2_psi2
#! SET min_psi2 -pi
#! SET max_psi2 pi
#! SET nbins_psi2  100
#! SET periodic_psi2 true
 -3.141593 17.498583 90.114155
 -3.078761 23.676123 90.485829
 -3.015929 28.608430 47.887615
 -2.953097 30.589924 25.697367
 -2.890265 32.682833 36.983013
 -2.827433 33.844796 4.106393
 -2.764602 35.246848 48.008149
 -2.701770 40.057807 101.382768
 -2.638938 45.780352 51.711391
 -2.576106 46.396222 -18.446358
 -2.513274 44.758038 -35.301876
 -2.450442 42.438201 -29.784592
 -2.387610 39.614717 -87.719221
 -2.324779 33.354149 -90.840620
 -2.261947 28.098168 -83.232699
 -2.199115 23.199865 -65.331685
 -2.136283 20.104625 -36.995451
 -2.073451 17.898576 -36.133029
 -2.010619 15.746217 -28.406969
 -1.947787 14.686283 -5.211862
 -1.884956 14.655253 -1.239868
 -1.822124 14.307870 -7.428408
 -1.759292 14.081929 2.369382
 -1.696460 14.491966 5.530544
 -1.633628 14.346049 -7.202283
 -1.570796 14.124703 1.462805
 -1.507964 14.314543 1.512449
 -1.445133 14.211842 -2.766514
 -1.382301 14.221478 3.036025
 -1.319469 14.424954 2.559795
 -1.256637 14.581236 2.890007
 -1.193805 14.842346 5.547299
 -1.130973 15.145820 1.967911
 -1.068142 14.965797 -6.396882
 -1.005310 14.721664 1.449211
 -0.942478 15.184843 10.164102
 -0.879646 15.518362 -0.289931
 -0.816814 15.454441 0.892727
 -0.753982 15.702116 4.461755
 -0.691150 15.770309 -0.010778
 -0.628319 16.112261 11.385553
 -0.565487 16.909520 10.706103
 -0.502655 17.364569 5.314370
 -0.439823 17.553893 -3.268207
 -0.376991 16.547310 -26.555210
 -0.314159 14.918307 -18.940184
 -0.251327 14.771347 14.426642
 -0.188496 15.273904 -15.849159
 -0.125664 13.801213 -16.508674
 -0.062832 13.592073 8.581796
 0.000000 13.513918 -41.087682
 0.062832 9.535638 -53.921206
 0.125664 7.974032 5.070987
 0.188496 9.849033 42.473047
 0.251327 10.002780 -32.287926
 0.314159 8.544266 -12.756588
 0.376991 7.551950 -20.912450
 0.439823 6.641974 -3.522217
 0.502655 7.064527 12.559181
 0.565487 7.486240 -2.822391
 0.628319 6.734903 -18.502527
 0.691150 5.616689 -13.920127
 0.753982 5.240020 2.771149
 0.816814 5.765438 8.660492
 0.879646 5.771719 -5.964176
 0.942478 5.560913 -1.067529
 1.005310 5.299640 -7.379040
 1.068142 4.744403 -11.451784
 1.130973 3.898824 -12.772416
 1.193805 3.279325 -7.950522
 1.256637 2.889352 -2.581630
 1.319469 3.120393 8.115780
 1.382301 3.347540 -3.356313
 1.445133 3.031092 -4.108293
 1.507964 2.750519 -5.408217
 1.570796 2.593756 1.591729
 1.633628 2.727182 0.585820
 1.696460 2.656733 -2.993223
 1.759292 2.327256 -6.734348
 1.822124 1.914472 -5.889648
 1.884956 1.555956 -6.774915
 1.947787 1.133206 -3.534347
 2.010619 1.338580 8.060097
 2.073451 1.673632 0.830055
 2.136283 1.524104 -4.948340
 2.199115 1.012847 -11.818830
 2.261947 0.253276 -9.632782
 2.324779 -0.109991 -2.688500
 2.387610 -0.140349 1.059365
 2.450442 -0.062908 1.895073
 2.513274 0.284976 9.835678
 2.576106 0.997040 10.134256
 2.638938 1.408484 4.368893
 2.701770 1.935340 15.195517
 2.764602 3.390407 27.976404
 2.827433 4.616721 7.235846
 2.890265 5.068358 14.700435
 2.953097 6.790937 38.385056
 3.015929 9.451078 43.816559
 3.078761 12.638321 62.005621
