#! FIELDS psi3 ffpsi3 dffpsi3_psi3
#! SET min_psi3 -pi
#! SET max_psi3 pi
#! SET nbins_psi3  500
#! SET periodic_psi3 true
 -3.141593 5.140089 12.372920
 -3.129026 5.308460 14.410185
 -3.116460 5.503160 16.478908
 -3.103894 5.722430 18.283456
 -3.091327 5.961788 19.595028
 -3.078761 6.214054 20.426548
 -3.066194 6.474127 20.844030
 -3.053628 6.738172 21.082245
 -3.041062 7.005283 21.384639
 -3.028495 7.277605 21.863225
 -3.015929 7.557211 22.576278
 -3.003363 7.846397 23.391852
 -2.990796 8.145582 24.072876
 -2.978230 8.451388 24.408730
 -2.965663 8.758211 24.192797
 -2.953097 9.059145 23.303882
 -2.940531 9.345646 21.920488
 -2.927964 9.612104 20.396097
 -2.915398 9.859927 19.008648
 -2.902832 10.093238 18.150514
 -2.890265 10.320713 18.015042
 -2.877699 10.551638 18.670136
 -2.865133 10.795326 19.980296
 -2.852566 11.058140 21.759320
 -2.840000 11.344445 23.710932
 -2.827433 11.655002 25.561346
 -2.814867 11.987351 27.063753
 -2.802301 12.335517 28.064183
 -2.789734 12.691939 28.425434
 -2.777168 13.048480 28.052489
 -2.764602 13.395839 27.041266
 -2.752035 13.727536 25.527166
 -2.739469 14.038666 23.836283
 -2.726902 14.329148 22.271105
 -2.714336 14.602410 21.107583
 -2.701770 14.864797 20.505892
 -2.689203 15.123154 20.542756
 -2.676637 15.385538 21.070131
 -2.664071 15.657001 21.959993
 -2.651504 15.940655 23.037199
 -2.638938 16.238090 24.076224
 -2.626371 16.547655 24.963112
 -2.613805 16.866554 25.603558
 -2.601239 17.191564 25.921422
 -2.588672 17.518646 25.918548
 -2.576106 17.843815 25.637563
 -2.563540 18.163809 25.117545
 -2.550973 18.476020 24.390586
 -2.538407 18.778114 23.494616
 -2.525840 19.068138 22.470863
 -2.513274 19.344748 21.359850
 -2.500708 19.607309 20.218079
 -2.488141 19.855787 19.125692
 -2.475575 20.090803 18.169930
 -2.463009 20.314803 17.316451
 -2.450442 20.528941 16.579941
 -2.437876 20.734055 15.927963
 -2.425310 20.931020 15.251729
 -2.412743 21.118932 14.524355
 -2.400177 21.297142 13.719681
 -2.387610 21.464977 12.879280
 -2.375044 21.622584 12.099206
 -2.362478 21.771201 11.481432
 -2.349911 21.913268 11.065274
 -2.337345 22.051213 10.828711
 -2.324779 22.186681 10.670934
 -2.312212 22.319972 10.435463
 -2.299646 22.449258 10.015776
 -2.287079 22.571545 9.326423
 -2.274513 22.683368 8.341237
 -2.261947 22.781073 7.123600
 -2.249380 22.862389 5.750225
 -2.236814 22.926043 4.317449
 -2.224248 22.971922 2.931971
 -2.211681 23.001019 1.680644
 -2.199115 23.015318 0.609531
 -2.186548 23.017609 -0.236749
 -2.173982 23.010507 -0.887258
 -2.161416 22.996426 -1.402939
 -2.148849 22.976039 -1.880562
 -2.136283 22.949100 -2.461093
 -2.123717 22.913515 -3.274050
 -2.111150 22.865788 -4.387974
 -2.098584 22.802349 -5.768704
 -2.086018 22.720484 -7.276381
 -2.073451 22.620122 -8.666083
 -2.060885 22.504526 -9.669480
 -2.048318 22.379752 -10.074198
 -2.035752 22.254377 -9.766390
 -2.023186 22.137099 -8.790409
 -2.010619 22.035686 -7.280560
 -1.998053 21.955387 -5.474119
 -1.985487 21.898324 -3.632849
 -1.972920 21.863122 -2.034339
 -1.960354 21.845099 -0.934978
 -1.947787 21.836562 -0.544644
 -1.935221 21.827826 -0.987772
 -1.922655 21.808382 -2.243561
 -1.910088 21.768776 -4.130514
 -1.897522 21.703031 -6.330645
 -1.884956 21.609768 -8.444484
 -1.872389 21.492581 -10.114844
 -1.859823 21.357850 -11.181081
 -1.847256 21.213790 -11.633414
 -1.834690 21.067137 -11.639457
 -1.822124 20.921874 -11.463356
 -1.809557 20.778733 -11.368112
 -1.796991 20.635014 -11.555061
 -1.784425 20.486650 -12.124991
 -1.771858 20.328738 -13.034283
 -1.759292 20.158310 -14.097117
 -1.746726 19.974906 -15.039204
 -1.734159 19.781842 -15.582387
 -1.721593 19.585545 -15.524923
 -1.709026 19.394335 -14.780190
 -1.696460 19.216236 -13.453443
 -1.683894 19.057371 -11.754628
 -1.671327 18.920845 -9.976297
 -1.658761 18.805186 -8.487967
 -1.646195 18.704835 -7.592397
 -1.633628 18.610728 -7.531283
 -1.621062 18.511820 -8.341272
 -1.608495 18.397988 -9.860560
 -1.595929 18.262019 -11.750266
 -1.583363 18.102727 -13.529331
 -1.570796 17.923909 -14.804561
 -1.558230 17.733627 -15.339172
 -1.545664 17.541379 -15.120539
 -1.533097 17.355981 -14.286020
 -1.520531 17.183659 -13.099771
 -1.507964 17.026269 -11.908211
 -1.495398 16.882630 -10.980414
 -1.482832 16.748081 -10.514016
 -1.470265 16.615972 -10.607748
 -1.457699 16.479571 -11.172666
 -1.445133 16.334062 -12.014871
 -1.432566 16.177169 -12.923297
 -1.420000 16.009685 -13.690812
 -1.407434 15.834062 -14.213208
 -1.394867 15.653774 -14.418882
 -1.382301 15.473135 -14.245940
 -1.369734 15.297723 -13.570077
 -1.357168 15.134536 -12.293046
 -1.344602 14.991509 -10.365488
 -1.332035 14.876028 -7.906430
 -1.319469 14.793853 -5.136845
 -1.306903 14.746501 -2.450189
 -1.294336 14.729911 -0.300731
 -1.281770 14.734561 0.870008
 -1.269203 14.745864 0.725238
 -1.256637 14.746708 -0.797014
 -1.244071 14.720656 -3.496450
 -1.231504 14.655293 -6.921097
 -1.218938 14.545917 -10.452496
 -1.206372 14.394242 -13.608528
 -1.193805 14.207112 -16.036796
 -1.181239 13.994655 -17.631991
 -1.168672 13.767205 -18.418381
 -1.156106 13.534627 -18.477865
 -1.143540 13.305293 -17.908404
 -1.130973 13.086439 -16.807138
 -1.118407 12.884592 -15.254944
 -1.105841 12.704572 -13.333746
 -1.093274 12.550392 -11.168431
 -1.080708 12.423993 -8.951610
 -1.068142 12.324272 -6.950606
 -1.055575 12.246886 -5.462267
 -1.043009 12.183447 -4.799679
 -1.030442 12.121874 -5.165077
 -1.017876 12.049121 -6.557270
 -1.005310 11.953637 -8.696049
 -0.992743 11.829527 -11.035858
 -0.980177 11.677573 -12.994250
 -0.967611 11.506011 -14.121084
 -0.955044 11.326347 -14.273472
 -0.942478 11.150651 -13.566468
 -0.929911 10.987479 -12.318835
 -0.917345 10.841245 -10.931050
 -0.904779 10.711405 -9.787621
 -0.892212 10.592663 -9.214160
 -0.879646 10.476371 -9.414216
 -0.867080 10.352566 -10.390427
 -0.854513 10.212624 -11.940746
 -0.841947 10.051541 -13.700145
 -0.829380 9.869129 -15.246540
 -0.816814 9.670287 -16.270486
 -0.804248 9.462903 -16.608323
 -0.791681 9.255425 -16.286902
 -0.779115 9.055610 -15.420236
 -0.766549 8.869219 -14.171545
 -0.753982 8.700083 -12.693126
 -0.741416 8.550343 -11.114483
 -0.728849 8.420369 -9.575262
 -0.716283 8.308695 -8.246561
 -0.703717 8.211369 -7.305205
 -0.691150 8.122271 -6.955521
 -0.678584 8.033237 -7.329800
 -0.666018 7.934849 -8.424781
 -0.653451 7.818725 -10.096370
 -0.640885 7.679493 -12.035463
 -0.628319 7.516248 -13.860753
 -0.615752 7.332503 -15.262255
 -0.603186 7.134867 -16.072437
 -0.590619 6.930734 -16.319113
 -0.578053 6.726374 -16.141465
 -0.565487 6.525865 -15.745612
 -0.552920 6.330658 -15.313271
 -0.540354 6.140619 -14.939120
 -0.527788 5.954752 -14.625826
 -0.515221 5.772639 -14.286890
 -0.502655 5.596029 -13.762859
 -0.490088 5.427533 -12.977090
 -0.477522 5.270577 -11.930457
 -0.464956 5.128040 -10.743115
 -0.452389 4.999895 -9.684362
 -0.439823 4.882275 -9.101746
 -0.427257 4.767568 -9.283709
 -0.414690 4.644819 -10.376309
 -0.402124 4.503235 -12.240026
 -0.389557 4.335710 -14.416313
 -0.376991 4.142071 -16.289248
 -0.364425 3.929818 -17.314127
 -0.351858 3.711642 -17.213636
 -0.339292 3.501545 -16.055454
 -0.326726 3.311225 -14.129008
 -0.314159 3.147894 -11.827784
 -0.301593 3.013912 -9.521042
 -0.289027 2.907485 -7.477283
 -0.276460 2.824264 -5.835076
 -0.263894 2.759115 -4.602253
 -0.251327 2.707290 -3.697033
 -0.238761 2.665261 -3.019649
 -0.226195 2.630784 -2.485877
 -0.213628 2.602219 -2.065375
 -0.201062 2.578379 -1.745988
 -0.188496 2.557949 -1.519127
 -0.175929 2.539838 -1.365211
 -0.163363 2.523369 -1.254930
 -0.150796 2.508045 -1.188873
 -0.138230 2.493123 -1.219284
 -0.125664 2.476839 -1.443671
 -0.113097 2.455931 -1.956289
 -0.100531 2.426398 -2.810136
 -0.087965 2.384220 -3.942377
 -0.075398 2.326941 -5.159367
 -0.062832 2.255219 -6.216131
 -0.050265 2.172470 -6.896275
 -0.037699 2.084277 -7.070404
 -0.025133 1.997205 -6.733586
 -0.012566 1.917024 -5.984105
 0.000000 1.848060 -4.974629
 0.012566 1.792476 -3.884348
 0.025133 1.750262 -2.862710
 0.037699 1.719903 -2.007826
 0.050265 1.699134 -1.346368
 0.062832 1.685773 -0.817876
 0.075398 1.678768 -0.308428
 0.087965 1.678667 0.303011
 0.100531 1.687253 1.079255
 0.113097 1.706567 1.998778
 0.125664 1.737826 2.964509
 0.138230 1.780794 3.834446
 0.150796 1.833610 4.502962
 0.163363 1.893352 4.951165
 0.175929 1.957557 5.218788
 0.188496 2.024546 5.414744
 0.201062 2.094019 5.625427
 0.213628 2.166550 5.874778
 0.226195 2.242251 6.137851
 0.238761 2.320888 6.306331
 0.251327 2.400559 6.303351
 0.263894 2.478746 6.080609
 0.276460 2.552572 5.626227
 0.289027 2.619695 5.006189
 0.301593 2.678510 4.287673
 0.314159 2.728209 3.539598
 0.326726 2.768260 2.813009
 0.339292 2.799177 2.087145
 0.351858 2.821077 1.350873
 0.364425 2.833556 0.611016
 0.376991 2.836632 -0.158060
 0.389557 2.830020 -0.913232
 0.402124 2.814365 -1.595505
 0.414690 2.791075 -2.103305
 0.427257 2.763144 -2.316645
 0.439823 2.734675 -2.165680
 0.452389 2.710570 -1.634848
 0.464956 2.695069 -0.824663
 0.477522 2.690609 0.099127
 0.490088 2.697447 0.928206
 0.502655 2.712793 1.454239
 0.515221 2.732328 1.574113
 0.527788 2.750693 1.273707
 0.540354 2.763184 0.660910
 0.552920 2.766915 -0.097756
 0.565487 2.761025 -0.856229
 0.578053 2.745958 -1.557056
 0.590619 2.722101 -2.261997
 0.603186 2.688823 -3.092004
 0.615752 2.643646 -4.155612
 0.628319 2.583582 -5.427875
 0.640885 2.507378 -6.683198
 0.653451 2.417488 -7.535795
 0.666018 2.321440 -7.633262
 0.678584 2.230282 -6.724344
 0.691150 2.156745 -4.849580
 0.703717 2.111535 -2.264757
 0.716283 2.101142 0.596761
 0.728849 2.125961 3.254804
 0.741416 2.180362 5.250582
 0.753982 2.253762 6.254452
 0.766549 2.333307 6.198178
 0.779115 2.406463 5.313730
 0.791681 2.465473 4.042965
 0.804248 2.508780 2.868431
 0.816814 2.539909 2.166230
 0.829380 2.565677 1.995847
 0.841947 2.591973 2.230306
 0.854513 2.622277 2.591725
 0.867080 2.656822 2.843118
 0.879646 2.692993 2.859119
 0.892212 2.727905 2.602438
 0.904779 2.758606 2.199294
 0.917345 2.783762 1.752606
 0.929911 2.803191 1.291484
 0.942478 2.816607 0.811195
 0.955044 2.823445 0.246316
 0.967611 2.822655 -0.399141
 0.980177 2.813786 -1.022357
 0.992743 2.798120 -1.422347
 1.005310 2.779954 -1.411846
 1.017876 2.765301 -0.876738
 1.030442 2.760647 0.163764
 1.043009 2.771271 1.553720
 1.055575 2.800300 3.031282
 1.068142 2.847260 4.392906
 1.080708 2.909704 5.474391
 1.093274 2.983850 6.248480
 1.105841 3.065959 6.760836
 1.118407 3.153306 7.101667
 1.130973 3.244166 7.291403
 1.143540 3.336392 7.283346
 1.156106 3.426541 6.991693
 1.168672 3.510279 6.240381
 1.181239 3.581427 4.977814
 1.193805 3.634029 3.306251
 1.206372 3.664431 1.502410
 1.218938 3.673226 -0.088822
 1.231504 3.665101 -1.138827
 1.244071 3.648435 -1.450199
 1.256637 3.632590 -0.971451
 1.269203 3.627073 0.168337
 1.281770 3.639381 1.801093
 1.294336 3.674294 3.770193
 1.306903 3.734976 5.874450
 1.319469 3.822235 7.941369
 1.332035 3.934418 9.826277
 1.344602 4.068201 11.342034
 1.357168 4.217722 12.322731
 1.369734 4.375416 12.622819
 1.382301 4.532381 12.218058
 1.394867 4.680547 11.271459
 1.407434 4.815194 10.107311
 1.420000 4.936129 9.169521
 1.432566 5.048711 8.820382
 1.445133 5.161629 9.226940
 1.457699 5.284040 10.306147
 1.470265 5.422943 11.725604
 1.482832 5.579572 13.101205
 1.495398 5.750711 13.928597
 1.507964 5.926891 13.885548
 1.520531 6.095951 12.800056
 1.533097 6.245735 10.767773
 1.545664 6.365776 8.232064
 1.558230 6.452964 5.611121
 1.570796 6.508780 3.290050
 1.583363 6.538398 1.455307
 1.595929 6.547977 0.130390
 1.608495 6.543747 -0.754274
 1.621062 6.531340 -1.235807
 1.633628 6.515660 -1.218309
 1.646195 6.503457 -0.672196
 1.658761 6.501710 0.411444
 1.671327 6.516602 1.970841
 1.683894 6.552843 3.788072
 1.696460 6.611956 5.562522
 1.709026 6.691383 6.976344
 1.721593 6.784811 7.749648
 1.734159 6.883100 7.729946
 1.746726 6.976059 6.927988
 1.759292 7.054761 5.499959
 1.771858 7.113178 3.709270
 1.784425 7.148255 1.860642
 1.796991 7.160773 0.159973
 1.809557 7.153577 -1.279116
 1.822124 7.130295 -2.400906
 1.834690 7.094791 -3.219179
 1.847256 7.050682 -3.773044
 1.859823 7.001127 -4.118466
 1.872389 6.948352 -4.292884
 1.884956 6.894177 -4.348744
 1.897522 6.839762 -4.314086
 1.910088 6.786246 -4.207658
 1.922655 6.734437 -4.040253
 1.935221 6.684968 -3.839944
 1.947787 6.637987 -3.641209
 1.960354 6.593116 -3.517415
 1.972920 6.548895 -3.549667
 1.985487 6.502963 -3.810420
 1.998053 6.452127 -4.328434
 2.010619 6.393275 -5.072318
 2.023186 6.324063 -5.962247
 2.035752 6.243295 -6.894129
 2.048318 6.151159 -7.752683
 2.060885 6.049138 -8.454849
 2.073451 5.939577 -8.945633
 2.086018 5.825436 -9.179761
 2.098584 5.710095 -9.120385
 2.111150 5.597536 -8.739631
 2.123717 5.491645 -8.054452
 2.136283 5.396026 -7.129870
 2.148849 5.312888 -6.108534
 2.161416 5.242140 -5.187424
 2.173982 5.181104 -4.595896
 2.186548 5.124383 -4.525872
 2.199115 5.064677 -5.074639
 2.211681 4.994395 -6.185575
 2.224248 4.907477 -7.668372
 2.236814 4.801373 -9.191253
 2.249380 4.677662 -10.422066
 2.261947 4.541608 -11.122414
 2.274513 4.400705 -11.202075
 2.287079 4.262504 -10.723943
 2.299646 4.132805 -9.863631
 2.312212 4.015004 -8.865220
 2.324779 3.909529 -7.949423
 2.337345 3.814230 -7.261360
 2.349911 3.725881 -6.849109
 2.362478 3.641152 -6.660870
 2.375044 3.558109 -6.566408
 2.387610 3.476164 -6.462852
 2.400177 3.395943 -6.293233
 2.412743 3.318150 -6.091553
 2.425310 3.242619 -5.948422
 2.437876 3.167989 -5.948771
 2.450442 3.092349 -6.103212
 2.463009 3.014142 -6.344710
 2.475575 2.933010 -6.544801
 2.488141 2.850384 -6.581565
 2.500708 2.768625 -6.398145
 2.513274 2.690362 -6.056814
 2.525840 2.616990 -5.631864
 2.538407 2.548541 -5.287915
 2.550973 2.483390 -5.120646
 2.563540 2.419138 -5.139879
 2.576106 2.353901 -5.249362
 2.588672 2.287656 -5.273314
 2.601239 2.222630 -5.017865
 2.613805 2.163427 -4.348794
 2.626371 2.115518 -3.217215
 2.638938 2.084346 -1.702767
 2.651504 2.073761 0.018579
 2.664071 2.084917 1.722522
 2.676637 2.116034 3.168645
 2.689203 2.162667 4.154337
 2.701770 2.218333 4.583749
 2.714336 2.275958 4.480183
 2.726902 2.329733 4.014332
 2.739469 2.376721 3.449612
 2.752035 2.417476 3.055630
 2.764602 2.455383 3.024298
 2.777168 2.495410 3.350652
 2.789734 2.541195 3.923445
 2.802301 2.594378 4.520932
 2.814867 2.654348 4.957475
 2.827433 2.718637 5.190775
 2.840000 2.785088 5.348777
 2.852566 2.854108 5.624702
 2.865133 2.928177 6.184219
 2.877699 3.011179 7.040042
 2.890265 3.105907 7.997600
 2.902832 3.211836 8.721565
 2.915398 3.323524 8.916849
 2.927964 3.433159 8.375118
 2.940531 3.531750 7.201983
 2.953097 3.613421 5.768182
 2.965663 3.678384 4.564043
 2.978230 3.732014 4.031009
 2.990796 3.784053 4.321270
 3.003363 3.844356 5.331867
 3.015929 3.920346 6.762498
 3.028495 4.015002 8.252741
 3.041062 4.126944 9.464421
 3.053628 4.251093 10.163866
 3.066194 4.380532 10.278427
 3.078761 4.508611 9.943019
 3.091327 4.631071 9.502667
 3.103894 4.749127 9.299242
 3.116460 4.867742 9.661037
 3.129026 4.995211 10.713631
