#! FIELDS psi3 ffpsi3 dffpsi3_psi3
#! SET min_psi3 -pi
#! SET max_psi3 pi
#! SET nbins_psi3  100
#! SET periodic_psi3 true
 -3.141593 8.497218 4.285450
 -3.078761 9.389545 25.464953
 -3.015929 11.336216 28.729226
 -2.953097 12.182282 -0.035115
 -2.890265 12.363700 12.682707
 -2.827433 13.956691 34.065400
 -2.764602 15.936711 26.537023
 -2.701770 17.579654 27.828595
 -2.638938 19.705595 42.683254
 -2.576106 23.186769 63.137730
 -2.513274 25.427139 -8.544390
 -2.450442 23.777115 -27.960084
 -2.387610 22.903259 3.851995
 -2.324779 24.420745 41.862892
 -2.261947 26.988500 27.245275
 -2.199115 27.804269 6.208518
 -2.136283 28.208272 6.659841
 -2.073451 28.579164 5.139757
 -2.010619 28.947533 7.423943
 -1.947787 29.574133 12.154988
 -1.884956 30.346448 11.402726
 -1.822124 31.045311 11.911929
 -1.759292 31.941061 16.603103
 -1.696460 33.092377 18.503149
 -1.633628 33.901007 4.686552
 -1.570796 33.745174 -8.002242
 -1.507964 32.522712 -42.145788
 -1.445133 28.046483 -83.242201
 -1.382301 23.730751 -51.488756
 -1.319469 21.147878 -37.570395
 -1.256637 18.121381 -61.838650
 -1.193805 14.192408 -53.537026
 -1.130973 11.922709 -19.971057
 -1.068142 11.106018 -10.682798
 -1.005310 10.423953 -11.561167
 -0.942478 9.361486 -23.225552
 -0.879646 7.862468 -21.717899
 -0.816814 6.410363 -28.433583
 -0.753982 4.467115 -27.656156
 -0.691150 3.306520 -10.893832
 -0.628319 2.587966 -14.923404
 -0.565487 1.583806 -13.725084
 -0.502655 1.051080 -4.173344
 -0.439823 0.858370 -2.928564
 -0.376991 0.604543 -6.182868
 -0.314159 0.114059 -7.131331
 -0.251327 -0.124646 -1.639447
 -0.188496 -0.256656 -2.210204
 -0.125664 -0.262272 2.694058
 -0.062832 0.098239 8.368530
 0.000000 0.685226 8.985481
 0.062832 1.085564 3.730317
 0.125664 1.340032 5.512408
 0.188496 1.680698 4.198277
 0.251327 2.051113 9.742733
 0.314159 2.846053 12.767354
 0.376991 3.491943 8.676777
 0.439823 3.967404 4.669651
 0.502655 4.022169 -0.490477
 0.565487 4.254057 8.262245
 0.628319 4.828223 8.060892
 0.691150 5.238816 4.282839
 0.753982 5.211623 -4.102520
 0.816814 5.032289 -1.193015
 0.879646 4.971528 0.356030
 0.942478 5.326566 10.714591
 1.005310 6.090504 12.743630
 1.068142 6.821715 8.048299
 1.130973 7.002986 -1.052534
 1.193805 6.868146 -0.903368
 1.256637 7.138398 8.630596
 1.319469 7.694983 8.615102
 1.382301 8.214480 5.994912
 1.445133 8.231381 -3.908797
 1.507964 8.196047 4.601530
 1.570796 8.624241 5.888822
 1.633628 8.594748 -7.766403
 1.696460 7.976122 -8.086203
 1.759292 7.733004 -0.765148
 1.822124 7.770617 0.802775
 1.884956 7.588491 -6.052577
 1.947787 7.346081 -1.694810
 2.010619 7.039818 -8.696490
 2.073451 6.686008 0.867706
 2.136283 7.174454 12.128351
 2.199115 7.680766 -0.878306
 2.261947 7.069317 -12.942617
 2.324779 6.583212 -2.328670
 2.387610 6.567091 0.475052
 2.450442 6.567602 -1.799382
 2.513274 6.158146 -10.720607
 2.576106 5.575861 -5.024408
 2.638938 5.568723 2.572739
 2.701770 5.573393 -3.110079
 2.764602 5.438702 1.426612
 2.827433 5.815389 9.051325
 2.890265 6.400587 9.088505
 2.953097 7.011803 11.118041
 3.015929 7.809832 13.037261
 3.078761 8.381982 3.596886
