#! FIELDS psi3 ffpsi3 dffpsi3_psi3
#! SET min_psi3 -pi
#! SET max_psi3 pi
#! SET nbins_psi3  100
#! SET periodic_psi3 true
 -3.141593 5.024807 14.807390
 -3.078761 6.098644 19.304215
 -3.015929 7.429632 22.562939
 -2.953097 8.864406 22.244823
 -2.890265 10.220720 21.426400
 -2.827433 11.633830 23.361608
 -2.764602 13.147334 24.670958
 -2.701770 14.739030 25.434554
 -2.638938 16.297217 23.889576
 -2.576106 17.762617 22.429128
 -2.513274 19.092113 19.548078
 -2.450442 20.221324 16.326379
 -2.387610 21.146497 12.558067
 -2.324779 21.758269 6.967976
 -2.261947 22.065992 2.755582
 -2.199115 22.113812 -0.951188
 -2.136283 21.946876 -4.886728
 -2.073451 21.558595 -5.988209
 -2.010619 21.270481 -4.007340
 -1.947787 20.971023 -5.675244
 -1.884956 20.472804 -11.152470
 -1.822124 19.642685 -13.723178
 -1.759292 18.831095 -12.185662
 -1.696460 18.121211 -10.463439
 -1.633628 17.456874 -11.315744
 -1.570796 16.696390 -12.371626
 -1.507964 15.917464 -12.822085
 -1.445133 15.098198 -12.535491
 -1.382301 14.371748 -11.565007
 -1.319469 13.513949 -15.282908
 -1.256637 12.653524 -11.076121
 -1.193805 12.085255 -7.899785
 -1.130973 11.598730 -7.766166
 -1.068142 11.095094 -8.380893
 -1.005310 10.552680 -8.711219
 -0.942478 10.040514 -7.017749
 -0.879646 9.723589 -3.489136
 -0.816814 9.463695 -5.931444
 -0.753982 8.908093 -11.705351
 -0.691150 8.084734 -13.535908
 -0.628319 7.276443 -12.240622
 -0.565487 6.502585 -12.602869
 -0.502655 5.716920 -12.232988
 -0.439823 4.975650 -11.286460
 -0.376991 4.278340 -11.264914
 -0.314159 3.602133 -9.271007
 -0.251327 3.159362 -5.548483
 -0.188496 2.792198 -6.472305
 -0.125664 2.420919 -4.397305
 -0.062832 2.282164 -0.352422
 0.000000 2.341924 1.956528
 0.062832 2.444112 0.474421
 0.125664 2.410097 -0.621768
 0.188496 2.467477 2.215015
 0.251327 2.597648 1.638475
 0.314159 2.706783 1.698426
 0.376991 2.766990 0.178092
 0.439823 2.756849 -0.372120
 0.502655 2.770591 1.192690
 0.565487 2.863415 0.663154
 0.628319 2.780218 -2.995939
 0.691150 2.599912 -2.093251
 0.753982 2.508172 -1.157787
 0.816814 2.494638 1.172823
 0.879646 2.624385 1.972736
 0.942478 2.658491 -0.599167
 1.005310 2.681265 2.021538
 1.068142 2.885793 3.703834
 1.130973 3.112110 3.784643
 1.193805 3.403311 5.295063
 1.256637 3.722457 4.718605
 1.319469 4.073412 6.994555
 1.382301 4.582318 8.473437
 1.445133 5.086239 7.526017
 1.507964 5.548702 7.064702
 1.570796 5.969545 6.491415
 1.633628 6.380348 6.195083
 1.696460 6.686870 3.152877
 1.759292 6.793180 0.718809
 1.822124 6.833884 0.469423
 1.884956 6.792078 -2.354834
 1.947787 6.541422 -5.134498
 2.010619 6.214088 -5.045689
 2.073451 5.885368 -5.940948
 2.136283 5.445269 -7.954919
 2.199115 4.912610 -8.552284
 2.261947 4.421331 -7.400347
 2.324779 3.908132 -8.922540
 2.387610 3.394380 -6.907409
 2.450442 3.003383 -6.163284
 2.513274 2.616337 -5.703698
 2.576106 2.311797 -4.421704
 2.638938 2.027947 -4.098610
 2.701770 1.904551 0.433607
 2.764602 2.022551 2.524709
 2.827433 2.134118 0.620812
 2.890265 2.219373 3.961578
 2.953097 2.735888 11.492373
 3.015929 3.485294 11.538636
 3.078761 4.202291 11.719860
