#! FIELDS phi2 ffphi2 dffphi2_phi2
#! SET min_phi2 -pi
#! SET max_phi2 pi
#! SET nbins_phi2  100
#! SET periodic_phi2 true
 -3.141593 16.427174 -46.952982
 -3.078761 13.629787 -42.001850
 -3.015929 11.153032 -36.863702
 -2.953097 8.986146 -32.187250
 -2.890265 7.112665 -27.380224
 -2.827433 5.543085 -22.612725
 -2.764602 4.269539 -18.036189
 -2.701770 3.261505 -14.026934
 -2.638938 2.510814 -10.034977
 -2.576106 1.976218 -7.082180
 -2.513274 1.606480 -4.915680
 -2.450442 1.350525 -3.083023
 -2.387610 1.240170 -0.525215
 -2.324779 1.250822 0.575802
 -2.261947 1.306485 1.244249
 -2.199115 1.423123 2.498540
 -2.136283 1.610072 3.221037
 -2.073451 1.814829 3.190255
 -2.010619 2.014546 3.204952
 -1.947787 2.211950 2.863184
 -1.884956 2.377106 2.477970
 -1.822124 2.523940 1.938689
 -1.759292 2.588470 -0.086474
 -1.696460 2.514990 -2.249672
 -1.633628 2.311826 -4.126486
 -1.570796 2.026554 -4.778677
 -1.507964 1.717689 -5.200299
 -1.445133 1.362228 -6.079211
 -1.382301 0.984256 -5.605509
 -1.319469 0.693489 -3.670499
 -1.256637 0.519169 -1.706381
 -1.193805 0.519024 1.814341
 -1.130973 0.735084 4.875360
 -1.068142 1.143166 8.353297
 -1.005310 1.813435 12.925987
 -0.942478 2.752242 16.754674
 -0.879646 3.917267 20.214997
 -0.816814 5.298594 23.668332
 -0.753982 6.898544 26.994174
 -0.691150 8.673766 29.071912
 -0.628319 10.547358 30.285556
 -0.565487 12.480674 30.826591
 -0.502655 14.423325 30.668345
 -0.439823 16.344548 30.081062
 -0.376991 18.198385 28.547320
 -0.314159 19.944587 26.703270
 -0.251327 21.554078 24.201492
 -0.188496 22.990749 21.225672
 -0.125664 24.204937 16.963817
 -0.062832 25.110208 11.703585
 0.000000 25.690637 6.674334
 0.062832 25.937375 0.949421
 0.125664 25.816077 -4.698095
 0.188496 25.368755 -9.466581
 0.251327 24.647211 -13.276466
 0.314159 23.735935 -15.467736
 0.376991 22.733832 -16.293558
 0.439823 21.710277 -16.046283
 0.502655 20.744581 -14.599069
 0.565487 19.884628 -12.662939
 0.628319 19.178978 -9.595815
 0.691150 18.697462 -5.701936
 0.753982 18.463336 -1.679523
 0.816814 18.513797 3.475491
 0.879646 18.914302 9.252977
 0.942478 19.680677 15.128801
 1.005310 20.814090 20.760412
 1.068142 22.291084 26.261302
 1.130973 24.135282 32.244794
 1.193805 26.338328 37.454623
 1.256637 28.831415 41.267378
 1.319469 31.502423 42.872610
 1.382301 34.218589 42.946250
 1.445133 36.930816 42.797874
 1.507964 39.612496 41.382451
 1.570796 42.122405 38.996157
 1.633628 44.793561 46.135132
 1.696460 47.636522 40.809061
 1.759292 50.225159 46.302199
 1.822124 53.997220 75.694166
 1.884956 59.532446 69.459443
 1.947787 57.861726 -55.194733
 2.010619 56.144575 -1.126002
 2.073451 56.171379 -17.926298
 2.136283 54.686436 -10.983724
 2.199115 55.661140 43.184550
 2.261947 60.179895 100.734066
 2.324779 65.665136 -53.831952
 2.387610 59.326841 -86.158804
 2.450442 55.426979 -42.973107
 2.513274 52.856741 -47.595780
 2.576106 49.289705 -61.348317
 2.638938 45.546148 -57.546960
 2.701770 41.901813 -59.543264
 2.764602 38.038913 -62.940004
 2.827433 34.067227 -62.846276
 2.890265 30.185836 -60.628823
 2.953097 26.440915 -58.457706
 3.015929 22.867646 -55.129367
 3.078761 19.518863 -51.363582
