#! FIELDS phi2 ffphi2 dffphi2_phi2
#! SET min_phi2 -pi
#! SET max_phi2 pi
#! SET nbins_phi2  100
#! SET periodic_phi2 true
 -3.141593 16.428091 -47.113440
 -3.078761 13.639354 -41.637874
 -3.015929 11.176053 -36.878524
 -2.953097 9.011382 -31.906435
 -2.890265 7.168440 -26.908435
 -2.827433 5.605854 -22.868706
 -2.764602 4.311896 -18.234312
 -2.701770 3.301044 -14.129809
 -2.638938 2.520517 -10.797407
 -2.576106 1.948282 -7.305577
 -2.513274 1.599143 -4.161422
 -2.450442 1.378408 -2.934726
 -2.387610 1.263432 -0.600291
 -2.324779 1.274133 0.504549
 -2.261947 1.313606 0.976167
 -2.199115 1.438536 3.035261
 -2.136283 1.660966 3.590061
 -2.073451 1.861777 2.750280
 -2.010619 2.036631 3.013668
 -1.947787 2.230353 2.829662
 -1.884956 2.387907 2.245674
 -1.822124 2.514656 1.587749
 -1.759292 2.565077 -0.097487
 -1.696460 2.506817 -1.840720
 -1.633628 2.327242 -3.851772
 -1.570796 2.045157 -4.978431
 -1.507964 1.718139 -5.439976
 -1.445133 1.354771 -6.131046
 -1.382301 0.982923 -5.336695
 -1.319469 0.701915 -3.810376
 -1.256637 0.503022 -2.162418
 -1.193805 0.482633 1.612736
 -1.130973 0.697742 5.111008
 -1.068142 1.123759 8.467987
 -1.005310 1.782909 12.585718
 -0.942478 2.700986 16.427102
 -0.879646 3.849740 20.122433
 -0.816814 5.236536 23.816765
 -0.753982 6.835690 26.828947
 -0.691150 8.604053 29.120263
 -0.628319 10.490814 30.579592
 -0.565487 12.439560 31.019318
 -0.502655 14.396633 30.972411
 -0.439823 16.335029 30.213340
 -0.376991 18.192649 28.665191
 -0.314159 19.945951 26.656800
 -0.251327 21.544186 24.053057
 -0.188496 22.981024 21.309169
 -0.125664 24.199930 17.033641
 -0.062832 25.109268 11.763370
 0.000000 25.690626 6.562814
 0.062832 25.915672 0.436105
 0.125664 25.768728 -4.903176
 0.188496 25.321912 -9.283801
 0.251327 24.613330 -13.160690
 0.314159 23.700215 -15.542463
 0.376991 22.703009 -16.055499
 0.439823 21.693064 -15.966429
 0.502655 20.718449 -14.920537
 0.565487 19.842456 -12.704767
 0.628319 19.147625 -9.365288
 0.691150 18.670491 -5.766817
 0.753982 18.434001 -1.649015
 0.816814 18.484306 3.342852
 0.879646 18.868451 8.980280
 0.942478 19.623849 15.015200
 1.005310 20.757384 20.984868
 1.068142 22.260084 26.672350
 1.130973 24.112885 32.138557
 1.193805 26.315717 37.722222
 1.256637 28.845959 42.103770
 1.319469 31.582735 44.103182
 1.382301 34.367151 43.672339
 1.445133 37.113960 43.331877
 1.507964 39.847183 42.543880
 1.570796 42.453101 40.787314
 1.633628 45.245856 48.114277
 1.696460 48.207018 42.589187
 1.759292 50.999648 52.113131
 1.822124 55.382959 88.983526
 1.884956 61.399439 44.604097
 1.947787 58.419908 -56.725187
 2.010619 56.685680 -1.126002
 2.073451 56.712484 -17.926298
 2.136283 55.227541 -10.983724
 2.199115 56.202245 43.184550
 2.261947 60.723298 101.017369
 2.324779 69.023963 132.760327
 2.387610 64.601095 -147.295386
 2.450442 57.148776 -90.965803
 2.513274 52.820796 -52.642473
 2.576106 49.440606 -60.231731
 2.638938 45.571500 -59.711317
 2.701770 41.871578 -59.721652
 2.764602 38.007812 -62.733491
 2.827433 34.059702 -62.477192
 2.890265 30.186125 -60.691945
 2.953097 26.437784 -58.482045
 3.015929 22.867438 -54.958096
 3.078761 19.529996 -51.337350
