#! FIELDS psi2 ffpsi2 dffpsi2_psi2
#! SET min_psi2 -pi
#! SET max_psi2 pi
#! SET nbins_psi2  100
#! SET periodic_psi2 true
 -3.141593 15.200239 47.824634
 -3.078761 18.296713 48.061615
 -3.015929 21.137525 43.931192
 -2.953097 24.398928 61.993070
 -2.890265 28.936539 78.506157
 -2.827433 33.929663 78.102668
 -2.764602 39.599567 104.905287
 -2.701770 47.261790 118.915671
 -2.638938 51.479340 19.267531
 -2.576106 52.334057 0.868840
 -2.513274 52.037169 -2.348421
 -2.450442 52.358660 6.774498
 -2.387610 51.697020 -26.108551
 -2.324779 50.300388 -12.139247
 -2.261947 50.460523 16.539397
 -2.199115 51.452097 -1.012220
 -2.136283 50.201398 -21.968874
 -2.073451 49.557624 -2.429382
 -2.010619 49.230380 -13.822563
 -1.947787 46.312427 -71.101159
 -1.884956 42.924447 -28.033069
 -1.822124 43.046683 31.571843
 -1.759292 46.568792 72.849814
 -1.696460 50.118493 27.984770
 -1.633628 50.966546 5.940149
 -1.570796 51.553059 20.250974
 -1.507964 54.334468 71.702636
 -1.445133 60.753430 132.568732
 -1.382301 67.548026 -168.120673
 -1.319469 58.814366 -110.286238
 -1.256637 53.606748 -56.502996
 -1.193805 51.478806 -14.743158
 -1.130973 50.844918 -15.700933
 -1.068142 49.107156 -34.033231
 -1.005310 47.184109 -25.148304
 -0.942478 45.916629 -16.524569
 -0.879646 44.970436 -15.906194
 -0.816814 43.458972 -33.533101
 -0.753982 38.406873 -144.157288
 -0.691150 28.800412 -137.582642
 -0.628319 21.965464 -78.806650
 -0.565487 18.923829 -18.401121
 -0.502655 19.418667 28.366425
 -0.439823 20.405890 -16.047859
 -0.376991 18.283181 -36.680949
 -0.314159 16.605051 -15.792190
 -0.251327 15.894407 -12.901885
 -0.188496 14.847122 -15.190638
 -0.125664 14.314941 -4.264269
 -0.062832 13.912220 -8.872802
 0.000000 13.347527 -8.840417
 0.062832 12.779340 -8.516977
 0.125664 12.375442 -5.087758
 0.188496 11.967753 -8.050926
 0.251327 11.518602 -5.186518
 0.314159 11.293765 -3.079971
 0.376991 11.062681 -3.979723
 0.439823 10.807810 -4.739793
 0.502655 10.413019 -7.546827
 0.565487 9.935655 -7.382010
 0.628319 9.487198 -6.864643
 0.691150 9.095584 -5.489035
 0.753982 8.782451 -4.756407
 0.816814 8.495066 -4.248549
 0.879646 8.272457 -2.808457
 0.942478 8.127373 -1.988366
 1.005310 8.011812 -1.824220
 1.068142 7.888292 -2.144272
 1.130973 7.759412 -1.770139
 1.193805 7.668859 -1.531449
 1.256637 7.506829 -3.722299
 1.319469 7.262025 -3.667223
 1.382301 7.025351 -4.374326
 1.445133 6.696441 -5.955336
 1.507964 6.278277 -7.601478
 1.570796 5.726728 -9.897665
 1.633628 5.062057 -11.027738
 1.696460 4.351322 -11.709874
 1.759292 3.593194 -12.220031
 1.822124 2.858465 -10.807056
 1.884956 2.266306 -8.036940
 1.947787 1.833047 -5.921480
 2.010619 1.510658 -4.440217
 2.073451 1.255434 -4.022466
 2.136283 0.952234 -6.010903
 2.199115 0.499995 -8.085117
 2.261947 -0.015308 -8.087313
 2.324779 -0.494841 -6.978389
 2.387610 -0.856782 -4.364010
 2.450442 -1.035103 -1.305075
 2.513274 -0.999042 2.665093
 2.576106 -0.685480 7.256608
 2.638938 -0.084480 11.889300
 2.701770 0.811238 16.486298
 2.764602 1.989155 20.971082
 2.827433 3.451464 25.397982
 2.890265 5.193977 30.082157
 2.953097 7.262419 35.560709
 3.015929 9.662351 40.270252
 3.078761 12.315145 43.648796
