#! FIELDS phi ffphi dffphi_phi
#! SET min_phi -pi
#! SET max_phi pi
#! SET nbins_phi  500
#! SET periodic_phi true
 -3.141593 14.239352 -47.260117
 -3.129026 13.648160 -46.608775
 -3.116460 13.065903 -45.840038
 -3.103894 12.494269 -44.945696
 -3.091327 11.934756 -43.916960
 -3.078761 11.388996 -42.756323
 -3.066194 10.858704 -41.480311
 -3.053628 10.344867 -40.154198
 -3.041062 9.848008 -38.808272
 -3.028495 9.367910 -37.479831
 -3.015929 8.904607 -36.149812
 -3.003363 8.457848 -34.837141
 -2.990796 8.027728 -33.532423
 -2.978230 7.613660 -32.277599
 -2.965663 7.215155 -31.082431
 -2.953097 6.831016 -29.989694
 -2.940531 6.459933 -29.015848
 -2.927964 6.100539 -28.130698
 -2.915398 5.752172 -27.248161
 -2.902832 5.415324 -26.275792
 -2.890265 5.091810 -25.139538
 -2.877699 4.783565 -23.859679
 -2.865133 4.491922 -22.511753
 -2.852566 4.217269 -21.170995
 -2.840000 3.959128 -19.890394
 -2.827433 3.716694 -18.678760
 -2.814867 3.489091 -17.529459
 -2.802301 3.275669 -16.428436
 -2.789734 3.075760 -15.385699
 -2.777168 2.888400 -14.439348
 -2.764602 2.712223 -13.616474
 -2.752035 2.545721 -12.883804
 -2.739469 2.388402 -12.150295
 -2.726902 2.240876 -11.308617
 -2.714336 2.104904 -10.318723
 -2.701770 1.982192 -9.209345
 -2.689203 1.873786 -8.058506
 -2.676637 1.779727 -6.941643
 -2.664071 1.699139 -5.924759
 -2.651504 1.630284 -5.096161
 -2.638938 1.570226 -4.551504
 -2.626371 1.514852 -4.348006
 -2.613805 1.460026 -4.452214
 -2.601239 1.402912 -4.669945
 -2.588672 1.343912 -4.712795
 -2.576106 1.286898 -4.318542
 -2.563540 1.238125 -3.405321
 -2.550973 1.203643 -2.091272
 -2.538407 1.186858 -0.630052
 -2.525840 1.187828 0.682842
 -2.513274 1.203296 1.651436
 -2.500708 1.228373 2.212197
 -2.488141 1.258257 2.440104
 -2.475575 1.289675 2.487190
 -2.463009 1.321513 2.511146
 -2.450442 1.354303 2.667400
 -2.437876 1.390367 3.032043
 -2.425310 1.432511 3.619408
 -2.412743 1.482941 4.323097
 -2.400177 1.541857 4.933748
 -2.387610 1.606861 5.266918
 -2.375044 1.674165 5.323588
 -2.362478 1.741572 5.334068
 -2.349911 1.810487 5.602885
 -2.337345 1.885266 6.259756
 -2.324779 1.970051 7.153019
 -2.312212 2.065688 7.910747
 -2.299646 2.168085 8.176289
 -2.287079 2.269854 7.815791
 -2.274513 2.363956 6.995948
 -2.261947 2.447185 6.165900
 -2.249380 2.522183 5.775367
 -2.236814 2.596115 5.997646
 -2.224248 2.676268 6.701065
 -2.211681 2.766641 7.548822
 -2.199115 2.866766 8.214843
 -2.186548 2.972877 8.480010
 -2.173982 3.079368 8.293006
 -2.161416 3.180890 7.695329
 -2.148849 3.272947 6.813139
 -2.136283 3.352958 5.814748
 -2.123717 3.420658 4.884026
 -2.111150 3.477910 4.143839
 -2.098584 3.527340 3.631720
 -2.086018 3.571489 3.327384
 -2.073451 3.613086 3.229245
 -2.060885 3.655343 3.456746
 -2.048318 3.702974 4.099110
 -2.035752 3.760724 5.015244
 -2.023186 3.829716 5.823553
 -2.010619 3.905445 5.998870
 -1.998053 3.977673 5.248965
 -1.985487 4.035032 3.706836
 -1.972920 4.070578 1.870371
 -1.960354 4.084344 0.315790
 -1.947787 4.082099 -0.658992
 -1.935221 4.071122 -1.094235
 -1.922655 4.056664 -1.249137
 -1.910088 4.040585 -1.413260
 -1.897522 4.021572 -1.724457
 -1.884956 3.997277 -2.232021
 -1.872389 3.965476 -2.904237
 -1.859823 3.924577 -3.660449
 -1.847256 3.874042 -4.418982
 -1.834690 3.814299 -5.116644
 -1.822124 3.746448 -5.706419
 -1.809557 3.671942 -6.176641
 -1.796991 3.592019 -6.580004
 -1.784425 3.506895 -7.009447
 -1.771858 3.415600 -7.580054
 -1.759292 3.315964 -8.342399
 -1.746726 3.205629 -9.257948
 -1.734159 3.083284 -10.226667
 -1.721593 2.949083 -11.127936
 -1.709026 2.804503 -11.865998
 -1.696460 2.651816 -12.417848
 -1.683894 2.493159 -12.817720
 -1.671327 2.330079 -13.134526
 -1.658761 2.163142 -13.441292
 -1.646195 1.992190 -13.777163
 -1.633628 1.816897 -14.116153
 -1.621062 1.637768 -14.372834
 -1.608495 1.456318 -14.481006
 -1.595929 1.274534 -14.425851
 -1.583363 1.094375 -14.231150
 -1.570796 0.917328 -13.924775
 -1.558230 0.745048 -13.473727
 -1.545664 0.579523 -12.845095
 -1.533097 0.422980 -12.054516
 -1.520531 0.277072 -11.173274
 -1.507964 0.142284 -10.296879
 -1.495398 0.018205 -9.473991
 -1.482832 -0.095768 -8.677983
 -1.470265 -0.199445 -7.829900
 -1.457699 -0.291812 -6.876561
 -1.445133 -0.371571 -5.840336
 -1.432566 -0.438316 -4.818304
 -1.420000 -0.492782 -3.904569
 -1.407434 -0.536523 -3.116268
 -1.394867 -0.570793 -2.385479
 -1.382301 -0.595660 -1.602115
 -1.369734 -0.609791 -0.673347
 -1.357168 -0.611067 0.447431
 -1.344602 -0.597059 1.749505
 -1.332035 -0.565725 3.189545
 -1.319469 -0.515659 4.719389
 -1.306903 -0.446008 6.283123
 -1.294336 -0.356722 7.836663
 -1.281770 -0.248404 9.290302
 -1.269203 -0.122877 10.553795
 -1.256637 0.017056 11.572666
 -1.244071 0.168476 12.385721
 -1.231504 0.329606 13.150059
 -1.218938 0.501116 14.039261
 -1.206372 0.685404 15.191741
 -1.193805 0.885825 16.582691
 -1.181239 1.104537 18.082156
 -1.168672 1.341930 19.500931
 -1.156106 1.596144 20.733515
 -1.143540 1.864491 21.757531
 -1.130973 2.144683 22.618342
 -1.118407 2.435341 23.428566
 -1.105841 2.736450 24.301623
 -1.093274 3.049256 25.263182
 -1.080708 3.374726 26.276212
 -1.068142 3.712882 27.238518
 -1.055575 4.062370 28.077024
 -1.043009 4.421530 28.770455
 -1.030442 4.788880 29.386608
 -1.017876 5.163950 29.975655
 -1.005310 5.546402 30.575175
 -0.992743 5.936408 31.152972
 -0.980177 6.333785 31.733588
 -0.967611 6.738819 32.370549
 -0.955044 7.152549 33.086225
 -0.942478 7.575723 33.875219
 -0.929911 8.008677 34.652633
 -0.917345 8.450972 35.300610
 -0.904779 8.900703 35.829600
 -0.892212 9.356714 36.278780
 -0.879646 9.818350 36.781468
 -0.867080 10.287030 37.365376
 -0.854513 10.763796 38.054134
 -0.841947 11.249554 38.755311
 -0.829380 11.743793 39.366421
 -0.816814 12.244839 39.827882
 -0.804248 12.750721 40.128265
 -0.791681 13.259546 40.310543
 -0.779115 13.770271 40.393777
 -0.766549 14.281682 40.428566
 -0.753982 14.793188 40.384424
 -0.741416 15.303625 40.224918
 -0.728849 15.811232 39.928973
 -0.716283 16.314257 39.531302
 -0.703717 16.812171 39.143305
 -0.691150 17.306374 38.942694
 -0.678584 17.799945 39.098000
 -0.666018 18.297536 39.588525
 -0.653451 18.802860 40.268100
 -0.640885 19.316920 40.982734
 -0.628319 19.839267 41.511143
 -0.615752 20.366530 41.778297
 -0.603186 20.895104 41.707905
 -0.590619 21.420645 41.343380
 -0.578053 21.940199 40.713665
 -0.565487 22.451108 39.965022
 -0.552920 22.952562 39.229939
 -0.540354 23.445372 38.616111
 -0.527788 23.931570 38.172970
 -0.515221 24.413325 37.902889
 -0.502655 24.892238 37.758632
 -0.490088 25.369405 37.628107
 -0.477522 25.844561 37.446426
 -0.464956 26.316861 37.166391
 -0.452389 26.784932 36.762671
 -0.439823 27.246931 36.225174
 -0.427257 27.701140 35.517970
 -0.414690 28.145518 34.676866
 -0.402124 28.578779 33.776936
 -0.389557 29.000858 32.918229
 -0.376991 29.412792 32.193294
 -0.364425 29.816485 31.617322
 -0.351858 30.213561 31.146464
 -0.339292 30.604846 30.678978
 -0.326726 30.989447 30.110706
 -0.314159 31.365414 29.262217
 -0.301593 31.728477 28.068861
 -0.289027 32.074405 26.579850
 -0.276460 32.400898 25.031383
 -0.263894 32.709225 23.744167
 -0.251327 33.003855 22.863910
 -0.238761 33.289198 22.226236
 -0.226195 33.565948 21.460610
 -0.213628 33.830286 20.216007
 -0.201062 34.075403 18.444407
 -0.188496 34.296008 16.380869
 -0.175929 34.490788 14.429075
 -0.163363 34.663137 12.870573
 -0.150796 34.818609 11.735562
 -0.138230 34.961676 10.849668
 -0.125664 35.093751 9.945855
 -0.113097 35.213166 8.842558
 -0.100531 35.316944 7.480422
 -0.087965 35.402236 5.938597
 -0.075398 35.467300 4.282826
 -0.062832 35.510998 2.548610
 -0.050265 35.532654 0.801665
 -0.037699 35.532946 -0.818011
 -0.025133 35.514473 -2.157146
 -0.012566 35.480958 -3.209250
 0.000000 35.435165 -4.153728
 0.012566 35.376582 -5.264084
 0.025133 35.301888 -6.728003
 0.037699 35.206748 -8.478823
 0.050265 35.089134 -10.258326
 0.062832 34.950225 -11.809772
 0.075398 34.793701 -13.042744
 0.087965 34.623499 -13.999739
 0.100531 34.442176 -14.832537
 0.113097 34.250104 -15.751387
 0.125664 34.044719 -16.993726
 0.138230 33.820387 -18.776059
 0.150796 33.569979 -21.081690
 0.163363 33.289100 -23.538657
 0.175929 32.979089 -25.610075
 0.188496 32.647652 -26.931622
 0.201062 32.304055 -27.595892
 0.213628 31.953708 -28.094246
 0.226195 31.594975 -28.971646
 0.238761 31.221853 -30.399100
 0.251327 30.828292 -32.129970
 0.263894 30.413730 -33.645780
 0.276460 29.983604 -34.571225
 0.289027 29.545719 -34.906566
 0.301593 29.106026 -34.928284
 0.314159 28.665824 -34.995512
 0.326726 28.223635 -35.267751
 0.339292 27.776556 -35.758522
 0.351858 27.322454 -36.375795
 0.364425 26.860135 -37.055223
 0.376991 26.388747 -37.797691
 0.389557 25.907594 -38.601156
 0.402124 25.416417 -39.399345
 0.414690 24.915519 -40.105676
 0.427257 24.406971 -40.607841
 0.439823 23.893258 -40.918601
 0.452389 23.376416 -41.132448
 0.464956 22.856618 -41.407030
 0.477522 22.332513 -41.838789
 0.490088 21.801513 -42.475628
 0.502655 21.262052 -43.204887
 0.515221 20.713571 -43.882521
 0.527788 20.158263 -44.270089
 0.540354 19.600899 -44.165402
 0.552920 19.048668 -43.448669
 0.565487 18.509027 -42.183343
 0.578053 17.987570 -40.611387
 0.590619 17.486035 -39.088244
 0.603186 17.001351 -37.993389
 0.615752 16.526260 -37.584989
 0.628319 16.052029 -37.845036
 0.640885 15.571610 -38.489128
 0.653451 15.083344 -39.030196
 0.666018 14.591191 -39.061518
 0.678584 14.102837 -38.429334
 0.691150 13.626006 -37.261193
 0.703717 13.165992 -35.828067
 0.716283 12.724000 -34.435157
 0.728849 12.298320 -33.262142
 0.741416 11.885718 -32.353856
 0.753982 11.483204 -31.640785
 0.766549 11.089106 -30.995612
 0.779115 10.703543 -30.281922
 0.791681 10.327876 -29.406928
 0.804248 9.964654 -28.304780
 0.816814 9.616745 -26.970851
 0.829380 9.286905 -25.441801
 0.841947 8.977256 -23.781727
 0.854513 8.688889 -22.080696
 0.867080 8.421535 -20.463069
 0.879646 8.173309 -19.063161
 0.892212 7.940817 -17.968408
 0.904779 7.720282 -17.141927
 0.917345 7.509539 -16.371169
 0.929911 7.309556 -15.393281
 0.942478 7.124170 -14.044813
 0.955044 6.957925 -12.378595
 0.967611 6.813583 -10.606494
 0.980177 6.691081 -8.935033
 0.992743 6.588551 -7.420550
 1.005310 6.504607 -5.955832
 1.017876 6.439798 -4.355980
 1.030442 6.396611 -2.514598
 1.043009 6.377929 -0.467849
 1.055575 6.385600 1.638291
 1.068142 6.419397 3.668126
 1.080708 6.477864 5.545631
 1.093274 6.559121 7.294914
 1.105841 6.661915 8.982820
 1.118407 6.785931 10.668304
 1.130973 6.931420 12.400746
 1.143540 7.099123 14.189948
 1.156106 7.289716 16.034863
 1.168672 7.503831 17.889759
 1.181239 7.741232 19.744288
 1.193805 8.001824 21.576167
 1.206372 8.285702 23.431827
 1.218938 8.593696 25.419096
 1.231504 8.927941 27.590884
 1.244071 9.290560 29.903761
 1.256637 9.682494 32.188625
 1.269203 10.102178 34.255886
 1.281770 10.545857 35.997592
 1.294336 11.009565 37.411722
 1.306903 11.490270 38.665789
 1.319469 11.987034 40.036177
 1.332035 12.502716 41.646376
 1.344602 13.040936 43.547761
 1.357168 13.604965 45.660325
 1.369734 14.196274 47.830691
 1.382301 14.814290 49.884469
 1.394867 15.456831 51.681593
 1.407434 16.120771 53.165129
 1.420000 16.801835 54.480340
 1.432566 17.499217 55.657744
 1.445133 18.212070 56.905735
 1.457699 18.942366 58.315213
 1.470265 19.692052 59.957127
 1.482832 20.463843 61.701533
 1.495398 21.257557 63.465859
 1.507964 22.072745 65.036397
 1.520531 22.907104 66.292492
 1.533097 23.755346 67.377692
 1.545664 24.617106 68.181389
 1.558230 25.488662 68.980820
 1.570796 26.371182 69.802889
 1.583363 27.265958 70.652276
 1.595929 28.171487 71.636989
 1.608495 29.088868 72.449682
 1.621062 30.014968 72.881803
 1.633628 30.944105 72.839706
 1.646195 31.869909 72.452615
 1.658761 32.790611 71.865968
 1.671327 33.704704 71.574401
 1.683894 34.618136 71.662643
 1.696460 35.534793 72.216477
 1.709026 36.460355 72.883992
 1.721593 37.393976 73.535412
 1.734159 38.334406 73.976744
 1.746726 39.278457 74.150895
 1.759292 40.222284 74.082371
 1.771858 41.164979 73.562010
 1.784425 42.100054 72.813518
 1.796991 43.023918 71.918533
 1.809557 43.935180 70.877872
 1.822124 44.832587 69.757379
 1.834690 45.715761 68.563861
 1.847256 46.583352 67.412370
 1.859823 47.436296 66.313303
 1.872389 48.275943 65.385458
 1.884956 49.105016 64.697685
 1.897522 49.925503 64.260194
 1.910088 50.740349 63.729070
 1.922655 51.546978 62.849202
 1.935221 52.338504 61.461986
 1.947787 53.108040 59.360938
 1.960354 53.846961 56.739548
 1.972920 54.551723 53.995761
 1.985487 55.224419 51.773426
 1.998053 55.874138 50.525025
 2.010619 56.513437 50.124000
 2.023186 57.150045 49.994406
 2.035752 57.781309 49.491538
 2.048318 58.400655 47.777570
 2.060885 58.990932 45.061860
 2.073451 59.542042 41.760227
 2.086018 60.049491 38.280520
 2.098584 60.510658 34.300099
 2.111150 60.914371 28.812141
 2.123717 61.235498 21.274217
 2.136283 61.452943 12.653123
 2.148849 61.567821 5.840729
 2.161416 61.619733 2.700364
 2.173982 61.655255 3.158480
 2.186548 61.706857 4.837022
 2.199115 61.769320 4.523136
 2.211681 61.803737 0.258300
 2.224248 61.763941 -7.135347
 2.236814 61.626782 -14.491449
 2.249380 61.409616 -19.570630
 2.261947 61.145350 -22.212156
 2.274513 60.857299 -23.504333
 2.287079 60.557868 -23.998047
 2.299646 60.257207 -23.594769
 2.312212 59.969959 -21.839834
 2.324779 59.712304 -19.099156
 2.337345 59.488768 -16.531645
 2.349911 59.285391 -16.146524
 2.362478 59.063529 -19.646937
 2.375044 58.771159 -27.226997
 2.387610 58.368438 -36.737842
 2.400177 57.849629 -45.161707
 2.412743 57.242249 -50.701885
 2.425310 56.582665 -53.559785
 2.437876 55.899941 -54.565439
 2.450442 55.211830 -54.450693
 2.463009 54.529724 -53.716721
 2.475575 53.858114 -52.841995
 2.488141 53.195480 -52.328364
 2.500708 52.534297 -52.588490
 2.513274 51.864416 -53.680527
 2.525840 51.176463 -55.412865
 2.538407 50.464065 -57.491572
 2.550973 49.725032 -59.591836
 2.563540 48.960399 -61.491695
 2.576106 48.174429 -62.980962
 2.588672 47.372859 -63.969261
 2.601239 46.563162 -64.364746
 2.613805 45.751369 -64.273347
 2.626371 44.943384 -63.775677
 2.638938 44.143684 -62.985164
 2.651504 43.353906 -62.137218
 2.664071 42.574849 -61.377814
 2.676637 41.802259 -61.065416
 2.689203 41.029414 -61.441550
 2.701770 40.247392 -62.569752
 2.714336 39.447975 -64.213114
 2.726902 38.626645 -65.915988
 2.739469 37.786708 -67.065876
 2.752035 36.938054 -67.256867
 2.764602 36.093882 -66.432779
 2.777168 35.264918 -64.947619
 2.789734 34.455711 -63.366979
 2.802301 33.664286 -62.176381
 2.814867 32.883504 -61.641982
 2.827433 32.106069 -61.654818
 2.840000 31.326103 -62.000531
 2.852566 30.540805 -62.477403
 2.865133 29.749418 -62.965710
 2.877699 28.952296 -63.372655
 2.890265 28.151828 -63.508573
 2.902832 27.350994 -63.313020
 2.915398 26.555799 -62.700044
 2.927964 25.770244 -61.859003
 2.940531 24.994836 -61.109633
 2.953097 24.228540 -60.540717
 2.965663 23.467564 -60.184138
 2.978230 22.711913 -59.712406
 2.990796 21.964244 -58.863061
 3.003363 21.230587 -57.490294
 3.015929 20.517344 -55.680819
 3.028495 19.828225 -53.714653
 3.041062 19.163200 -51.896909
 3.053628 18.518637 -50.462781
 3.066194 17.889794 -49.443680
 3.078761 17.271009 -48.829163
 3.091327 16.658146 -48.492098
 3.103894 16.048578 -48.289001
 3.116460 15.441627 -48.069754
 3.129026 14.837837 -47.752126
