#! FIELDS psi3 ffpsi3 dffpsi3_psi3
#! SET min_psi3 -pi
#! SET max_psi3 pi
#! SET nbins_psi3  100
#! SET periodic_psi3 true
 -3.141593 8.055871 7.831267
 -3.078761 8.752561 17.015288
 -3.015929 10.247025 28.575983
 -2.953097 12.046288 27.300881
 -2.890265 13.712509 25.045139
 -2.827433 15.048069 18.403966
 -2.764602 16.427707 26.732125
 -2.701770 18.397757 36.483295
 -2.638938 21.074663 44.232170
 -2.576106 22.606015 3.167631
 -2.513274 23.246161 26.787594
 -2.450442 26.078129 58.467617
 -2.387610 30.147350 73.030329
 -2.324779 34.540226 22.188244
 -2.261947 32.553133 -36.115020
 -2.199115 31.963259 19.275397
 -2.136283 35.069573 79.861242
 -2.073451 42.006664 140.234194
 -2.010619 47.957275 -107.598338
 -1.947787 42.750145 -54.759399
 -1.884956 40.699542 -18.208057
 -1.822124 39.019726 -41.084645
 -1.759292 36.539953 -26.784598
 -1.696460 36.245805 14.802522
 -1.633628 36.670512 -16.217855
 -1.570796 35.092301 -27.009203
 -1.507964 32.126969 -78.412851
 -1.445133 26.618794 -80.874872
 -1.382301 22.758058 -42.162484
 -1.319469 20.678927 -32.988623
 -1.256637 18.273863 -38.487067
 -1.193805 16.011483 -36.328557
 -1.130973 13.765502 -31.964417
 -1.068142 12.024723 -25.523741
 -1.005310 10.571678 -18.991822
 -0.942478 9.551905 -16.759642
 -0.879646 8.239868 -23.659150
 -0.816814 6.801400 -21.348032
 -0.753982 5.581030 -17.696704
 -0.691150 4.535419 -15.661293
 -0.628319 3.620110 -13.827776
 -0.565487 2.735370 -14.355113
 -0.502655 1.878690 -12.459439
 -0.439823 1.189653 -9.381049
 -0.376991 0.704020 -6.318499
 -0.314159 0.369847 -4.491422
 -0.251327 0.104785 -4.095036
 -0.188496 -0.102665 -2.115737
 -0.125664 -0.150678 0.580220
 -0.062832 -0.004162 4.037442
 0.000000 0.318863 5.953522
 0.062832 0.726479 6.724682
 0.125664 1.134461 6.144027
 0.188496 1.527977 6.653811
 0.251327 1.984711 7.717824
 0.314159 2.501697 8.636648
 0.376991 2.999059 6.290996
 0.439823 3.310716 4.681677
 0.502655 3.674886 6.583270
 0.565487 4.079061 5.955788
 0.628319 4.427474 5.470378
 0.691150 4.825011 6.980532
 0.753982 5.204738 4.458786
 0.816814 5.489408 5.904450
 0.879646 5.939487 7.015609
 0.942478 6.255851 2.907771
 1.005310 6.351481 0.555181
 1.068142 6.398354 2.141032
 1.130973 6.786036 9.671165
 1.193805 7.293594 4.688533
 1.256637 7.527336 4.097891
 1.319469 7.706847 0.103307
 1.382301 7.623808 -0.445811
 1.445133 7.843588 6.857902
 1.507964 8.188966 1.544662
 1.570796 7.979462 -6.519861
 1.633628 7.703237 -0.725339
 1.696460 7.765410 0.511699
 1.759292 7.711346 -1.298533
 1.822124 7.657542 -0.587061
 1.884956 7.625455 -0.983062
 1.947787 7.459868 -4.049663
 2.010619 7.173600 -5.150893
 2.073451 6.851716 -4.376737
 2.136283 6.662613 -1.923750
 2.199115 6.523922 -3.553468
 2.261947 6.181704 -6.406255
 2.324779 5.848291 -4.115766
 2.387610 5.607058 -3.812586
 2.450442 5.392742 -3.067469
 2.513274 5.145345 -5.265298
 2.576106 4.806415 -4.592412
 2.638938 4.601942 -2.290376
 2.701770 4.514456 -0.028611
 2.764602 4.628606 3.247608
 2.827433 4.873007 4.500582
 2.890265 5.232777 7.233143
 2.953097 5.813317 11.255425
 3.015929 6.610832 13.454817
 3.078761 7.439609 12.195406
