#! FIELDS phi3 ffphi3 dffphi3_phi3
#! SET min_phi3 -pi
#! SET max_phi3 pi
#! SET nbins_phi3  100
#! SET periodic_phi3 true
 -3.141593 21.267702 -52.035344
 -3.078761 18.140436 -47.653889
 -3.015929 15.308088 -42.112308
 -2.953097 12.864703 -35.820868
 -2.890265 10.794651 -29.901739
 -2.827433 9.119209 -23.856541
 -2.764602 7.714298 -20.927557
 -2.701770 6.567045 -15.140179
 -2.638938 5.773793 -10.918253
 -2.576106 5.091499 -11.305633
 -2.513274 4.380957 -10.734770
 -2.450442 3.775079 -8.530208
 -2.387610 3.330420 -5.603158
 -2.324779 3.006391 -5.503842
 -2.261947 2.638977 -5.428841
 -2.199115 2.374513 -3.312132
 -2.136283 2.211652 -1.455108
 -2.073451 2.202611 0.387650
 -2.010619 2.180470 -1.099109
 -1.947787 2.069060 -2.671546
 -1.884956 1.863671 -3.601046
 -1.822124 1.601135 -4.984217
 -1.759292 1.285571 -4.468410
 -1.696460 1.062509 -3.182634
 -1.633628 0.790353 -5.451702
 -1.570796 0.494486 -3.587795
 -1.507964 0.265566 -4.297024
 -1.445133 -0.032133 -4.926470
 -1.382301 -0.317015 -3.644926
 -1.319469 -0.449275 -0.749210
 -1.256637 -0.399534 2.893977
 -1.193805 -0.037396 8.540647
 -1.130973 0.688682 14.797531
 -1.068142 1.764849 18.109677
 -1.005310 2.913304 19.066062
 -0.942478 4.211034 22.071399
 -0.879646 5.787958 29.016042
 -0.816814 7.836806 34.448289
 -0.753982 9.969141 33.153360
 -0.691150 12.164441 37.767501
 -0.628319 14.796025 44.725455
 -0.565487 17.579151 41.853238
 -0.502655 20.075188 37.577684
 -0.439823 22.470232 39.409672
 -0.376991 25.141618 44.674443
 -0.314159 27.940345 42.861042
 -0.251327 30.520895 38.699454
 -0.188496 32.826763 34.728718
 -0.125664 34.999101 34.035292
 -0.062832 37.065116 30.342475
 0.000000 38.660833 19.376455
 0.062832 39.604096 11.339471
 0.125664 39.998567 -0.329476
 0.188496 39.623101 -10.078473
 0.251327 38.815054 -16.013141
 0.314159 37.575064 -23.291134
 0.376991 35.932869 -28.814099
 0.439823 34.011228 -31.342808
 0.502655 32.071544 -30.634065
 0.565487 30.124377 -31.160720
 0.628319 28.221760 -29.046155
 0.691150 26.429652 -28.638381
 0.753982 24.664248 -26.282092
 0.816814 23.267246 -17.736970
 0.879646 22.390670 -11.031436
 0.942478 21.847110 -5.685217
 1.005310 21.721535 1.231056
 1.068142 21.943661 6.113411
 1.130973 22.587295 14.557975
 1.193805 23.673704 18.920607
 1.256637 24.958173 22.609690
 1.319469 26.591799 29.324218
 1.382301 28.618867 34.758231
 1.445133 30.994219 41.007461
 1.507964 33.799615 47.335777
 1.570796 36.894369 50.230741
 1.633628 40.193869 54.328002
 1.696460 43.674858 53.516649
 1.759292 46.900029 49.746641
 1.822124 50.195751 51.504489
 1.884956 52.605283 26.633087
 1.947787 55.118160 61.490369
 2.010619 60.826771 120.273145
 2.073451 70.812481 180.034591
 2.136283 inf nan
 2.199115 inf nan
 2.261947 inf nan
 2.324779 inf nan
 2.387610 inf nan
 2.450442 77.377114 -208.237156
 2.513274 66.216376 -147.254857
 2.576106 58.816519 -88.931652
 2.638938 54.792228 -44.380504
 2.701770 51.620188 -69.539936
 2.764602 46.631880 -80.854148
 2.827433 41.684557 -76.605911
 2.890265 37.022649 -71.679870
 2.953097 32.675248 -66.806271
 3.015929 28.580927 -63.642333
 3.078761 24.728315 -58.381663
