#! FIELDS psi4 ffpsi4 dffpsi4_psi4
#! SET min_psi4 -pi
#! SET max_psi4 pi
#! SET nbins_psi4  100
#! SET periodic_psi4 true
 -3.141593 4.772883 19.878712
 -3.078761 6.026570 20.400723
 -3.015929 7.438673 24.946747
 -2.953097 9.049025 23.221083
 -2.890265 10.135144 12.733416
 -2.827433 11.048642 18.712167
 -2.764602 12.603220 30.541318
 -2.701770 14.883148 41.348332
 -2.638938 17.605606 43.464273
 -2.576106 20.093528 29.804773
 -2.513274 20.942062 0.202639
 -2.450442 21.022389 8.773080
 -2.387610 22.393958 31.873868
 -2.324779 23.512045 -9.132103
 -2.261947 22.299159 -14.611922
 -2.199115 22.206773 6.536650
 -2.136283 22.367212 0.326699
 -2.073451 22.849461 14.983908
 -2.010619 23.198112 -17.919473
 -1.947787 21.117537 -31.254123
 -1.884956 20.048791 -6.260266
 -1.822124 19.498404 -14.574434
 -1.759292 18.538240 -12.083558
 -1.696460 18.235269 1.101792
 -1.633628 17.946576 -15.066726
 -1.570796 16.827517 -14.714705
 -1.507964 16.173933 -9.321548
 -1.445133 15.426960 -13.406775
 -1.382301 14.506666 -17.787094
 -1.319469 13.218691 -19.644271
 -1.256637 12.338391 -9.805552
 -1.193805 11.546617 -16.959917
 -1.130973 10.508879 -12.969983
 -1.068142 9.917904 -8.810724
 -1.005310 9.082163 -17.827190
 -0.942478 7.868112 -19.241483
 -0.879646 6.758675 -16.315611
 -0.816814 5.756980 -15.583134
 -0.753982 4.872275 -12.068099
 -0.691150 4.199725 -10.322596
 -0.628319 3.528047 -10.547799
 -0.565487 2.946911 -7.789249
 -0.502655 2.541362 -5.178624
 -0.439823 2.292742 -2.923161
 -0.376991 2.184544 -0.132096
 -0.314159 2.254279 1.291073
 -0.251327 2.275802 -0.131059
 -0.188496 2.319667 1.500464
 -0.125664 2.455132 3.199731
 -0.062832 2.770772 6.503683
 0.000000 3.187842 6.242791
 0.062832 3.534999 4.749919
 0.125664 3.847305 6.004972
 0.188496 4.306834 7.426733
 0.251327 4.640695 3.297461
 0.314159 4.800449 1.777077
 0.376991 4.863938 0.395971
 0.439823 4.832080 -1.655031
 0.502655 4.740661 -0.266217
 0.565487 4.790240 0.708758
 0.628319 4.772416 -0.656605
 0.691150 4.783677 0.611033
 0.753982 4.741777 -2.259967
 0.816814 4.608987 -0.919329
 0.879646 4.624995 0.708471
 0.942478 4.672579 0.801416
 1.005310 4.740675 1.900086
 1.068142 4.955803 4.405082
 1.130973 5.225697 4.170973
 1.193805 5.501594 4.435507
 1.256637 5.797096 5.484865
 1.319469 6.229321 7.883678
 1.382301 6.716995 7.267969
 1.445133 7.162906 7.054105
 1.507964 7.570281 5.231353
 1.570796 7.770517 1.405260
 1.633628 7.927987 4.730396
 1.696460 8.185637 0.676132
 1.759292 8.021126 -3.874791
 1.822124 7.754078 -5.877656
 1.884956 7.287972 -7.281466
 1.947787 6.979136 -2.998647
 2.010619 6.761436 -4.824382
 2.073451 6.317463 -10.232199
 2.136283 5.444297 -16.055586
 2.199115 4.519243 -12.613761
 2.261947 3.854871 -9.351679
 2.324779 3.222909 -10.861488
 2.387610 2.565485 -9.885980
 2.450442 1.965820 -8.948313
 2.513274 1.491034 -6.151731
 2.576106 1.163967 -4.547419
 2.638938 0.916143 -3.079206
 2.701770 0.789090 -1.325867
 2.764602 0.747444 0.647241
 2.827433 0.946126 5.413421
 2.890265 1.343645 6.923110
 2.953097 1.860134 9.868405
 3.015929 2.596496 13.405122
 3.078761 3.564513 17.605765
