#! FIELDS phi3 ffphi3 dffphi3_phi3
#! SET min_phi3 -pi
#! SET max_phi3 pi
#! SET nbins_phi3  100
#! SET periodic_phi3 true
 -3.141593 22.382291 -49.997176
 -3.078761 19.501345 -41.585348
 -3.015929 17.180485 -33.723784
 -2.953097 14.850823 -42.024098
 -2.890265 12.297625 -34.753705
 -2.827433 10.694914 -17.449671
 -2.764602 9.683178 -18.887168
 -2.701770 8.329885 -19.592992
 -2.638938 7.566800 -6.365835
 -2.576106 7.028629 -13.217434
 -2.513274 6.021171 -16.792995
 -2.450442 5.152378 -9.522913
 -2.387610 4.796414 -3.528389
 -2.324779 4.406971 -12.004626
 -2.261947 3.221733 -20.500904
 -2.199115 2.596497 2.837739
 -2.136283 3.253874 12.329698
 -2.073451 3.585501 -2.689953
 -2.010619 3.176001 -7.524460
 -1.947787 2.842180 -3.162875
 -1.884956 2.589885 -6.549611
 -1.822124 2.153535 -4.353741
 -1.759292 2.256792 6.826950
 -1.696460 2.428676 -9.776420
 -1.633628 0.620384 -42.885511
 -1.570796 -2.228764 -40.114840
 -1.507964 -3.484724 4.237252
 -1.445133 -1.655415 49.504042
 -1.382301 0.926106 17.845591
 -1.319469 1.827400 21.237267
 -1.256637 3.252794 13.263761
 -1.193805 3.384308 -3.000760
 -1.130973 3.231557 0.352042
 -1.068142 3.777102 15.644027
 -1.005310 4.514453 6.668506
 -0.942478 5.235595 18.469044
 -0.879646 6.616621 23.784001
 -0.816814 8.190355 25.896490
 -0.753982 9.990193 33.579179
 -0.691150 12.458227 41.907008
 -0.628319 14.958255 38.183902
 -0.565487 17.574422 45.598178
 -0.502655 20.422165 40.625357
 -0.439823 22.698558 35.420251
 -0.376991 25.246253 44.971667
 -0.314159 28.155203 45.742535
 -0.251327 30.862958 37.500323
 -0.188496 32.860600 28.743682
 -0.125664 34.770557 30.164281
 -0.062832 36.292132 17.128222
 0.000000 37.107638 9.229979
 0.062832 37.323273 -3.312807
 0.125664 36.832964 -10.740577
 0.188496 35.978389 -17.697725
 0.251327 34.572292 -25.924468
 0.314159 32.838622 -29.120019
 0.376991 30.908313 -32.647257
 0.439823 28.662563 -38.905921
 0.502655 26.108549 -41.444964
 0.565487 23.542815 -40.027603
 0.628319 20.966965 -43.390301
 0.691150 18.150145 -43.545417
 0.753982 15.776029 -31.541458
 0.816814 14.098834 -22.961152
 0.879646 12.771093 -20.011575
 0.942478 11.535595 -18.538504
 1.005310 10.763145 -3.346299
 1.068142 11.139188 12.229488
 1.130973 11.717133 4.060102
 1.193805 12.061015 11.677514
 1.256637 13.491886 33.527376
 1.319469 16.003485 43.955665
 1.382301 19.000744 52.064575
 1.445133 22.546243 58.619287
 1.507964 26.338959 61.822589
 1.570796 30.485999 68.043681
 1.633628 34.900223 69.610938
 1.696460 39.374810 70.283762
 1.759292 43.815719 67.050650
 1.822124 47.952809 63.141793
 1.884956 51.973545 61.726227
 1.947787 55.672690 54.717993
 2.010619 58.995215 49.474854
 2.073451 62.010487 45.752535
 2.136283 64.332188 21.461731
 2.199115 64.939443 4.566532
 2.261947 65.264609 3.609215
 2.324779 65.149234 -7.246966
 2.387610 64.282254 -23.282505
 2.450442 62.152683 -41.138594
 2.513274 59.420898 -45.425168
 2.576106 56.419964 -50.249846
 2.638938 53.103746 -55.199734
 2.701770 49.480952 -60.224046
 2.764602 45.533129 -64.991791
 2.827433 41.402727 -65.722826
 2.890265 37.315985 -64.361766
 2.953097 33.311453 -62.857679
 3.015929 29.457794 -59.658708
 3.078761 25.781675 -57.297631
