#! FIELDS phi2 ffphi2 dffphi2_phi2
#! SET min_phi2 -pi
#! SET max_phi2 pi
#! SET nbins_phi2  100
#! SET periodic_phi2 true
 -3.141593 18.782826 -49.738388
 -3.078761 16.524095 -24.843668
 -3.015929 15.102418 -23.497776
 -2.953097 13.477362 -30.426604
 -2.890265 11.029326 -44.804728
 -2.827433 8.492360 -32.360408
 -2.764602 6.958819 -19.390256
 -2.701770 5.818259 -15.877445
 -2.638938 5.115962 -6.869911
 -2.576106 4.666311 -12.164967
 -2.513274 3.217275 -29.439122
 -2.450442 1.933353 -7.443174
 -2.387610 1.919351 -0.099715
 -2.324779 1.831440 2.161609
 -2.261947 2.216094 6.666439
 -2.199115 2.657653 8.451260
 -2.136283 3.030899 2.499918
 -2.073451 3.193171 2.309801
 -2.010619 3.271200 3.653623
 -1.947787 3.943219 14.000789
 -1.884956 4.354881 0.089041
 -1.822124 4.358318 -1.728111
 -1.759292 3.813237 -13.667696
 -1.696460 3.022041 -12.040304
 -1.633628 2.105490 -14.395191
 -1.570796 1.808536 6.171245
 -1.507964 2.410840 7.411767
 -1.445133 2.185014 -19.913534
 -1.382301 0.160405 -32.720239
 -1.319469 -0.880935 1.607090
 -1.256637 -0.119183 11.475861
 -1.193805 -0.565657 -19.202897
 -1.130973 -1.242606 2.946238
 -1.068142 0.012169 35.451934
 -1.005310 2.427563 29.331624
 -0.942478 2.630083 -16.023783
 -0.879646 1.772750 -5.763665
 -0.816814 2.398667 29.220180
 -0.753982 5.566784 67.348083
 -0.691150 9.423287 46.643656
 -0.628319 12.011297 33.050945
 -0.565487 12.679411 -3.962337
 -0.502655 13.456346 35.745551
 -0.439823 17.281516 81.377503
 -0.376991 21.984684 51.773728
 -0.314159 24.098899 22.631188
 -0.251327 25.272282 19.124255
 -0.188496 27.264651 46.790290
 -0.125664 31.073972 70.819420
 -0.062832 32.598252 -77.081746
 0.000000 26.991825 -71.724331
 0.062832 24.306513 -13.988010
 0.125664 24.766584 16.934813
 0.188496 24.441740 -24.168361
 0.251327 22.739776 -33.015336
 0.314159 20.509924 -30.474089
 0.376991 19.142793 -17.532684
 0.439823 17.665405 -30.238651
 0.502655 15.664892 -31.473642
 0.565487 13.769272 -28.261601
 0.628319 12.225633 -21.327751
 0.691150 10.862237 -23.079723
 0.753982 9.502127 -18.082104
 0.816814 8.609144 -12.023803
 0.879646 7.901886 -9.252194
 0.942478 7.597879 -0.537100
 1.005310 7.725530 4.104862
 1.068142 8.197496 11.977934
 1.130973 9.247405 20.191093
 1.193805 10.562644 21.524003
 1.256637 12.176619 31.588338
 1.319469 14.642956 47.072644
 1.382301 18.168327 64.213436
 1.445133 22.288784 61.416893
 1.507964 26.312526 72.570527
 1.570796 32.053308 98.453562
 1.633628 34.721367 -6.838829
 1.696460 35.689607 43.875176
 1.759292 40.406127 106.311618
 1.822124 49.055322 169.000641
 1.884956 inf nan
 1.947787 inf nan
 2.010619 inf nan
 2.073451 inf nan
 2.136283 inf nan
 2.199115 inf nan
 2.261947 inf nan
 2.324779 inf nan
 2.387610 inf nan
 2.450442 inf nan
 2.513274 inf nan
 2.576106 inf nan
 2.638938 inf nan
 2.701770 87.115982 -223.048792
 2.764602 74.897222 -164.835401
 2.827433 60.514400 -221.725985
 2.890265 47.980507 -171.200007
 2.953097 37.969285 -141.950259
 3.015929 29.527642 -123.251174
 3.078761 22.954855 -84.597982
