#! FIELDS phi3 ffphi3 dffphi3_phi3
#! SET min_phi3 -pi
#! SET max_phi3 pi
#! SET nbins_phi3  100
#! SET periodic_phi3 true
 -3.141593 19.034272 -42.070638
 -3.078761 16.506101 -37.779442
 -3.015929 14.311453 -32.551820
 -2.953097 12.370934 -29.093571
 -2.890265 10.687236 -24.394049
 -2.827433 9.302155 -19.780722
 -2.764602 8.189693 -15.711045
 -2.701770 7.321406 -11.993766
 -2.638938 6.674456 -8.683115
 -2.576106 6.214466 -6.157676
 -2.513274 5.883603 -4.447310
 -2.450442 5.653602 -2.928191
 -2.387610 5.513269 -1.585908
 -2.324779 5.445234 -0.763272
 -2.261947 5.403366 -0.636764
 -2.199115 5.366469 -0.598160
 -2.136283 5.319237 -1.042019
 -2.073451 5.232394 -1.753247
 -2.010619 5.094356 -2.769897
 -1.947787 4.875813 -4.227622
 -1.884956 4.571828 -5.423357
 -1.822124 4.193372 -6.699360
 -1.759292 3.728740 -8.104505
 -1.696460 3.177044 -9.466288
 -1.633628 2.546083 -10.543080
 -1.570796 1.867025 -10.978264
 -1.507964 1.180719 -10.762665
 -1.445133 0.535366 -9.606417
 -1.382301 -0.005464 -7.510895
 -1.319469 -0.396431 -4.858565
 -1.256637 -0.601790 -1.597800
 -1.193805 -0.588007 2.051010
 -1.130973 -0.335319 6.037353
 -1.068142 0.178561 10.285247
 -1.005310 0.960534 14.572727
 -0.942478 2.015283 18.912333
 -0.879646 3.338621 23.063291
 -0.816814 4.912359 26.826922
 -0.753982 6.716691 30.413518
 -0.691150 8.736763 33.463264
 -0.628319 10.908278 35.202004
 -0.565487 13.183089 36.957184
 -0.502655 15.558989 37.975945
 -0.439823 17.969030 38.314173
 -0.376991 20.344591 36.207193
 -0.314159 22.510300 32.065050
 -0.251327 24.341738 25.536915
 -0.188496 25.707008 17.306921
 -0.125664 26.632074 15.508458
 -0.062832 28.113912 30.423618
 0.000000 29.548943 10.415855
 0.062832 29.767026 -4.251509
 0.125664 28.852340 -21.861995
 0.188496 27.252894 -28.059283
 0.251327 25.501605 -28.213537
 0.314159 23.564390 -33.736949
 0.376991 21.198082 -41.429095
 0.439823 18.589051 -39.978574
 0.502655 16.158374 -38.489417
 0.565487 13.683713 -40.002563
 0.628319 11.186271 -39.218417
 0.691150 8.786173 -36.840973
 0.753982 6.597122 -32.593227
 0.816814 4.717369 -27.041700
 0.879646 3.221281 -20.418107
 0.942478 2.172940 -12.791120
 1.005310 1.628895 -4.470440
 1.068142 1.618588 4.199838
 1.130973 2.164265 13.163378
 1.193805 3.278077 22.284966
 1.256637 4.971374 31.478625
 1.319469 7.231056 40.131828
 1.382301 10.019963 48.243095
 1.445133 13.321122 56.223211
 1.507964 17.122092 63.239946
 1.570796 21.269279 67.389346
 1.633628 25.796908 74.187397
 1.696460 30.382036 66.108136
 1.759292 34.696939 77.043071
 1.822124 41.040199 126.828915
 1.884956 50.923667 186.288590
 1.947787 inf nan
 2.010619 inf nan
 2.073451 inf nan
 2.136283 inf nan
 2.199115 inf nan
 2.261947 inf nan
 2.324779 inf nan
 2.387610 inf nan
 2.450442 inf nan
 2.513274 inf nan
 2.576106 inf nan
 2.638938 inf nan
 2.701770 inf nan
 2.764602 50.683972 -196.513393
 2.827433 40.125936 -139.388854
 2.890265 32.944940 -91.477224
 2.953097 28.247911 -61.405936
 3.015929 24.823230 -50.215918
 3.078761 21.791209 -46.115615
