#! FIELDS psi3 ffpsi3 dffpsi3_psi3
#! SET min_psi3 -pi
#! SET max_psi3 pi
#! SET nbins_psi3  100
#! SET periodic_psi3 true
 -3.141593 10.176337 16.640105
 -3.078761 11.216524 15.768741
 -3.015929 12.174926 15.013446
 -2.953097 13.175917 17.474480
 -2.890265 14.420219 21.844985
 -2.827433 15.972107 28.330937
 -2.764602 17.952094 32.898750
 -2.701770 20.063445 34.113328
 -2.638938 21.786163 13.829614
 -2.576106 21.771749 -8.145031
 -2.513274 21.333485 -5.621697
 -2.450442 20.869914 -11.094983
 -2.387610 19.839605 -19.708209
 -2.324779 18.854551 -9.094353
 -2.261947 18.715118 2.498927
 -2.199115 18.627272 -9.161833
 -2.136283 17.731554 -15.600050
 -2.073451 16.923904 -9.312779
 -2.010619 16.517582 -5.436549
 -1.947787 16.075307 -8.314581
 -1.884956 15.546584 -8.468680
 -1.822124 15.038074 -7.736822
 -1.759292 14.542023 -7.620046
 -1.696460 14.195786 -3.307822
 -1.633628 14.008276 -3.948582
 -1.570796 13.617523 -7.769459
 -1.507964 13.266395 -2.633866
 -1.445133 13.051153 -6.828271
 -1.382301 12.385161 -12.987440
 -1.319469 11.489882 -16.161620
 -1.256637 10.313420 -20.469699
 -1.193805 9.047308 -19.432414
 -1.130973 7.873765 -17.891137
 -1.068142 6.812044 -15.945751
 -1.005310 5.853043 -14.653820
 -0.942478 4.970132 -13.468648
 -0.879646 4.159870 -12.369909
 -0.816814 3.406611 -11.758394
 -0.753982 2.664033 -11.886084
 -0.691150 1.934891 -11.198410
 -0.628319 1.261650 -10.220337
 -0.565487 0.660542 -8.810735
 -0.502655 0.170836 -6.732067
 -0.439823 -0.189383 -4.818058
 -0.376991 -0.431031 -2.785270
 -0.314159 -0.527069 -0.281828
 -0.251327 -0.467423 2.125901
 -0.188496 -0.265065 4.212284
 -0.125664 0.059351 6.064611
 -0.062832 0.497701 7.841233
 0.000000 1.044241 9.362215
 0.062832 1.654600 9.929363
 0.125664 2.298634 10.505991
 0.188496 2.969305 10.657408
 0.251327 3.633494 10.444354
 0.314159 4.285399 9.985437
 0.376991 4.847648 7.751805
 0.439823 5.291241 6.475042
 0.502655 5.659172 5.052009
 0.565487 5.933225 3.825605
 0.628319 6.152860 3.047181
 0.691150 6.342535 3.303949
 0.753982 6.555169 2.887865
 0.816814 6.687927 1.645007
 0.879646 6.803800 2.077291
 0.942478 6.952144 2.636957
 1.005310 7.147402 3.597930
 1.068142 7.395210 4.199487
 1.130973 7.710182 6.036183
 1.193805 8.125864 6.649450
 1.256637 8.533663 6.548249
 1.319469 8.993875 8.271441
 1.382301 9.543855 8.520347
 1.445133 10.056635 8.323037
 1.507964 10.608098 8.572814
 1.570796 11.104165 7.408057
 1.633628 11.523468 5.407904
 1.696460 11.772344 2.465953
 1.759292 11.821654 -0.885387
 1.822124 11.716967 -1.835456
 1.884956 11.636522 -1.217848
 1.947787 11.472138 -4.388776
 2.010619 11.063201 -8.614122
 2.073451 10.512708 -7.756236
 2.136283 10.097798 -6.226254
 2.199115 9.651302 -8.233304
 2.261947 9.091355 -9.239833
 2.324779 8.523219 -8.571240
 2.387610 8.050411 -6.477878
 2.450442 7.683053 -5.389891
 2.513274 7.381496 -4.118349
 2.576106 7.156494 -3.280769
 2.638938 6.972248 -2.317927
 2.701770 6.899770 0.099091
 2.764602 6.986878 2.530263
 2.827433 7.183094 3.393364
 2.890265 7.432229 4.958656
 2.953097 7.845281 8.193006
 3.015929 8.452549 10.902918
 3.078761 9.216268 13.553328
