#! FIELDS phi3 ffphi3 dffphi3_phi3
#! SET min_phi3 -pi
#! SET max_phi3 pi
#! SET nbins_phi3  100
#! SET periodic_phi3 true
 -3.141593 21.174059 -53.768868
 -3.078761 18.035973 -46.493640
 -3.015929 15.295105 -40.762998
 -2.953097 12.903452 -35.665213
 -2.890265 10.764588 -32.484406
 -2.827433 8.892883 -26.428128
 -2.764602 7.433464 -20.646918
 -2.701770 6.258982 -16.645758
 -2.638938 5.334838 -13.181354
 -2.576106 4.545853 -12.234929
 -2.513274 3.800506 -11.058577
 -2.450442 3.226581 -7.219637
 -2.387610 2.785558 -7.687933
 -2.324779 2.293314 -7.093830
 -2.261947 1.971983 -2.868755
 -2.199115 1.938479 1.302803
 -2.136283 2.004511 -0.266917
 -2.073451 1.861297 -3.981334
 -2.010619 1.626546 -2.539319
 -1.947787 1.539319 -1.198399
 -1.884956 1.356985 -4.975755
 -1.822124 1.029457 -4.109132
 -1.759292 0.870724 -1.712209
 -1.696460 0.747391 -2.487068
 -1.633628 0.507845 -5.191407
 -1.570796 0.223776 -2.703632
 -1.507964 0.172812 0.033763
 -1.445133 0.163088 0.366357
 -1.382301 0.291203 2.952378
 -1.319469 0.421973 1.135229
 -1.256637 0.457986 -0.042157
 -1.193805 0.495173 2.579990
 -1.130973 0.938033 11.877277
 -1.068142 1.933349 19.033092
 -1.005310 3.290959 24.144071
 -0.942478 4.988749 29.753196
 -0.879646 6.986947 32.560641
 -0.816814 8.939861 29.115579
 -0.753982 10.775060 29.562973
 -0.691150 12.670241 31.298479
 -0.628319 14.920338 40.946141
 -0.565487 17.741417 46.714181
 -0.502655 20.626644 44.276197
 -0.439823 23.370115 41.427390
 -0.376991 25.756542 35.136130
 -0.314159 28.128234 41.003331
 -0.251327 30.735204 38.572715
 -0.188496 32.947727 33.227994
 -0.125664 35.024670 31.535991
 -0.062832 36.901235 28.241458
 0.000000 38.486087 20.419446
 0.062832 39.395794 8.436741
 0.125664 39.588107 -2.181195
 0.188496 39.172373 -10.618927
 0.251327 38.270945 -18.328354
 0.314159 36.866561 -25.961220
 0.376991 35.129647 -28.514836
 0.439823 33.265447 -31.332466
 0.502655 31.220159 -32.991109
 0.565487 29.179411 -32.046714
 0.628319 27.177842 -31.418747
 0.691150 25.273957 -29.024878
 0.753982 23.556752 -25.194232
 0.816814 22.190603 -17.634779
 0.879646 21.335739 -10.637244
 0.942478 20.691963 -10.309180
 1.005310 20.172935 -4.357385
 1.068142 20.267551 6.864090
 1.130973 20.933756 14.423134
 1.193805 22.159782 24.285263
 1.256637 23.827545 27.648751
 1.319469 25.673887 31.847038
 1.382301 27.918884 39.564562
 1.445133 30.645572 46.358313
 1.507964 33.659202 48.440272
 1.570796 36.836466 52.833606
 1.633628 40.356685 57.626909
 1.696460 44.052351 58.713404
 1.759292 47.868886 61.794466
 1.822124 51.909668 64.692760
 1.884956 56.110331 68.123857
 1.947787 60.692608 75.636696
 2.010619 66.229431 102.048885
 2.073451 74.326918 153.451720
 2.136283 inf nan
 2.199115 inf nan
 2.261947 inf nan
 2.324779 inf nan
 2.387610 84.192635 -202.429522
 2.450442 73.264734 -145.068566
 2.513274 65.778519 -95.226302
 2.576106 60.743049 -72.338425
 2.638938 55.883288 -82.145845
 2.701770 50.856858 -76.215612
 2.764602 46.190148 -73.730783
 2.827433 41.533996 -73.782301
 2.890265 36.977022 -71.239785
 2.953097 32.601088 -67.384373
 3.015929 28.554792 -61.730012
 3.078761 24.758242 -59.355159
