#! FIELDS psi4 ffpsi4 dffpsi4_psi4
#! SET min_psi4 -pi
#! SET max_psi4 pi
#! SET nbins_psi4  100
#! SET periodic_psi4 true
 -3.141593 4.974508 21.636352
 -3.078761 6.370489 21.975496
 -3.015929 7.742337 21.806522
 -2.953097 9.141159 22.311276
 -2.890265 10.408513 16.700633
 -2.827433 11.445553 20.255450
 -2.764602 13.195430 31.247782
 -2.701770 14.364985 5.208981
 -2.638938 14.988280 21.364009
 -2.576106 16.958579 34.171991
 -2.513274 18.859077 33.130364
 -2.450442 21.846767 54.860303
 -2.387610 22.960786 -18.817255
 -2.324779 21.774800 -14.982478
 -2.261947 21.081225 -5.389863
 -2.199115 21.593780 24.476268
 -2.136283 23.688138 29.641316
 -2.073451 23.788911 -27.027271
 -2.010619 21.634935 -29.384389
 -1.947787 20.775783 2.455770
 -1.884956 21.530489 12.821219
 -1.822124 21.410941 -14.505902
 -1.759292 20.186479 -23.127350
 -1.696460 18.774013 -20.030476
 -1.633628 17.676051 -16.319675
 -1.570796 16.572554 -17.430877
 -1.507964 15.760936 -9.719295
 -1.445133 14.822737 -20.923015
 -1.382301 13.573730 -16.812727
 -1.319469 12.637508 -13.469413
 -1.256637 11.915325 -9.995780
 -1.193805 11.224138 -13.251896
 -1.130973 10.216217 -17.171889
 -1.068142 9.289600 -12.755042
 -1.005310 8.475827 -12.878479
 -0.942478 7.730980 -11.514251
 -0.879646 6.893176 -15.627372
 -0.816814 5.770227 -19.801964
 -0.753982 4.626570 -14.002827
 -0.691150 4.080346 -5.486501
 -0.628319 3.646761 -8.817025
 -0.565487 3.097144 -7.957637
 -0.502655 2.627494 -7.051288
 -0.439823 2.283702 -3.479980
 -0.376991 2.202695 0.989510
 -0.314159 2.371788 3.508316
 -0.251327 2.582698 3.292549
 -0.188496 2.803718 3.588973
 -0.125664 3.006652 2.658648
 -0.062832 3.139742 1.684285
 0.000000 3.286738 3.713683
 0.062832 3.599371 5.241691
 0.125664 3.930734 6.195414
 0.188496 4.376153 6.681875
 0.251327 4.706160 4.347830
 0.314159 4.956368 3.175303
 0.376991 5.084537 1.246627
 0.439823 5.174642 1.517245
 0.502655 5.194903 -1.517143
 0.565487 5.025901 -2.784673
 0.628319 4.919548 -0.965042
 0.691150 4.918883 1.608154
 0.753982 5.044277 0.340824
 0.816814 4.862936 -4.894387
 0.879646 4.686233 0.782318
 0.942478 4.907162 3.907154
 1.005310 4.967782 -1.711917
 1.068142 4.888322 0.778310
 1.130973 5.147206 6.981661
 1.193805 5.654466 8.254532
 1.256637 6.128834 6.824727
 1.319469 6.575060 7.802509
 1.382301 7.015011 4.021422
 1.445133 7.016485 -1.645135
 1.507964 7.087112 4.014895
 1.570796 7.391532 4.811464
 1.633628 7.707292 5.576938
 1.696460 8.030551 2.725785
 1.759292 7.780909 -10.162543
 1.822124 7.216945 -4.882486
 1.884956 7.093185 -1.777076
 1.947787 6.848246 -5.300323
 2.010619 6.440497 -8.121435
 2.073451 5.948083 -6.504918
 2.136283 5.453637 -11.516341
 2.199115 4.575404 -14.252314
 2.261947 3.766313 -11.656375
 2.324779 3.108361 -9.436392
 2.387610 2.536285 -8.936220
 2.450442 1.978693 -9.250372
 2.513274 1.330108 -11.042670
 2.576106 0.725141 -7.109540
 2.638938 0.482854 -1.050695
 2.701770 0.526008 2.112573
 2.764602 0.707501 2.937563
 2.827433 0.836439 1.665113
 2.890265 1.109416 8.339116
 2.953097 1.880464 14.963259
 3.015929 2.835224 14.600718
 3.078761 3.767032 16.278035
