#! FIELDS psi3 ffpsi3 dffpsi3_psi3
#! SET min_psi3 -pi
#! SET max_psi3 pi
#! SET nbins_psi3  500
#! SET periodic_psi3 true
 -3.141593 4.641696 16.659844
 -3.129026 4.858583 17.548506
 -3.116460 5.075423 16.636821
 -3.103894 5.270359 14.135358
 -3.091327 5.427314 10.764974
 -3.078761 5.541949 7.573475
 -3.066194 5.623435 5.569907
 -3.053628 5.690671 5.435025
 -3.041062 5.768653 7.226134
 -3.028495 5.879937 10.686053
 -3.015929 6.042449 15.305275
 -3.003363 6.267402 20.498248
 -2.990796 6.559774 25.630916
 -2.978230 6.912977 30.431989
 -2.965663 7.321190 34.261287
 -2.953097 7.769805 36.841719
 -2.940531 8.241863 37.991888
 -2.927964 8.719788 37.689240
 -2.915398 9.185616 36.204331
 -2.902832 9.627613 33.790726
 -2.890265 10.035423 30.992004
 -2.877699 10.407743 28.119327
 -2.865133 10.745207 25.587860
 -2.852566 11.053921 23.569501
 -2.840000 11.341065 22.152145
 -2.827433 11.618772 20.989348
 -2.814867 11.881917 20.816514
 -2.802301 12.144394 20.919290
 -2.789734 12.409619 21.178459
 -2.777168 12.680128 21.433978
 -2.764602 12.952738 21.795499
 -2.752035 13.228883 21.980015
 -2.739469 13.505898 21.921094
 -2.726902 13.780648 21.630282
 -2.714336 14.050580 21.210944
 -2.701770 14.315322 20.797680
 -2.689203 14.575775 20.585217
 -2.676637 14.835313 20.647919
 -2.664071 15.097474 20.987157
 -2.651504 15.365525 21.486088
 -2.638938 15.639999 22.053937
 -2.626371 15.921029 22.513560
 -2.613805 16.206912 22.741644
 -2.601239 16.493519 22.764474
 -2.588672 16.780012 22.404376
 -2.576106 17.059531 21.901856
 -2.563540 17.331124 21.142798
 -2.550973 17.591465 20.193113
 -2.538407 17.838961 19.059317
 -2.525840 18.071847 17.827369
 -2.513274 18.289040 16.633271
 -2.500708 18.492120 15.497311
 -2.488141 18.681694 14.562687
 -2.475575 18.860519 13.818756
 -2.463009 19.031004 13.238811
 -2.450442 19.195138 12.725430
 -2.437876 19.352599 12.248833
 -2.425310 19.503497 11.640020
 -2.412743 19.645479 10.825746
 -2.400177 19.775806 9.758363
 -2.387610 19.891073 8.487184
 -2.375044 19.989371 7.045653
 -2.362478 20.069065 5.587778
 -2.349911 20.130986 4.244888
 -2.337345 20.177553 3.155419
 -2.324779 20.212714 2.453637
 -2.312212 20.241796 2.200259
 -2.299646 20.270527 2.403043
 -2.287079 20.304285 2.959730
 -2.274513 20.346380 3.722458
 -2.261947 20.398172 4.474616
 -2.249380 20.458299 4.991923
 -2.236814 20.522384 5.087142
 -2.224248 20.584365 4.639948
 -2.211681 20.637087 3.641948
 -2.199115 20.673922 2.157197
 -2.186548 20.690269 0.381957
 -2.173982 20.683653 -1.443292
 -2.161416 20.654940 -3.119147
 -2.148849 20.606944 -4.468469
 -2.136283 20.544489 -5.428923
 -2.123717 20.472433 -5.978498
 -2.111150 20.395767 -6.198576
 -2.098584 20.317980 -6.177428
 -2.086018 20.241293 -6.034058
 -2.073451 20.166489 -5.867756
 -2.060885 20.093870 -5.726136
 -2.048318 20.022638 -5.621069
 -2.035752 19.952480 -5.538827
 -2.023186 19.883336 -5.464129
 -2.010619 19.815365 -5.359997
 -1.998053 19.748590 -5.265006
 -1.985487 19.682700 -5.253588
 -1.972920 19.615848 -5.410647
 -1.960354 19.545807 -5.776099
 -1.947787 19.469801 -6.347046
 -1.935221 19.385902 -7.015826
 -1.922655 19.293765 -7.636273
 -1.910088 19.194971 -8.036759
 -1.897522 19.092821 -8.137003
 -1.884956 18.991771 -7.904327
 -1.872389 18.895140 -7.449401
 -1.859823 18.805021 -6.898604
 -1.847256 18.721278 -6.446010
 -1.834690 18.641680 -6.238790
 -1.822124 18.562605 -6.367107
 -1.809557 18.479854 -6.848864
 -1.796991 18.388981 -7.640793
 -1.784425 18.286492 -8.687069
 -1.771858 18.169461 -9.937316
 -1.759292 18.035680 -11.356755
 -1.746726 17.883091 -12.947268
 -1.734159 17.709340 -14.717023
 -1.721593 17.512104 -16.636944
 -1.709026 17.290801 -18.531674
 -1.696460 17.047419 -20.134505
 -1.683894 16.786938 -21.183748
 -1.671327 16.518028 -21.445339
 -1.658761 16.251293 -20.867916
 -1.646195 15.996138 -19.596198
 -1.633628 15.760643 -17.825943
 -1.621062 15.548929 -15.849410
 -1.608495 15.361804 -13.932262
 -1.595929 15.197019 -12.279911
 -1.583363 15.051162 -10.974049
 -1.570796 14.919411 -10.044248
 -1.558230 14.797096 -9.484417
 -1.545664 14.679569 -9.265845
 -1.533097 14.562774 -9.367956
 -1.520531 14.442745 -9.771649
 -1.507964 14.316136 -10.414257
 -1.495398 14.180526 -11.161260
 -1.482832 14.035930 -11.802483
 -1.470265 13.885300 -12.061126
 -1.457699 13.735309 -11.678718
 -1.445133 13.595127 -10.507496
 -1.432566 13.474629 -8.554178
 -1.420000 13.382639 -6.008857
 -1.407434 13.324703 -3.205095
 -1.394867 13.301285 -0.589168
 -1.382301 13.307306 1.386356
 -1.369734 13.331982 2.343320
 -1.357168 13.361237 2.110042
 -1.344602 13.380559 0.821451
 -1.332035 13.379575 -1.034704
 -1.319469 13.354982 -2.813249
 -1.306903 13.311604 -3.949077
 -1.294336 13.259523 -4.192512
 -1.281770 13.209825 -3.597421
 -1.269203 13.171368 -2.468972
 -1.256637 13.148201 -1.264773
 -1.244071 13.138228 -0.397590
 -1.231504 13.134869 -0.273099
 -1.218938 13.126831 -1.142262
 -1.206372 13.101799 -3.011586
 -1.193805 13.048040 -5.620784
 -1.181239 12.959324 -8.507472
 -1.168672 12.835093 -11.195500
 -1.156106 12.679428 -13.399960
 -1.143540 12.500565 -14.963397
 -1.130973 12.305233 -16.051003
 -1.118407 12.098261 -16.852037
 -1.105841 11.882173 -17.532992
 -1.093274 11.657941 -18.138916
 -1.080708 11.426963 -18.578187
 -1.068142 11.185902 -19.153978
 -1.055575 10.943595 -19.385628
 -1.043009 10.698759 -19.601358
 -1.030442 10.449871 -20.075208
 -1.017876 10.191716 -21.125241
 -1.005310 9.915376 -23.002621
 -0.992743 9.610001 -25.705635
 -0.980177 9.267286 -28.842406
 -0.967611 8.886320 -31.635487
 -0.955044 8.477395 -33.165983
 -0.942478 8.061046 -32.735617
 -0.929911 7.664040 -30.085339
 -0.917345 7.313543 -25.372439
 -0.904779 7.033118 -19.024104
 -0.892212 6.839960 -11.578133
 -0.879646 6.744261 -3.607766
 -0.867080 6.748910 4.289289
 -0.854513 6.849013 11.465590
 -0.841947 7.030762 17.170506
 -0.829380 7.270959 20.607857
 -0.816814 7.536083 21.054367
 -0.804248 7.786188 18.225083
 -0.791681 7.982374 12.653622
 -0.779115 8.098417 5.734448
 -0.766549 8.127916 -0.917483
 -0.753982 8.081690 -6.124870
 -0.741416 7.980928 -9.614947
 -0.728849 7.846007 -11.629740
 -0.716283 7.692873 -12.584900
 -0.703717 7.532399 -12.850194
 -0.691150 7.371568 -12.676064
 -0.678584 7.215655 -12.314793
 -0.666018 7.064605 -11.710244
 -0.653451 6.920679 -11.174040
 -0.640885 6.782776 -10.788856
 -0.628319 6.648477 -10.607485
 -0.615752 6.515093 -10.625265
 -0.603186 6.380653 -10.765591
 -0.590619 6.244230 -10.929306
 -0.578053 6.106056 -11.050920
 -0.565487 5.966686 -11.099972
 -0.552920 5.827046 -11.109211
 -0.540354 5.687257 -11.123097
 -0.527788 5.546949 -11.174271
 -0.515221 5.406211 -11.202735
 -0.502655 5.265456 -11.177046
 -0.490088 5.125374 -11.077234
 -0.477522 4.987135 -10.908739
 -0.464956 4.851054 -10.743079
 -0.452389 4.716692 -10.674941
 -0.439823 4.582035 -10.772254
 -0.427257 4.445048 -11.050119
 -0.414690 4.303721 -11.432671
 -0.402124 4.157791 -11.765606
 -0.389557 4.008871 -11.867068
 -0.376991 3.861005 -11.597507
 -0.364425 3.718943 -10.914187
 -0.351858 3.588106 -9.850863
 -0.339292 3.472024 -8.586014
 -0.326726 3.372158 -7.325987
 -0.314159 3.286737 -6.322087
 -0.301593 3.211245 -5.780918
 -0.289027 3.138896 -5.831177
 -0.276460 3.062000 -6.488824
 -0.263894 2.973669 -7.625877
 -0.251327 2.869410 -8.982319
 -0.238761 2.748390 -10.235547
 -0.226195 2.613955 -11.071152
 -0.213628 2.472949 -11.249540
 -0.201062 2.334349 -10.680616
 -0.188496 2.207454 -9.413657
 -0.175929 2.100026 -7.623513
 -0.163363 2.017119 -5.550752
 -0.150796 1.960579 -3.469815
 -0.138230 1.929200 -1.591838
 -0.125664 1.919338 -0.052166
 -0.113097 1.926270 1.081664
 -0.100531 1.944980 1.824197
 -0.087965 1.970942 2.246170
 -0.075398 2.000530 2.413165
 -0.062832 2.030963 2.398745
 -0.050265 2.060537 2.278040
 -0.037699 2.088361 2.151990
 -0.025133 2.115181 2.126773
 -0.012566 2.142751 2.281797
 0.000000 2.173618 2.649033
 0.012566 2.210161 3.170518
 0.025133 2.253890 3.717941
 0.037699 2.303757 4.173893
 0.050265 2.357846 4.340574
 0.062832 2.411597 4.125187
 0.075398 2.459842 3.461734
 0.087965 2.497163 2.394504
 0.100531 2.519276 1.065792
 0.113097 2.524233 -0.301085
 0.125664 2.513065 -1.467512
 0.138230 2.489472 -2.229580
 0.150796 2.459347 -2.498735
 0.163363 2.428986 -2.279994
 0.175929 2.403999 -1.660530
 0.188496 2.388850 -0.753051
 0.201062 2.386303 0.332415
 0.213628 2.397919 1.500793
 0.226195 2.424149 2.654490
 0.238761 2.464393 3.688355
 0.251327 2.516340 4.512832
 0.263894 2.576688 5.020690
 0.276460 2.641067 5.126856
 0.289027 2.704177 4.804146
 0.301593 2.760524 4.082940
 0.314159 2.805578 3.024969
 0.326726 2.835795 1.744849
 0.339292 2.849389 0.409375
 0.351858 2.847010 -0.799922
 0.364425 2.831437 -1.624135
 0.376991 2.808705 -1.916897
 0.389557 2.785986 -1.616358
 0.402124 2.770495 -0.801655
 0.414690 2.767451 0.309674
 0.427257 2.778647 1.395188
 0.439823 2.801383 2.103709
 0.452389 2.829036 2.153868
 0.464956 2.852548 1.447508
 0.477522 2.863099 0.140402
 0.490088 2.855496 -1.371206
 0.502655 2.829996 -2.605792
 0.515221 2.793142 -3.149401
 0.527788 2.754791 -2.839472
 0.540354 2.724824 -1.817003
 0.552920 2.710656 -0.397248
 0.565487 2.714691 0.968702
 0.578053 2.732960 1.807172
 0.590619 2.756346 1.704810
 0.603186 2.771395 0.463098
 0.615752 2.763847 -1.842331
 0.628319 2.722826 -4.767937
 0.640885 2.644486 -7.651363
 0.653451 2.533955 -9.789998
 0.666018 2.403882 -10.696807
 0.678584 2.271190 -10.199043
 0.691150 2.153093 -8.421000
 0.703717 2.063896 -5.645758
 0.716283 2.013919 -2.251985
 0.728849 2.008412 1.369550
 0.741416 2.047995 4.845386
 0.753982 2.128560 7.856257
 0.766549 2.242495 10.119100
 0.779115 2.379034 11.414371
 0.791681 2.524949 11.608863
 0.804248 2.666246 10.683133
 0.816814 2.789381 8.753621
 0.829380 2.883220 6.080771
 0.841947 2.941170 3.088688
 0.854513 2.962063 0.274211
 0.867080 2.951042 -1.917501
 0.879646 2.918003 -3.192483
 0.892212 2.875688 -3.489518
 0.904779 2.835328 -2.829162
 0.917345 2.807702 -1.479236
 0.929911 2.800217 0.283024
 0.942478 2.816054 2.224860
 0.955044 2.856360 4.154180
 0.967611 2.919947 5.877233
 0.980177 3.003178 7.278093
 0.992743 3.101193 8.205527
 1.005310 3.207006 8.461205
 1.017876 3.310354 7.837982
 1.030442 3.399755 6.173113
 1.043009 3.461688 3.521335
 1.055575 3.485588 0.204266
 1.068142 3.467028 -3.119259
 1.080708 3.410491 -5.752790
 1.093274 3.328108 -7.178821
 1.105841 3.236188 -7.261269
 1.118407 3.150498 -6.242171
 1.130973 3.082614 -4.502823
 1.143540 3.038943 -2.455401
 1.156106 3.021231 -0.415094
 1.168672 3.028012 1.441165
 1.181239 3.056623 3.048506
 1.193805 3.104056 4.444815
 1.206372 3.167866 5.644510
 1.218938 3.245413 6.620331
 1.231504 3.333318 7.298269
 1.244071 3.427454 7.602548
 1.256637 3.523035 7.543166
 1.269203 3.616334 7.258634
 1.281770 3.705864 6.996622
 1.294336 3.793556 6.995499
 1.306903 3.883852 7.404079
 1.319469 3.981956 8.245990
 1.332035 4.093055 9.352521
 1.344602 4.218643 10.618206
 1.357168 4.359914 11.809482
 1.369734 4.515297 12.811798
 1.382301 4.681729 13.611667
 1.394867 4.856669 14.148584
 1.407434 5.036908 14.325158
 1.420000 5.216302 14.093988
 1.432566 5.388964 13.244765
 1.445133 5.546661 11.651739
 1.457699 5.679933 9.439345
 1.470265 5.782897 6.865282
 1.482832 5.853877 4.414544
 1.495398 5.896978 2.538548
 1.507964 5.921608 1.434672
 1.520531 5.937747 1.121018
 1.533097 5.953715 1.430606
 1.545664 5.975581 2.054464
 1.558230 6.005737 2.718922
 1.570796 6.043902 3.278450
 1.583363 6.088484 3.722810
 1.595929 6.138120 4.144286
 1.608495 6.193320 4.625000
 1.621062 6.255513 5.228421
 1.633628 6.325886 5.979636
 1.646195 6.405688 6.703576
 1.658761 6.493697 7.235926
 1.671327 6.585878 7.314446
 1.683894 6.675103 6.749298
 1.696460 6.752743 5.438691
 1.709026 6.809374 3.442237
 1.721593 6.837531 0.937748
 1.734159 6.832365 -1.807757
 1.746726 6.792644 -4.501314
 1.759292 6.720799 -6.886949
 1.771858 6.622377 -8.701271
 1.784425 6.505962 -9.695571
 1.796991 6.383017 -9.728859
 1.809557 6.266039 -8.774690
 1.822124 6.166399 -6.952152
 1.834690 6.093854 -4.539438
 1.847256 6.053452 -1.902433
 1.859823 6.045647 0.576841
 1.872389 6.066180 2.576907
 1.884956 6.107481 3.854292
 1.897522 6.159704 4.311059
 1.910088 6.212620 3.983336
 1.922655 6.256730 2.967716
 1.935221 6.285163 1.495101
 1.947787 6.293373 -0.237588
 1.960354 6.279228 -1.998590
 1.972920 6.243950 -3.578696
 1.985487 6.190670 -4.858295
 1.998053 6.123313 -5.806713
 2.010619 6.045762 -6.512948
 2.023186 5.960293 -7.098182
 2.035752 5.867867 -7.698169
 2.048318 5.767623 -8.243131
 2.060885 5.661242 -8.648716
 2.073451 5.551848 -8.693917
 2.086018 5.445011 -8.212632
 2.098584 5.347842 -7.173494
 2.111150 5.266505 -5.718242
 2.123717 5.204889 -4.100245
 2.136283 5.162789 -2.644406
 2.148849 5.136584 -1.629183
 2.161416 5.119250 -1.230668
 2.173982 5.102818 -1.473156
 2.186548 5.079778 -2.253077
 2.199115 5.044633 -3.373450
 2.211681 4.994503 -4.636174
 2.224248 4.928368 -5.880481
 2.236814 4.847136 -7.031143
 2.249380 4.752358 -8.046864
 2.261947 4.645725 -8.900533
 2.274513 4.529093 -9.577491
 2.287079 4.405806 -9.983615
 2.299646 4.279565 -10.040553
 2.312212 4.155081 -9.735116
 2.324779 4.036652 -9.074938
 2.337345 3.927929 -8.221833
 2.349911 3.829496 -7.449544
 2.362478 3.738816 -7.041796
 2.375044 3.648565 -7.356357
 2.387610 3.550003 -8.479239
 2.400177 3.432395 -10.344713
 2.412743 3.288480 -12.587199
 2.425310 3.116570 -14.708108
 2.437876 2.921249 -16.265905
 2.450442 2.711184 -17.050566
 2.463009 2.495975 -17.093230
 2.475575 2.284139 -16.535825
 2.488141 2.082563 -15.465054
 2.500708 1.897857 -13.846217
 2.513274 1.737585 -11.526118
 2.525840 1.611715 -8.367414
 2.538407 1.531114 -4.322436
 2.550973 1.506351 0.475975
 2.563540 1.545232 5.747364
 2.576106 1.651107 11.055116
 2.588672 1.821107 15.851794
 2.601239 2.044996 19.539303
 2.613805 2.305045 21.520672
 2.626371 2.577097 21.396796
 2.638938 2.834017 19.167360
 2.651504 3.052259 15.369653
 2.664071 3.218451 10.961183
 2.676637 3.330660 6.979840
 2.689203 3.398901 4.045693
 2.701770 3.436986 2.133975
 2.714336 3.455618 0.889965
 2.726902 3.460124 -0.193192
 2.739469 3.450502 -1.537685
 2.752035 3.421742 -3.210646
 2.764602 3.370260 -5.131990
 2.777168 3.294342 -6.954432
 2.789734 3.197719 -8.348479
 2.802301 3.087918 -9.002074
 2.814867 2.975591 -8.752347
 2.827433 2.872301 -7.546546
 2.840000 2.789831 -5.449075
 2.852566 2.738539 -2.620124
 2.865133 2.726577 0.773957
 2.877699 2.759636 4.504070
 2.890265 2.840343 8.316876
 2.902832 2.967915 11.916705
 2.915398 3.138050 15.028561
 2.927964 3.342266 17.293629
 2.940531 3.567936 18.362223
 2.953097 3.797906 17.931838
 2.965663 4.011954 15.856419
 2.978230 4.190206 12.258383
 2.990796 4.316229 7.661778
 3.003363 4.382748 2.825990
 3.015929 4.391147 -1.351532
 3.028495 4.354149 -4.324054
 3.041062 4.289227 -5.780556
 3.053628 4.216015 -5.658324
 3.066194 4.153790 -4.136994
 3.078761 4.118677 -1.324298
 3.091327 4.124757 2.361994
 3.103894 4.180528 6.511897
 3.116460 4.288995 10.627656
 3.129026 4.446268 14.190690
