#! FIELDS psi9 ffpsi9 dffpsi9_psi9
#! SET min_psi9 -pi
#! SET max_psi9 pi
#! SET nbins_psi9  500
#! SET periodic_psi9 true
 -3.141593 inf nan
 -3.129026 inf nan
 -3.116460 inf nan
 -3.103894 inf nan
 -3.091327 inf nan
 -3.078761 inf nan
 -3.066194 inf nan
 -3.053628 inf nan
 -3.041062 inf nan
 -3.028495 inf nan
 -3.015929 inf nan
 -3.003363 inf nan
 -2.990796 inf nan
 -2.978230 inf nan
 -2.965663 inf nan
 -2.953097 inf nan
 -2.940531 inf nan
 -2.927964 inf nan
 -2.915398 inf nan
 -2.902832 inf nan
 -2.890265 inf nan
 -2.877699 inf nan
 -2.865133 inf nan
 -2.852566 inf nan
 -2.840000 inf nan
 -2.827433 inf nan
 -2.814867 inf nan
 -2.802301 inf nan
 -2.789734 inf nan
 -2.777168 inf nan
 -2.764602 inf nan
 -2.752035 inf nan
 -2.739469 inf nan
 -2.726902 inf nan
 -2.714336 inf nan
 -2.701770 inf nan
 -2.689203 inf nan
 -2.676637 inf nan
 -2.664071 inf nan
 -2.651504 inf nan
 -2.638938 inf nan
 -2.626371 inf nan
 -2.613805 inf nan
 -2.601239 inf nan
 -2.588672 inf nan
 -2.576106 inf nan
 -2.563540 inf nan
 -2.550973 inf nan
 -2.538407 inf nan
 -2.525840 inf nan
 -2.513274 inf nan
 -2.500708 inf nan
 -2.488141 inf nan
 -2.475575 inf nan
 -2.463009 inf nan
 -2.450442 inf nan
 -2.437876 inf nan
 -2.425310 inf nan
 -2.412743 inf nan
 -2.400177 inf nan
 -2.387610 inf nan
 -2.375044 inf nan
 -2.362478 inf nan
 -2.349911 inf nan
 -2.337345 inf nan
 -2.324779 inf nan
 -2.312212 inf nan
 -2.299646 inf nan
 -2.287079 inf nan
 -2.274513 inf nan
 -2.261947 inf nan
 -2.249380 inf nan
 -2.236814 inf nan
 -2.224248 inf nan
 -2.211681 inf nan
 -2.199115 inf nan
 -2.186548 inf nan
 -2.173982 inf nan
 -2.161416 inf nan
 -2.148849 inf nan
 -2.136283 inf nan
 -2.123717 inf nan
 -2.111150 inf nan
 -2.098584 inf nan
 -2.086018 inf nan
 -2.073451 inf nan
 -2.060885 inf nan
 -2.048318 inf nan
 -2.035752 inf nan
 -2.023186 inf nan
 -2.010619 inf nan
 -1.998053 inf nan
 -1.985487 inf nan
 -1.972920 inf nan
 -1.960354 inf nan
 -1.947787 inf nan
 -1.935221 inf nan
 -1.922655 inf nan
 -1.910088 inf nan
 -1.897522 inf nan
 -1.884956 inf nan
 -1.872389 inf nan
 -1.859823 inf nan
 -1.847256 inf nan
 -1.834690 inf nan
 -1.822124 inf nan
 -1.809557 inf nan
 -1.796991 inf nan
 -1.784425 inf nan
 -1.771858 inf nan
 -1.759292 inf nan
 -1.746726 inf nan
 -1.734159 inf nan
 -1.721593 inf nan
 -1.709026 inf nan
 -1.696460 inf nan
 -1.683894 inf nan
 -1.671327 inf nan
 -1.658761 inf nan
 -1.646195 inf nan
 -1.633628 inf nan
 -1.621062 inf nan
 -1.608495 inf nan
 -1.595929 inf nan
 -1.583363 inf nan
 -1.570796 inf nan
 -1.558230 inf nan
 -1.545664 inf nan
 -1.533097 inf nan
 -1.520531 inf nan
 -1.507964 inf nan
 -1.495398 inf nan
 -1.482832 inf nan
 -1.470265 inf nan
 -1.457699 inf nan
 -1.445133 inf nan
 -1.432566 inf nan
 -1.420000 53.036403 -197.832269
 -1.407434 50.629090 -185.303397
 -1.394867 48.175927 -174.440291
 -1.382301 46.060338 -162.102219
 -1.369734 44.087606 -149.981378
 -1.357168 42.234623 -138.679189
 -1.344602 40.538854 -127.483406
 -1.332035 38.989935 -116.570459
 -1.319469 37.398902 -112.251824
 -1.306903 36.023287 -105.223730
 -1.294336 34.551640 -106.273539
 -1.281770 33.193951 -105.816052
 -1.269203 31.473384 -118.088154
 -1.256637 29.668308 -128.150004
 -1.244071 28.022186 -129.484687
 -1.231504 26.388409 -127.599467
 -1.218938 24.805746 -122.861997
 -1.206372 23.285998 -116.497734
 -1.193805 21.859140 -108.850794
 -1.181239 20.533479 -100.573145
 -1.168672 19.317473 -91.980254
 -1.156106 18.212466 -83.380867
 -1.143540 17.215607 -75.067973
 -1.130973 16.314533 -67.633855
 -1.118407 15.500961 -61.267363
 -1.105841 14.760838 -56.224561
 -1.093274 14.076855 -52.657375
 -1.080708 13.424482 -50.866214
 -1.068142 12.786195 -50.514366
 -1.055575 12.145772 -51.177245
 -1.043009 11.494050 -52.251419
 -1.030442 10.827393 -53.277103
 -1.017876 10.152710 -53.712859
 -1.005310 9.477659 -53.411918
 -0.992743 8.810383 -52.436128
 -0.980177 8.158827 -50.910022
 -0.967611 7.529593 -48.971651
 -0.955044 6.926096 -46.822757
 -0.942478 6.351002 -44.567417
 -0.929911 5.804451 -42.332996
 -0.917345 5.285209 -40.220887
 -0.904779 4.791611 -38.273734
 -0.892212 4.321298 -36.517692
 -0.879646 3.872216 -34.923147
 -0.867080 3.442290 -33.451273
 -0.854513 3.030628 -32.010145
 -0.841947 2.637466 -30.497116
 -0.829380 2.264014 -28.837635
 -0.816814 1.912881 -26.965951
 -0.804248 1.586534 -24.903406
 -0.791681 1.286857 -22.735122
 -0.779115 1.014520 -20.585466
 -0.766549 0.768330 -18.602858
 -0.753982 0.545378 -16.915177
 -0.741416 0.341266 -15.614536
 -0.728849 0.150858 -14.725750
 -0.716283 -0.030658 -14.196351
 -0.703717 -0.207236 -13.918941
 -0.691150 -0.381153 -13.751555
 -0.678584 -0.552794 -13.532969
 -0.666018 -0.720669 -13.132112
 -0.653451 -0.881850 -12.456020
 -0.640885 -1.032535 -11.469292
 -0.628319 -1.169018 -10.198853
 -0.615752 -1.288027 -8.709896
 -0.603186 -1.387520 -7.110364
 -0.590619 -1.466796 -5.512483
 -0.578053 -1.526495 -4.020403
 -0.565487 -1.568614 -2.732375
 -0.552920 -1.596195 -1.711341
 -0.540354 -1.612851 -0.994308
 -0.527788 -1.622340 -0.570780
 -0.515221 -1.628057 -0.378210
 -0.502655 -1.632225 -0.311634
 -0.490088 -1.635647 -0.229693
 -0.477522 -1.637162 0.009997
 -0.464956 -1.634028 0.529119
 -0.452389 -1.622214 1.399341
 -0.439823 -1.597101 2.630678
 -0.427257 -1.554498 4.178173
 -0.414690 -1.490900 5.942561
 -0.402124 -1.404476 7.780946
 -0.389557 -1.295336 9.527839
 -0.376991 -1.165629 11.020265
 -0.364425 -1.019612 12.113360
 -0.351858 -0.862954 12.693728
 -0.339292 -0.702428 12.715546
 -0.326726 -0.544991 12.218144
 -0.314159 -0.396554 11.303285
 -0.301593 -0.261349 10.142121
 -0.289027 -0.141218 8.947075
 -0.276460 -0.035070 7.919986
 -0.263894 0.060256 7.258524
 -0.251327 0.150163 7.070952
 -0.238761 0.241103 7.395409
 -0.226195 0.339181 8.251589
 -0.213628 0.451138 9.548996
 -0.201062 0.582018 11.246417
 -0.188496 0.736193 13.274501
 -0.175929 0.917316 15.513990
 -0.163363 1.127228 17.839942
 -0.150796 1.366064 20.081374
 -0.138230 1.631588 22.048682
 -0.125664 1.919143 23.543026
 -0.113097 2.221666 24.407650
 -0.100531 2.530592 24.550722
 -0.087965 2.836760 24.004382
 -0.075398 3.132467 22.899963
 -0.062832 3.412352 21.498108
 -0.050265 3.674563 20.129056
 -0.037699 3.921584 19.093128
 -0.025133 4.158665 18.656572
 -0.012566 4.394397 18.860338
 0.000000 4.637209 19.660933
 0.012566 4.893312 20.964854
 0.025133 5.167771 22.516345
 0.037699 5.461674 24.072506
 0.050265 5.773456 25.313320
 0.062832 6.097262 25.954970
 0.075398 6.423629 25.721522
 0.087965 6.740350 24.363993
 0.100531 7.032886 21.807326
 0.113097 7.286776 18.313969
 0.125664 7.493364 14.449272
 0.138230 7.653325 11.031141
 0.150796 7.777645 8.924640
 0.163363 7.886809 8.660241
 0.175929 8.005388 10.357706
 0.188496 8.156643 13.803417
 0.201062 8.359646 18.538503
 0.213628 8.627127 23.995444
 0.226195 8.964516 29.554743
 0.238761 9.369275 34.584909
 0.251327 9.830576 38.453881
 0.263894 10.329681 40.526606
 0.276460 10.840957 40.336571
 0.289027 11.334731 37.750200
 0.301593 11.782848 33.093501
 0.314159 12.163203 27.111002
 0.326726 12.463950 20.640205
 0.339292 12.683881 14.271236
 0.351858 12.827205 8.521278
 0.364425 12.904240 3.837192
 0.376991 12.934884 0.342039
 0.389557 12.930636 -0.992496
 0.402124 12.920019 -0.558727
 0.414690 12.924762 1.407327
 0.427257 12.961815 4.562917
 0.439823 13.043474 8.466705
 0.452389 13.176549 12.704555
 0.464956 13.363048 16.916979
 0.477522 13.600793 20.812291
 0.490088 13.884468 24.144604
 0.502655 14.205751 26.747750
 0.515221 14.554262 28.500443
 0.527788 14.918925 29.289991
 0.540354 15.287153 29.142300
 0.552920 15.648092 28.145307
 0.565487 15.992713 26.612198
 0.578053 16.317414 24.980310
 0.590619 16.624767 23.756822
 0.603186 16.921183 23.500155
 0.615752 17.221705 24.213852
 0.628319 17.537660 25.919152
 0.640885 17.878470 28.341982
 0.653451 18.252743 30.767550
 0.666018 18.654615 32.913133
 0.678584 19.077819 34.068440
 0.691150 19.506228 33.778807
 0.703717 19.920416 31.668131
 0.716283 20.298892 27.813224
 0.728849 20.617416 22.539190
 0.741416 20.860661 15.824006
 0.753982 21.011608 7.763232
 0.766549 21.053346 -1.380318
 0.779115 20.168781 -61.537403
 0.791681 19.168557 -96.756859
 0.804248 17.788317 -120.534029
 0.816814 16.201141 -129.970189
 0.829380 14.564207 -129.301911
 0.841947 12.974893 -122.996750
 0.854513 11.485031 -113.788593
 0.867080 10.121190 -103.099941
 0.879646 8.897077 -91.630302
 0.892212 7.820049 -79.731437
 0.904779 6.894226 -67.587156
 0.917345 6.122003 -55.297327
 0.929911 5.504823 -42.918549
 0.942478 5.043576 -30.484081
 0.955044 4.738823 -18.014092
 0.967611 4.590928 -5.521193
 0.980177 4.600123 6.986630
 0.992743 4.766561 19.504216
 1.005310 5.090344 32.028084
 1.017876 5.571533 44.555961
 1.030442 6.210167 57.085912
 1.043009 7.006261 69.616160
 1.055575 7.959803 82.144106
 1.068142 9.070738 94.664703
 1.080708 10.338939 107.165619
 1.093274 11.763989 119.620028
 1.105841 13.344888 131.957986
 1.118407 15.079237 143.994840
 1.130973 16.960719 155.254385
 1.143540 18.973057 164.512829
 1.156106 21.075050 168.807914
 1.168672 27.598971 1.138336
 1.181239 27.668569 9.934110
 1.193805 27.850534 18.910360
 1.206372 28.144004 27.718760
 1.218938 28.544649 35.902922
 1.231504 29.042167 43.056214
 1.244071 29.621170 48.802311
 1.256637 30.262144 52.884200
 1.269203 30.943570 55.293761
 1.281770 31.646071 56.318150
 1.294336 32.355492 56.497999
 1.306903 33.068579 56.197671
 1.319469 33.775213 56.252052
 1.332035 34.483559 56.452639
 1.344602 35.195385 56.822246
 1.357168 35.916028 57.304253
 1.369734 36.685077 56.281445
 1.382301 37.411812 59.441519
 1.394867 38.181980 63.270781
 1.407434 39.005621 67.935931
 1.420000 39.892337 73.267491
 1.432566 40.847872 78.793778
 1.445133 41.891471 82.956511
 1.457699 42.966762 87.258792
 1.470265 44.112099 89.065860
 1.482832 45.263638 90.302312
 1.495398 46.408658 91.879550
 1.507964 47.573980 93.729095
 1.520531 48.769867 96.884375
 1.533097 50.030043 101.414516
 1.545664 51.661832 97.575386
 1.558230 52.966779 110.113306
 1.570796 54.429281 122.651226
 1.583363 56.049340 135.189147
 1.595929 57.826955 147.727067
 1.608495 59.762126 160.264987
 1.621062 61.854854 172.802908
 1.633628 64.105137 185.340828
 1.646195 inf nan
 1.658761 inf nan
 1.671327 inf nan
 1.683894 inf nan
 1.696460 inf nan
 1.709026 inf nan
 1.721593 inf nan
 1.734159 inf nan
 1.746726 inf nan
 1.759292 inf nan
 1.771858 inf nan
 1.784425 inf nan
 1.796991 inf nan
 1.809557 inf nan
 1.822124 inf nan
 1.834690 inf nan
 1.847256 inf nan
 1.859823 inf nan
 1.872389 inf nan
 1.884956 inf nan
 1.897522 inf nan
 1.910088 inf nan
 1.922655 inf nan
 1.935221 inf nan
 1.947787 inf nan
 1.960354 inf nan
 1.972920 inf nan
 1.985487 inf nan
 1.998053 inf nan
 2.010619 inf nan
 2.023186 inf nan
 2.035752 inf nan
 2.048318 inf nan
 2.060885 inf nan
 2.073451 inf nan
 2.086018 inf nan
 2.098584 inf nan
 2.111150 inf nan
 2.123717 inf nan
 2.136283 inf nan
 2.148849 inf nan
 2.161416 inf nan
 2.173982 inf nan
 2.186548 inf nan
 2.199115 inf nan
 2.211681 inf nan
 2.224248 inf nan
 2.236814 inf nan
 2.249380 inf nan
 2.261947 inf nan
 2.274513 inf nan
 2.287079 inf nan
 2.299646 inf nan
 2.312212 inf nan
 2.324779 inf nan
 2.337345 inf nan
 2.349911 inf nan
 2.362478 inf nan
 2.375044 inf nan
 2.387610 inf nan
 2.400177 inf nan
 2.412743 inf nan
 2.425310 inf nan
 2.437876 inf nan
 2.450442 inf nan
 2.463009 inf nan
 2.475575 inf nan
 2.488141 inf nan
 2.500708 inf nan
 2.513274 inf nan
 2.525840 inf nan
 2.538407 inf nan
 2.550973 inf nan
 2.563540 inf nan
 2.576106 inf nan
 2.588672 inf nan
 2.601239 inf nan
 2.613805 inf nan
 2.626371 inf nan
 2.638938 inf nan
 2.651504 inf nan
 2.664071 inf nan
 2.676637 inf nan
 2.689203 inf nan
 2.701770 inf nan
 2.714336 inf nan
 2.726902 inf nan
 2.739469 inf nan
 2.752035 inf nan
 2.764602 inf nan
 2.777168 inf nan
 2.789734 inf nan
 2.802301 inf nan
 2.814867 inf nan
 2.827433 inf nan
 2.840000 inf nan
 2.852566 inf nan
 2.865133 inf nan
 2.877699 inf nan
 2.890265 inf nan
 2.902832 inf nan
 2.915398 inf nan
 2.927964 inf nan
 2.940531 inf nan
 2.953097 inf nan
 2.965663 inf nan
 2.978230 inf nan
 2.990796 inf nan
 3.003363 inf nan
 3.015929 inf nan
 3.028495 inf nan
 3.041062 inf nan
 3.053628 inf nan
 3.066194 inf nan
 3.078761 inf nan
 3.091327 inf nan
 3.103894 inf nan
 3.116460 inf nan
 3.129026 inf nan
