#! FIELDS phi3 hhphi3 dhhphi3_phi3
#! SET min_phi3 -pi
#! SET max_phi3 pi
#! SET nbins_phi3  500
#! SET periodic_phi3 true
 -3.141593 0.001544 -0.001423
 -3.129026 0.001578 0.011078
 -3.116460 0.001967 0.058459
 -3.103894 0.003294 0.164428
 -3.091327 0.006388 0.336723
 -3.078761 0.011778 0.510436
 -3.066194 0.018590 0.535588
 -3.053628 0.024159 0.310826
 -3.041062 0.025811 -0.048787
 -3.028495 0.023525 -0.271289
 -3.015929 0.020325 -0.184618
 -3.003363 0.019986 0.160904
 -2.990796 0.024718 0.589467
 -2.978230 0.034335 0.907747
 -2.965663 0.046417 0.963798
 -2.953097 0.057305 0.726248
 -2.940531 0.063933 0.316844
 -2.927964 0.065387 -0.062893
 -2.915398 0.063253 -0.231894
 -2.902832 0.060672 -0.142969
 -2.890265 0.060117 0.051220
 -2.877699 0.061413 0.122194
 -2.865133 0.062481 0.034551
 -2.852566 0.062567 0.015838
 -2.840000 0.064204 0.304503
 -2.827433 0.071468 0.884577
 -2.814867 0.086586 1.505144
 -2.802301 0.108479 1.938726
 -2.789734 0.134279 2.127508
 -2.777168 0.160876 2.056490
 -2.764602 0.184621 1.674077
 -2.752035 0.202327 1.159940
 -2.739469 0.215444 1.040423
 -2.726902 0.231863 1.707658
 -2.714336 0.260914 2.965912
 -2.701770 0.305877 4.089757
 -2.689203 0.359151 4.140320
 -2.676637 0.403063 2.599942
 -2.664071 0.420813 0.227247
 -2.651504 0.413090 -1.132614
 -2.638938 0.401995 -0.256278
 -2.626371 0.413116 2.118753
 -2.613805 0.452812 3.940620
 -2.601239 0.503437 3.754111
 -2.588672 0.539741 1.841255
 -2.576106 0.548230 -0.431712
 -2.563540 0.531995 -1.971986
 -2.550973 0.503135 -2.437473
 -2.538407 0.474743 -1.948175
 -2.525840 0.456221 -0.970890
 -2.513274 0.449617 -0.149831
 -2.500708 0.450198 0.164330
 -2.488141 0.452176 0.125747
 -2.475575 0.452760 -0.050690
 -2.463009 0.449923 -0.447440
 -2.450442 0.440374 -1.079382
 -2.437876 0.423873 -1.439682
 -2.425310 0.407661 -0.987984
 -2.412743 0.401973 0.159974
 -2.400177 0.412663 1.577953
 -2.387610 0.443372 3.447013
 -2.375044 0.503714 6.335776
 -2.362478 0.603764 9.417006
 -2.349911 0.728195 9.612140
 -2.337345 0.822075 4.449971
 -2.324779 0.826044 -3.896715
 -2.312212 0.734982 -9.747916
 -2.299646 0.605622 -9.939379
 -2.287079 0.499958 -6.649949
 -2.274513 0.436474 -3.727115
 -2.261947 0.398753 -2.497994
 -2.249380 0.371669 -1.745027
 -2.236814 0.358446 -0.195616
 -2.224248 0.368699 1.799947
 -2.211681 0.398800 2.708378
 -2.199115 0.429356 1.938893
 -2.186548 0.445791 0.763379
 -2.173982 0.452510 0.465634
 -2.161416 0.458394 0.372513
 -2.148849 0.456791 -0.852188
 -2.136283 0.433324 -2.890435
 -2.123717 0.387368 -4.187548
 -2.111150 0.334598 -3.969164
 -2.098584 0.291910 -2.729294
 -2.086018 0.266440 -1.367549
 -2.073451 0.255051 -0.568896
 -2.060885 0.248965 -0.501417
 -2.048318 0.241054 -0.730528
 -2.035752 0.232092 -0.574012
 -2.023186 0.230003 0.372616
 -2.010619 0.243643 1.827845
 -1.998053 0.274732 3.001922
 -1.985487 0.314642 3.142739
 -1.972920 0.348739 2.130629
 -1.960354 0.366310 0.688855
 -1.947787 0.368637 -0.158821
 -1.935221 0.365845 -0.204166
 -1.922655 0.363085 -0.334424
 -1.910088 0.354332 -1.142658
 -1.897522 0.334819 -1.828200
 -1.884956 0.313380 -1.374123
 -1.872389 0.303497 -0.184638
 -1.859823 0.306159 0.435126
 -1.847256 0.310032 0.065443
 -1.834690 0.307022 -0.486294
 -1.822124 0.300594 -0.397216
 -1.809557 0.300480 0.510157
 -1.796991 0.316239 2.095967
 -1.784425 0.354594 4.015324
 -1.771858 0.415243 5.474841
 -1.759292 0.486026 5.485989
 -1.746726 0.545154 3.650221
 -1.734159 0.573150 0.760575
 -1.721593 0.566832 -1.534934
 -1.709026 0.541931 -2.120028
 -1.696460 0.520054 -1.159112
 -1.683894 0.516623 0.733905
 -1.671327 0.540613 3.116330
 -1.658761 0.592951 5.001486
 -1.646195 0.657558 4.843876
 -1.633628 0.703864 2.199081
 -1.621062 0.709427 -1.208187
 -1.608495 0.681147 -2.833551
 -1.595929 0.649955 -1.743866
 -1.583363 0.642039 0.454899
 -1.570796 0.655251 1.275985
 -1.558230 0.664564 -0.090965
 -1.545664 0.649573 -2.237366
 -1.533097 0.613484 -3.175369
 -1.520531 0.579111 -1.904101
 -1.507964 0.574782 1.559591
 -1.495398 0.625536 6.749163
 -1.482832 0.747259 12.585156
 -1.470265 0.935197 16.828549
 -1.457699 1.151937 16.785381
 -1.445133 1.333860 11.324407
 -1.432566 1.420254 2.063613
 -1.420000 1.385062 -7.323759
 -1.407434 1.253032 -12.735221
 -1.394867 1.091965 -11.832298
 -1.382301 0.976644 -6.019384
 -1.369734 0.942765 0.328890
 -1.357168 0.970966 3.493614
 -1.344602 1.015268 3.144278
 -1.332035 1.043948 1.403917
 -1.319469 1.052396 0.067511
 -1.306903 1.046731 -0.984593
 -1.294336 1.025107 -2.568454
 -1.281770 0.980112 -4.591741
 -1.269203 0.912023 -6.044155
 -1.256637 0.835151 -5.833121
 -1.244071 0.774350 -3.507374
 -1.231504 0.752134 0.014191
 -1.218938 0.769830 2.419370
 -1.206372 0.800061 1.872846
 -1.193805 0.806336 -1.092106
 -1.181239 0.771818 -4.234599
 -1.168672 0.706275 -5.900702
 -1.156106 0.629708 -6.098384
 -1.143540 0.555610 -5.634854
 -1.130973 0.488822 -4.961147
 -1.118407 0.431524 -4.141361
 -1.105841 0.384153 -3.446721
 -1.093274 0.342252 -3.315301
 -1.080708 0.298734 -3.627559
 -1.068142 0.252030 -3.700946
 -1.055575 0.208421 -3.135469
 -1.043009 0.174635 -2.233174
 -1.030442 0.151163 -1.564632
 -1.017876 0.133343 -1.328100
 -1.005310 0.116995 -1.268499
 -0.992743 0.102111 -1.048633
 -0.980177 0.091793 -0.554426
 -0.967611 0.088271 -0.037566
 -0.955044 0.088974 0.050194
 -0.942478 0.087021 -0.435081
 -0.929911 0.077368 -1.071873
 -0.917345 0.061766 -1.321164
 -0.904779 0.046175 -1.102093
 -0.892212 0.034657 -0.734084
 -0.879646 0.027216 -0.473774
 -0.867080 0.022236 -0.329525
 -0.854513 0.018841 -0.209465
 -0.841947 0.016970 -0.088306
 -0.829380 0.016375 -0.018430
 -0.816814 0.016124 -0.035691
 -0.804248 0.015201 -0.116479
 -0.791681 0.013204 -0.195045
 -0.779115 0.010518 -0.221830
 -0.766549 0.007855 -0.195365
 -0.753982 0.005681 -0.150538
 -0.741416 0.004025 -0.115221
 -0.728849 0.002737 -0.090484
 -0.716283 0.001752 -0.065773
 -0.703717 0.001091 -0.039478
 -0.691150 0.000737 -0.017863
 -0.678584 0.000598 -0.005660
 -0.666018 0.000560 -0.001522
 -0.653451 0.000540 -0.002127
 -0.640885 0.000499 -0.004443
 -0.628319 0.000428 -0.006703
 -0.615752 0.000337 -0.007386
 -0.603186 0.000253 -0.005501
 -0.590619 0.000208 -0.001546
 -0.578053 0.000213 0.002150
 -0.565487 0.000249 0.002999
 -0.552920 0.000274 0.000510
 -0.540354 0.000258 -0.003046
 -0.527788 0.000205 -0.004903
 -0.515221 0.000144 -0.004461
 -0.502655 0.000097 -0.003078
 -0.490088 0.000065 -0.001995
 -0.477522 0.000045 -0.001364
 -0.464956 0.000031 -0.000871
 -0.452389 0.000022 -0.000449
 -0.439823 0.000018 -0.000239
 -0.427257 0.000015 -0.000248
 -0.414690 0.000012 -0.000307
 -0.402124 0.000008 -0.000294
 -0.389557 0.000005 -0.000212
 -0.376991 0.000003 -0.000120
 -0.364425 0.000002 -0.000044
 -0.351858 0.000001 0.000016
 -0.339292 0.000002 0.000055
 -0.326726 0.000003 0.000059
 -0.314159 0.000003 0.000027
 -0.301593 0.000003 -0.000020
 -0.289027 0.000003 -0.000051
 -0.276460 0.000002 -0.000056
 -0.263894 0.000001 -0.000046
 -0.251327 0.000001 -0.000035
 -0.238761 0.000001 -0.000026
 -0.226195 0.000000 -0.000017
 -0.213628 0.000000 -0.000010
 -0.201062 0.000000 -0.000004
 -0.188496 0.000000 -0.000002
 -0.175929 0.000000 0.000000
 -0.163363 0.000000 0.000002
 -0.150796 0.000000 0.000003
 -0.138230 0.000000 0.000006
 -0.125664 0.000000 0.000008
 -0.113097 0.000000 0.000008
 -0.100531 0.000000 0.000004
 -0.087965 0.000000 -0.000003
 -0.075398 0.000000 -0.000009
 -0.062832 0.000000 -0.000009
 -0.050265 0.000000 -0.000006
 -0.037699 0.000000 -0.000003
 -0.025133 0.000000 -0.000000
 -0.012566 0.000000 0.000000
 0.000000 0.000000 0.000001
 0.012566 0.000000 0.000000
 0.025133 0.000000 -0.000000
 0.037699 0.000000 -0.000001
 0.050265 0.000000 -0.000001
 0.062832 0.000000 0.000000
 0.075398 0.000000 0.000002
 0.087965 0.000000 0.000007
 0.100531 0.000000 0.000012
 0.113097 0.000000 0.000015
 0.125664 0.000001 0.000012
 0.138230 0.000001 0.000004
 0.150796 0.000001 -0.000005
 0.163363 0.000001 -0.000010
 0.175929 0.000000 -0.000009
 0.188496 0.000000 -0.000004
 0.201062 0.000000 0.000001
 0.213628 0.000000 0.000005
 0.226195 0.000000 0.000008
 0.238761 0.000001 0.000012
 0.251327 0.000001 0.000018
 0.263894 0.000001 0.000030
 0.276460 0.000002 0.000061
 0.289027 0.000003 0.000123
 0.301593 0.000005 0.000192
 0.314159 0.000007 0.000215
 0.326726 0.000010 0.000161
 0.339292 0.000011 0.000085
 0.351858 0.000012 0.000069
 0.364425 0.000013 0.000126
 0.376991 0.000016 0.000212
 0.389557 0.000019 0.000380
 0.402124 0.000026 0.000852
 0.414690 0.000043 0.001826
 0.427257 0.000073 0.003049
 0.439823 0.000117 0.003698
 0.452389 0.000161 0.003092
 0.464956 0.000191 0.001770
 0.477522 0.000209 0.001196
 0.490088 0.000227 0.001792
 0.502655 0.000252 0.002054
 0.515221 0.000271 0.000682
 0.527788 0.000268 -0.000937
 0.540354 0.000261 0.000615
 0.552920 0.000309 0.008044
 0.565487 0.000489 0.021621
 0.578053 0.000868 0.038978
 0.590619 0.001472 0.057172
 0.603186 0.002302 0.074453
 0.615752 0.003317 0.085000
 0.628319 0.004348 0.074226
 0.640885 0.005053 0.033664
 0.653451 0.005142 -0.018783
 0.666018 0.004670 -0.050723
 0.678584 0.004021 -0.046781
 0.691150 0.003618 -0.013512
 0.703717 0.003761 0.038796
 0.716283 0.004633 0.100302
 0.728849 0.006232 0.149419
 0.741416 0.008203 0.154783
 0.753982 0.009883 0.104857
 0.766549 0.010745 0.033846
 0.779115 0.010911 0.004352
 0.791681 0.011218 0.059607
 0.804248 0.012751 0.194983
 0.816814 0.016274 0.367296
 0.829380 0.021929 0.527862
 0.841947 0.029398 0.655144
 0.854513 0.038233 0.741828
 0.867080 0.047657 0.734620
 0.879646 0.055896 0.540243
 0.892212 0.060465 0.170809
 0.904779 0.060413 -0.142962
 0.917345 0.058271 -0.134244
 0.929911 0.058300 0.162996
 0.942478 0.062119 0.404970
 0.955044 0.067101 0.334136
 0.967611 0.069663 0.066887
 0.980177 0.069274 -0.088931
 0.992743 0.068513 0.005093
 1.005310 0.069906 0.219671
 1.017876 0.073753 0.376620
 1.030442 0.079100 0.473032
 1.043009 0.085739 0.585319
 1.055575 0.093416 0.597483
 1.068142 0.099243 0.261791
 1.080708 0.098670 -0.372473
 1.093274 0.090451 -0.873584
 1.105841 0.078671 -0.924106
 1.118407 0.068556 -0.663409
 1.130973 0.061791 -0.442202
 1.143540 0.056519 -0.427992
 1.156106 0.050600 -0.512661
 1.168672 0.044083 -0.492592
 1.181239 0.039145 -0.253371
 1.193805 0.038313 0.129367
 1.206372 0.041947 0.404727
 1.218938 0.046815 0.293395
 1.231504 0.047619 -0.208348
 1.244071 0.041430 -0.742756
 1.256637 0.030412 -0.939017
 1.269203 0.019419 -0.764505
 1.281770 0.011753 -0.454338
 1.294336 0.007680 -0.213914
 1.306903 0.005849 -0.095519
 1.319469 0.004932 -0.059309
 1.332035 0.004227 -0.054890
 1.344602 0.003536 -0.053974
 1.357168 0.002883 -0.049016
 1.369734 0.002316 -0.041096
 1.382301 0.001843 -0.034593
 1.394867 0.001432 -0.031199
 1.407434 0.001054 -0.028657
 1.420000 0.000721 -0.023844
 1.432566 0.000468 -0.015928
 1.445133 0.000324 -0.007021
 1.457699 0.000281 -0.000347
 1.470265 0.000295 0.001603
 1.482832 0.000302 -0.001008
 1.495398 0.000264 -0.004961
 1.507964 0.000187 -0.006682
 1.520531 0.000108 -0.005423
 1.533097 0.000055 -0.002991
 1.545664 0.000030 -0.001205
 1.558230 0.000021 -0.000496
 1.570796 0.000015 -0.000394
 1.583363 0.000010 -0.000394
 1.595929 0.000006 -0.000304
 1.608495 0.000003 -0.000174
 1.621062 0.000001 -0.000072
 1.633628 0.000001 -0.000023
 1.646195 0.000000 -0.000008
 1.658761 0.000000 -0.000006
 1.671327 0.000000 -0.000006
 1.683894 0.000000 -0.000004
 1.696460 0.000000 -0.000003
 1.709026 0.000000 -0.000004
 1.721593 0.000000 -0.000004
 1.734159 0.000000 -0.000003
 1.746726 0.000000 -0.000002
 1.759292 0.000000 -0.000001
 1.771858 0.000000 -0.000000
 1.784425 0.000000 -0.000000
 1.796991 0.000000 -0.000000
 1.809557 0.000000 -0.000000
 1.822124 0.000000 -0.000000
 1.834690 0.000000 -0.000000
 1.847256 0.000000 -0.000000
 1.859823 0.000000 -0.000000
 1.872389 0.000000 -0.000000
 1.884956 0.000000 -0.000000
 1.897522 0.000000 -0.000000
 1.910088 0.000000 -0.000000
 1.922655 0.000000 -0.000000
 1.935221 0.000000 -0.000000
 1.947787 0.000000 0.000000
 1.960354 0.000000 0.000000
 1.972920 0.000000 0.000000
 1.985487 0.000000 0.000000
 1.998053 0.000000 0.000000
 2.010619 0.000000 0.000000
 2.023186 0.000000 0.000000
 2.035752 0.000000 -0.000000
 2.048318 0.000000 -0.000000
 2.060885 0.000000 -0.000000
 2.073451 0.000000 -0.000000
 2.086018 0.000000 -0.000000
 2.098584 0.000000 -0.000000
 2.111150 0.000000 -0.000000
 2.123717 0.000000 0.000000
 2.136283 0.000000 0.000000
 2.148849 0.000000 0.000000
 2.161416 0.000000 0.000000
 2.173982 0.000000 0.000000
 2.186548 0.000000 0.000000
 2.199115 0.000000 -0.000000
 2.211681 0.000000 -0.000000
 2.224248 0.000000 -0.000000
 2.236814 0.000000 -0.000000
 2.249380 0.000000 -0.000000
 2.261947 0.000000 -0.000000
 2.274513 0.000000 -0.000000
 2.287079 0.000000 -0.000000
 2.299646 0.000000 0.000000
 2.312212 0.000000 0.000000
 2.324779 0.000000 0.000000
 2.337345 0.000000 0.000000
 2.349911 0.000000 0.000000
 2.362478 0.000000 0.000000
 2.375044 0.000000 0.000000
 2.387610 0.000000 0.000000
 2.400177 0.000000 0.000000
 2.412743 0.000000 0.000000
 2.425310 0.000000 -0.000000
 2.437876 0.000000 -0.000000
 2.450442 0.000000 -0.000000
 2.463009 0.000000 -0.000000
 2.475575 0.000000 0.000000
 2.488141 0.000000 0.000000
 2.500708 0.000000 0.000000
 2.513274 0.000000 0.000000
 2.525840 0.000000 0.000000
 2.538407 0.000000 0.000000
 2.550973 0.000000 0.000001
 2.563540 0.000000 0.000001
 2.576106 0.000000 0.000004
 2.588672 0.000000 0.000010
 2.601239 0.000000 0.000021
 2.613805 0.000001 0.000034
 2.626371 0.000001 0.000037
 2.638938 0.000002 0.000020
 2.651504 0.000002 -0.000010
 2.664071 0.000001 -0.000034
 2.676637 0.000001 -0.000038
 2.689203 0.000000 -0.000026
 2.701770 0.000000 -0.000012
 2.714336 0.000000 -0.000003
 2.726902 0.000000 0.000002
 2.739469 0.000000 0.000003
 2.752035 0.000000 0.000002
 2.764602 0.000000 0.000000
 2.777168 0.000000 0.000001
 2.789734 0.000000 0.000004
 2.802301 0.000000 0.000010
 2.814867 0.000000 0.000021
 2.827433 0.000001 0.000037
 2.840000 0.000001 0.000055
 2.852566 0.000002 0.000061
 2.865133 0.000003 0.000046
 2.877699 0.000003 0.000016
 2.890265 0.000003 0.000002
 2.902832 0.000004 0.000060
 2.915398 0.000006 0.000302
 2.927964 0.000013 0.000931
 2.940531 0.000031 0.002075
 2.953097 0.000066 0.003380
 2.965663 0.000113 0.003862
 2.978230 0.000156 0.002802
 2.990796 0.000180 0.001122
 3.003363 0.000192 0.001263
 3.015929 0.000228 0.005073
 3.028495 0.000332 0.011726
 3.041062 0.000519 0.017403
 3.053628 0.000747 0.017924
 3.066194 0.000947 0.013318
 3.078761 0.001083 0.008898
 3.091327 0.001191 0.009123
 3.103894 0.001322 0.011509
 3.116460 0.001462 0.009770
 3.129026 0.001545 0.002799
