#! FIELDS psi3 hhpsi3 dhhpsi3_psi3
#! SET min_psi3 -pi
#! SET max_psi3 pi
#! SET nbins_psi3  500
#! SET periodic_psi3 true
 -3.141593 0.086535 -0.504530
 -3.129026 0.080574 -0.434830
 -3.116460 0.075409 -0.388225
 -3.103894 0.070685 -0.357461
 -3.091327 0.066246 -0.350039
 -3.078761 0.061799 -0.357880
 -3.066194 0.057187 -0.374273
 -3.053628 0.052364 -0.390812
 -3.041062 0.047387 -0.397750
 -3.028495 0.042412 -0.389846
 -3.015929 0.037644 -0.365114
 -3.003363 0.033275 -0.325491
 -2.990796 0.029473 -0.277546
 -2.978230 0.026305 -0.225410
 -2.965663 0.023794 -0.172828
 -2.953097 0.021940 -0.121637
 -2.940531 0.020722 -0.071509
 -2.927964 0.020126 -0.023177
 -2.915398 0.020110 0.020617
 -2.902832 0.020586 0.053618
 -2.890265 0.021372 0.068640
 -2.877699 0.022197 0.059908
 -2.865133 0.022753 0.024969
 -2.852566 0.022731 -0.030486
 -2.840000 0.021935 -0.096229
 -2.827433 0.020321 -0.158426
 -2.814867 0.018015 -0.204683
 -2.802301 0.015274 -0.227189
 -2.789734 0.012409 -0.224502
 -2.777168 0.009715 -0.201107
 -2.764602 0.007405 -0.164770
 -2.752035 0.005588 -0.123947
 -2.739469 0.004276 -0.085589
 -2.726902 0.003407 -0.053874
 -2.714336 0.002884 -0.030615
 -2.701770 0.002600 -0.015920
 -2.689203 0.002452 -0.008601
 -2.676637 0.002359 -0.006998
 -2.664071 0.002259 -0.009122
 -2.651504 0.002112 -0.012498
 -2.638938 0.001925 -0.016987
 -2.626371 0.001690 -0.019987
 -2.613805 0.001430 -0.021039
 -2.601239 0.001169 -0.020042
 -2.588672 0.000932 -0.017479
 -2.576106 0.000733 -0.014080
 -2.563540 0.000578 -0.010532
 -2.550973 0.000466 -0.007367
 -2.538407 0.000390 -0.004897
 -2.525840 0.000340 -0.003174
 -2.513274 0.000307 -0.002137
 -2.500708 0.000284 -0.001594
 -2.488141 0.000265 -0.001355
 -2.475575 0.000249 -0.001248
 -2.463009 0.000233 -0.001067
 -2.450442 0.000221 -0.000908
 -2.437876 0.000211 -0.000627
 -2.425310 0.000205 -0.000293
 -2.412743 0.000203 0.000016
 -2.400177 0.000205 0.000211
 -2.387610 0.000208 0.000238
 -2.375044 0.000210 0.000099
 -2.362478 0.000210 -0.000158
 -2.349911 0.000206 -0.000435
 -2.337345 0.000199 -0.000636
 -2.324779 0.000191 -0.000693
 -2.312212 0.000182 -0.000587
 -2.299646 0.000176 -0.000343
 -2.287079 0.000174 -0.000039
 -2.274513 0.000175 0.000260
 -2.261947 0.000180 0.000496
 -2.249380 0.000188 0.000654
 -2.236814 0.000196 0.000746
 -2.224248 0.000206 0.000805
 -2.211681 0.000217 0.000863
 -2.199115 0.000228 0.000940
 -2.186548 0.000240 0.001023
 -2.173982 0.000253 0.001074
 -2.161416 0.000267 0.001037
 -2.148849 0.000279 0.000847
 -2.136283 0.000287 0.000477
 -2.123717 0.000290 -0.000060
 -2.111150 0.000285 -0.000689
 -2.098584 0.000273 -0.001297
 -2.086018 0.000253 -0.001763
 -2.073451 0.000229 -0.002005
 -2.060885 0.000204 -0.002002
 -2.048318 0.000180 -0.001785
 -2.035752 0.000160 -0.001440
 -2.023186 0.000144 -0.001042
 -2.010619 0.000133 -0.000651
 -1.998053 0.000128 -0.000291
 -1.985487 0.000126 0.000041
 -1.972920 0.000128 0.000351
 -1.960354 0.000135 0.000647
 -1.947787 0.000145 0.000915
 -1.935221 0.000157 0.001126
 -1.922655 0.000172 0.001249
 -1.910088 0.000188 0.001262
 -1.897522 0.000204 0.001142
 -1.884956 0.000217 0.000909
 -1.872389 0.000226 0.000627
 -1.859823 0.000232 0.000337
 -1.847256 0.000235 0.000130
 -1.834690 0.000237 0.000114
 -1.822124 0.000239 0.000406
 -1.809557 0.000248 0.001111
 -1.796991 0.000269 0.002317
 -1.784425 0.000309 0.004070
 -1.771858 0.000374 0.006297
 -1.759292 0.000469 0.008791
 -1.746726 0.000594 0.011188
 -1.734159 0.000747 0.012998
 -1.721593 0.000917 0.013721
 -1.709026 0.001088 0.013140
 -1.696460 0.001242 0.011116
 -1.683894 0.001363 0.008107
 -1.671327 0.001445 0.004924
 -1.658761 0.001491 0.002582
 -1.646195 0.001517 0.002008
 -1.633628 0.001551 0.003819
 -1.621062 0.001624 0.008102
 -1.608495 0.001763 0.014333
 -1.595929 0.001988 0.021410
 -1.583363 0.002298 0.027750
 -1.570796 0.002675 0.031658
 -1.558230 0.003078 0.031718
 -1.545664 0.003454 0.027296
 -1.533097 0.003747 0.018850
 -1.520531 0.003917 0.008007
 -1.507964 0.003949 -0.002847
 -1.495398 0.003857 -0.011242
 -1.482832 0.003683 -0.015436
 -1.470265 0.003487 -0.015033
 -1.457699 0.003322 -0.010829
 -1.445133 0.003224 -0.004545
 -1.432566 0.003209 0.001898
 -1.420000 0.003267 0.006971
 -1.407434 0.003376 0.010024
 -1.394867 0.003511 0.011309
 -1.382301 0.003656 0.011632
 -1.369734 0.003804 0.012022
 -1.357168 0.003962 0.013402
 -1.344602 0.004152 0.016691
 -1.332035 0.004392 0.021708
 -1.319469 0.004705 0.028527
 -1.306903 0.005112 0.036447
 -1.294336 0.005624 0.044988
 -1.281770 0.006244 0.053594
 -1.269203 0.006973 0.062141
 -1.256637 0.007806 0.070562
 -1.244071 0.008748 0.079331
 -1.231504 0.009804 0.088645
 -1.218938 0.010975 0.097681
 -1.206372 0.012250 0.104631
 -1.193805 0.013584 0.106745
 -1.181239 0.014901 0.101497
 -1.168672 0.016100 0.087775
 -1.156106 0.017077 0.066693
 -1.143540 0.017759 0.041277
 -1.130973 0.018114 0.015559
 -1.118407 0.018166 -0.006671
 -1.105841 0.017971 -0.023275
 -1.093274 0.017608 -0.033653
 -1.080708 0.017150 -0.038262
 -1.068142 0.016667 -0.037772
 -1.055575 0.016221 -0.032288
 -1.043009 0.015877 -0.021522
 -1.030442 0.015700 -0.005814
 -1.017876 0.015747 0.013832
 -1.005310 0.016055 0.035057
 -0.992743 0.016630 0.054836
 -0.980177 0.017415 0.069013
 -0.967611 0.018334 0.075807
 -0.955044 0.019288 0.075670
 -0.942478 0.020214 0.071408
 -0.929911 0.021091 0.069206
 -0.917345 0.021990 0.075731
 -0.904779 0.023055 0.096464
 -0.892212 0.024484 0.133378
 -0.879646 0.026461 0.182879
 -0.867080 0.029093 0.235523
 -0.854513 0.032340 0.278336
 -0.841947 0.035989 0.297852
 -0.829380 0.039685 0.284346
 -0.816814 0.042991 0.236436
 -0.804248 0.045515 0.161639
 -0.791681 0.047002 0.074396
 -0.779115 0.047410 -0.007657
 -0.766549 0.046898 -0.069697
 -0.753982 0.045778 -0.103485
 -0.741416 0.044421 -0.108124
 -0.728849 0.043162 -0.088244
 -0.716283 0.042276 -0.051105
 -0.703717 0.041923 -0.003407
 -0.691150 0.042217 0.050705
 -0.678584 0.043220 0.109344
 -0.666018 0.044984 0.171528
 -0.653451 0.047544 0.235678
 -0.640885 0.050903 0.297345
 -0.628319 0.054994 0.351018
 -0.615752 0.059684 0.390926
 -0.603186 0.064738 0.411980
 -0.590619 0.069944 0.413492
 -0.578053 0.075082 0.402958
 -0.565487 0.080077 0.392442
 -0.552920 0.085021 0.397383
 -0.540354 0.090201 0.431385
 -0.527788 0.096023 0.501487
 -0.515221 0.102975 0.607914
 -0.502655 0.111437 0.738754
 -0.490088 0.121568 0.872224
 -0.477522 0.133283 0.987213
 -0.464956 0.146231 1.066832
 -0.452389 0.159933 1.106596
 -0.439823 0.173931 1.115505
 -0.427257 0.187920 1.109763
 -0.414690 0.201873 1.108866
 -0.402124 0.215847 1.115260
 -0.389557 0.229906 1.119863
 -0.376991 0.243881 1.098954
 -0.364425 0.257312 1.029436
 -0.351858 0.269521 0.904421
 -0.339292 0.279899 0.742231
 -0.326726 0.288202 0.584215
 -0.314159 0.294784 0.474627
 -0.301593 0.300517 0.450063
 -0.289027 0.306594 0.518124
 -0.276460 0.313826 0.639299
 -0.263894 0.322688 0.768758
 -0.251327 0.333006 0.864596
 -0.238761 0.344223 0.915108
 -0.226195 0.355883 0.945418
 -0.213628 0.368095 1.007735
 -0.201062 0.381582 1.156241
 -0.188496 0.397606 1.409532
 -0.175929 0.417295 1.731681
 -0.163363 0.441009 2.031310
 -0.150796 0.467691 2.185662
 -0.138230 0.494822 2.083060
 -0.125664 0.518719 1.673766
 -0.113097 0.535635 0.981472
 -0.100531 0.542620 0.114705
 -0.087965 0.538442 -0.768548
 -0.075398 0.523901 -1.513566
 -0.062832 0.501433 -2.015127
 -0.050265 0.474392 -2.239341
 -0.037699 0.446152 -2.218196
 -0.025133 0.419337 -2.018805
 -0.012566 0.395757 -1.721078
 0.000000 0.376252 -1.375377
 0.012566 0.361240 -1.010910
 0.025133 0.350879 -0.634546
 0.037699 0.345283 -0.252395
 0.050265 0.344466 0.120321
 0.062832 0.348112 0.453202
 0.075398 0.355488 0.705364
 0.087965 0.365318 0.844618
 0.100531 0.376051 0.857605
 0.113097 0.386204 0.742588
 0.125664 0.394359 0.548192
 0.138230 0.399799 0.322960
 0.150796 0.402469 0.111234
 0.163363 0.402762 -0.054011
 0.175929 0.401342 -0.158778
 0.188496 0.398952 -0.209334
 0.201062 0.396178 -0.220164
 0.213628 0.393439 -0.211234
 0.226195 0.390861 -0.194974
 0.238761 0.388453 -0.189528
 0.251327 0.386003 -0.204853
 0.263894 0.383134 -0.254001
 0.276460 0.379408 -0.342116
 0.289027 0.374340 -0.467431
 0.301593 0.367523 -0.616743
 0.314159 0.358765 -0.767674
 0.326726 0.348205 -0.902246
 0.339292 0.336217 -0.994296
 0.351858 0.323439 -1.026708
 0.364425 0.310663 -0.991585
 0.376991 0.298727 -0.893933
 0.389557 0.288332 -0.751066
 0.402124 0.279915 -0.585335
 0.414690 0.273544 -0.426141
 0.427257 0.269035 -0.294810
 0.439823 0.266029 -0.192074
 0.452389 0.264084 -0.116033
 0.464956 0.263043 -0.047862
 0.477522 0.262915 0.035039
 0.490088 0.263999 0.152343
 0.502655 0.266867 0.312900
 0.515221 0.272073 0.524914
 0.527788 0.280228 0.782460
 0.540354 0.291819 1.067681
 0.552920 0.306988 1.346778
 0.565487 0.325404 1.572740
 0.578053 0.346053 1.691751
 0.590619 0.367261 1.657515
 0.603186 0.386982 1.451920
 0.615752 0.403106 1.094882
 0.628319 0.414088 0.643394
 0.640885 0.419224 0.183947
 0.653451 0.419008 -0.200938
 0.666018 0.414751 -0.446849
 0.678584 0.408436 -0.529152
 0.691150 0.402073 -0.460611
 0.703717 0.397309 -0.280360
 0.716283 0.395237 -0.043724
 0.728849 0.396204 0.198425
 0.741416 0.399993 0.398254
 0.753982 0.405843 0.517785
 0.766549 0.412536 0.528464
 0.779115 0.418577 0.412501
 0.791681 0.422342 0.171358
 0.804248 0.422348 -0.183819
 0.816814 0.417425 -0.606479
 0.829380 0.407007 -1.032675
 0.841947 0.391582 -1.403416
 0.854513 0.372224 -1.647716
 0.867080 0.350816 -1.728130
 0.879646 0.329504 -1.634110
 0.892212 0.310324 -1.393645
 0.904779 0.294819 -1.059237
 0.917345 0.283747 -0.700180
 0.929911 0.276991 -0.384153
 0.942478 0.273647 -0.165543
 0.955044 0.272260 -0.069016
 0.967611 0.271305 -0.097743
 0.980177 0.269384 -0.217700
 0.992743 0.265657 -0.372866
 1.005310 0.260037 -0.507761
 1.017876 0.253111 -0.573236
 1.030442 0.245942 -0.544709
 1.043009 0.239723 -0.425539
 1.055575 0.235462 -0.243288
 1.068142 0.233688 -0.035285
 1.080708 0.234465 0.156408
 1.093274 0.237369 0.296959
 1.105841 0.241589 0.362671
 1.118407 0.246092 0.339421
 1.130973 0.249711 0.223573
 1.143540 0.251321 0.023969
 1.156106 0.250001 -0.238972
 1.168672 0.245193 -0.524912
 1.181239 0.236888 -0.782739
 1.193805 0.225786 -0.966266
 1.206372 0.213028 -1.039742
 1.218938 0.200102 -0.997411
 1.231504 0.188344 -0.859929
 1.244071 0.178701 -0.669981
 1.256637 0.171495 -0.479642
 1.269203 0.166451 -0.326436
 1.281770 0.162988 -0.232853
 1.294336 0.160355 -0.189195
 1.306903 0.158063 -0.176332
 1.319469 0.155867 -0.168533
 1.332035 0.153826 -0.153212
 1.344602 0.152026 -0.128490
 1.357168 0.150516 -0.108906
 1.369734 0.149131 -0.113102
 1.382301 0.147481 -0.151745
 1.394867 0.145120 -0.227083
 1.407434 0.141644 -0.327043
 1.420000 0.136857 -0.432404
 1.432566 0.130828 -0.522152
 1.445133 0.123860 -0.579625
 1.457699 0.116420 -0.596757
 1.470265 0.109001 -0.574598
 1.482832 0.102051 -0.524727
 1.495398 0.095833 -0.461786
 1.507964 0.090417 -0.400077
 1.520531 0.085715 -0.350258
 1.533097 0.081533 -0.315258
 1.545664 0.077711 -0.294238
 1.558230 0.074098 -0.279687
 1.570796 0.070663 -0.266022
 1.583363 0.067390 -0.247609
 1.595929 0.064392 -0.228406
 1.608495 0.061654 -0.206129
 1.621062 0.059210 -0.182111
 1.633628 0.057078 -0.154340
 1.646195 0.055331 -0.121346
 1.658761 0.054044 -0.080315
 1.671327 0.053327 -0.032137
 1.683894 0.053249 0.020197
 1.696460 0.053818 0.069904
 1.709026 0.054952 0.108642
 1.721593 0.056462 0.129350
 1.734159 0.058096 0.127962
 1.746726 0.059578 0.105918
 1.759292 0.060684 0.068310
 1.771858 0.061266 0.024527
 1.784425 0.061316 -0.014945
 1.796991 0.060945 -0.040723
 1.809557 0.060372 -0.046335
 1.822124 0.059866 -0.030111
 1.834690 0.059683 0.004236
 1.847256 0.060008 0.048658
 1.859823 0.060900 0.092367
 1.872389 0.062281 0.124855
 1.884956 0.063957 0.138351
 1.897522 0.065659 0.128827
 1.910088 0.067102 0.097968
 1.922655 0.068049 0.050955
 1.935221 0.068355 -0.002324
 1.947787 0.068001 -0.052696
 1.960354 0.067086 -0.089171
 1.972920 0.065849 -0.103318
 1.985487 0.064606 -0.088995
 1.998053 0.063727 -0.045621
 2.010619 0.063562 0.022816
 2.023186 0.064369 0.107640
 2.035752 0.066282 0.196812
 2.048318 0.069283 0.277593
 2.060885 0.073180 0.338113
 2.073451 0.077665 0.370561
 2.086018 0.082363 0.372099
 2.098584 0.086897 0.346767
 2.111150 0.090996 0.303724
 2.123717 0.094520 0.257682
 2.136283 0.097531 0.224769
 2.148849 0.100307 0.220383
 2.161416 0.103221 0.248897
 2.173982 0.106704 0.311050
 2.186548 0.111147 0.398852
 2.199115 0.116789 0.500058
 2.211681 0.123725 0.602991
 2.224248 0.131925 0.700797
 2.236814 0.141314 0.792527
 2.249380 0.151835 0.880499
 2.261947 0.163430 0.963156
 2.274513 0.176002 1.032136
 2.287079 0.189227 1.064469
 2.299646 0.202496 1.034947
 2.312212 0.214900 0.923785
 2.324779 0.225378 0.731533
 2.337345 0.233055 0.484875
 2.349911 0.237559 0.236115
 2.362478 0.239259 0.048219
 2.375044 0.239256 -0.027256
 2.387610 0.239148 0.032472
 2.400177 0.240597 0.215673
 2.412743 0.244899 0.476858
 2.425310 0.252672 0.756686
 2.437876 0.263803 1.000465
 2.450442 0.277506 1.163238
 2.463009 0.292673 1.234560
 2.475575 0.308234 1.230454
 2.488141 0.323430 1.185486
 2.500708 0.338056 1.147640
 2.513274 0.352497 1.164359
 2.525840 0.367690 1.272270
 2.538407 0.384878 1.487936
 2.550973 0.405382 1.786959
 2.563540 0.429913 2.114324
 2.576106 0.458236 2.373955
 2.588672 0.488809 2.453644
 2.601239 0.518723 2.256151
 2.613805 0.544159 1.738808
 2.626371 0.561218 0.937167
 2.638938 0.566985 -0.031761
 2.651504 0.560403 -0.998746
 2.664071 0.542613 -1.786238
 2.676637 0.516732 -2.273994
 2.689203 0.486911 -2.413427
 2.701770 0.457335 -2.245874
 2.714336 0.431263 -1.876561
 2.726902 0.410449 -1.431701
 2.739469 0.395103 -1.020064
 2.752035 0.384357 -0.703715
 2.764602 0.376901 -0.496602
 2.777168 0.371464 -0.376774
 2.789734 0.367223 -0.301594
 2.802301 0.363791 -0.243273
 2.814867 0.361061 -0.182669
 2.827433 0.359051 -0.122209
 2.840000 0.357770 -0.077733
 2.852566 0.356942 -0.048504
 2.865133 0.356380 -0.034385
 2.877699 0.355960 -0.029919
 2.890265 0.355579 -0.027496
 2.902832 0.355177 -0.036770
 2.915398 0.354480 -0.078865
 2.927964 0.352890 -0.184083
 2.940531 0.349426 -0.377870
 2.953097 0.342904 -0.666854
 2.965663 0.332266 -1.031592
 2.978230 0.316834 -1.418721
 2.990796 0.296726 -1.764785
 3.003363 0.272852 -2.009262
 3.015929 0.246762 -2.115395
 3.028495 0.220258 -2.077798
 3.041062 0.195008 -1.921359
 3.053628 0.172210 -1.689933
 3.066194 0.152539 -1.436345
 3.078761 0.136009 -1.195246
 3.091327 0.122308 -0.988929
 3.103894 0.110942 -0.822516
 3.116460 0.101424 -0.690835
 3.129026 0.093397 -0.588038
