#! FIELDS phi3 ffphi3 dffphi3_phi3
#! SET min_phi3 -pi
#! SET max_phi3 pi
#! SET nbins_phi3  100
#! SET periodic_phi3 true
 -3.141593 21.371235 -49.821393
 -3.078761 18.393705 -45.765637
 -3.015929 15.601904 -42.507861
 -2.953097 13.114470 -36.582898
 -2.890265 11.002467 -30.529590
 -2.827433 9.283183 -24.428367
 -2.764602 7.889573 -20.146001
 -2.701770 6.748193 -16.200234
 -2.638938 5.839742 -12.854072
 -2.576106 5.122152 -10.150258
 -2.513274 4.527482 -9.055212
 -2.450442 3.980689 -8.290596
 -2.387610 3.494014 -7.167666
 -2.324779 3.067423 -6.599988
 -2.261947 2.698795 -4.550331
 -2.199115 2.512651 -1.922526
 -2.136283 2.385741 -2.369753
 -2.073451 2.237858 -2.000263
 -2.010619 2.143199 -1.405413
 -1.947787 2.018433 -2.694965
 -1.884956 1.815063 -3.703676
 -1.822124 1.561414 -4.324897
 -1.759292 1.288430 -4.404592
 -1.696460 0.985725 -5.286565
 -1.633628 0.663214 -4.696614
 -1.570796 0.386470 -4.466076
 -1.507964 0.093073 -4.656864
 -1.445133 -0.170856 -3.681455
 -1.382301 -0.347051 -1.777530
 -1.319469 -0.402119 0.002581
 -1.256637 -0.277552 4.563408
 -1.193805 0.158643 8.521875
 -1.130973 0.751513 10.796203
 -1.068142 1.599229 16.293001
 -1.005310 2.772194 20.732705
 -0.942478 4.218731 25.418390
 -0.879646 5.980146 30.080215
 -0.816814 7.919553 31.126392
 -0.753982 10.008495 36.341977
 -0.691150 12.500334 41.068662
 -0.628319 15.010119 38.388007
 -0.565487 17.477210 40.493638
 -0.502655 20.103516 42.004146
 -0.439823 22.820440 44.797650
 -0.376991 25.745606 46.478344
 -0.314159 28.532461 40.245852
 -0.251327 30.815739 33.751343
 -0.188496 33.040186 36.748939
 -0.125664 35.271795 32.697665
 -0.062832 37.356634 36.810012
 0.000000 40.274784 55.549232
 0.062832 41.931671 -27.086903
 0.125664 39.958747 -21.505456
 0.188496 38.787671 -18.358262
 0.251327 38.062402 -4.552187
 0.314159 37.560219 -17.493935
 0.376991 35.670064 -35.936476
 0.439823 34.003521 -15.226840
 0.502655 33.449041 -5.849168
 0.565487 32.624988 -29.197569
 0.628319 29.883513 -45.796152
 0.691150 27.843763 -17.425584
 0.753982 27.414353 -3.277759
 0.816814 26.189972 -36.619207
 0.879646 24.121870 -20.874799
 0.942478 23.802510 7.666471
 1.005310 24.354914 5.919405
 1.068142 24.737240 8.339450
 1.130973 25.346041 10.873567
 1.193805 26.383336 24.213220
 1.256637 28.292149 34.339707
 1.319469 30.685751 41.150677
 1.382301 32.883418 25.330487
 1.445133 34.544115 32.234732
 1.507964 37.166928 52.918334
 1.570796 41.714117 95.657149
 1.633628 49.560811 153.313173
 1.696460 inf nan
 1.759292 inf nan
 1.822124 inf nan
 1.884956 inf nan
 1.947787 inf nan
 2.010619 inf nan
 2.073451 inf nan
 2.136283 inf nan
 2.199115 inf nan
 2.261947 inf nan
 2.324779 inf nan
 2.387610 inf nan
 2.450442 inf nan
 2.513274 inf nan
 2.576106 inf nan
 2.638938 inf nan
 2.701770 68.845746 -240.953135
 2.764602 55.132856 -183.888386
 2.827433 45.321854 -128.806069
 2.890265 38.610585 -89.191294
 2.953097 33.412937 -79.629506
 3.015929 28.684328 -69.124227
 3.078761 24.733690 -57.540812
