#! FIELDS psi3 ffpsi3 dffpsi3_psi3
#! SET min_psi3 -pi
#! SET max_psi3 pi
#! SET nbins_psi3  100
#! SET periodic_psi3 true
 -3.141593 7.625155 22.850486
 -3.078761 9.295602 26.303497
 -3.015929 10.782201 23.041373
 -2.953097 12.295080 22.306128
 -2.890265 13.626810 25.965860
 -2.827433 16.142433 51.836102
 -2.764602 18.606664 12.326426
 -2.701770 17.900591 -29.207510
 -2.638938 16.322259 -9.240720
 -2.576106 17.439773 45.829334
 -2.513274 21.751485 81.300887
 -2.450442 24.818409 5.496609
 -2.387610 24.144977 -18.890128
 -2.324779 23.063839 -8.198604
 -2.261947 23.756078 29.805280
 -2.199115 25.678886 14.635033
 -2.136283 25.420061 -7.777821
 -2.073451 25.760342 18.472133
 -2.010619 26.991049 10.210406
 -1.947787 26.588270 -14.291661
 -1.884956 26.234621 5.025960
 -1.822124 26.839509 8.739636
 -1.759292 26.868901 -13.515079
 -1.696460 24.189524 -59.970684
 -1.633628 21.515525 -17.926121
 -1.570796 22.083671 32.769730
 -1.507964 24.067231 11.203691
 -1.445133 23.967897 -0.353211
 -1.382301 23.649051 -23.254394
 -1.319469 21.276334 -41.366015
 -1.256637 18.829981 -37.381163
 -1.193805 16.594213 -33.533593
 -1.130973 14.457268 -35.766650
 -1.068142 12.314484 -29.813009
 -1.005310 10.623332 -26.399258
 -0.942478 9.126422 -18.734489
 -0.879646 8.113685 -16.977954
 -0.816814 6.886814 -21.033459
 -0.753982 5.553285 -20.873411
 -0.691150 4.327300 -17.706731
 -0.628319 3.382864 -12.182310
 -0.565487 2.781738 -7.401940
 -0.502655 2.302778 -9.727392
 -0.439823 1.468390 -15.368758
 -0.376991 0.644167 -9.582289
 -0.314159 0.298860 -1.754545
 -0.251327 0.280542 -0.682263
 -0.188496 0.117980 -3.276876
 -0.125664 0.090283 2.969649
 -0.062832 0.385259 5.064400
 0.000000 0.649892 3.269469
 0.062832 0.829786 3.003617
 0.125664 1.065776 4.356684
 0.188496 1.442878 8.349500
 0.251327 2.066269 10.100666
 0.314159 2.597520 6.785365
 0.376991 3.030395 7.482056
 0.439823 3.406011 2.779614
 0.502655 3.459894 1.682658
 0.565487 3.813614 8.232860
 0.628319 4.231110 4.689905
 0.691150 4.552814 6.254256
 0.753982 5.014917 7.915928
 0.816814 5.457050 5.655067
 0.879646 5.755720 3.778223
 0.942478 5.822817 -2.604895
 1.005310 5.541130 -3.502348
 1.068142 5.678927 7.725937
 1.130973 6.193251 5.346902
 1.193805 6.231008 -2.063032
 1.256637 6.311263 6.124211
 1.319469 6.893915 9.928263
 1.382301 7.258516 0.911850
 1.445133 7.292693 3.159957
 1.507964 7.621455 3.268888
 1.570796 7.323764 -11.159141
 1.633628 6.800195 -1.907374
 1.696460 7.037128 5.588374
 1.759292 7.154330 -1.648832
 1.822124 6.983166 -2.564913
 1.884956 6.934085 0.393476
 1.947787 6.830451 -4.404685
 2.010619 6.480304 -6.690913
 2.073451 5.957690 -8.378538
 2.136283 5.706952 0.722991
 2.199115 5.771766 -1.611070
 2.261947 5.465889 -6.135711
 2.324779 5.177833 -2.877328
 2.387610 5.100845 0.374619
 2.450442 5.145604 -0.185678
 2.513274 5.002500 -4.021689
 2.576106 4.713044 -4.883878
 2.638938 4.471733 -1.919066
 2.701770 4.482682 1.851751
 2.764602 4.729729 5.821750
 2.827433 5.071833 4.479562
 2.890265 5.408013 7.095100
 2.953097 5.915711 7.914083
 3.015929 6.336183 5.434459
 3.078761 6.690938 7.775854
