#! FIELDS phi4 ffphi4 dffphi4_phi4
#! SET min_phi4 -pi
#! SET max_phi4 pi
#! SET nbins_phi4  100
#! SET periodic_phi4 true
 -3.141593 13.231575 -46.830122
 -3.078761 10.451963 -42.425522
 -3.015929 7.826561 -40.732287
 -2.953097 5.489488 -32.294999
 -2.890265 3.766435 -24.734813
 -2.827433 2.108771 -27.014736
 -2.764602 0.787996 -13.098558
 -2.701770 0.283957 -5.848384
 -2.638938 -0.043700 -3.555882
 -2.576106 -0.030515 4.692814
 -2.513274 0.474278 9.426343
 -2.450442 0.946541 4.447546
 -2.387610 1.000927 -1.016171
 -2.324779 1.105203 4.361608
 -2.261947 1.447896 7.613561
 -2.199115 2.224566 15.426823
 -2.136283 2.965784 6.677555
 -2.073451 3.257972 4.733636
 -2.010619 3.581786 3.465245
 -1.947787 3.612913 -0.441786
 -1.884956 3.662427 0.742880
 -1.822124 3.609751 -1.876079
 -1.759292 3.413563 -6.160320
 -1.696460 2.710651 -13.971103
 -1.633628 2.079046 -5.177378
 -1.570796 1.802134 -6.284429
 -1.507964 1.277090 -8.671295
 -1.445133 0.867427 -4.336012
 -1.382301 0.699813 -0.628111
 -1.319469 0.913205 7.933833
 -1.256637 1.608166 12.596034
 -1.193805 2.376949 12.017352
 -1.130973 3.213356 14.902719
 -1.068142 4.243742 17.755487
 -1.005310 5.462737 20.999855
 -0.942478 6.928665 26.013657
 -0.879646 8.720374 29.937661
 -0.816814 10.589481 29.076522
 -0.753982 12.480232 32.101202
 -0.691150 14.709079 37.979181
 -0.628319 17.127402 37.586775
 -0.565487 19.439016 36.447497
 -0.502655 21.831302 38.777997
 -0.439823 24.195225 35.565986
 -0.376991 26.412443 35.385204
 -0.314159 28.667857 35.508075
 -0.251327 30.832679 32.466129
 -0.188496 32.708114 26.736804
 -0.125664 34.183975 19.581515
 -0.062832 35.156760 11.482813
 0.000000 35.735948 7.225845
 0.062832 35.900516 -4.326102
 0.125664 35.148163 -18.154484
 0.188496 33.748644 -25.973181
 0.251327 31.968977 -30.198186
 0.314159 29.957259 -33.991468
 0.376991 27.646705 -40.081944
 0.439823 24.948250 -44.759887
 0.502655 22.142162 -43.926477
 0.565487 19.492540 -40.191209
 0.628319 17.048741 -38.135841
 0.691150 14.700331 -36.102329
 0.753982 12.536940 -32.920127
 0.816814 10.637493 -26.086039
 0.879646 9.349563 -15.876918
 0.942478 8.409772 -14.950418
 1.005310 7.615301 -8.380960
 1.068142 7.491337 4.511301
 1.130973 8.138021 15.337195
 1.193805 9.267949 19.503338
 1.256637 10.653109 26.042356
 1.319469 12.653222 37.304247
 1.382301 15.289296 45.837179
 1.445133 18.384905 51.911259
 1.507964 21.888527 59.580743
 1.570796 25.962007 67.699480
 1.633628 30.291318 67.319499
 1.696460 34.542508 65.466635
 1.759292 38.663698 63.873192
 1.822124 42.767388 65.050366
 1.884956 46.994604 66.499295
 1.947787 50.825895 50.821987
 2.010619 53.658587 39.543135
 2.073451 55.842860 27.179752
 2.136283 56.714741 0.638987
 2.199115 56.356667 -6.952040
 2.261947 56.487701 12.581566
 2.324779 57.267720 1.032699
 2.387610 55.865384 -42.000393
 2.450442 52.794206 -50.844259
 2.513274 49.675046 -49.381889
 2.576106 46.390675 -55.394638
 2.638938 42.860807 -56.711989
 2.701770 39.085086 -64.130737
 2.764602 34.990277 -64.239410
 2.827433 31.064832 -61.388989
 2.890265 27.209705 -61.219399
 2.953097 23.407496 -59.535218
 3.015929 19.759572 -56.310234
 3.078761 16.350193 -52.126642
