#! FIELDS psi3 ffpsi3 dffpsi3_psi3
#! SET min_psi3 -pi
#! SET max_psi3 pi
#! SET nbins_psi3  100
#! SET periodic_psi3 true
 -3.141593 10.749256 16.892913
 -3.078761 11.386832 4.565856
 -3.015929 11.905223 16.518160
 -2.953097 13.680058 36.427171
 -2.890265 15.556159 21.405747
 -2.827433 17.146383 31.976068
 -2.764602 19.194285 30.940516
 -2.701770 21.390583 38.070217
 -2.638938 22.499943 -9.845590
 -2.576106 22.030245 7.173464
 -2.513274 23.726275 42.128730
 -2.450442 25.911876 17.456738
 -2.387610 26.312215 2.026883
 -2.324779 26.562080 6.857743
 -2.261947 27.142740 10.207957
 -2.199115 27.658589 5.513089
 -2.136283 27.924359 4.500413
 -2.073451 28.410026 11.011550
 -2.010619 29.031858 5.334841
 -1.947787 29.008051 -2.310664
 -1.884956 29.398646 16.918660
 -1.822124 30.653282 15.819794
 -1.759292 31.187709 4.030127
 -1.696460 31.552863 11.340181
 -1.633628 32.838838 27.625560
 -1.570796 34.032993 -9.915644
 -1.507964 30.743857 -68.200900
 -1.445133 27.528030 -31.088920
 -1.382301 26.321475 -19.543691
 -1.319469 23.536281 -66.219654
 -1.256637 19.309767 -62.848717
 -1.193805 15.735632 -50.767149
 -1.130973 13.101789 -31.819808
 -1.068142 11.663206 -17.547391
 -1.005310 10.191602 -30.762455
 -0.942478 8.299626 -26.952078
 -0.879646 6.811477 -20.252611
 -0.816814 5.808053 -11.855185
 -0.753982 5.128075 -12.186600
 -0.691150 4.153431 -18.278988
 -0.628319 3.006850 -16.566552
 -0.565487 2.082842 -13.997049
 -0.502655 1.272946 -10.518887
 -0.439823 0.752687 -7.416806
 -0.376991 0.268460 -7.311559
 -0.314159 -0.084185 -4.123020
 -0.251327 -0.310847 -3.085496
 -0.188496 -0.423286 -0.642029
 -0.125664 -0.417211 1.417884
 -0.062832 -0.143373 7.417012
 0.000000 0.391991 7.562854
 0.062832 0.699756 3.865034
 0.125664 1.164529 11.518037
 0.188496 1.930134 9.753317
 0.251327 2.236354 1.377627
 0.314159 2.384562 4.400753
 0.376991 2.745893 6.821535
 0.439823 3.368724 13.088578
 0.502655 4.101387 7.567790
 0.565487 4.385881 4.009346
 0.628319 4.817030 9.425816
 0.691150 5.361331 5.726789
 0.753982 5.464641 -0.653815
 0.816814 5.566831 4.498145
 0.879646 5.954078 7.447248
 0.942478 6.460524 7.135291
 1.005310 6.735167 3.193674
 1.068142 7.141753 9.246237
 1.130973 7.443590 -2.149915
 1.193805 7.255117 0.311591
 1.256637 7.486358 4.015521
 1.319469 7.698274 5.731727
 1.382301 8.410479 14.018294
 1.445133 8.744909 -5.372132
 1.507964 8.327624 -3.469523
 1.570796 8.315272 0.748116
 1.633628 8.301745 -0.728236
 1.696460 8.262267 -0.502401
 1.759292 8.207837 -1.785871
 1.822124 8.179982 3.291124
 1.884956 8.617133 6.855179
 1.947787 8.574063 -8.296227
 2.010619 7.842011 -12.836989
 2.073451 7.291861 -2.434654
 2.136283 7.530989 7.729650
 2.199115 7.903759 1.750550
 2.261947 7.662753 -8.482198
 2.324779 7.018418 -10.484825
 2.387610 6.568093 -2.968176
 2.450442 6.493520 -1.813086
 2.513274 6.236149 -5.085457
 2.576106 6.131413 3.317167
 2.638938 6.571174 8.024143
 2.701770 6.917672 3.046539
 2.764602 7.018627 0.935805
 2.827433 7.210617 6.037175
 2.890265 7.718751 8.675552
 2.953097 8.173380 6.046374
 3.015929 8.651884 10.489313
 3.078761 9.561068 18.026228
