#! FIELDS phi2 ffphi2 dffphi2_phi2
#! SET min_phi2 -pi
#! SET max_phi2 pi
#! SET nbins_phi2  500
#! SET periodic_phi2 true
 -3.141593 15.468202 -46.132865
 -3.129026 14.902173 -43.949955
 -3.116460 14.362016 -42.100774
 -3.103894 13.840723 -41.010357
 -3.091327 13.327056 -40.875082
 -3.078761 12.811879 -41.040414
 -3.066194 12.300467 -40.044479
 -3.053628 11.812328 -37.456510
 -3.041062 11.358733 -34.936475
 -3.028495 10.925207 -34.483208
 -3.015929 10.482590 -36.192671
 -3.003363 10.014344 -38.169978
 -2.990796 9.530410 -38.486744
 -2.978230 9.054695 -37.031481
 -2.965663 8.600055 -35.460704
 -2.953097 8.157904 -35.117348
 -2.940531 7.715328 -35.231078
 -2.927964 7.278559 -33.942076
 -2.915398 6.870195 -30.815363
 -2.902832 6.506404 -27.108534
 -2.890265 6.186134 -24.013037
 -2.877699 5.898948 -21.861203
 -2.865133 5.631579 -20.946291
 -2.852566 5.365543 -21.635234
 -2.840000 5.085294 -22.866105
 -2.827433 4.798800 -22.269361
 -2.814867 4.536935 -19.104095
 -2.802301 4.319802 -15.697507
 -2.789734 4.131730 -14.726845
 -2.777168 3.941512 -15.613147
 -2.764602 3.745272 -15.173916
 -2.752035 3.572293 -11.989938
 -2.739469 3.447410 -8.040656
 -2.726902 3.359990 -6.492405
 -2.714336 3.268316 -8.626517
 -2.701770 3.138200 -11.898277
 -2.689203 2.983520 -11.926444
 -2.676637 2.858449 -7.379540
 -2.664071 2.804290 -1.437493
 -2.651504 2.807511 1.019705
 -2.638938 2.804956 -2.311672
 -2.626371 2.738367 -8.230054
 -2.613805 2.612068 -11.019634
 -2.601239 2.484065 -8.603558
 -2.588672 2.407724 -3.427163
 -2.576106 2.393139 0.584724
 -2.563540 2.404857 0.420858
 -2.550973 2.384189 -4.317017
 -2.538407 2.291913 -10.082861
 -2.525840 2.150344 -11.342461
 -2.513274 2.036964 -5.641783
 -2.500708 2.026794 4.251841
 -2.488141 2.136867 12.429637
 -2.475575 2.308801 13.492749
 -2.463009 2.445834 7.570296
 -2.450442 2.499318 1.570300
 -2.437876 2.508755 0.800408
 -2.425310 2.533279 3.181936
 -2.412743 2.582615 4.208665
 -2.400177 2.630717 3.314898
 -2.387610 2.672250 3.759164
 -2.375044 2.739201 7.288259
 -2.362478 2.858055 11.300139
 -2.349911 3.006251 11.324473
 -2.337345 3.120237 6.141429
 -2.324779 3.158195 0.308075
 -2.312212 3.149030 -0.788082
 -2.299646 3.160891 3.270613
 -2.287079 3.237620 8.790459
 -2.274513 3.371503 11.864871
 -2.261947 3.519185 10.994354
 -2.249380 3.638922 7.952921
 -2.236814 3.724620 6.105074
 -2.224248 3.804968 7.056838
 -2.211681 3.906147 8.853635
 -2.199115 4.016018 7.918163
 -2.186548 4.088621 3.110092
 -2.173982 4.092183 -2.238282
 -2.161416 4.049179 -3.797426
 -2.148849 4.017127 -0.688445
 -2.136283 4.042437 4.870899
 -2.123717 4.138643 10.169205
 -2.111150 4.287591 12.895736
 -2.098584 4.443463 10.994167
 -2.086018 4.542208 3.989284
 -2.073451 4.535943 -4.838182
 -2.060885 4.437469 -9.812945
 -2.048318 4.319232 -7.933113
 -2.035752 4.258308 -1.409993
 -2.023186 4.281630 4.575491
 -2.010619 4.353989 6.066975
 -1.998053 4.419127 4.069755
 -1.985487 4.462389 3.368390
 -1.972920 4.519514 6.165991
 -1.960354 4.620042 9.508063
 -1.947787 4.742784 9.179494
 -1.935221 4.832644 4.614816
 -1.922655 4.857804 -0.300425
 -1.910088 4.839498 -2.027096
 -1.897522 4.818549 -1.116843
 -1.884956 4.810422 -0.448551
 -1.872389 4.799692 -1.564290
 -1.859823 4.769146 -3.228117
 -1.847256 4.724633 -3.596846
 -1.834690 4.684372 -2.741154
 -1.822124 4.654672 -2.146237
 -1.809557 4.627023 -2.367051
 -1.796991 4.594711 -2.787859
 -1.784425 4.556439 -3.446389
 -1.771858 4.503209 -5.294212
 -1.759292 4.418529 -8.278760
 -1.746726 4.296927 -10.909553
 -1.734159 4.149973 -12.304484
 -1.721593 3.991027 -12.947754
 -1.709026 3.825436 -13.391405
 -1.696460 3.656059 -13.472602
 -1.683894 3.490220 -12.795891
 -1.671327 3.336907 -11.606224
 -1.658761 3.195537 -11.166835
 -1.646195 3.046735 -12.970457
 -1.633628 2.859645 -17.076532
 -1.621062 2.617320 -21.242659
 -1.608495 2.337857 -22.624354
 -1.595929 2.063943 -20.487071
 -1.583363 1.830376 -16.626710
 -1.570796 1.642725 -13.537252
 -1.558230 1.481512 -12.460270
 -1.545664 1.323823 -12.741963
 -1.533097 1.161926 -12.926556
 -1.520531 1.001737 -12.514044
 -1.507964 0.846964 -12.223147
 -1.495398 0.691398 -12.663336
 -1.482832 0.527349 -13.440896
 -1.470265 0.355784 -13.755236
 -1.457699 0.184639 -13.405133
 -1.445133 0.020544 -12.674369
 -1.432566 -0.132205 -11.547554
 -1.420000 -0.265997 -9.593679
 -1.407434 -0.369465 -6.790682
 -1.394867 -0.436424 -3.972074
 -1.382301 -0.473502 -2.163412
 -1.369734 -0.495975 -1.589154
 -1.357168 -0.515057 -1.443164
 -1.344602 -0.530139 -0.880758
 -1.332035 -0.535879 -0.084978
 -1.319469 -0.535113 -0.003326
 -1.306903 -0.540721 -1.076045
 -1.294336 -0.563680 -2.564003
 -1.281770 -0.601111 -3.172593
 -1.269203 -0.635625 -2.017308
 -1.256637 -0.643891 0.935187
 -1.244071 -0.607782 4.835303
 -1.231504 -0.524445 8.168258
 -1.218938 -0.411022 9.431483
 -1.206372 -0.297487 8.278239
 -1.193805 -0.206980 6.114211
 -1.181239 -0.139024 4.976819
 -1.168672 -0.072740 5.895276
 -1.156106 0.017144 8.614858
 -1.143540 0.147865 12.206810
 -1.130973 0.322922 15.462994
 -1.118407 0.530888 17.306363
 -1.105841 0.750931 17.425411
 -1.093274 0.964741 16.484143
 -1.080708 1.165900 15.574623
 -1.068142 1.359631 15.343836
 -1.055575 1.554513 15.674816
 -1.043009 1.754334 16.042369
 -1.030442 1.957354 16.206133
 -1.017876 2.163429 16.660448
 -1.005310 2.380653 18.038742
 -0.992743 2.620382 20.109971
 -0.980177 2.885079 21.818649
 -0.967611 3.164615 22.432176
 -0.955044 3.446060 22.239256
 -0.942478 3.723885 21.944953
 -0.929911 3.999457 21.914854
 -0.917345 4.276538 22.188600
 -0.904779 4.559369 22.835486
 -0.892212 4.852819 23.870405
 -0.879646 5.160623 25.039919
 -0.867080 5.481067 25.773912
 -0.854513 5.804787 25.508891
 -0.841947 6.119855 24.537516
 -0.829380 6.423672 23.900840
 -0.816814 6.725402 24.201450
 -0.804248 7.034814 24.988890
 -0.791681 7.353364 25.600957
 -0.779115 7.679368 26.310185
 -0.766549 8.020206 28.114035
 -0.753982 8.392802 31.276916
 -0.741416 8.806832 34.347532
 -0.728849 9.246540 35.005482
 -0.716283 9.673000 32.295830
 -0.703717 10.052582 28.044005
 -0.691150 10.385423 25.296376
 -0.678584 10.701548 25.390984
 -0.666018 11.032838 27.450155
 -0.653451 11.394332 29.992022
 -0.640885 11.785613 32.081623
 -0.628319 12.198478 33.417196
 -0.615752 12.622292 33.804796
 -0.603186 13.045285 33.347278
 -0.590619 13.460436 32.701492
 -0.578053 13.870612 32.601636
 -0.565487 14.282909 32.931949
 -0.552920 14.697458 32.823407
 -0.540354 15.105474 31.915740
 -0.527788 15.499133 30.642947
 -0.515221 15.876648 29.348784
 -0.502655 16.237940 28.092522
 -0.490088 16.585445 27.295798
 -0.477522 16.930742 27.863122
 -0.464956 17.293624 30.006214
 -0.452389 17.687430 32.507615
 -0.439823 18.105378 33.589540
 -0.427257 18.522912 32.424288
 -0.414690 18.914816 29.735729
 -0.402124 19.271640 27.117536
 -0.389557 19.603073 25.845543
 -0.376991 19.929227 26.241444
 -0.364425 20.267188 27.469724
 -0.351858 20.616287 27.664772
 -0.339292 20.951210 25.010969
 -0.326726 21.235377 19.951419
 -0.314159 21.455801 15.466340
 -0.301593 21.639694 14.396175
 -0.289027 21.832026 16.519121
 -0.276460 22.059065 19.515814
 -0.263894 22.319624 21.720155
 -0.251327 22.602723 23.220998
 -0.238761 22.902576 24.381254
 -0.226195 23.213218 24.837075
 -0.213628 23.522295 24.087059
 -0.201062 23.813715 22.007570
 -0.188496 24.070597 18.616570
 -0.175929 24.279356 14.562240
 -0.163363 24.441498 11.511907
 -0.150796 24.579444 10.804059
 -0.138230 24.722331 12.105071
 -0.125664 24.884901 13.558440
 -0.113097 25.054417 12.848598
 -0.100531 25.192844 8.534634
 -0.087965 25.257973 1.606999
 -0.075398 25.237645 -4.364637
 -0.062832 25.167055 -6.074232
 -0.050265 25.103239 -3.617291
 -0.037699 25.080780 -0.119811
 -0.025133 25.091138 1.214782
 -0.012566 25.098374 -0.527711
 0.000000 25.070810 -3.996728
 0.012566 24.998893 -7.302591
 0.025133 24.894616 -8.906739
 0.037699 24.787246 -7.681832
 0.050265 24.713083 -3.843077
 0.062832 24.692349 0.307644
 0.075398 24.708870 1.610212
 0.087965 24.713623 -1.621029
 0.100531 24.653558 -8.302006
 0.113097 24.503248 -15.441586
 0.125664 24.275814 -20.219072
 0.138230 24.009992 -21.531741
 0.150796 23.746455 -20.098177
 0.163363 23.508873 -17.749280
 0.175929 23.295935 -16.454941
 0.188496 23.086154 -17.312120
 0.201062 22.853462 -19.905241
 0.213628 22.584851 -22.757216
 0.226195 22.286252 -24.526443
 0.238761 21.974528 -24.879491
 0.251327 21.664442 -24.414109
 0.263894 21.360937 -23.937005
 0.276460 21.061691 -23.720777
 0.289027 20.764719 -23.534126
 0.301593 20.470015 -23.410009
 0.314159 20.174107 -23.805744
 0.326726 19.868454 -24.954651
 0.339292 19.544620 -26.651993
 0.351858 19.196857 -28.757957
 0.364425 18.820654 -31.117084
 0.376991 18.416357 -33.097946
 0.389557 17.992801 -34.160522
 0.402124 17.559884 -34.725235
 0.414690 17.119491 -35.362710
 0.427257 16.673579 -35.377198
 0.439823 16.238288 -33.544146
 0.452389 15.837524 -30.087744
 0.464956 15.481207 -26.831536
 0.477522 15.154227 -25.651147
 0.490088 14.824904 -27.169916
 0.502655 14.463893 -30.418479
 0.515221 14.061159 -33.486455
 0.527788 13.629006 -34.989247
 0.540354 13.187953 -35.030559
 0.552920 12.750691 -34.537219
 0.565487 12.319810 -34.041949
 0.578053 11.895459 -33.458616
 0.590619 11.479919 -32.625065
 0.603186 11.076544 -31.524224
 0.615752 10.688595 -30.179149
 0.628319 10.318088 -28.834385
 0.640885 9.960625 -28.268748
 0.653451 9.600582 -29.329084
 0.666018 9.217612 -31.728521
 0.678584 8.804924 -33.699307
 0.691150 8.380090 -33.471897
 0.703717 7.974066 -30.812486
 0.716283 7.611024 -26.887254
 0.728849 7.297236 -23.198295
 0.741416 7.022871 -20.700118
 0.753982 6.771596 -19.469347
 0.766549 6.530587 -18.955041
 0.779115 6.294381 -18.670698
 0.791681 6.059778 -18.775862
 0.804248 5.819424 -19.580252
 0.816814 5.567813 -20.324526
 0.829380 5.315443 -19.503607
 0.841947 5.085317 -16.952989
 0.854513 4.888736 -14.572266
 0.867080 4.709950 -14.303274
 0.879646 4.521470 -15.831243
 0.892212 4.314727 -16.768662
 0.904779 4.110858 -15.235589
 0.917345 3.940852 -11.626888
 0.929911 3.819270 -7.881825
 0.942478 3.736389 -5.631940
 0.955044 3.671030 -4.975971
 0.967611 3.609537 -4.793734
 0.980177 3.553195 -4.053137
 0.992743 3.510766 -2.636364
 1.005310 3.487608 -1.098143
 1.017876 3.481904 0.108217
 1.030442 3.489614 1.097421
 1.043009 3.510432 2.243243
 1.055575 3.547773 3.751100
 1.068142 3.607375 5.843481
 1.080708 3.699007 8.892348
 1.093274 3.834561 12.709800
 1.105841 4.016744 16.033099
 1.118407 4.229512 17.408222
 1.130973 4.446297 16.855269
 1.143540 4.652953 16.161541
 1.156106 4.860755 17.265167
 1.168672 5.097573 20.748258
 1.181239 5.389207 25.732903
 1.193805 5.743526 30.361991
 1.206372 6.142685 32.581610
 1.218938 6.549965 31.758981
 1.231504 6.936757 29.834964
 1.244071 7.308996 29.849053
 1.256637 7.701072 32.924033
 1.269203 8.144321 37.639051
 1.281770 8.646537 42.008115
 1.294336 9.195472 44.991605
 1.306903 9.771627 46.352084
 1.319469 10.355935 46.389782
 1.332035 10.936707 45.956643
 1.344602 11.515794 46.306621
 1.357168 12.109449 48.331219
 1.369734 12.739596 52.051454
 1.382301 13.422943 56.621816
 1.394867 14.163105 60.862865
 1.407434 14.947931 63.525454
 1.420000 15.750691 63.601733
 1.432566 16.539511 61.534897
 1.445133 17.300301 59.598369
 1.457699 18.050719 60.088577
 1.470265 18.824669 63.130962
 1.482832 19.642178 66.521202
 1.495398 20.490549 67.720545
 1.507964 21.334957 66.041307
 1.520531 22.149830 63.508024
 1.533097 22.942400 62.792805
 1.545664 23.740912 64.297271
 1.558230 24.561714 65.823804
 1.570796 25.390862 65.500585
 1.583363 26.207677 64.375298
 1.595929 27.022683 65.768348
 1.608495 27.882385 71.496622
 1.621062 28.836789 80.388502
 1.633628 29.912650 90.578475
 1.646195 31.120879 101.598813
 1.658761 32.479596 114.963757
 1.671327 34.033026 132.819350
 1.683894 35.849354 156.476163
 1.696460 38.006620 185.816562
 1.709026 40.567676 220.736796
 1.721593 43.623950 257.955189
 1.734159 47.201390 298.919908
 1.746726 51.413189 339.876847
 1.759292 56.225679 383.317743
 1.771858 inf nan
 1.784425 inf nan
 1.796991 inf nan
 1.809557 inf nan
 1.822124 inf nan
 1.834690 inf nan
 1.847256 inf nan
 1.859823 inf nan
 1.872389 inf nan
 1.884956 inf nan
 1.897522 inf nan
 1.910088 inf nan
 1.922655 inf nan
 1.935221 inf nan
 1.947787 inf nan
 1.960354 inf nan
 1.972920 inf nan
 1.985487 inf nan
 1.998053 inf nan
 2.010619 inf nan
 2.023186 inf nan
 2.035752 inf nan
 2.048318 inf nan
 2.060885 inf nan
 2.073451 inf nan
 2.086018 inf nan
 2.098584 inf nan
 2.111150 inf nan
 2.123717 inf nan
 2.136283 inf nan
 2.148849 inf nan
 2.161416 inf nan
 2.173982 inf nan
 2.186548 inf nan
 2.199115 inf nan
 2.211681 inf nan
 2.224248 inf nan
 2.236814 inf nan
 2.249380 inf nan
 2.261947 inf nan
 2.274513 inf nan
 2.287079 inf nan
 2.299646 inf nan
 2.312212 inf nan
 2.324779 inf nan
 2.337345 inf nan
 2.349911 inf nan
 2.362478 inf nan
 2.375044 inf nan
 2.387610 inf nan
 2.400177 inf nan
 2.412743 inf nan
 2.425310 inf nan
 2.437876 inf nan
 2.450442 inf nan
 2.463009 inf nan
 2.475575 inf nan
 2.488141 inf nan
 2.500708 inf nan
 2.513274 inf nan
 2.525840 inf nan
 2.538407 inf nan
 2.550973 inf nan
 2.563540 inf nan
 2.576106 inf nan
 2.588672 62.384773 -442.506506
 2.601239 57.139185 -392.354824
 2.613805 52.523821 -342.203143
 2.626371 48.538682 -292.051462
 2.638938 45.183767 -241.899780
 2.651504 42.459077 -191.748099
 2.664071 40.364612 -141.596417
 2.676637 38.899900 -91.507331
 2.689203 38.063852 -41.625742
 2.701770 37.848978 7.044390
 2.714336 38.216077 49.320852
 2.726902 38.969752 61.670934
 2.739469 39.417206 -5.055066
 2.752035 38.766987 -87.589657
 2.764602 37.554431 -95.701167
 2.777168 36.482850 -73.277817
 2.789734 35.716265 -49.351318
 2.802301 35.216933 -31.518859
 2.814867 34.881703 -23.801235
 2.827433 34.565708 -28.270197
 2.840000 34.139948 -39.833838
 2.852566 33.559232 -52.819003
 2.865133 32.787997 -71.189957
 2.877699 31.746905 -94.080105
 2.890265 30.468485 -106.480454
 2.902832 29.142383 -102.182325
 2.915398 27.938629 -88.587308
 2.927964 26.921025 -73.522612
 2.940531 26.079843 -60.908946
 2.953097 25.373009 -52.300663
 2.965663 24.744574 -48.562967
 2.978230 24.130688 -49.870870
 2.990796 23.478191 -54.102810
 3.003363 22.775560 -57.215151
 3.015929 22.053950 -57.113424
 3.028495 21.346802 -55.377132
 3.041062 20.657727 -54.541123
 3.053628 19.969916 -55.013666
 3.066194 19.276438 -55.117147
 3.078761 18.591237 -53.675597
 3.091327 17.930318 -51.501098
 3.103894 17.293805 -49.952272
 3.116460 16.671545 -49.112516
 3.129026 16.060464 -48.004997
