#! FIELDS phi3 ffphi3 dffphi3_phi3
#! SET min_phi3 -pi
#! SET max_phi3 pi
#! SET nbins_phi3  100
#! SET periodic_phi3 true
 -3.141593 21.420774 -56.147339
 -3.078761 18.144221 -48.290615
 -3.015929 15.341605 -41.041019
 -2.953097 12.956232 -35.215499
 -2.890265 10.890797 -30.472258
 -2.827433 9.149929 -24.824526
 -2.764602 7.762958 -19.530919
 -2.701770 6.671010 -15.385028
 -2.638938 5.808226 -12.275420
 -2.576106 5.104623 -10.344529
 -2.513274 4.490326 -9.242991
 -2.450442 3.938824 -8.471895
 -2.387610 3.419912 -7.885886
 -2.324779 2.977048 -6.139826
 -2.261947 2.643421 -4.581613
 -2.199115 2.398759 -3.196562
 -2.136283 2.242540 -1.921829
 -2.073451 2.137812 -1.499841
 -2.010619 2.052520 -1.407867
 -1.947787 1.932769 -2.585467
 -1.884956 1.729273 -3.783942
 -1.822124 1.478316 -4.168444
 -1.759292 1.208220 -4.400763
 -1.696460 0.934441 -4.314666
 -1.633628 0.673800 -3.936538
 -1.570796 0.433463 -3.914553
 -1.507964 0.174952 -4.219887
 -1.445133 -0.075718 -3.683423
 -1.382301 -0.270583 -2.336411
 -1.319469 -0.343182 0.149346
 -1.256637 -0.230846 3.558806
 -1.193805 0.124591 7.848423
 -1.130973 0.763314 12.367407
 -1.068142 1.668428 16.337476
 -1.005310 2.835183 20.903805
 -0.942478 4.305274 25.629895
 -0.879646 6.043751 29.375079
 -0.816814 7.981988 32.018844
 -0.753982 10.104207 35.425513
 -0.691150 12.433496 38.026685
 -0.628319 14.867866 38.959353
 -0.565487 17.388492 41.232943
 -0.502655 20.050918 42.243189
 -0.439823 22.740787 43.934060
 -0.376991 25.652573 47.310649
 -0.314159 28.606214 45.344528
 -0.251327 31.191371 32.519297
 -0.188496 32.369532 8.682345
 -0.125664 33.429870 30.745522
 -0.062832 35.387668 6.935479
 0.000000 34.470744 -9.898783
 0.062832 35.465404 43.153850
 0.125664 39.974493 100.697976
 0.188496 48.413096 157.104672
 0.251327 inf nan
 0.314159 inf nan
 0.376991 inf nan
 0.439823 inf nan
 0.502655 inf nan
 0.565487 inf nan
 0.628319 inf nan
 0.691150 inf nan
 0.753982 inf nan
 0.816814 inf nan
 0.879646 inf nan
 0.942478 inf nan
 1.005310 inf nan
 1.068142 inf nan
 1.130973 inf nan
 1.193805 inf nan
 1.256637 inf nan
 1.319469 inf nan
 1.382301 inf nan
 1.445133 inf nan
 1.507964 inf nan
 1.570796 inf nan
 1.633628 inf nan
 1.696460 inf nan
 1.759292 inf nan
 1.822124 inf nan
 1.884956 inf nan
 1.947787 inf nan
 2.010619 inf nan
 2.073451 inf nan
 2.136283 inf nan
 2.199115 inf nan
 2.261947 inf nan
 2.324779 inf nan
 2.387610 inf nan
 2.450442 inf nan
 2.513274 inf nan
 2.576106 inf nan
 2.638938 inf nan
 2.701770 inf nan
 2.764602 55.740426 -199.541241
 2.827433 45.037041 -140.802986
 2.890265 37.814572 -91.928175
 2.953097 32.974353 -66.301664
 3.015929 29.084976 -60.204276
 3.078761 25.191139 -62.864784
