#! FIELDS psi2 ffpsi2 dffpsi2_psi2
#! SET min_psi2 -pi
#! SET max_psi2 pi
#! SET nbins_psi2  100
#! SET periodic_psi2 true
 -3.141593 15.061390 47.207141
 -3.078761 18.129632 50.323854
 -3.015929 21.433101 51.392681
 -2.953097 24.224315 37.496053
 -2.890265 26.800648 47.127838
 -2.827433 30.252135 62.425033
 -2.764602 34.385285 56.786793
 -2.701770 36.548506 16.573424
 -2.638938 36.010369 -47.296463
 -2.576106 32.728958 -41.638517
 -2.513274 31.062762 -14.709111
 -2.450442 30.146638 -21.240429
 -2.387610 28.282372 -32.534050
 -2.324779 26.596906 -20.518872
 -2.261947 25.513301 -15.990141
 -2.199115 24.436623 -18.397013
 -2.136283 23.304668 -16.628747
 -2.073451 22.362746 -14.030928
 -2.010619 21.480486 -13.920488
 -1.947787 20.674710 -11.433561
 -1.884956 20.021281 -9.900413
 -1.822124 19.393214 -9.848290
 -1.759292 18.855454 -6.892483
 -1.696460 18.535353 -3.392743
 -1.633628 18.394001 -1.703294
 -1.570796 18.271293 -2.177473
 -1.507964 18.147627 -1.682490
 -1.445133 18.081808 -0.159801
 -1.382301 18.138399 1.664276
 -1.319469 18.247090 1.607341
 -1.256637 18.364818 2.309708
 -1.193805 18.533501 2.964156
 -1.130973 18.756432 4.141266
 -1.068142 19.017309 3.664553
 -1.005310 19.179732 1.349113
 -0.942478 19.267915 2.697239
 -0.879646 19.570483 5.780453
 -0.816814 19.825266 2.074169
 -0.753982 19.939095 2.009792
 -0.691150 20.010671 -0.813904
 -0.628319 19.735783 -8.216284
 -0.565487 19.079722 -11.393832
 -0.502655 18.309478 -14.398132
 -0.439823 17.330910 -14.031860
 -0.376991 16.713030 -7.088430
 -0.314159 16.188061 -10.346300
 -0.251327 15.416289 -14.224594
 -0.188496 14.502642 -13.415545
 -0.125664 13.800762 -9.422157
 -0.062832 13.276503 -7.135877
 0.000000 12.919330 -4.415418
 0.062832 12.670036 -4.075087
 0.125664 12.365210 -5.580596
 0.188496 12.021290 -5.096284
 0.251327 11.703040 -5.441230
 0.314159 11.318698 -6.757898
 0.376991 10.879196 -6.976181
 0.439823 10.464898 -6.206887
 0.502655 10.095185 -5.720439
 0.565487 9.717069 -6.516570
 0.628319 9.286168 -6.976967
 0.691150 8.856992 -6.745783
 0.753982 8.450307 -5.891520
 0.816814 8.150592 -3.695265
 0.879646 7.955896 -2.847705
 0.942478 7.776819 -2.685287
 1.005310 7.659555 -0.973232
 1.068142 7.625567 -0.400008
 1.130973 7.615888 0.133149
 1.193805 7.619509 -0.300657
 1.256637 7.575887 -1.011428
 1.319469 7.495264 -1.767337
 1.382301 7.326157 -3.789797
 1.445133 7.019794 -5.904471
 1.507964 6.599985 -7.423582
 1.570796 6.071870 -9.613712
 1.633628 5.395399 -11.732624
 1.696460 4.620042 -12.862390
 1.759292 3.795690 -13.144904
 1.822124 3.018953 -11.172527
 1.884956 2.415308 -8.126223
 1.947787 1.980937 -5.862565
 2.010619 1.651630 -4.929268
 2.073451 1.331656 -5.425620
 2.136283 0.956876 -6.650759
 2.199115 0.491677 -8.060122
 2.261947 -0.026449 -8.215283
 2.324779 -0.514062 -7.142926
 2.387610 -0.901161 -4.982164
 2.450442 -1.103040 -1.197791
 2.513274 -1.035711 3.297732
 2.576106 -0.696467 7.378134
 2.638938 -0.107941 11.409916
 2.701770 0.755763 16.109713
 2.764602 1.926855 21.113711
 2.827433 3.413556 26.005341
 2.890265 5.182726 30.017241
 2.953097 7.216617 34.850562
 3.015929 9.579031 39.614143
 3.078761 12.188026 43.289253
