#! FIELDS psi4 ffpsi4 dffpsi4_psi4
#! SET min_psi4 -pi
#! SET max_psi4 pi
#! SET nbins_psi4  100
#! SET periodic_psi4 true
 -3.141593 4.515727 38.629455
 -3.078761 6.418655 14.262459
 -3.015929 6.442678 0.681172
 -2.953097 7.698247 40.019537
 -2.890265 10.595686 39.753647
 -2.827433 12.446753 27.014369
 -2.764602 14.388528 32.305181
 -2.701770 15.889847 9.234047
 -2.638938 15.270097 -28.160155
 -2.576106 13.003951 -32.517549
 -2.513274 12.273926 12.413522
 -2.450442 14.424413 50.837373
 -2.387610 17.869321 57.599863
 -2.324779 22.199154 77.355886
 -2.261947 25.533985 5.363283
 -2.199115 24.991123 -7.723150
 -2.136283 24.962509 2.908110
 -2.073451 24.898153 -5.206489
 -2.010619 24.380201 -13.304906
 -1.947787 23.062476 -25.031360
 -1.884956 21.803435 -12.408234
 -1.822124 21.687564 7.722774
 -1.759292 22.076243 -1.162090
 -1.696460 21.732499 -6.522467
 -1.633628 20.959307 -23.573436
 -1.570796 18.989061 -30.821398
 -1.507964 17.639035 -14.001861
 -1.445133 16.606913 -20.995257
 -1.382301 15.537936 -7.760335
 -1.319469 15.688363 7.417450
 -1.256637 15.549405 -14.665521
 -1.193805 14.270633 -22.357767
 -1.130973 12.976483 -17.679472
 -1.068142 11.967933 -17.090631
 -1.005310 10.704154 -21.884406
 -0.942478 9.253227 -24.210093
 -0.879646 7.943190 -14.988529
 -0.816814 7.278024 -11.159108
 -0.753982 5.969822 -27.734389
 -0.691150 4.644840 -10.761280
 -0.628319 4.305664 -6.844256
 -0.565487 3.622087 -8.669692
 -0.502655 3.651289 6.240331
 -0.439823 3.592493 -9.896018
 -0.376991 2.973414 -6.049121
 -0.314159 2.817916 -0.813225
 -0.251327 2.804790 0.785907
 -0.188496 2.757535 -4.590644
 -0.125664 2.349908 -4.829975
 -0.062832 2.348311 3.696455
 0.000000 2.635115 4.544982
 0.062832 2.822137 0.521458
 0.125664 2.775773 0.470528
 0.188496 3.074442 6.828246
 0.251327 3.131796 -5.331387
 0.314159 2.896173 0.533735
 0.376991 3.095588 3.398702
 0.439823 3.163643 -1.442843
 0.502655 2.982985 -3.403983
 0.565487 2.875932 1.412774
 0.628319 3.264111 9.987207
 0.691150 3.846523 7.136738
 0.753982 4.210585 4.001858
 0.816814 4.213628 -2.777112
 0.879646 4.194338 3.118065
 0.942478 4.470137 4.311084
 1.005310 4.701640 2.857560
 1.068142 4.758747 -1.546421
 1.130973 4.468889 -7.887683
 1.193805 4.017743 -2.364129
 1.256637 4.437480 13.810650
 1.319469 5.303704 12.822713
 1.382301 6.356381 21.858169
 1.445133 7.621195 11.307678
 1.507964 7.366554 -14.291944
 1.570796 6.661026 -5.396320
 1.633628 6.789409 9.474458
 1.696460 7.411734 3.859390
 1.759292 7.353013 1.119936
 1.822124 7.767278 6.911509
 1.884956 7.657111 -7.879843
 1.947787 7.437217 1.855431
 2.010619 7.289939 -12.759199
 2.073451 5.945141 -23.620768
 2.136283 4.835949 -11.514409
 2.199115 4.455410 0.162840
 2.261947 4.741503 4.390608
 2.324779 4.509632 -10.844919
 2.387610 3.717882 -13.880427
 2.450442 2.744667 -14.840967
 2.513274 2.214674 -2.001273
 2.576106 2.158848 -1.948358
 2.638938 1.915541 -6.619962
 2.701770 1.288013 -11.301104
 2.764602 0.866289 -0.338963
 2.827433 1.270601 11.729122
 2.890265 1.940235 6.622715
 2.953097 2.032067 -4.313731
 3.015929 1.583476 -3.655678
 3.078761 2.277630 26.787730
