#! FIELDS psi4 ffpsi4 dffpsi4_psi4
#! SET min_psi4 -pi
#! SET max_psi4 pi
#! SET nbins_psi4  100
#! SET periodic_psi4 true
 -3.141593 4.492400 18.296192
 -3.078761 5.673005 20.152888
 -3.015929 7.160126 27.315371
 -2.953097 9.070368 32.810321
 -2.890265 11.184013 32.331696
 -2.827433 12.781084 16.047816
 -2.764602 13.484864 11.677321
 -2.701770 14.853497 33.491447
 -2.638938 17.361144 39.569264
 -2.576106 19.472954 29.523833
 -2.513274 20.544634 -2.237844
 -2.450442 20.247440 2.616425
 -2.387610 21.020136 18.445917
 -2.324779 22.222134 16.914744
 -2.261947 22.360104 -13.088561
 -2.199115 21.955436 8.277183
 -2.136283 23.109090 15.812321
 -2.073451 22.934613 -12.482650
 -2.010619 22.531416 -1.531317
 -1.947787 22.062060 -15.756564
 -1.884956 21.214318 -5.296870
 -1.822124 21.317508 1.477773
 -1.759292 20.901195 -10.843866
 -1.696460 20.277709 -10.888508
 -1.633628 19.364253 -17.798364
 -1.570796 18.211701 -16.283718
 -1.507964 17.437048 -10.886519
 -1.445133 16.511736 -18.195654
 -1.382301 15.395885 -16.096761
 -1.319469 14.487540 -13.789829
 -1.256637 13.526123 -16.908482
 -1.193805 12.502513 -14.790264
 -1.130973 11.582385 -16.262300
 -1.068142 10.369583 -21.236746
 -1.005310 9.118577 -17.650059
 -0.942478 8.080941 -16.903869
 -0.879646 6.945887 -18.399975
 -0.816814 5.845537 -16.338657
 -0.753982 4.941223 -12.253365
 -0.691150 4.225959 -11.594121
 -0.628319 3.499642 -10.421446
 -0.565487 2.969573 -6.734540
 -0.502655 2.647893 -3.573975
 -0.439823 2.467096 -2.566279
 -0.376991 2.320562 -2.145054
 -0.314159 2.210949 -0.922364
 -0.251327 2.264958 2.580676
 -0.188496 2.469901 3.563951
 -0.125664 2.748020 5.472259
 -0.062832 3.117953 5.824981
 0.000000 3.449945 4.247102
 0.062832 3.634884 2.384549
 0.125664 3.875005 5.460222
 0.188496 4.279652 6.872970
 0.251327 4.662289 4.661434
 0.314159 4.833792 0.853131
 0.376991 4.847826 0.312065
 0.439823 4.900983 1.023374
 0.502655 4.982473 2.263402
 0.565487 5.196375 2.946845
 0.628319 5.169802 -3.383941
 0.691150 4.955758 -2.441993
 0.753982 4.895902 0.298527
 0.816814 4.972152 2.058514
 0.879646 5.135658 2.552280
 0.942478 5.199170 -0.825407
 1.005310 5.148206 0.674182
 1.068142 5.370440 5.496033
 1.130973 5.575080 -0.408128
 1.193805 5.523518 1.549048
 1.256637 5.868705 8.121095
 1.319469 6.384514 8.106771
 1.382301 6.925455 8.674187
 1.445133 7.365700 5.076482
 1.507964 7.693494 6.316519
 1.570796 8.053765 2.901045
 1.633628 8.050883 -0.947464
 1.696460 8.040533 -0.070067
 1.759292 8.031449 0.071277
 1.822124 7.963959 -3.500843
 1.884956 7.584604 -7.595292
 1.947787 7.083859 -8.552483
 2.010619 6.555914 -7.021922
 2.073451 6.219566 -5.654815
 2.136283 5.585600 -14.767464
 2.199115 4.552311 -16.146287
 2.261947 3.697392 -11.250507
 2.324779 3.041188 -10.148473
 2.387610 2.439713 -8.752137
 2.450442 1.927194 -7.946103
 2.513274 1.414220 -8.219215
 2.576106 0.944162 -6.483700
 2.638938 0.620727 -3.700341
 2.701770 0.500030 0.015774
 2.764602 0.598900 2.520638
 2.827433 0.809607 4.764721
 2.890265 1.233740 8.225584
 2.953097 1.788617 9.479188
 3.015929 2.467313 12.309742
 3.078761 3.372761 16.530171
