#! FIELDS phi2 ffphi2 dffphi2_phi2
#! SET min_phi2 -pi
#! SET max_phi2 pi
#! SET nbins_phi2  100
#! SET periodic_phi2 true
 -3.141593 16.462116 -48.731568
 -3.078761 13.679900 -40.059097
 -3.015929 11.350691 -34.912078
 -2.953097 9.190362 -33.803959
 -2.890265 7.253036 -26.837707
 -2.827433 5.761955 -22.027665
 -2.764602 4.374683 -21.951350
 -2.701770 3.136585 -16.154581
 -2.638938 2.399155 -8.070674
 -2.576106 1.986158 -5.598790
 -2.513274 1.713059 -3.169987
 -2.450442 1.506915 -3.651553
 -2.387610 1.381143 0.574442
 -2.324779 1.516129 2.843658
 -2.261947 1.765592 4.784101
 -2.199115 1.894488 -1.433423
 -2.136283 1.854919 2.624860
 -2.073451 2.252112 8.001560
 -2.010619 2.583210 1.767954
 -1.947787 2.613131 0.786956
 -1.884956 2.725162 1.530010
 -1.822124 2.708042 -1.461584
 -1.759292 2.645365 -0.941249
 -1.696460 2.457688 -5.061563
 -1.633628 2.198619 -1.904466
 -1.570796 2.157999 -1.303758
 -1.507964 1.901687 -6.033484
 -1.445133 1.536245 -6.136781
 -1.382301 0.981069 -11.198735
 -1.319469 0.387436 -6.145495
 -1.256637 0.158763 -2.440401
 -1.193805 0.060562 -0.089395
 -1.130973 0.184959 4.416997
 -1.068142 0.705567 12.217904
 -1.005310 1.611431 15.490880
 -0.942478 2.626600 17.221429
 -0.879646 3.826174 20.764638
 -0.816814 5.224594 23.489004
 -0.753982 6.771998 25.751274
 -0.691150 8.459734 26.920224
 -0.628319 10.111620 26.279155
 -0.565487 11.922763 31.676621
 -0.502655 14.046559 34.267532
 -0.439823 16.076917 29.668047
 -0.376991 17.848210 26.766869
 -0.314159 19.499276 25.952380
 -0.251327 21.138911 26.103735
 -0.188496 22.762598 24.362685
 -0.125664 24.086038 17.560364
 -0.062832 25.042002 12.998811
 0.000000 25.720778 8.336160
 0.062832 26.050315 1.500946
 0.125664 25.889835 -6.221892
 0.188496 25.350625 -10.432174
 0.251327 24.623449 -12.632695
 0.314159 23.754564 -15.094868
 0.376991 22.760352 -16.155260
 0.439823 21.752578 -15.745937
 0.502655 20.823072 -13.617522
 0.565487 20.027269 -11.999434
 0.628319 19.302742 -11.060318
 0.691150 18.659800 -8.885209
 0.753982 18.264337 -3.515000
 0.816814 18.181525 0.478465
 0.879646 18.329750 4.666759
 0.942478 18.805981 10.166586
 1.005310 19.551732 13.530441
 1.068142 20.591517 20.348273
 1.130973 22.122486 27.121995
 1.193805 23.851307 27.817035
 1.256637 25.784250 34.530708
 1.319469 28.236232 42.998843
 1.382301 31.175126 49.780231
 1.445133 34.429947 52.364664
 1.507964 37.778785 53.249449
 1.570796 41.200635 54.673288
 1.633628 44.653302 53.214195
 1.696460 47.956062 50.804419
 1.759292 51.036115 46.098425
 1.822124 53.815460 41.252955
 1.884956 56.274519 37.320275
 1.947787 58.567698 34.139775
 2.010619 60.439838 24.924712
 2.073451 61.761281 16.337391
 2.136283 62.411591 4.591066
 2.199115 62.461369 -2.717430
 2.261947 62.035802 -11.470493
 2.324779 60.935234 -24.405254
 2.387610 58.979552 -36.483805
 2.450442 56.461760 -43.990618
 2.513274 53.414476 -52.404584
 2.576106 49.984806 -56.409242
 2.638938 46.317429 -59.880525
 2.701770 42.523730 -61.232308
 2.764602 38.536387 -65.447694
 2.827433 34.397343 -65.675172
 2.890265 30.330798 -63.222665
 2.953097 26.520898 -57.808621
 3.015929 23.040501 -53.424008
 3.078761 19.710493 -53.117683
