#! FIELDS psi3 ffpsi3 dffpsi3_psi3
#! SET min_psi3 -pi
#! SET max_psi3 pi
#! SET nbins_psi3  100
#! SET periodic_psi3 true
 -3.141593 7.607492 15.322690
 -3.078761 8.472406 13.655278
 -3.015929 9.473106 18.078769
 -2.953097 10.781917 24.829894
 -2.890265 12.668530 33.161969
 -2.827433 14.537677 25.507204
 -2.764602 16.449143 40.218366
 -2.701770 19.359786 39.834788
 -2.638938 20.417671 2.205902
 -2.576106 20.554101 2.497637
 -2.513274 21.039686 19.256688
 -2.450442 23.629464 64.841917
 -2.387610 28.536086 72.666981
 -2.324779 30.718427 2.809782
 -2.261947 30.720859 -0.170425
 -2.199115 30.864825 4.668567
 -2.136283 31.232326 6.384508
 -2.073451 31.663410 7.505880
 -2.010619 32.111526 5.770471
 -1.947787 32.467863 7.366416
 -1.884956 33.120919 12.453948
 -1.822124 33.871131 10.134067
 -1.759292 34.323729 5.023942
 -1.696460 34.701390 7.839793
 -1.633628 35.290365 10.011669
 -1.570796 35.738687 0.262087
 -1.507964 34.589138 -41.567680
 -1.445133 31.010767 -59.995129
 -1.382301 28.055146 -33.990923
 -1.319469 25.818746 -47.268942
 -1.256637 22.254116 -58.791651
 -1.193805 18.638130 -57.303691
 -1.130973 15.352849 -43.262191
 -1.068142 13.249437 -28.138599
 -1.005310 11.169253 -38.578428
 -0.942478 8.806787 -33.518495
 -0.879646 7.192185 -17.447239
 -0.816814 6.359486 -12.536427
 -0.753982 5.519342 -12.432467
 -0.691150 4.827942 -11.370552
 -0.628319 3.934687 -16.765235
 -0.565487 2.820181 -17.811759
 -0.502655 1.851276 -12.216996
 -0.439823 1.232774 -8.601462
 -0.376991 0.715751 -7.204198
 -0.314159 0.430419 -2.193795
 -0.251327 0.269090 -3.707174
 -0.188496 0.070180 -1.510860
 -0.125664 0.110152 2.460272
 -0.062832 0.371753 5.897017
 0.000000 0.796742 6.608211
 0.062832 1.162234 5.757552
 0.125664 1.594364 7.425023
 0.188496 1.986344 4.737077
 0.251327 2.291207 6.252718
 0.314159 2.849014 10.798805
 0.376991 3.503950 9.118435
 0.439823 3.936119 4.067448
 0.502655 4.063585 1.553887
 0.565487 4.249232 3.989397
 0.628319 4.601477 7.428784
 0.691150 4.923618 0.495896
 0.753982 4.870308 0.910163
 0.816814 5.214272 10.452840
 0.879646 6.102170 14.907847
 0.942478 6.835894 9.303629
 1.005310 7.270614 2.736200
 1.068142 7.286959 0.317815
 1.130973 7.389835 2.230349
 1.193805 7.500340 0.052418
 1.256637 7.359299 -2.414425
 1.319469 7.389610 2.235695
 1.382301 7.493177 1.623904
 1.445133 7.614547 0.303689
 1.507964 7.372653 -5.909359
 1.570796 7.262763 3.339236
 1.633628 7.600568 4.456460
 1.696460 7.586993 -4.065867
 1.759292 7.379188 -1.439645
 1.822124 7.243124 -5.459570
 1.884956 6.649615 -10.723500
 1.947787 6.196344 -4.006204
 2.010619 5.965330 -3.524929
 2.073451 5.817935 -1.913987
 2.136283 5.548602 -7.157076
 2.199115 5.072559 -5.972995
 2.261947 4.885451 -1.489025
 2.324779 4.678580 -4.899053
 2.387610 4.412103 -3.352921
 2.450442 4.176679 -4.713435
 2.513274 3.861832 -4.555955
 2.576106 3.645898 -2.505942
 2.638938 3.528989 -1.200925
 2.701770 3.514984 0.851514
 2.764602 3.638692 2.980844
 2.827433 3.876913 4.518671
 2.890265 4.221717 6.368984
 2.953097 4.648264 7.464743
 3.015929 5.319922 14.954617
 3.078761 6.472123 19.869066
