#! FIELDS phi3 file.free der_phi3
#! SET min_phi3 -pi
#! SET max_phi3 pi
#! SET nbins_phi3  500
#! SET periodic_phi3 true
   -3.141592654   46.639304845    2.294779420
   -3.129026283   46.673220305    3.109737622
   -3.116459912   46.717632720    3.951093391
   -3.103893542   46.772307788    4.767163182
   -3.091327171   46.837207346    5.546861210
   -3.078760801   46.911970791    6.352873968
   -3.066194430   46.996931831    7.181234870
   -3.053628059   47.092126638    7.965642275
   -3.041061689   47.197134310    8.755312191
   -3.028495318   47.311888955    9.524569627
   -3.015928947   47.436355250   10.269150637
   -3.003362577   47.570311927   11.043453166
   -2.990796206   47.713435381   11.765091036
   -2.978229836   47.866127033   12.529568106
   -2.965663465   48.027592015   13.179664424
   -2.953097094   48.197402261   13.860866063
   -2.940530724   48.375798675   14.550048933
   -2.927964353   48.562828513   15.201974226
   -2.915397983   48.757876018   15.844565383
   -2.902831612   48.960881985   16.446946514
   -2.890265241   49.171106933   17.018689246
   -2.877698871   49.387809198   17.509658424
   -2.865132500   49.611244258   18.049065731
   -2.852566129   49.840979444   18.522096600
   -2.839999759   50.076731892   18.996685963
   -2.827433388   50.318249270   19.433901739
   -2.814867018   50.564926231   19.821966392
   -2.802300647   50.815880964   20.123889349
   -2.789734276   51.070840675   20.458079952
   -2.777167906   51.329510326   20.680828732
   -2.764601535   51.590757089   20.890078139
   -2.752035165   51.854605756   21.094072108
   -2.739468794   52.120195486   21.178090605
   -2.726902423   52.386853760   21.251688460
   -2.714336053   52.653835589   21.247938435
   -2.701769682   52.920713912   21.222924150
   -2.689203311   53.186680962   21.101955808
   -2.676636941   53.451034325   20.958808217
   -2.664070570   53.712892730   20.706615083
   -2.651504200   53.971403216   20.431761131
   -2.638937829   54.226093400   20.094182855
   -2.626371458   54.475535140   19.614882980
   -2.613805088   54.718675151   19.065944017
   -2.601238717   54.954716096   18.484139972
   -2.588672347   55.182761789   17.800021508
   -2.576105976   55.401436264   17.001411032
   -2.563539605   55.609849169   16.155332711
   -2.550973235   55.807148667   15.234555143
   -2.538406864   55.992085597   14.189017446
   -2.525840493   56.163087554   13.016689801
   -2.513274123   56.318615460   11.733146148
   -2.500707752   56.457677442   10.381770436
   -2.488141382   56.579299576    8.935172787
   -2.475575011   56.682210739    7.392788873
   -2.463008640   56.764876415    5.709964469
   -2.450442270   56.825739990    3.940347398
   -2.437875899   56.863622467    2.093261372
   -2.425309529   56.877887907    0.162313164
   -2.412743158   56.867573868   -1.820401219
   -2.400176787   56.831678406   -3.898950668
   -2.387610417   56.768812884   -6.083383994
   -2.375044046   56.678292645   -8.343976357
   -2.362477675   56.558677951  -10.708242727
   -2.349911305   56.409474589  -13.074575882
   -2.337344934   56.229972356  -15.522245290
   -2.324778564   56.019712792  -17.952457625
   -2.312212193   55.778877610  -20.383053122
   -2.299645822   55.507229721  -22.851177254
   -2.287079452   55.204341136  -25.335816723
   -2.274513081   54.870367005  -27.796813844
   -2.261946711   54.505705849  -30.208893532
   -2.249380340   54.111345806  -32.538701756
   -2.236813969   53.687657040  -34.908098027
   -2.224247599   53.234633733  -37.204244905
   -2.211681228   52.753237262  -39.391902351
   -2.199114858   52.244673372  -41.525097257
   -2.186548487   51.710122067  -43.529586143
   -2.173982116   51.151046625  -45.429345827
   -2.161415746   50.568917287  -47.199020810
   -2.148849375   49.965115566  -48.855099566
   -2.136283004   49.341307644  -50.416135242
   -2.123716634   48.698506984  -51.854915973
   -2.111150263   48.038414603  -53.148890121
   -2.098583893   47.362846554  -54.316120724
   -2.086017522   46.673591148  -55.368517008
   -2.073451151   45.972190470  -56.272206572
   -2.060884781   45.260010158  -57.072750165
   -2.048318410   44.538376154  -57.736544320
   -2.035752040   43.809091514  -58.304688557
   -2.023185669   43.073578590  -58.735703728
   -2.010619298   42.333131050  -59.111530189
   -1.998052928   41.588701378  -59.399274766
   -1.985486557   40.841051042  -59.594248238
   -1.972920186   40.091350165  -59.708160757
   -1.960353816   39.340886267  -59.722451212
   -1.947787445   38.590161403  -59.742281945
   -1.935221075   37.839262178  -59.752795221
   -1.922654704   37.088967832  -59.664873658
   -1.910088333   36.339201265  -59.626694106
   -1.897521963   35.590434885  -59.556951211
   -1.884955592   34.842441973  -59.471900525
   -1.872389222   34.095714701  -59.378697515
   -1.859822851   33.350072287  -59.282162618
   -1.847256480   32.605569177  -59.229398207
   -1.834690110   31.861626732  -59.168034562
   -1.822123739   31.118316421  -59.130693949
   -1.809557368   30.375303368  -59.109458467
   -1.796990998   29.632107274  -59.156656401
   -1.784424627   28.888287950  -59.242561319
   -1.771858257   28.143423566  -59.303673122
   -1.759291886   27.397356933  -59.421235410
   -1.746725515   26.650259429  -59.478183792
   -1.734159145   25.902347824  -59.551327405
   -1.721592774   25.153522604  -59.624640361
   -1.709026404   24.403734883  -59.718148602
   -1.696460033   23.652490836  -59.820677233
   -1.683893662   22.900411846  -59.862577640
   -1.671327292   22.147826539  -59.916976935
   -1.658760921   21.395299109  -59.835114003
   -1.646194550   20.643818137  -59.784350823
   -1.633628180   19.893250485  -59.649104096
   -1.621061809   19.144869316  -59.464694404
   -1.608495439   18.399048719  -59.226371105
   -1.595929068   17.656666952  -58.932942698
   -1.583362697   16.917976604  -58.614194127
   -1.570796327   16.184152036  -58.154060609
   -1.558229956   15.456913131  -57.565791133
   -1.545663586   14.737564991  -56.906906487
   -1.533097215   14.026480383  -56.270473133
   -1.520530844   13.324419261  -55.450478469
   -1.507964474   12.632907368  -54.584706005
   -1.495398103   11.953087958  -53.596987954
   -1.482831732   11.285863048  -52.573417916
   -1.470265362   10.632226921  -51.469169211
   -1.457698991    9.992744692  -50.290134954
   -1.445132621    9.368734697  -49.004882998
   -1.432566250    8.761337449  -47.651359360
   -1.419999879    8.171240508  -46.251809804
   -1.407433509    7.599267927  -44.787711986
   -1.394867138    7.045803303  -43.314941683
   -1.382300768    6.510998688  -41.789422856
   -1.369734397    5.995880049  -40.206906839
   -1.357168026    5.500717610  -38.598010763
   -1.344601656    5.026246390  -36.923196231
   -1.332035285    4.572914058  -35.223232472
   -1.319468915    4.141043384  -33.498184712
   -1.306902544    3.731051863  -31.771069419
   -1.294336173    3.342805788  -30.040195986
   -1.281769803    2.975972288  -28.337084417
   -1.269203432    2.630675450  -26.618092814
   -1.256637061    2.307006274  -24.898989665
   -1.244070691    2.004758105  -23.215840206
   -1.231504320    1.723947045  -21.476108987
   -1.218937950    1.464812888  -19.750988459
   -1.206371579    1.227399355  -18.061784205
   -1.193805208    1.010691032  -16.416734238
   -1.181238838    0.814843550  -14.754281622
   -1.168672467    0.640310051  -13.021424911
   -1.156106097    0.486981119  -11.371243809
   -1.143539726    0.354710452   -9.675372028
   -1.130973355    0.243560523   -8.006566978
   -1.118406985    0.153424113   -6.350328168
   -1.105840614    0.083910227   -4.719981755
   -1.093274243    0.035091162   -3.066275021
   -1.080707873    0.006935945   -1.398215666
   -1.068141502    0.000000000    0.290171059
   -1.055575132    0.014093525    1.947452438
   -1.043008761    0.048828901    3.568674217
   -1.030442390    0.103853520    5.208655741
   -1.017876020    0.179667258    6.851380759
   -1.005309649    0.275940983    8.468090089
   -0.992743279    0.392618976   10.117572498
   -0.980176908    0.530087627   11.764571803
   -0.967610537    0.688125612   13.388653932
   -0.955044167    0.866810930   15.035576393
   -0.942477796    1.065420395   16.598817308
   -0.929911425    1.284275139   18.195356382
   -0.917345055    1.522623060   19.747509632
   -0.904778684    1.780516386   21.284122321
   -0.892212314    2.057426891   22.794551822
   -0.879645943    2.353440140   24.307000693
   -0.867079572    2.668112143   25.771525704
   -0.854513202    3.001091607   27.210087582
   -0.841946831    3.351909838   28.618500423
   -0.829380461    3.720192813   29.994779314
   -0.816814090    4.105675085   31.336981903
   -0.804247719    4.507607953   32.632560881
   -0.791681349    4.925626161   33.896141143
   -0.779114978    5.359436791   35.131110798
   -0.766548607    5.808283164   36.287611238
   -0.753982237    6.271014098   37.354255282
   -0.741415866    6.746837915   38.362015653
   -0.728849496    7.235357539   39.385140139
   -0.716283125    7.736323529   40.345403265
   -0.703716754    8.249122027   41.265236566
   -0.691150384    8.773209509   42.146886068
   -0.678584013    9.307754653   42.932267824
   -0.666017643    9.852471754   43.752928617
   -0.653451272   10.407028899   44.509352533
   -0.640884901   10.971058772   45.250897372
   -0.628318531   11.544166256   45.943551267
   -0.615752160   12.125717326   46.614209103
   -0.603185789   12.715482213   47.241624455
   -0.590619419   13.312378458   47.796126577
   -0.578053048   13.916423649   48.343188949
   -0.565486678   14.526867029   48.825772832
   -0.552920307   15.143694242   49.342939385
   -0.540353936   15.767112789   49.859711772
   -0.527787566   16.396750826   50.345291185
   -0.515221195   17.032303278   50.808632891
   -0.502654825   17.673451950   51.245527240
   -0.490088454   18.320207686   51.685473732
   -0.477522083   18.972183191   52.075842415
   -0.464955713   19.628161758   52.355074948
   -0.452389342   20.287979757   52.640745288
   -0.439822972   20.951188778   52.900945327
   -0.427256601   21.617126059   53.071848031
   -0.414690230   22.285113363   53.229434484
   -0.402123860   22.954911533   53.358963764
   -0.389557489   23.626009706   53.446243058
   -0.376991118   24.297630234   53.443548917
   -0.364424748   24.968499517   53.321242788
   -0.351858377   25.637871034   53.175603842
   -0.339292007   26.304914043   52.960760132
   -0.326725636   26.968647909   52.662218166
   -0.314159265   27.627986375   52.275177086
   -0.301592895   28.282001810   51.799869508
   -0.289026524   28.929637019   51.270870189
   -0.276460154   29.570246909   50.674431090
   -0.263893783   30.202767361   49.978413352
   -0.251327412   30.826096187   49.211155944
   -0.238761042   31.438722804   48.289176796
   -0.226194671   32.039473623   47.318382897
   -0.213628300   32.627518717   46.258862353
   -0.201061930   33.201966298   45.175705120
   -0.188495559   33.761891366   43.919155415
   -0.175929189   34.305551561   42.589744967
   -0.163362818   34.832473671   41.262453395
   -0.150796447   35.342434513   39.894793655
   -0.138230077   35.834796096   38.463433545
   -0.125663706   36.308776153   36.963425310
   -0.113097336   36.763296076   35.392935971
   -0.100530965   37.198092036   33.812273656
   -0.087964594   37.613072499   32.233634159
   -0.075398224   38.007833727   30.586616522
   -0.062831853   38.381914712   28.955262560
   -0.050265482   38.735090290   27.270632225
   -0.037699112   39.067358495   25.582200639
   -0.025132741   39.378295997   23.903176136
   -0.012566371   39.667025523   22.094914439
    0.000000000   39.934109005   20.392123719
    0.012566371   40.179510689   18.684587460
    0.025132741   40.403804887   17.019316010
    0.037699112   40.607330047   15.369086592
    0.050265482   40.789505868   13.640712343
    0.062831853   40.950398957   11.977199315
    0.075398224   41.090449201   10.326057081
    0.087964594   41.209436083    8.621409156
    0.100530965   41.307280437    6.958103712
    0.113097336   41.384436383    5.309829104
    0.125663706   41.440930969    3.668089760
    0.138230077   41.476968977    2.072796481
    0.150796447   41.492743490    0.447411281
    0.163362818   41.487861551   -1.226466535
    0.175929189   41.461996513   -2.898000294
    0.188495559   41.415242692   -4.529300064
    0.201061930   41.348145049   -6.132551913
    0.213628300   41.260538644   -7.797426800
    0.226194671   41.152210864   -9.440266735
    0.238761042   41.023192036  -11.103840454
    0.251327412   40.873444954  -12.730935422
    0.263893783   40.703066024  -14.395585271
    0.276460154   40.511973209  -16.025199351
    0.289026524   40.300178486  -17.668462585
    0.301592895   40.067836051  -19.309393534
    0.314159265   39.815068062  -20.912064746
    0.326725636   39.542333676  -22.486400805
    0.339292007   39.249829596  -24.060217761
    0.351858377   38.937462508  -25.630482549
    0.364424748   38.605622190  -27.160278960
    0.376991118   38.254925278  -28.657403377
    0.389557489   37.885449581  -30.121276911
    0.402123860   37.497913740  -31.532009212
    0.414690230   37.093085993  -32.876263025
    0.427256601   36.672119740  -34.110941896
    0.439822972   36.235590203  -35.377711929
    0.452389342   35.783764540  -36.520024804
    0.464955713   35.318019842  -37.601000069
    0.477522083   34.839033031  -38.652191955
    0.490088454   34.347617663  -39.540359290
    0.502654825   33.845325583  -40.361289932
    0.515221195   33.333452939  -41.094467533
    0.527787566   32.812691107  -41.744486238
    0.540353936   32.284872591  -42.257234339
    0.552920307   31.751328745  -42.638759154
    0.565486678   31.213255749  -42.969565061
    0.578053048   30.671690887  -43.210688485
    0.590619419   30.128000401  -43.292530255
    0.603185789   29.584132843  -43.256469562
    0.615752160   29.040815662  -43.226388938
    0.628318531   28.498870765  -43.007839429
    0.640884901   27.960137955  -42.716235228
    0.653451272   27.425804724  -42.337552539
    0.666017643   26.896507850  -41.872801987
    0.678584013   26.373616529  -41.350873475
    0.691150384   25.857873728  -40.696149304
    0.703716754   25.351259106  -39.920785551
    0.716283125   24.854807175  -39.072410329
    0.728849496   24.369017261  -38.219321139
    0.741415866   23.894748774  -37.246832400
    0.753982237   23.433052525  -36.218872276
    0.766548607   22.984550447  -35.143721744
    0.779114978   22.550229697  -33.974694035
    0.791681349   22.130939857  -32.765962916
    0.804247719   21.726967772  -31.521834398
    0.816814090   21.339094058  -30.224533163
    0.829380461   20.967492842  -28.898569765
    0.841946831   20.612693195  -27.550460911
    0.854513202   20.274748739  -26.194858162
    0.867079572   19.954674329  -24.729348889
    0.879645943   19.652991734  -23.278507346
    0.892212314   19.369963253  -21.772877909
    0.904778684   19.106156875  -20.216236485
    0.917345055   18.861894283  -18.663655781
    0.929911425   18.637341426  -17.091519580
    0.942477796   18.432545172  -15.488983391
    0.955044167   18.247877334  -13.890203894
    0.967610537   18.083422744  -12.307657944
    0.980176908   17.939100927  -10.648692006
    0.992743279   17.815614125   -9.022541740
    1.005309649   17.712112850   -7.430808686
    1.017876020   17.628738362   -5.826227426
    1.030442390   17.565907586   -4.172467225
    1.043008761   17.523750110   -2.527735599
    1.055575132   17.502293864   -0.875800963
    1.068141502   17.501867151    0.808166499
    1.080707873   17.522453627    2.458125396
    1.093274243   17.563645839    4.110489732
    1.105840614   17.625752539    5.767694417
    1.118406985   17.708742352    7.436909006
    1.130973355   17.812770421    9.127065243
    1.143539726   17.938062230   10.813977978
    1.156106097   18.084597631   12.505860519
    1.168672467   18.252168626   14.149006690
    1.181238838   18.440384889   15.777725629
    1.193805208   18.649135728   17.441439573
    1.206371579   18.878499023   19.072889126
    1.218937950   19.128468477   20.704781545
    1.231504320   19.398645472   22.302213199
    1.244070691   19.689005612   23.878029986
    1.256637061   19.998573050   25.412792089
    1.269203432   20.327594361   26.969074280
    1.281769803   20.676167742   28.506476053
    1.294336173   21.043826341   29.992145945
    1.306902544   21.429950968   31.461979888
    1.319468915   21.834384277   32.915355342
    1.332035285   22.256534234   34.285507707
    1.344601656   22.695615122   35.618170833
    1.357168026   23.151461271   36.923408947
    1.369734397   23.623443805   38.187242534
    1.382300768   24.111211371   39.421894093
    1.394867138   24.614070137   40.599742045
    1.407433509   25.131438782   41.735220959
    1.419999879   25.662563910   42.789433771
    1.432566250   26.206082989   43.700097318
    1.445132621   26.760919495   44.586646803
    1.457698991   27.326587338   45.428106744
    1.470265362   27.901891074   46.155649961
    1.482831732   28.486104856   46.806736770
    1.495398103   29.078090736   47.387108805
    1.507964474   29.676553808   47.853436320
    1.520530844   30.280271052   48.215632969
    1.533097215   30.887871800   48.470206418
    1.545663586   31.498111209   48.656975574
    1.558229956   32.109614340   48.685523822
    1.570796327   32.721544281   48.682768518
    1.583362697   33.332485105   48.540453307
    1.595929068   33.941401710   48.351176189
    1.608495439   34.547330336   48.077584522
    1.621061809   35.149189327   47.691219880
    1.633628180   35.745537487   47.194377212
    1.646194550   36.335239710   46.624657127
    1.658760921   36.917103837   45.968814835
    1.671327292   37.490321556   45.259962967
    1.683893662   38.054224630   44.473419936
    1.696460033   38.607880554   43.636247584
    1.709026404   39.150695910   42.707319928
    1.721592774   39.681235575   41.745653319
    1.734159145   40.199658954   40.755167785
    1.746725515   40.705142489   39.682609154
    1.759291886   41.196986769   38.600020121
    1.771858257   41.675051180   37.481853403
    1.784424627   42.139147471   36.375898144
    1.796990998   42.589317263   35.277283155
    1.809557368   43.025823940   34.132623865
    1.822123739   43.447849066   33.013235864
    1.834690110   43.855897026   31.921962199
    1.847256480   44.250503865   30.872907130
    1.859822851   44.631242934   29.776006847
    1.872389222   44.999161669   28.769408715
    1.884955592   45.354165535   27.757229660
    1.897521963   45.696915625   26.803030518
    1.910088333   46.027915327   25.903900530
    1.922654704   46.348005727   25.037709883
    1.935221075   46.657011254   24.176600310
    1.947787445   46.955576685   23.344599782
    1.960353816   47.244446512   22.622869774
    1.972920186   47.524428811   21.928050927
    1.985486557   47.795515460   21.240970403
    1.998052928   48.058206412   20.613101477
    2.010619298   48.313537176   20.042277938
    2.023185669   48.561903241   19.506170305
    2.035752040   48.803822576   18.989226374
    2.048318410   49.039313491   18.488760150
    2.060884781   49.268436847   17.956611873
    2.073451151   49.491192929   17.493590877
    2.086017522   49.708384573   17.073278682
    2.098583893   49.920243629   16.651242219
    2.111150263   50.126820926   16.213751777
    2.123716634   50.327741056   15.773540711
    2.136283004   50.523367737   15.350583204
    2.148849375   50.713546929   14.898414853
    2.161415746   50.897739488   14.420838876
    2.173982116   51.076123458   13.948377233
    2.186548487   51.248495091   13.483740859
    2.199114858   51.415105984   13.029294264
    2.211681228   51.575267440   12.470056579
    2.224247599   51.728506202   11.914323534
    2.236813969   51.874622430   11.333885050
    2.249380340   52.012972907   10.699722478
    2.261946711   52.143540554   10.067088641
    2.274513081   52.266283110    9.450789559
    2.287079452   52.380395520    8.727140911
    2.299645822   52.485415208    8.003862236
    2.312212193   52.581232757    7.245226164
    2.324778564   52.667584683    6.493762443
    2.337344934   52.744318329    5.711826014
    2.349911305   52.810826458    4.899836446
    2.362477675   52.867219150    4.084588539
    2.375044046   52.913378546    3.257179515
    2.387610417   52.948605666    2.339621135
    2.400176787   52.972704458    1.494453872
    2.412743158   52.985934130    0.612682253
    2.425309529   52.988276934   -0.266982497
    2.437875899   52.979646190   -1.109814631
    2.450442270   52.959996933   -2.016011994
    2.463008640   52.929280024   -2.872925668
    2.475575011   52.887928870   -3.706148930
    2.488141382   52.836110748   -4.531035642
    2.500707752   52.773992496   -5.343409906
    2.513274123   52.702091858   -6.116570755
    2.525840493   52.620152077   -6.909969860
    2.538406864   52.528242753   -7.694481349
    2.550973235   52.426977431   -8.412719563
    2.563539605   52.316863089   -9.109875279
    2.576105976   52.198027542   -9.783328813
    2.588672347   52.071245351  -10.385627106
    2.601238717   51.936571045  -11.034984066
    2.613805088   51.794283834  -11.609985064
    2.626371458   51.644731724  -12.137029103
    2.638937829   51.489448958  -12.580695100
    2.651504200   51.328497677  -13.006396809
    2.664070570   51.162957468  -13.370886418
    2.676636941   50.992900538  -13.704333264
    2.689203311   50.818879988  -13.979365867
    2.701769682   50.641578060  -14.228522921
    2.714336053   50.461490683  -14.436965527
    2.726902423   50.279308266  -14.546749384
    2.739468794   50.095901012  -14.654992720
    2.752035165   49.911478578  -14.696398104
    2.764601535   49.726772429  -14.719028101
    2.777167906   49.542153115  -14.665643610
    2.789734276   49.358670270  -14.521272512
    2.802300647   49.177339152  -14.352975789
    2.814867018   48.997794486  -14.208486755
    2.827433388   48.820818921  -13.965199998
    2.839999759   48.647194004  -13.671503098
    2.852566129   48.477595602  -13.302844784
    2.865132500   48.312596663  -12.922620727
    2.877698871   48.152670731  -12.520073959
    2.890265241   47.998402159  -12.025876940
    2.902831612   47.850558603  -11.493848226
    2.915397983   47.709728695  -10.913605134
    2.927964353   47.576030610  -10.374559258
    2.940530724   47.449309087   -9.802699491
    2.953097094   47.330100577   -9.161115731
    2.965663465   47.219385471   -8.456200880
    2.978229836   47.117260772   -7.812680648
    2.990796206   47.023231701   -7.142924478
    3.003362577   46.937988325   -6.420499352
    3.015928947   46.861812006   -5.722740721
    3.028495318   46.794660485   -4.960855596
    3.041061689   46.737229741   -4.174070708
    3.053628059   46.689451975   -3.419017955
    3.066194430   46.651613472   -2.606589889
    3.078760801   46.623868477   -1.816685084
    3.091327171   46.606354374   -0.987194482
    3.103893542   46.599077084   -0.150599186
    3.116459912   46.602393107    0.689565254
    3.129026283   46.615746777    1.455208068
