#! FIELDS psi4 ffpsi4 dffpsi4_psi4
#! SET min_psi4 -pi
#! SET max_psi4 pi
#! SET nbins_psi4  100
#! SET periodic_psi4 true
 -3.141593 4.761143 20.060058
 -3.078761 6.044807 20.080440
 -3.015929 7.323407 21.623602
 -2.953097 8.893362 28.193611
 -2.890265 10.658566 24.502259
 -2.827433 11.885756 17.613159
 -2.764602 13.146024 21.518266
 -2.701770 14.612708 27.680071
 -2.638938 16.862113 41.742647
 -2.576106 19.140582 26.451519
 -2.513274 20.292936 9.212456
 -2.450442 20.407060 -1.154462
 -2.387610 20.679699 12.726686
 -2.324779 21.822812 14.041512
 -2.261947 21.717987 -6.830034
 -2.199115 22.142271 19.470626
 -2.136283 23.006371 -1.329009
 -2.073451 22.354705 -12.478850
 -2.010619 21.870642 -1.895523
 -1.947787 21.855998 -2.225173
 -1.884956 21.527751 -7.050799
 -1.822124 20.949762 -11.294822
 -1.759292 20.326739 -8.120877
 -1.696460 19.560035 -19.176213
 -1.633628 18.155561 -21.445004
 -1.570796 17.157828 -10.370945
 -1.507964 16.560793 -11.563676
 -1.445133 15.639659 -16.524372
 -1.382301 14.582314 -17.049910
 -1.319469 13.485861 -17.927133
 -1.256637 12.322651 -19.165284
 -1.193805 11.197071 -14.288178
 -1.130973 10.704697 -2.897035
 -1.068142 10.355127 -11.599560
 -1.005310 9.260008 -20.800166
 -0.942478 7.962645 -20.146225
 -0.879646 6.748606 -17.739931
 -0.816814 5.823243 -12.045884
 -0.753982 5.074041 -12.683748
 -0.691150 4.272810 -12.353272
 -0.628319 3.526006 -11.244025
 -0.565487 2.929266 -7.270610
 -0.502655 2.601422 -3.766393
 -0.439823 2.414671 -2.217862
 -0.376991 2.302329 -1.523461
 -0.314159 2.256235 0.337961
 -0.251327 2.342887 2.242926
 -0.188496 2.545605 4.177551
 -0.125664 2.819278 3.981125
 -0.062832 3.049525 3.779767
 0.000000 3.349087 5.712595
 0.062832 3.701416 4.874627
 0.125664 3.980619 4.525527
 0.188496 4.269987 3.761289
 0.251327 4.399836 1.276532
 0.314159 4.588098 4.887863
 0.376991 4.883518 2.932571
 0.439823 4.917950 -0.786883
 0.502655 4.890769 -0.144600
 0.565487 4.880920 -0.277773
 0.628319 4.834187 -1.355158
 0.691150 4.752150 -0.803452
 0.753982 4.739095 -0.218356
 0.816814 4.658144 -2.225612
 0.879646 4.543508 -0.919998
 0.942478 4.583387 2.379261
 1.005310 4.825436 4.570704
 1.068142 5.050664 2.245279
 1.130973 5.172660 2.256533
 1.193805 5.364530 3.785912
 1.256637 5.656688 5.594520
 1.319469 6.075097 7.482539
 1.382301 6.548320 7.266671
 1.445133 6.992050 6.508631
 1.507964 7.308512 3.666792
 1.570796 7.519857 3.119357
 1.633628 7.705303 2.902369
 1.696460 7.845032 0.741356
 1.759292 7.797385 -1.381163
 1.822124 7.764639 -0.234817
 1.884956 7.583203 -6.285382
 1.947787 7.090331 -8.479380
 2.010619 6.482153 -11.237258
 2.073451 5.791051 -9.745171
 2.136283 5.207634 -10.085671
 2.199115 4.510798 -11.160857
 2.261947 3.846820 -10.361043
 2.324779 3.214024 -9.395132
 2.387610 2.650944 -9.234833
 2.450442 2.013608 -10.506858
 2.513274 1.439771 -7.368956
 2.576106 1.063933 -5.060918
 2.638938 0.776994 -3.924349
 2.701770 0.612619 -1.004253
 2.764602 0.675712 2.787565
 2.827433 0.909444 4.451513
 2.890265 1.266738 7.174430
 2.953097 1.831031 10.809051
 3.015929 2.623877 14.141082
 3.078761 3.593468 16.805790
