#! FIELDS phi2 ffphi2 dffphi2_phi2
#! SET min_phi2 -pi
#! SET max_phi2 pi
#! SET nbins_phi2  100
#! SET periodic_phi2 true
 -3.141593 20.776838 -15.490769
 -3.078761 19.581917 -58.703419
 -3.015929 14.730047 -65.790483
 -2.953097 12.222447 -16.645673
 -2.890265 11.564040 -15.880527
 -2.827433 10.172165 -21.288358
 -2.764602 9.131785 -14.049871
 -2.701770 8.096980 -19.858563
 -2.638938 6.911961 -14.197335
 -2.576106 6.441542 -2.787690
 -2.513274 6.329607 -1.068571
 -2.450442 6.137430 -9.788712
 -2.387610 4.482920 -39.633562
 -2.324779 2.381711 -20.357912
 -2.261947 2.101099 8.991924
 -2.199115 3.030934 17.616240
 -2.136283 4.048848 12.039832
 -2.073451 4.596702 8.167511
 -2.010619 5.050327 4.631923
 -1.947787 5.383856 8.999082
 -1.884956 6.018582 3.983313
 -1.822124 5.643771 -8.125164
 -1.759292 5.446466 -4.817726
 -1.696460 4.096093 -32.166986
 -1.633628 2.755621 -6.459765
 -1.570796 2.756487 -2.721066
 -1.507964 2.082606 -13.930282
 -1.445133 1.301027 -12.889691
 -1.382301 0.378221 -12.400196
 -1.319469 0.169816 3.652158
 -1.256637 0.179927 -4.335671
 -1.193805 0.020888 0.264627
 -1.130973 0.002831 -4.352412
 -1.068142 -1.057635 -25.937546
 -1.005310 -1.909261 6.140405
 -0.942478 -0.257003 38.307836
 -0.879646 1.027540 1.596891
 -0.816814 1.674316 23.830029
 -0.753982 3.124154 13.344437
 -0.691150 4.081261 24.901004
 -0.628319 5.902023 25.565090
 -0.565487 7.424959 27.825357
 -0.502655 9.343727 29.945030
 -0.439823 11.289203 33.340750
 -0.376991 12.949405 15.449245
 -0.314159 14.162347 31.309191
 -0.251327 17.168519 56.805294
 -0.188496 18.731644 -5.593839
 -0.125664 18.928506 15.275649
 -0.062832 20.350648 29.107479
 0.000000 22.458823 31.977880
 0.062832 23.734991 4.421018
 0.125664 22.439581 -37.024815
 0.188496 20.094747 -38.023354
 0.251327 18.046438 -19.859687
 0.314159 18.017164 15.868851
 0.376991 18.993163 8.568988
 0.439823 19.171905 -5.017852
 0.502655 17.839457 -33.595853
 0.565487 15.748299 -29.885400
 0.628319 14.113360 -22.877706
 0.691150 12.869766 -16.267236
 0.753982 12.090178 -9.558782
 0.816814 11.474464 -9.437932
 0.879646 11.146659 -1.403408
 0.942478 10.982592 -4.639557
 1.005310 10.878418 4.160587
 1.068142 11.606605 17.830494
 1.130973 12.837149 18.814725
 1.193805 13.754900 10.304489
 1.256637 14.583547 21.514112
 1.319469 16.921558 53.211386
 1.382301 20.798867 62.961152
 1.445133 24.754459 66.104944
 1.507964 30.115741 102.808061
 1.570796 37.308855 115.705973
 1.633628 45.379688 136.255598
 1.696460 57.153088 184.882100
 1.759292 71.927023 76.096611
 1.822124 75.584276 33.225303
 1.884956 76.071812 -10.395517
 1.947787 76.268486 26.216970
 2.010619 79.798192 86.914371
 2.073451 87.222944 149.454539
 2.136283 inf nan
 2.199115 inf nan
 2.261947 inf nan
 2.324779 inf nan
 2.387610 inf nan
 2.450442 inf nan
 2.513274 inf nan
 2.576106 inf nan
 2.638938 inf nan
 2.701770 77.240035 -231.435287
 2.764602 64.663469 -168.813402
 2.827433 56.022022 -106.286899
 2.890265 51.286968 -44.956117
 2.953097 40.591292 -194.501620
 3.015929 30.115766 -136.245203
 3.078761 23.517023 -73.829533
