#! FIELDS psi4 ffpsi4 dffpsi4_psi4
#! SET min_psi4 -pi
#! SET max_psi4 pi
#! SET nbins_psi4  100
#! SET periodic_psi4 true
 -3.141593 3.915909 39.455575
 -3.078761 6.060532 29.820648
 -3.015929 8.290796 40.240883
 -2.953097 10.596445 30.955015
 -2.890265 12.479323 28.665998
 -2.827433 13.901816 14.757109
 -2.764602 14.565880 8.565011
 -2.701770 15.266593 15.969786
 -2.638938 16.609614 24.459945
 -2.576106 18.207618 27.880090
 -2.513274 19.798286 11.217360
 -2.450442 19.716803 3.063505
 -2.387610 21.432467 53.366735
 -2.324779 25.836215 64.716170
 -2.261947 24.788890 -68.263474
 -2.199115 21.611188 -25.630521
 -2.136283 21.742825 29.065527
 -2.073451 24.810957 58.203360
 -2.010619 27.023436 10.377426
 -1.947787 26.766361 -25.501238
 -1.884956 23.598858 -62.359796
 -1.822124 20.451817 -32.073823
 -1.759292 19.825082 11.871131
 -1.696460 21.445523 28.493747
 -1.633628 21.676317 -20.468534
 -1.570796 20.110279 -23.529338
 -1.507964 18.858613 -17.403242
 -1.445133 17.836461 -15.409306
 -1.382301 16.857399 -16.527262
 -1.319469 15.810463 -15.250542
 -1.256637 14.960036 -13.091699
 -1.193805 14.130982 -13.551504
 -1.130973 12.983829 -23.575777
 -1.068142 11.616860 -17.323760
 -1.005310 10.300643 -33.458953
 -0.942478 7.543195 -41.926766
 -0.879646 6.008413 -8.083476
 -0.816814 5.071190 -32.428000
 -0.753982 3.207890 -14.663838
 -0.691150 3.494197 18.813618
 -0.628319 4.484079 5.167113
 -0.565487 3.952710 -18.349897
 -0.502655 2.970706 -8.660438
 -0.439823 2.800848 -0.420025
 -0.376991 2.579020 -7.259255
 -0.314159 1.943154 -10.856472
 -0.251327 1.692855 5.216715
 -0.188496 2.305962 8.667345
 -0.125664 2.585895 3.742538
 -0.062832 3.066393 10.733734
 0.000000 3.705051 7.930131
 0.062832 3.940124 -0.658778
 0.125664 3.888762 2.350877
 0.188496 4.432644 13.933891
 0.251327 5.177229 3.549941
 0.314159 4.692764 -11.632420
 0.376991 4.584380 9.159705
 0.439823 5.312762 7.272787
 0.502655 5.096277 -11.695189
 0.565487 4.476562 -3.974090
 0.628319 4.651174 6.354671
 0.691150 4.865240 -0.103628
 0.753982 4.818734 -0.128769
 0.816814 4.921836 3.547152
 0.879646 5.232844 5.539375
 0.942478 5.480328 1.752179
 1.005310 5.521046 0.014808
 1.068142 5.503158 0.331528
 1.130973 5.762310 7.972774
 1.193805 6.131735 0.077276
 1.256637 5.968650 -0.403554
 1.319469 6.186393 2.495346
 1.382301 5.778618 -11.785252
 1.445133 5.620641 11.461996
 1.507964 7.237760 35.152802
 1.570796 9.014520 14.764153
 1.633628 8.975692 -10.989809
 1.696460 8.470286 -3.668690
 1.759292 8.081069 -10.643363
 1.822124 7.604562 -0.820494
 1.884956 7.791083 2.904112
 1.947787 7.969607 3.431257
 2.010619 7.232552 -38.738196
 2.073451 4.184485 -40.619706
 2.136283 3.085364 5.782970
 2.199115 4.180004 16.813686
 2.261947 4.288809 -9.174236
 2.324779 3.452095 -16.522784
 2.387610 2.679956 -4.572885
 2.450442 2.630604 -3.208670
 2.513274 2.012331 -13.018911
 2.576106 1.295007 -9.937710
 2.638938 0.810889 -4.522230
 2.701770 0.623877 -3.242821
 2.764602 0.546912 3.924821
 2.827433 1.137211 10.779557
 2.890265 1.485114 2.022500
 2.953097 1.806468 7.762693
 3.015929 1.900483 -5.843255
 3.078761 1.984632 15.599167
