#! FIELDS phi4 ffphi4 dffphi4_phi4
#! SET min_phi4 -pi
#! SET max_phi4 pi
#! SET nbins_phi4  100
#! SET periodic_phi4 true
 -3.141593 13.300834 -52.814772
 -3.078761 10.293081 -42.722473
 -3.015929 7.789823 -37.483919
 -2.953097 5.649498 -30.079774
 -2.890265 3.984998 -23.793943
 -2.827433 2.599095 -19.697728
 -2.764602 1.609149 -11.756150
 -2.701770 1.046994 -7.109555
 -2.638938 0.606347 -6.963458
 -2.576106 0.289937 -2.358871
 -2.513274 0.293151 2.153999
 -2.450442 0.580972 6.980932
 -2.387610 1.086795 8.210074
 -2.324779 1.586401 7.911209
 -2.261947 2.118243 8.976130
 -2.199115 2.671112 8.055608
 -2.136283 3.119248 6.146278
 -2.073451 3.398781 2.339538
 -2.010619 3.417462 -1.737176
 -1.947787 3.245382 -2.610562
 -1.884956 3.181754 0.268915
 -1.822124 3.151751 -2.986853
 -1.759292 2.638741 -12.239806
 -1.696460 2.001539 -6.139994
 -1.633628 1.716849 -5.923314
 -1.570796 1.144039 -10.287427
 -1.507964 0.709230 -2.886464
 -1.445133 0.650554 -0.495299
 -1.382301 0.604694 -0.597195
 -1.319469 0.640004 2.598721
 -1.256637 1.028529 9.659281
 -1.193805 1.786604 14.077439
 -1.130973 2.784053 17.097270
 -1.068142 3.883245 18.072291
 -1.005310 5.156702 22.683077
 -0.942478 6.676888 24.838887
 -0.879646 8.303078 27.464981
 -0.816814 10.166999 31.548333
 -0.753982 12.308260 36.576970
 -0.691150 14.695621 37.636611
 -0.628319 16.971382 34.972118
 -0.565487 19.210647 35.985874
 -0.502655 21.473386 35.266846
 -0.439823 23.644179 33.932396
 -0.376991 25.842204 35.170752
 -0.314159 27.857397 27.602644
 -0.251327 29.409510 22.843512
 -0.188496 30.838350 22.467041
 -0.125664 32.327279 26.778607
 -0.062832 34.041910 21.045881
 0.000000 34.823607 10.769888
 0.062832 35.733336 13.693435
 0.125664 35.881273 -10.032940
 0.188496 35.015200 -13.035250
 0.251327 34.118961 -20.472273
 0.314159 32.160315 -40.316752
 0.376991 29.278595 -50.178191
 0.439823 26.302307 -40.458295
 0.502655 24.174289 -30.994739
 0.565487 21.919910 -43.644194
 0.628319 18.928759 -45.031644
 0.691150 16.664847 -29.646678
 0.753982 14.741061 -31.099697
 0.816814 12.953018 -27.811566
 0.879646 11.052408 -28.723285
 0.942478 10.012348 -2.964095
 1.005310 10.105433 -1.029357
 1.068142 9.896001 -1.303821
 1.130973 10.096839 8.092138
 1.193805 11.201864 28.801680
 1.256637 13.424890 35.376754
 1.319469 15.229244 26.488278
 1.382301 17.517823 48.016649
 1.445133 20.965441 56.665386
 1.507964 24.574476 59.904716
 1.570796 28.690658 66.090408
 1.633628 32.420841 52.965631
 1.696460 36.100153 64.953499
 1.759292 40.979057 92.780494
 1.822124 47.282146 70.318557
 1.884956 48.215761 -1.452521
 1.947787 49.153707 30.676360
 2.010619 52.379929 75.454270
 2.073451 58.952719 133.044023
 2.136283 inf nan
 2.199115 inf nan
 2.261947 inf nan
 2.324779 74.977029 -231.817606
 2.387610 62.341918 -169.891852
 2.450442 53.568577 -109.888866
 2.513274 48.327951 -60.240714
 2.576106 45.262991 -44.092987
 2.638938 42.401881 -46.689857
 2.701770 39.322103 -54.515588
 2.764602 35.284246 -70.469168
 2.827433 31.053637 -62.247534
 2.890265 27.311969 -59.652765
 2.953097 23.455748 -61.439146
 3.015929 19.807956 -53.604300
 3.078761 16.622607 -50.589453
