#! FIELDS chi22 ffchi22 dffchi22_chi22
#! SET min_chi22 -pi
#! SET max_chi22 pi
#! SET nbins_chi22  100
#! SET periodic_chi22 true
 -3.141593 17.893572 21.342120
 -3.078761 19.067431 11.512585
 -3.015929 19.800518 19.295121
 -2.953097 21.399807 13.425808
 -2.890265 20.207169 -28.446056
 -2.827433 19.558067 9.268472
 -2.764602 21.028149 26.477128
 -2.701770 20.746326 -26.864933
 -2.638938 19.821059 1.043428
 -2.576106 20.671761 25.566493
 -2.513274 23.390216 62.213997
 -2.450442 24.077454 -86.624063
 -2.387610 18.705667 -67.876874
 -2.324779 15.612038 -33.131552
 -2.261947 14.131331 -17.386897
 -2.199115 13.094508 -17.419085
 -2.136283 11.838879 -22.497936
 -2.073451 10.373330 -22.466780
 -2.010619 9.148110 -16.974554
 -1.947787 8.161332 -14.312807
 -1.884956 7.372769 -10.994562
 -1.822124 6.775008 -7.835274
 -1.759292 6.398364 -4.109995
 -1.696460 6.256034 -1.037406
 -1.633628 6.203725 -0.019604
 -1.570796 6.407339 6.828175
 -1.507964 6.932040 8.484181
 -1.445133 7.461897 8.959368
 -1.382301 8.056302 9.188896
 -1.319469 8.611303 9.444702
 -1.256637 9.336087 12.975294
 -1.193805 10.152376 13.229631
 -1.130973 10.956859 10.339731
 -1.068142 11.520421 11.139335
 -1.005310 12.521349 17.942081
 -0.942478 13.423897 11.382309
 -0.879646 14.339196 20.126452
 -0.816814 15.893066 24.605896
 -0.753982 16.656208 -2.722252
 -0.691150 16.019914 -11.755019
 -0.628319 15.765674 5.926101
 -0.565487 16.660605 18.926517
 -0.502655 17.621555 8.832626
 -0.439823 17.810715 -0.121071
 -0.376991 18.134172 15.257474
 -0.314159 20.050699 41.254256
 -0.251327 21.519798 3.771883
 -0.188496 22.662322 42.195883
 -0.125664 26.487254 41.513252
 -0.062832 23.470709 -69.634016
 0.000000 20.646003 -20.653457
 0.062832 20.582397 12.941398
 0.125664 20.642058 -21.222464
 0.188496 18.894053 -24.311648
 0.251327 18.082641 -1.562688
 0.314159 18.382955 6.289947
 0.376991 17.883276 -25.380865
 0.439823 16.273661 -18.863237
 0.502655 15.468264 -9.938301
 0.565487 14.730129 -15.618877
 0.628319 13.426743 -24.041551
 0.691150 12.035916 -18.277109
 0.753982 11.103182 -13.937368
 0.816814 10.068713 -18.334523
 0.879646 8.916045 -18.357831
 0.942478 7.724445 -19.611166
 1.005310 6.480211 -19.816621
 1.068142 5.245641 -19.491405
 1.130973 4.037204 -18.710917
 1.193805 2.921127 -16.823812
 1.256637 1.926993 -14.751829
 1.319469 1.080019 -12.017314
 1.382301 0.429566 -8.863593
 1.445133 -0.057892 -6.705083
 1.507964 -0.401345 -4.106792
 1.570796 -0.561762 -1.086023
 1.633628 -0.569784 0.490994
 1.696460 -0.502712 1.898335
 1.759292 -0.305099 4.181558
 1.822124 -0.022627 4.537963
 1.884956 0.277267 5.155112
 1.947787 0.643879 6.561808
 2.010619 1.105236 7.901292
 2.073451 1.615039 8.246835
 2.136283 2.169504 9.624667
 2.199115 2.847997 11.826985
 2.261947 3.633508 13.108273
 2.324779 4.542154 15.977680
 2.387610 5.590913 16.486279
 2.450442 6.595368 15.946452
 2.513274 7.686910 18.999905
 2.576106 8.962828 21.400842
 2.638938 10.468330 26.754906
 2.701770 12.116283 23.424829
 2.764602 13.523899 22.815252
 2.827433 14.956471 21.508215
 2.890265 15.923092 5.315381
 2.953097 15.984523 3.718904
 3.015929 16.538881 9.316173
 3.078761 16.958283 7.709143
