#! FIELDS phi3 ffphi3 dffphi3_phi3
#! SET min_phi3 -pi
#! SET max_phi3 pi
#! SET nbins_phi3  100
#! SET periodic_phi3 true
 -3.141593 21.453830 -53.404674
 -3.078761 18.301307 -47.418488
 -3.015929 15.441947 -43.534643
 -2.953097 12.907969 -36.470568
 -2.890265 10.872975 -28.614914
 -2.827433 9.255219 -23.369979
 -2.764602 7.904824 -19.593859
 -2.701770 6.789656 -15.989702
 -2.638938 5.907403 -12.024030
 -2.576106 5.242729 -9.613443
 -2.513274 4.668451 -8.675158
 -2.450442 4.170195 -7.120958
 -2.387610 3.756682 -6.245901
 -2.324779 3.379379 -5.769262
 -2.261947 3.042984 -4.783586
 -2.199115 2.811129 -2.552948
 -2.136283 2.663649 -2.761511
 -2.073451 2.482697 -2.531949
 -2.010619 2.321881 -3.254785
 -1.947787 2.079536 -3.832417
 -1.884956 1.866090 -3.455853
 -1.822124 1.597091 -5.139028
 -1.759292 1.263492 -4.979766
 -1.696460 0.981886 -4.493563
 -1.633628 0.684585 -4.615238
 -1.570796 0.416088 -4.179168
 -1.507964 0.134500 -5.046648
 -1.445133 -0.209169 -5.182990
 -1.382301 -0.418496 -1.463555
 -1.319469 -0.459377 -0.247311
 -1.256637 -0.411743 2.600422
 -1.193805 -0.056272 8.339126
 -1.130973 0.570470 11.807308
 -1.068142 1.495960 17.502720
 -1.005310 2.708314 20.635192
 -0.942478 4.092760 23.511824
 -0.879646 5.715427 28.338500
 -0.816814 7.658632 32.787197
 -0.753982 9.799470 35.294003
 -0.691150 12.175424 40.281468
 -0.628319 14.782942 40.221666
 -0.565487 17.155134 37.178739
 -0.502655 19.770853 45.136310
 -0.439823 22.615123 44.410054
 -0.376991 25.460027 44.628296
 -0.314159 28.076211 38.238833
 -0.251327 30.491380 39.128530
 -0.188496 32.996111 39.169675
 -0.125664 35.335242 34.019810
 -0.062832 37.212542 25.284340
 0.000000 38.604494 19.466905
 0.062832 39.695378 14.671157
 0.125664 40.330550 4.322952
 0.188496 40.213112 -7.899592
 0.251327 39.350821 -19.143358
 0.314159 37.926029 -25.394888
 0.376991 36.215243 -28.996724
 0.439823 34.285270 -31.996158
 0.502655 32.283792 -31.234932
 0.565487 30.372789 -29.820890
 0.628319 28.502104 -29.495623
 0.691150 26.752368 -25.767966
 0.753982 25.263766 -21.686464
 0.816814 24.019030 -18.085645
 0.879646 23.014881 -13.182741
 0.942478 22.428346 -5.607257
 1.005310 22.272071 0.671768
 1.068142 22.541632 7.746557
 1.130973 23.218563 14.056784
 1.193805 24.374493 22.693083
 1.256637 26.004705 28.386413
 1.319469 27.884428 31.092724
 1.382301 30.009131 37.513662
 1.445133 32.681403 46.635168
 1.507964 35.763519 50.073659
 1.570796 39.002309 52.921607
 1.633628 42.536158 58.136768
 1.696460 46.250647 58.901914
 1.759292 50.182750 65.575906
 1.822124 54.414901 64.994055
 1.884956 58.387408 57.860939
 1.947787 61.758013 54.591747
 2.010619 66.491875 100.041740
 2.073451 74.695557 161.100675
 2.136283 inf nan
 2.199115 inf nan
 2.261947 inf nan
 2.324779 inf nan
 2.387610 87.881447 -235.991193
 2.450442 74.936946 -174.647123
 2.513274 65.849225 -115.164952
 2.576106 60.232489 -67.582988
 2.638938 56.288856 -68.366472
 2.701770 51.480171 -78.791624
 2.764602 46.679165 -74.747540
 2.827433 41.988746 -74.554541
 2.890265 37.356934 -72.212113
 2.953097 32.960327 -67.599165
 3.015929 28.860760 -62.981737
 3.078761 25.015162 -59.416446
