#! FIELDS psi2 ffpsi2 dffpsi2_psi2
#! SET min_psi2 -pi
#! SET max_psi2 pi
#! SET nbins_psi2  100
#! SET periodic_psi2 true
 -3.141593 14.715290 52.428451
 -3.078761 18.246937 59.280568
 -3.015929 22.382643 73.552762
 -2.953097 27.495156 77.627816
 -2.890265 30.682546 25.383912
 -2.827433 33.175425 58.497127
 -2.764602 37.921837 83.081023
 -2.701770 41.001136 9.434376
 -2.638938 40.654141 -33.917400
 -2.576106 37.066753 -58.147052
 -2.513274 34.286352 -30.553830
 -2.450442 33.137353 -7.940874
 -2.387610 32.746576 -8.858944
 -2.324779 31.900647 -17.749635
 -2.261947 30.473913 -27.492270
 -2.199115 28.681885 -26.480346
 -2.136283 27.433297 -13.204949
 -2.073451 26.720582 -12.233004
 -2.010619 25.888846 -13.344687
 -1.947787 24.960225 -16.693714
 -1.884956 23.968339 -13.256800
 -1.822124 23.333145 -7.621051
 -1.759292 22.921674 -5.808339
 -1.696460 22.599616 -4.669269
 -1.633628 22.304487 -4.598785
 -1.570796 22.118514 -0.294194
 -1.507964 22.259386 3.010611
 -1.445133 22.293412 -1.848910
 -1.382301 22.185025 -0.650941
 -1.319469 22.237061 1.947863
 -1.256637 22.341832 0.605058
 -1.193805 22.338718 0.258842
 -1.130973 22.455121 3.179455
 -1.068142 22.642834 2.321073
 -1.005310 22.814985 3.814920
 -0.942478 23.117666 5.361937
 -0.879646 23.511493 7.576537
 -0.816814 23.935034 2.751282
 -0.753982 23.714730 -6.821382
 -0.691150 23.178386 -16.960964
 -0.628319 20.980110 -44.524569
 -0.565487 18.906415 -17.278953
 -0.502655 18.413486 -6.497085
 -0.439823 17.936275 -2.603329
 -0.376991 18.072459 -2.527956
 -0.314159 16.617092 -37.177042
 -0.251327 14.976031 -8.222158
 -0.188496 15.485233 16.171200
 -0.125664 15.687165 -11.954277
 -0.062832 14.641016 -17.097659
 0.000000 13.634957 -16.731709
 0.062832 12.551835 -14.181622
 0.125664 12.163474 1.172589
 0.188496 12.376954 2.120092
 0.251327 12.101675 -10.597709
 0.314159 11.411759 -8.247631
 0.376991 11.246848 1.981750
 0.439823 11.273417 -3.830663
 0.502655 10.757183 -11.764360
 0.565487 9.976035 -10.813759
 0.628319 9.537925 -4.339667
 0.691150 9.183417 -7.114306
 0.753982 8.892935 -0.655738
 0.816814 9.015914 2.467812
 0.879646 8.979902 -4.113341
 0.942478 8.636794 -5.175651
 1.005310 8.405924 -3.068171
 1.068142 8.126638 -5.872767
 1.130973 7.738508 -5.927483
 1.193805 7.462156 -2.655467
 1.256637 7.275688 -4.830287
 1.319469 6.855610 -7.473557
 1.382301 6.388976 -7.664882
 1.445133 5.902338 -7.417308
 1.507964 5.461363 -6.992074
 1.570796 5.013954 -7.157800
 1.633628 4.523918 -9.043412
 1.696460 3.886075 -10.583828
 1.759292 3.242240 -10.076916
 1.822124 2.598861 -10.386146
 1.884956 1.983061 -8.624523
 1.947787 1.557716 -5.063464
 2.010619 1.316577 -2.754910
 2.073451 1.181974 -2.192677
 2.136283 0.946136 -5.645025
 2.199115 0.508265 -7.945131
 2.261947 -0.010041 -8.157541
 2.324779 -0.474036 -6.536879
 2.387610 -0.820985 -4.193403
 2.450442 -0.947563 0.265208
 2.513274 -0.797516 4.369537
 2.576106 -0.445336 6.301250
 2.638938 0.025506 9.595300
 2.701770 0.850097 16.525720
 2.764602 2.042912 21.043958
 2.827433 3.516969 25.862420
 2.890265 5.265090 29.310277
 2.953097 7.183479 31.097720
 3.015929 9.185340 33.675273
 3.078761 11.636211 44.523324
