#! FIELDS phi4 ffphi4 dffphi4_phi4
#! SET min_phi4 -pi
#! SET max_phi4 pi
#! SET nbins_phi4  100
#! SET periodic_phi4 true
 -3.141593 14.450511 -47.841074
 -3.078761 11.758918 -36.795807
 -3.015929 9.763443 -28.586986
 -2.953097 7.998564 -27.733776
 -2.890265 6.254834 -27.640250
 -2.827433 4.724265 -19.277819
 -2.764602 3.755553 -15.540322
 -2.701770 2.332720 -26.810350
 -2.638938 1.237655 -4.071939
 -2.576106 1.502849 4.311952
 -2.513274 1.441918 0.981455
 -2.450442 2.180449 17.715031
 -2.387610 1.748834 -42.788995
 -2.324779 -1.301344 -36.294532
 -2.261947 -1.931111 17.381782
 -2.199115 0.607744 56.033479
 -2.136283 3.370332 22.379705
 -2.073451 3.914929 -0.166826
 -2.010619 3.742246 -3.724551
 -1.947787 3.615435 0.139527
 -1.884956 3.669133 0.307785
 -1.822124 3.590819 -2.750208
 -1.759292 3.371229 -3.920284
 -1.696460 3.023953 -8.527278
 -1.633628 2.370198 -9.629462
 -1.570796 2.044692 -1.338376
 -1.507964 1.775096 -10.558554
 -1.445133 1.032488 -7.660810
 -1.382301 1.022465 4.948748
 -1.319469 1.333002 3.704010
 -1.256637 1.365849 -2.017927
 -1.193805 1.543843 11.161459
 -1.130973 2.827074 27.862675
 -1.068142 4.676196 26.522360
 -1.005310 5.880183 14.093741
 -0.942478 6.734255 12.960072
 -0.879646 7.801345 24.369772
 -0.816814 9.671163 29.623744
 -0.753982 11.291279 26.065273
 -0.691150 13.413622 40.703803
 -0.628319 15.926331 35.937952
 -0.565487 18.100252 34.462577
 -0.502655 20.375734 37.569359
 -0.439823 22.800248 37.865917
 -0.376991 25.104428 36.198808
 -0.314159 27.433702 35.977865
 -0.251327 29.425016 27.178598
 -0.188496 31.023908 23.608576
 -0.125664 32.391006 20.882558
 -0.062832 33.636136 13.808964
 0.000000 33.718123 -6.463928
 0.062832 33.495333 -0.560349
 0.125664 33.201020 -12.184295
 0.188496 31.988785 -24.106687
 0.251327 30.319368 -29.955357
 0.314159 28.139283 -38.287234
 0.376991 25.655759 -40.822637
 0.439823 22.973447 -44.380593
 0.502655 20.114518 -46.168852
 0.565487 17.291950 -42.593424
 0.628319 14.786435 -38.043545
 0.691150 12.405640 -37.449712
 0.753982 10.201620 -32.038890
 0.816814 8.408836 -25.064194
 0.879646 7.026733 -19.033458
 0.942478 6.037596 -12.090888
 1.005310 5.548777 -3.727785
 1.068142 5.423827 -1.360457
 1.130973 5.433313 3.171238
 1.193805 6.000391 15.895907
 1.256637 7.506582 31.684244
 1.319469 9.859659 42.413813
 1.382301 12.800605 49.761166
 1.445133 15.962303 50.619841
 1.507964 19.400160 59.347871
 1.570796 23.500633 68.961473
 1.633628 28.018808 71.840044
 1.696460 32.788870 77.599871
 1.759292 37.596227 66.788109
 1.822124 40.550236 23.496078
 1.884956 42.383067 46.682505
 1.947787 47.042116 102.625240
 2.010619 55.368247 162.604248
 2.073451 inf nan
 2.136283 inf nan
 2.199115 inf nan
 2.261947 inf nan
 2.324779 inf nan
 2.387610 inf nan
 2.450442 64.572207 -208.705537
 2.513274 53.303507 -149.040657
 2.576106 45.659395 -96.373339
 2.638938 40.790452 -62.200778
 2.701770 37.509141 -44.086618
 2.764602 34.919141 -42.478713
 2.827433 31.677608 -60.607935
 2.890265 27.738658 -62.218503
 2.953097 23.989551 -56.277062
 3.015929 20.668926 -50.330956
 3.078761 17.552964 -49.539022
