#! FIELDS phi4 ffphi4 dffphi4_phi4
#! SET min_phi4 -pi
#! SET max_phi4 pi
#! SET nbins_phi4  100
#! SET periodic_phi4 true
 -3.141593 13.398098 -35.842610
 -3.078761 10.909482 -41.361793
 -3.015929 8.334275 -40.648743
 -2.953097 5.865702 -34.901640
 -2.890265 4.422286 -9.245324
 -2.827433 4.316920 -3.450229
 -2.764602 3.230367 -24.487373
 -2.701770 2.099911 -12.169340
 -2.638938 1.253837 -14.922684
 -2.576106 0.555167 -5.358335
 -2.513274 0.835304 15.626784
 -2.450442 1.809387 -1.332264
 -2.387610 -0.185985 -43.275926
 -2.324779 -1.672932 1.335172
 -2.261947 0.102208 52.599082
 -2.199115 3.521461 35.485644
 -2.136283 4.517499 9.856767
 -2.073451 4.732913 -9.677073
 -2.010619 3.641581 -16.558971
 -1.947787 3.196502 1.191699
 -1.884956 3.231041 -3.890771
 -1.822124 2.816557 -5.382010
 -1.759292 2.818788 2.946020
 -1.696460 2.615104 -9.942341
 -1.633628 2.131652 -1.563104
 -1.570796 2.190910 -3.059981
 -1.507964 1.574917 -12.204747
 -1.445133 0.805918 -12.747778
 -1.382301 0.302779 -0.863852
 -1.319469 0.471329 3.160988
 -1.256637 0.864176 13.130677
 -1.193805 2.357354 32.920823
 -1.130973 4.286838 21.292335
 -1.068142 5.249313 16.585398
 -1.005310 6.695004 26.229600
 -0.942478 8.255076 24.255515
 -0.879646 9.782069 22.301070
 -0.816814 11.107550 21.298903
 -0.753982 12.344678 16.834164
 -0.691150 13.737721 32.700068
 -0.628319 16.397707 44.619379
 -0.565487 18.837529 36.835604
 -0.502655 21.390133 42.044656
 -0.439823 24.047863 42.586966
 -0.376991 26.548970 35.175461
 -0.314159 28.796263 37.606195
 -0.251327 31.014059 29.592477
 -0.188496 32.501335 18.734085
 -0.125664 33.584596 17.075393
 -0.062832 34.745213 19.095224
 0.000000 35.721646 9.614664
 0.062832 35.908218 -3.006962
 0.125664 35.416707 -12.761223
 0.188496 34.197354 -26.690882
 0.251327 32.183388 -35.494477
 0.314159 29.955404 -34.765005
 0.376991 27.653345 -40.836862
 0.439823 24.681767 -52.494627
 0.502655 21.524591 -43.956632
 0.565487 19.189152 -35.190361
 0.628319 16.636713 -41.521885
 0.691150 14.864010 -12.286771
 0.753982 14.456112 -12.556504
 0.816814 12.564846 -41.339064
 0.879646 10.289654 -27.042557
 0.942478 8.929155 -20.362139
 1.005310 7.879700 -9.681293
 1.068142 7.181057 -22.284068
 1.130973 5.439445 -20.623660
 1.193805 5.531195 25.970487
 1.256637 8.608414 67.418913
 1.319469 12.761124 53.432952
 1.382301 15.337158 35.702327
 1.445133 18.255985 58.393223
 1.507964 22.312885 64.786840
 1.570796 26.412476 63.883967
 1.633628 30.687805 68.909662
 1.696460 35.082056 68.229444
 1.759292 39.476350 68.430787
 1.822124 43.679732 62.830407
 1.884956 47.486247 56.458056
 1.947787 50.884260 50.138452
 2.010619 53.741225 38.986092
 2.073451 55.895550 29.859340
 2.136283 57.457304 17.554911
 2.199115 58.050127 2.398308
 2.261947 57.843422 -9.745593
 2.324779 56.771919 -24.135073
 2.387610 54.885728 -35.217980
 2.450442 52.326399 -46.998522
 2.513274 49.061336 -55.365140
 2.576106 45.431588 -60.056024
 2.638938 41.617060 -60.342658
 2.701770 37.790334 -62.803918
 2.764602 33.805269 -61.590422
 2.827433 30.108638 -58.675255
 2.890265 26.046595 -70.583649
 2.953097 21.607942 -67.621422
 3.015929 17.826532 -50.637767
 3.078761 15.352790 -30.260683
