#! FIELDS psi3 ffpsi3 dffpsi3_psi3
#! SET min_psi3 -pi
#! SET max_psi3 pi
#! SET nbins_psi3  100
#! SET periodic_psi3 true
 -3.141593 5.240682 16.049015
 -3.078761 6.298102 16.959179
 -3.015929 7.363404 17.988912
 -2.953097 8.665587 22.752130
 -2.890265 10.084000 21.583607
 -2.827433 11.397664 20.780316
 -2.764602 12.853172 26.254707
 -2.701770 14.635678 28.378647
 -2.638938 16.281664 24.128597
 -2.576106 17.710180 20.974907
 -2.513274 19.055330 23.263287
 -2.450442 20.669411 26.850928
 -2.387610 22.301792 24.234505
 -2.324779 23.685571 19.301663
 -2.261947 24.747540 15.591390
 -2.199115 25.819524 18.033789
 -2.136283 26.870084 15.052140
 -2.073451 27.731362 10.558029
 -2.010619 28.029057 1.502849
 -1.947787 28.309929 6.787338
 -1.884956 28.603466 2.208912
 -1.822124 28.851287 7.857873
 -1.759292 29.436755 4.848288
 -1.696460 28.938865 -17.868526
 -1.633628 27.835434 -13.782914
 -1.570796 27.404922 -0.248418
 -1.507964 27.400126 -5.345535
 -1.445133 26.583248 -16.441313
 -1.382301 25.572736 -18.392473
 -1.319469 24.093807 -26.140365
 -1.256637 22.572013 -22.422856
 -1.193805 21.137096 -23.714049
 -1.130973 19.688203 -21.799532
 -1.068142 18.298344 -23.349349
 -1.005310 16.829739 -22.505620
 -0.942478 15.413495 -23.754811
 -0.879646 13.796466 -26.963374
 -0.816814 12.162413 -24.463750
 -0.753982 10.718372 -21.693678
 -0.691150 9.402021 -20.746098
 -0.628319 8.107092 -19.593138
 -0.565487 7.023477 -15.237915
 -0.502655 6.085030 -15.271706
 -0.439823 5.115267 -14.916009
 -0.376991 4.275694 -12.111776
 -0.314159 3.541039 -10.708203
 -0.251327 3.048412 -5.073935
 -0.188496 2.713720 -7.370401
 -0.125664 2.162906 -8.026211
 -0.062832 1.889882 -0.564239
 0.000000 2.017064 3.595095
 0.062832 2.202132 1.516887
 0.125664 2.239137 0.280275
 0.188496 2.263331 0.536469
 0.251327 2.337668 1.753232
 0.314159 2.485981 3.266141
 0.376991 2.744684 4.130661
 0.439823 2.911566 0.990965
 0.502655 2.915053 -0.131020
 0.565487 2.973303 1.436305
 0.628319 2.934203 -3.421415
 0.691150 2.633421 -4.637711
 0.753982 2.459110 -1.552477
 0.816814 2.340137 -1.892973
 0.879646 2.379797 4.061414
 0.942478 2.759936 5.784239
 1.005310 2.999134 3.282923
 1.068142 3.285622 4.946629
 1.130973 3.559680 4.201819
 1.193805 3.770942 1.232622
 1.256637 3.790237 1.910811
 1.319469 4.199668 10.302829
 1.382301 4.836305 8.090466
 1.445133 5.215631 5.264958
 1.507964 5.569517 5.527847
 1.570796 5.937324 6.949395
 1.633628 6.429477 7.279189
 1.696460 6.735955 3.017958
 1.759292 6.923956 2.577616
 1.822124 6.930124 -2.648147
 1.884956 6.701123 -3.747032
 1.947787 6.506971 -2.487039
 2.010619 6.339592 -3.864847
 2.073451 5.960254 -7.176667
 2.136283 5.550383 -6.591955
 2.199115 5.039901 -9.283034
 2.261947 4.453832 -9.253858
 2.324779 3.882866 -8.791274
 2.387610 3.388446 -6.916492
 2.450442 2.936692 -7.950687
 2.513274 2.477923 -5.628679
 2.576106 2.233503 -3.016301
 2.638938 2.011108 -4.156802
 2.701770 1.796457 -1.874449
 2.764602 1.802380 2.116029
 2.827433 2.127162 8.020577
 2.890265 2.570278 4.024335
 2.953097 2.703356 2.490133
 3.015929 3.147895 12.667324
 3.078761 4.191557 18.030332
