#! FIELDS phi2 ffphi2 dffphi2_phi2
#! SET min_phi2 -pi
#! SET max_phi2 pi
#! SET nbins_phi2  100
#! SET periodic_phi2 true
 -3.141593 14.256354 -41.872107
 -3.078761 11.764077 -37.750736
 -3.015929 9.475174 -35.116567
 -2.953097 7.415854 -29.785215
 -2.890265 5.738900 -24.099203
 -2.827433 4.341161 -20.305716
 -2.764602 3.202061 -16.340599
 -2.701770 2.283538 -11.574072
 -2.638938 1.926745 0.094597
 -2.576106 2.076331 2.452644
 -2.513274 2.078485 -2.332047
 -2.450442 1.963865 0.517640
 -2.387610 2.224010 6.757445
 -2.324779 2.633372 5.586285
 -2.261947 2.999323 6.721555
 -2.199115 3.444200 6.588426
 -2.136283 3.848882 6.890490
 -2.073451 4.261701 5.189459
 -2.010619 4.491421 2.756423
 -1.947787 4.634658 1.128237
 -1.884956 4.570359 -2.977562
 -1.822124 4.349982 -3.634020
 -1.759292 4.076404 -5.892262
 -1.696460 3.532135 -11.600709
 -1.633628 2.674641 -15.018334
 -1.570796 1.702351 -15.717373
 -1.507964 0.766215 -13.097216
 -1.445133 0.133749 -7.495588
 -1.382301 -0.280410 -5.855777
 -1.319469 -0.519264 -1.033509
 -1.256637 -0.391675 4.708363
 -1.193805 0.030524 8.566886
 -1.130973 0.681743 12.073260
 -1.068142 1.552880 15.585706
 -1.005310 2.611624 17.645670
 -0.942478 3.789902 20.405865
 -0.879646 5.232209 25.078969
 -0.816814 6.875701 26.725038
 -0.753982 8.612222 28.504218
 -0.691150 10.475037 30.552232
 -0.628319 12.444990 31.551342
 -0.565487 14.426367 31.133667
 -0.502655 16.403536 32.124743
 -0.439823 18.446735 31.073744
 -0.376991 20.240337 26.923635
 -0.314159 21.942234 25.996220
 -0.251327 23.372691 18.489742
 -0.188496 24.205587 8.782239
 -0.125664 24.609664 3.340103
 -0.062832 24.732025 4.115587
 0.000000 25.333169 10.964720
 0.062832 25.250454 -15.470370
 0.125664 23.908696 -22.351622
 0.188496 22.798218 -12.878405
 0.251327 21.942813 -18.286575
 0.314159 20.430158 -27.758192
 0.376991 18.582350 -30.914144
 0.439823 16.617649 -31.035098
 0.502655 14.679705 -30.902497
 0.565487 12.720089 -31.552021
 0.628319 10.747429 -30.413585
 0.691150 8.999090 -25.041047
 0.753982 7.550354 -21.701995
 0.816814 6.228558 -20.224349
 0.879646 5.083760 -15.389190
 0.942478 4.356738 -8.009805
 1.005310 4.034056 -1.749249
 1.068142 4.269018 9.507673
 1.130973 5.123889 16.688026
 1.193805 6.344276 22.420151
 1.256637 8.002809 30.752050
 1.319469 10.249288 40.509590
 1.382301 13.106654 49.975851
 1.445133 16.451794 54.473452
 1.507964 20.018540 59.762019
 1.570796 24.284267 75.847717
 1.633628 29.369874 72.147633
 1.696460 32.539468 42.371784
 1.759292 36.731321 94.307658
 1.822124 44.626297 156.997260
 1.884956 inf nan
 1.947787 inf nan
 2.010619 inf nan
 2.073451 inf nan
 2.136283 inf nan
 2.199115 inf nan
 2.261947 inf nan
 2.324779 inf nan
 2.387610 inf nan
 2.450442 inf nan
 2.513274 inf nan
 2.576106 inf nan
 2.638938 inf nan
 2.701770 62.460274 -245.404412
 2.764602 46.475856 -196.728826
 2.827433 35.826826 -141.942012
 2.890265 28.468152 -93.997714
 2.953097 23.683207 -61.834382
 3.015929 20.209967 -51.777088
 3.078761 17.063894 -47.717908
