#! FIELDS psi3 ffpsi3 dffpsi3_psi3
#! SET min_psi3 -pi
#! SET max_psi3 pi
#! SET nbins_psi3  100
#! SET periodic_psi3 true
 -3.141593 5.241185 15.740518
 -3.078761 6.373705 19.629417
 -3.015929 7.627016 19.498847
 -2.953097 8.832263 19.722320
 -2.890265 10.228708 24.469731
 -2.827433 11.792993 24.228468
 -2.764602 13.271722 23.243905
 -2.701770 14.758033 23.464690
 -2.638938 16.198686 22.685845
 -2.576106 17.654525 22.995411
 -2.513274 19.038107 20.850978
 -2.450442 20.271584 17.625173
 -2.387610 21.159762 10.112041
 -2.324779 21.632334 6.280881
 -2.261947 22.026258 4.785496
 -2.199115 22.023739 -4.331200
 -2.136283 21.712550 -5.263746
 -2.073451 21.300220 -7.168354
 -2.010619 20.977350 -3.124601
 -1.947787 20.744153 -5.320613
 -1.884956 20.304171 -8.738219
 -1.822124 19.655695 -11.113358
 -1.759292 19.020756 -9.216313
 -1.696460 18.361408 -12.542311
 -1.633628 17.521187 -13.044964
 -1.570796 16.771339 -11.391752
 -1.507964 16.011949 -12.847534
 -1.445133 15.185451 -13.484701
 -1.382301 14.334146 -13.034803
 -1.319469 13.593552 -10.860586
 -1.256637 12.898028 -11.590192
 -1.193805 12.168042 -11.142678
 -1.130973 11.543257 -8.608716
 -1.068142 11.094095 -5.788670
 -1.005310 10.788363 -4.062310
 -0.942478 10.574669 -3.404636
 -0.879646 10.227804 -8.005745
 -0.816814 9.653978 -9.744550
 -0.753982 9.013314 -10.592057
 -0.691150 8.298528 -12.628375
 -0.628319 7.452374 -13.666836
 -0.565487 6.576332 -14.747603
 -0.502655 5.628122 -14.600072
 -0.439823 4.789267 -12.265371
 -0.376991 4.071912 -10.726711
 -0.314159 3.407686 -10.418487
 -0.251327 2.844527 -6.647527
 -0.188496 2.621543 -0.760622
 -0.125664 2.611853 -1.123626
 -0.062832 2.419873 -3.898478
 0.000000 2.313275 1.111267
 0.062832 2.448473 1.643032
 0.125664 2.486441 0.284621
 0.188496 2.536763 1.223284
 0.251327 2.615647 0.923785
 0.314159 2.628802 -0.380406
 0.376991 2.641756 1.366038
 0.439823 2.785818 2.294733
 0.502655 2.838092 -0.692788
 0.565487 2.766896 -1.035030
 0.628319 2.745307 0.211160
 0.691150 2.696853 -2.976367
 0.753982 2.387234 -5.028050
 0.816814 2.267084 1.093736
 0.879646 2.372311 1.357053
 0.942478 2.452242 1.446595
 1.005310 2.576925 2.625728
 1.068142 2.764009 3.115150
 1.130973 3.018784 5.491891
 1.193805 3.434184 6.722660
 1.256637 3.774519 4.516856
 1.319469 4.141332 7.679452
 1.382301 4.682061 8.355596
 1.445133 5.119900 5.954225
 1.507964 5.526643 7.188077
 1.570796 5.967368 6.254416
 1.633628 6.322430 5.215745
 1.696460 6.628142 4.401803
 1.759292 6.842576 2.032751
 1.822124 6.928905 1.311631
 1.884956 6.962165 -1.441667
 1.947787 6.734233 -4.785927
 2.010619 6.438670 -5.097469
 2.073451 6.022135 -8.099949
 2.136283 5.484431 -8.668308
 2.199115 4.958778 -7.961657
 2.261947 4.492007 -6.901334
 2.324779 4.026212 -9.002485
 2.387610 3.374453 -10.017515
 2.450442 2.929377 -4.518756
 2.513274 2.686454 -3.683973
 2.576106 2.440635 -4.696716
 2.638938 2.059176 -6.765203
 2.701770 1.783108 -0.767671
 2.764602 1.949442 4.732329
 2.827433 2.235051 4.026482
 2.890265 2.518096 5.692087
 2.953097 2.990009 9.213842
 3.015929 3.660507 11.639731
 3.078761 4.395492 11.808779
