#! FIELDS phi4 ffphi4 dffphi4_phi4
#! SET min_phi4 -pi
#! SET max_phi4 pi
#! SET nbins_phi4  100
#! SET periodic_phi4 true
 -3.141593 12.537804 -47.684194
 -3.078761 9.749609 -40.812144
 -3.015929 7.372776 -35.626785
 -2.953097 5.216279 -32.546348
 -2.890265 3.429017 -23.364312
 -2.827433 2.197408 -18.156823
 -2.764602 0.983220 -19.334169
 -2.701770 0.009908 -10.507797
 -2.638938 -0.338463 -1.252655
 -2.576106 -0.205743 5.042829
 -2.513274 0.159267 5.252878
 -2.450442 0.435643 4.302033
 -2.387610 0.787435 7.055628
 -2.324779 1.303545 9.017253
 -2.261947 1.880700 9.019064
 -2.199115 2.461787 9.998955
 -2.136283 3.136060 9.997713
 -2.073451 3.518458 2.131913
 -2.010619 3.554743 -0.376539
 -1.947787 3.478429 -2.103325
 -1.884956 3.296097 -3.408657
 -1.822124 3.148682 -1.007007
 -1.759292 3.049237 -3.357902
 -1.696460 2.749383 -5.471973
 -1.633628 2.366113 -7.083789
 -1.570796 1.887599 -7.431331
 -1.507964 1.521033 -3.930475
 -1.445133 1.357306 -2.011052
 -1.382301 1.244505 -0.986734
 -1.319469 1.336330 4.310569
 -1.256637 1.764752 8.735843
 -1.193805 2.393213 11.481112
 -1.130973 3.268210 16.094766
 -1.068142 4.329434 17.583923
 -1.005310 5.597761 23.388458
 -0.942478 7.228271 27.336463
 -0.879646 8.958527 27.664398
 -0.816814 10.789731 30.732706
 -0.753982 12.816931 33.397770
 -0.691150 15.027710 36.757995
 -0.628319 17.369792 36.583770
 -0.565487 19.670935 37.213618
 -0.502655 22.068929 37.823878
 -0.439823 24.429381 37.673480
 -0.376991 26.843778 37.765445
 -0.314159 29.081012 32.976396
 -0.251327 31.072953 30.069599
 -0.188496 32.814425 24.585681
 -0.125664 34.208627 20.286851
 -0.062832 35.422481 17.182265
 0.000000 36.117491 3.590791
 0.062832 35.982124 -6.583116
 0.125664 35.279649 -17.373300
 0.188496 33.735400 -29.796879
 0.251327 31.855881 -29.053514
 0.314159 29.934901 -34.307549
 0.376991 27.487063 -41.806446
 0.439823 24.897386 -40.395450
 0.502655 22.282251 -43.762050
 0.565487 19.462876 -44.656401
 0.628319 16.777719 -40.379656
 0.691150 14.425091 -34.600616
 0.753982 12.370136 -31.002358
 0.816814 10.593038 -25.119664
 0.879646 9.154738 -21.389355
 0.942478 7.954229 -15.544946
 1.005310 7.316282 -4.585563
 1.068142 7.343964 4.964677
 1.130973 7.865941 11.122183
 1.193805 8.766122 18.325631
 1.256637 10.262879 29.430676
 1.319469 12.430661 38.743508
 1.382301 15.085762 45.563877
 1.445133 18.220842 53.629405
 1.507964 21.827518 60.072046
 1.570796 25.830269 65.722737
 1.633628 30.125067 68.632717
 1.696460 34.545965 69.586987
 1.759292 38.962815 67.462956
 1.822124 43.192923 65.631097
 1.884956 47.409797 65.746595
 1.947787 51.309922 55.176535
 2.010619 54.733204 53.389314
 2.073451 57.427295 21.783221
 2.136283 58.031746 13.888482
 2.199115 60.103110 37.921378
 2.261947 58.694057 -57.101427
 2.324779 56.311706 -18.896008
 2.387610 55.132949 -29.701198
 2.450442 52.471367 -52.142670
 2.513274 48.943232 -56.246968
 2.576106 45.567885 -52.692138
 2.638938 42.077692 -59.054749
 2.701770 38.247129 -61.654151
 2.764602 34.388630 -61.368265
 2.827433 30.489606 -62.702590
 2.890265 26.554529 -61.962964
 2.953097 22.768487 -58.424573
 3.015929 19.159341 -56.689856
 3.078761 15.700361 -52.851908
