#! FIELDS psi4 ffpsi4 dffpsi4_psi4
#! SET min_psi4 -pi
#! SET max_psi4 pi
#! SET nbins_psi4  100
#! SET periodic_psi4 true
 -3.141593 4.788543 20.374158
 -3.078761 6.019804 19.594261
 -3.015929 7.387204 23.455414
 -2.953097 8.869827 23.523733
 -2.890265 10.364807 23.793468
 -2.827433 12.001647 29.987736
 -2.764602 14.147113 36.201118
 -2.701770 16.218888 24.204424
 -2.638938 16.694150 -3.974214
 -2.576106 16.752411 9.734570
 -2.513274 18.045953 30.680394
 -2.450442 20.180950 29.791330
 -2.387610 21.030205 -1.255336
 -2.324779 20.864081 2.619561
 -2.261947 21.781867 24.823490
 -2.199115 23.052847 6.595800
 -2.136283 22.677020 -11.371071
 -2.073451 22.135311 -7.175414
 -2.010619 21.252059 -20.908930
 -1.947787 20.364908 -1.878737
 -1.884956 20.777069 6.238191
 -1.822124 20.377844 -15.398406
 -1.759292 19.466400 -13.792138
 -1.696460 18.338826 -20.775362
 -1.633628 17.403958 -7.361592
 -1.570796 17.056832 -8.106866
 -1.507964 16.224250 -16.505296
 -1.445133 15.253382 -13.496051
 -1.382301 14.451367 -13.390115
 -1.319469 13.499083 -16.389207
 -1.256637 12.522633 -13.941478
 -1.193805 11.711696 -12.950805
 -1.130973 10.815725 -15.324955
 -1.068142 9.881328 -13.902452
 -1.005310 9.023463 -14.194745
 -0.942478 8.069441 -15.993282
 -0.879646 7.024183 -17.170563
 -0.816814 5.952069 -16.734556
 -0.753982 4.950510 -14.577704
 -0.691150 4.186719 -9.816975
 -0.628319 3.643239 -8.213383
 -0.565487 3.104533 -8.762149
 -0.502655 2.629706 -5.680957
 -0.439823 2.404989 -1.886394
 -0.376991 2.330876 -0.874972
 -0.314159 2.295932 -0.005511
 -0.251327 2.341528 1.345203
 -0.188496 2.480359 3.210169
 -0.125664 2.719039 3.869534
 -0.062832 2.958799 4.073220
 0.000000 3.264689 5.470680
 0.062832 3.591070 4.546618
 0.125664 3.859588 4.301427
 0.188496 4.143469 4.526166
 0.251327 4.408282 3.653729
 0.314159 4.595360 2.553062
 0.376991 4.771908 2.811620
 0.439823 4.878156 0.221814
 0.502655 4.826706 -1.570004
 0.565487 4.711511 -1.873812
 0.628319 4.624650 -0.797191
 0.691150 4.613107 0.356387
 0.753982 4.657650 0.778631
 0.816814 4.671803 -0.669152
 0.879646 4.583169 -1.400572
 0.942478 4.619320 2.723938
 1.005310 4.833140 3.145953
 1.068142 4.989850 2.082368
 1.130973 5.132171 2.832476
 1.193805 5.418516 6.325074
 1.256637 5.869337 7.505210
 1.319469 6.317396 6.301667
 1.382301 6.660698 5.043687
 1.445133 7.024653 6.803839
 1.507964 7.482496 6.751931
 1.570796 7.783208 3.076150
 1.633628 7.953060 2.147913
 1.696460 7.964823 -2.178801
 1.759292 7.759401 -3.341182
 1.822124 7.576597 -3.163762
 1.884956 7.321863 -4.569895
 1.947787 7.007145 -6.215863
 2.010619 6.492950 -9.804034
 2.073451 5.839656 -10.623112
 2.136283 5.177140 -10.715616
 2.199115 4.474229 -11.234376
 2.261947 3.840680 -8.997057
 2.324779 3.249215 -10.508297
 2.387610 2.545023 -11.155046
 2.450442 1.926912 -8.351884
 2.513274 1.462910 -6.799614
 2.576106 1.068160 -5.622561
 2.638938 0.774121 -3.550717
 2.701770 0.660302 0.016740
 2.764602 0.741344 2.174679
 2.827433 0.949974 4.820816
 2.890265 1.349507 7.538319
 2.953097 1.895223 10.007755
 3.015929 2.614112 12.760096
 3.078761 3.550423 17.559709
