#! FIELDS phi2 ffphi2 dffphi2_phi2
#! SET min_phi2 -pi
#! SET max_phi2 pi
#! SET nbins_phi2  100
#! SET periodic_phi2 true
 -3.141593 16.541155 -46.044085
 -3.078761 13.760943 -42.756376
 -3.015929 11.165840 -39.244476
 -2.953097 8.919941 -32.128940
 -2.890265 7.078841 -26.767766
 -2.827433 5.554828 -21.719351
 -2.764602 4.344006 -16.966494
 -2.701770 3.382612 -13.970966
 -2.638938 2.585348 -11.253295
 -2.576106 1.984789 -7.776711
 -2.513274 1.610682 -4.211354
 -2.450442 1.444202 -1.385117
 -2.387610 1.387170 -0.529779
 -2.324779 1.410749 1.376991
 -2.261947 1.556953 2.983178
 -2.199115 1.708730 1.316097
 -2.136283 1.736356 0.069303
 -2.073451 1.824129 3.400604
 -2.010619 2.140118 5.488952
 -1.947787 2.383798 1.985475
 -1.884956 2.431399 -0.130305
 -1.822124 2.439350 0.849231
 -1.759292 2.513078 0.918452
 -1.696460 2.522249 -1.064173
 -1.633628 2.312295 -5.637937
 -1.570796 1.923083 -5.776463
 -1.507964 1.605409 -4.948479
 -1.445133 1.273337 -5.282517
 -1.382301 0.964486 -4.876220
 -1.319469 0.641336 -5.071187
 -1.256637 0.397144 -2.335850
 -1.193805 0.370105 1.428891
 -1.130973 0.573350 5.121339
 -1.068142 1.042726 9.946398
 -1.005310 1.812700 14.134270
 -0.942478 2.791482 16.946625
 -0.879646 3.946148 19.654291
 -0.816814 5.284388 23.074470
 -0.753982 6.860712 26.572393
 -0.691150 8.550569 26.652925
 -0.628319 10.257601 28.140326
 -0.565487 12.153929 31.903413
 -0.502655 14.209277 32.614254
 -0.439823 16.212799 30.530134
 -0.376991 18.048357 27.717189
 -0.314159 19.733106 25.896307
 -0.251327 21.318443 23.781830
 -0.188496 22.670336 19.336144
 -0.125664 23.829498 17.534279
 -0.062832 24.843727 13.964510
 0.000000 25.465704 4.918343
 0.062832 25.509643 -2.490207
 0.125664 25.240313 -6.059778
 0.188496 24.747473 -9.617581
 0.251327 24.000660 -14.874169
 0.314159 22.799990 -23.324894
 0.376991 21.223334 -24.815084
 0.439823 19.845878 -19.319053
 0.502655 18.626510 -20.759038
 0.565487 17.204239 -23.976924
 0.628319 15.709582 -22.948377
 0.691150 14.373265 -19.468200
 0.753982 13.251975 -16.181986
 0.816814 12.381629 -11.145148
 0.879646 11.891242 -4.314844
 0.942478 11.805198 0.953243
 1.005310 11.991915 5.513699
 1.068142 12.560822 12.445692
 1.130973 13.519556 18.098243
 1.193805 14.898520 26.134349
 1.256637 16.800178 33.750093
 1.319469 19.118935 40.178781
 1.382301 21.934946 49.305839
 1.445133 25.313619 56.940353
 1.507964 29.052104 60.957863
 1.570796 33.130513 67.948444
 1.633628 37.635544 72.591562
 1.696460 42.320520 73.184663
 1.759292 46.917596 69.100201
 1.822124 51.088628 61.051542
 1.884956 54.720979 51.720592
 1.947787 57.613813 39.637038
 2.010619 59.839263 30.523382
 2.073451 61.419126 18.749739
 2.136283 62.230767 7.667334
 2.199115 62.407188 -2.936714
 2.261947 61.776477 -16.956358
 2.324779 60.403429 -25.952345
 2.387610 58.519491 -34.600684
 2.450442 55.996030 -45.430322
 2.513274 52.926410 -51.399242
 2.576106 49.564502 -55.825442
 2.638938 45.913419 -59.928316
 2.701770 42.064737 -62.569501
 2.764602 38.074967 -63.809641
 2.827433 34.113121 -62.034272
 2.890265 30.263898 -60.690166
 2.953097 26.497993 -58.789560
 3.015929 22.911457 -55.218519
 3.078761 19.577539 -50.726737
