#! FIELDS phi4 file.free der_phi4
#! SET min_phi4 -pi
#! SET max_phi4 pi
#! SET nbins_phi4  500
#! SET periodic_phi4 true
   -3.141592654   54.842882699  -10.106211083
   -3.129026283   54.720569419   -9.360158244
   -3.116459912   54.607465749   -8.645070017
   -3.103893542   54.503414509   -7.927698763
   -3.091327171   54.408498302   -7.169847901
   -3.078760801   54.323116317   -6.413066121
   -3.066194430   54.247512436   -5.608534094
   -3.053628059   54.181349983   -4.871508396
   -3.041061689   54.125247243   -4.063316942
   -3.028495318   54.079449732   -3.222847431
   -3.015928947   54.044343623   -2.367259790
   -3.003362577   54.019931061   -1.520511510
   -2.990796206   54.006251611   -0.691785245
   -2.978229836   54.003035812    0.187081813
   -2.965663465   54.010349289    0.983736496
   -2.953097094   54.028090721    1.874500050
   -2.940530724   54.057165890    2.744793037
   -2.927964353   54.097140459    3.631026115
   -2.915397983   54.148507958    4.526950778
   -2.902831612   54.210992413    5.399478215
   -2.890265241   54.284405950    6.267877922
   -2.877698871   54.368466528    7.126398605
   -2.865132500   54.463476873    8.008068830
   -2.852566129   54.569360834    8.851841327
   -2.839999759   54.685780795    9.658611045
   -2.827433388   54.812236782   10.476145567
   -2.814867018   54.948743835   11.244142323
   -2.802300647   55.094605002   11.975971582
   -2.789734276   55.249638789   12.688810080
   -2.777167906   55.413578174   13.394228048
   -2.764601535   55.585660903   13.990672293
   -2.752035165   55.764944002   14.555726065
   -2.739468794   55.951233127   15.085403997
   -2.726902423   56.143695334   15.561180483
   -2.714336053   56.341787905   15.932713535
   -2.701769682   56.544145269   16.254594873
   -2.689203311   56.750112929   16.495136112
   -2.676636941   56.958546714   16.650182244
   -2.664070570   57.168332751   16.735216397
   -2.651504200   57.378619816   16.722281209
   -2.638937829   57.588317661   16.641686262
   -2.626371458   57.796196188   16.422491985
   -2.613805088   58.000682114   16.091724988
   -2.601238717   58.200299606   15.665935380
   -2.588672347   58.394027613   15.144221376
   -2.576105976   58.580132879   14.466527961
   -2.563539605   58.757085862   13.679820038
   -2.550973235   58.923670114   12.814199845
   -2.538406864   59.078396427   11.784538363
   -2.525840493   59.219012733   10.577207013
   -2.513274123   59.343896265    9.293671744
   -2.500707752   59.452058796    7.893902202
   -2.488141382   59.541905441    6.397435874
   -2.475575011   59.612080358    4.757901018
   -2.463008640   59.661262310    3.053278117
   -2.450442270   59.688389361    1.241544444
   -2.437875899   59.692022339   -0.679015664
   -2.425309529   59.670882683   -2.701379953
   -2.412743158   59.623720396   -4.816604283
   -2.400176787   59.549378212   -7.028142568
   -2.387610417   59.446927530   -9.278260475
   -2.375044046   59.315810147  -11.597704025
   -2.362477675   59.154851245  -14.040788541
   -2.349911305   58.963624288  -16.402792341
   -2.337344934   58.742010305  -18.871577560
   -2.324778564   58.489624139  -21.305542197
   -2.312212193   58.206438910  -23.768589430
   -2.299645822   57.892097650  -26.245075374
   -2.287079452   57.547075935  -28.666209178
   -2.274513081   57.171729337  -31.083403272
   -2.261946711   56.766338070  -33.441670441
   -2.249380340   56.331635273  -35.742359483
   -2.236813969   55.868500722  -37.953082232
   -2.224247599   55.377537474  -40.146765799
   -2.211681228   54.859587147  -42.291359900
   -2.199114858   54.315161353  -44.321152402
   -2.186548487   53.745984166  -46.245669884
   -2.173982116   53.153334731  -48.070666138
   -2.161415746   52.538286349  -49.806221022
   -2.148849375   51.902650429  -51.350589354
   -2.136283004   51.247894079  -52.807654041
   -2.123716634   50.575548568  -54.164564934
   -2.111150263   49.887121778  -55.377871152
   -2.098583893   49.184283727  -56.459481077
   -2.086017522   48.468739147  -57.430146534
   -2.073451151   47.741518359  -58.290627848
   -2.060884781   47.004340650  -59.016245901
   -2.048318410   46.258605542  -59.678378171
   -2.035752040   45.505130439  -60.191371689
   -2.023185669   44.745764117  -60.637695552
   -2.010619298   43.981620862  -60.950333263
   -1.998052928   43.213906635  -61.218517329
   -1.985486557   42.442780916  -61.483596391
   -1.972920186   41.669361382  -61.588543893
   -1.960353816   40.895034213  -61.636051145
   -1.947787445   40.119960490  -61.693346564
   -1.935221075   39.344823456  -61.661816505
   -1.922654704   38.569952299  -61.641488390
   -1.910088333   37.795767608  -61.567499630
   -1.897521963   37.022434411  -61.497477047
   -1.884955592   36.250311785  -61.406494891
   -1.872389222   35.478930689  -61.334888497
   -1.859822851   34.708638793  -61.267678750
   -1.847256480   33.939068974  -61.201997286
   -1.834690110   33.170272373  -61.154485239
   -1.822123739   32.401974741  -61.096830095
   -1.809557368   31.634529196  -61.049617172
   -1.796990998   30.866824446  -61.097008683
   -1.784424627   30.099286326  -61.051196659
   -1.771858257   29.332465448  -60.995134250
   -1.759291886   28.565909952  -60.976619130
   -1.746725515   27.799867948  -60.956641065
   -1.734159145   27.033967523  -60.975909809
   -1.721592774   26.267601460  -60.983438840
   -1.709026404   25.501057950  -61.013358343
   -1.696460033   24.734407475  -60.980750725
   -1.683893662   23.968769328  -60.875970215
   -1.671327292   23.204061271  -60.815286086
   -1.658760921   22.440362337  -60.713932141
   -1.646194550   21.678032272  -60.606247868
   -1.633628180   20.917419463  -60.431289006
   -1.621061809   20.159341595  -60.233210991
   -1.608495439   19.403972915  -59.983126395
   -1.595929068   18.652288115  -59.639460730
   -1.583362697   17.905451287  -59.219759367
   -1.570796327   17.164153332  -58.751120594
   -1.558229956   16.429092426  -58.216557931
   -1.545663586   15.701384700  -57.581655143
   -1.533097215   14.981692531  -56.913454538
   -1.520530844   14.270944855  -56.197940064
   -1.507964474   13.569886969  -55.404002167
   -1.495398103   12.879138364  -54.520592991
   -1.482831732   12.199688444  -53.581475225
   -1.470265362   11.532430093  -52.589410686
   -1.457698991   10.878354002  -51.482153394
   -1.445132621   10.238266152  -50.357006520
   -1.432566250    9.612941637  -49.153341298
   -1.419999879    9.003060070  -47.891433089
   -1.407433509    8.409318312  -46.588002715
   -1.394867138    7.832333982  -45.234461187
   -1.382300768    7.272801598  -43.802092740
   -1.369734397    6.731638594  -42.316356895
   -1.357168026    6.209420619  -40.790713798
   -1.344601656    5.706155227  -39.304603813
   -1.332035285    5.221840805  -37.750692815
   -1.319468915    4.757591348  -36.112433815
   -1.306902544    4.313900249  -34.483133597
   -1.294336173    3.890871787  -32.845830921
   -1.281769803    3.488623159  -31.165596905
   -1.269203432    3.107422591  -29.478423367
   -1.256637061    2.747947370  -27.731636974
   -1.244070691    2.410214820  -26.018596315
   -1.231504320    2.094175895  -24.272403562
   -1.218937950    1.800049050  -22.541659667
   -1.206371579    1.527923768  -20.778856984
   -1.193805208    1.277363390  -19.083344823
   -1.181238838    1.048720762  -17.308408978
   -1.168672467    0.842311522  -15.523066271
   -1.156106097    0.658573055  -13.721522445
   -1.143539726    0.497170019  -11.957368634
   -1.130973355    0.357954544  -10.193078970
   -1.118406985    0.241225405   -8.393443541
   -1.105840614    0.146960394   -6.614788915
   -1.093274243    0.075456174   -4.770091585
   -1.080707873    0.027216701   -2.911786763
   -1.068141502    0.002204747   -1.089425095
   -1.055575132    0.000000000    0.754966410
   -1.043008761    0.021267275    2.612412850
   -1.030442390    0.065865029    4.488221605
   -1.017876020    0.133954456    6.349865994
   -1.005309649    0.225643059    8.221056755
   -0.992743279    0.340930857   10.114019488
   -0.980176908    0.480000228   12.015044008
   -0.967610537    0.642889560   13.886210014
   -0.955044167    0.829577042   15.819735455
   -0.942477796    1.039968828   17.681225155
   -0.929911425    1.273995770   19.545006267
   -0.917345055    1.531617998   21.435975448
   -0.904778684    1.812746267   23.314188608
   -0.892212314    2.117435513   25.176770470
   -0.879645943    2.445520600   27.032996681
   -0.867079572    2.796760582   28.849704617
   -0.854513202    3.170510713   30.624918540
   -0.841946831    3.566457631   32.396871952
   -0.829380461    3.984234910   34.095921196
   -0.816814090    4.423414512   35.771983884
   -0.804247719    4.883300312   37.390061333
   -0.791681349    5.363443955   39.017273028
   -0.779114978    5.863581498   40.550417563
   -0.766548607    6.382686843   42.040004030
   -0.753982237    6.920023598   43.469837368
   -0.741415866    7.475403687   44.913289950
   -0.728849496    8.048302840   46.279681413
   -0.716283125    8.638099470   47.568991087
   -0.703716754    9.243529310   48.791014623
   -0.691150384    9.863808009   49.950108478
   -0.678584013   10.498524400   51.070387007
   -0.666017643   11.146937667   52.122094013
   -0.653451272   11.807668832   53.037609247
   -0.640884901   12.479848140   53.929951407
   -0.628318531   13.162966071   54.763494921
   -0.615752160   13.856224840   55.571209717
   -0.603185789   14.559222801   56.286377108
   -0.590619419   15.270745607   56.944550984
   -0.578053048   15.990264508   57.549608971
   -0.565486678   16.716944077   58.116745502
   -0.552920307   17.450469317   58.618933186
   -0.540353936   18.189397270   59.007652964
   -0.527787566   18.933555866   59.427490935
   -0.515221195   19.682226229   59.723260913
   -0.502654825   20.434554923   59.981284885
   -0.490088454   21.189787462   60.209551072
   -0.477522083   21.947459122   60.357662864
   -0.464955713   22.706810186   60.460113593
   -0.452389342   23.467112115   60.538871895
   -0.439822972   24.227520846   60.500142781
   -0.427256601   24.987623534   60.465959197
   -0.414690230   25.746608409   60.324106408
   -0.402123860   26.503784330   60.184081770
   -0.389557489   27.259143438   60.023047977
   -0.376991118   28.012173243   59.813135885
   -0.364424748   28.762023803   59.508818659
   -0.351858377   29.507656340   59.159100699
   -0.339292007   30.248557324   58.737075166
   -0.326725636   30.983935873   58.294111401
   -0.314159265   31.713047928   57.742893080
   -0.301592895   32.434666576   57.104006857
   -0.289026524   33.147879878   56.404202317
   -0.276460154   33.851781729   55.625252591
   -0.263893783   34.545543334   54.769307722
   -0.251327412   35.228396949   53.897593452
   -0.238761042   35.899696734   52.928625093
   -0.226194671   36.557797057   51.783478477
   -0.213628300   37.201589772   50.662100204
   -0.201061930   37.830912707   49.488428282
   -0.188495559   38.445016930   48.210428237
   -0.175929189   39.042711922   46.901326609
   -0.163362818   39.623304908   45.494337228
   -0.150796447   40.185775052   44.005731097
   -0.138230077   40.728600754   42.399709183
   -0.125663706   41.251025304   40.742285764
   -0.113097336   41.752374411   39.028103240
   -0.100530965   42.232103399   37.304280042
   -0.087964594   42.689454787   35.487678888
   -0.075398224   43.123845572   33.651094574
   -0.062831853   43.534676346   31.731120102
   -0.050265482   43.921136013   29.757205145
   -0.037699112   44.282571035   27.738457347
   -0.025132741   44.618094838   25.684699867
   -0.012566371   44.928296251   23.679707147
    0.000000000   45.212930527   21.607848297
    0.012566371   45.471286188   19.520468104
    0.025132741   45.703466894   17.424128329
    0.037699112   45.908920319   15.258343888
    0.050265482   46.087335105   13.136871180
    0.062831853   46.239086599   11.009259691
    0.075398224   46.364270710    8.899645432
    0.087964594   46.462692984    6.766729022
    0.100530965   46.534155724    4.618847956
    0.113097336   46.578353113    2.464767130
    0.125663706   46.595600544    0.311119858
    0.138230077   46.586354596   -1.779786701
    0.150796447   46.551122889   -3.827832201
    0.163362818   46.489936946   -5.915192729
    0.175929189   46.402776966   -7.955625764
    0.188495559   46.290145088   -9.981021317
    0.201061930   46.151516901  -12.064355729
    0.213628300   45.987414644  -14.045923333
    0.226194671   45.798241192  -16.067074978
    0.238761042   45.583834137  -18.034214529
    0.251327412   45.345108412  -19.967325215
    0.263893783   45.082090740  -21.881483538
    0.276460154   44.795430007  -23.751471931
    0.289026524   44.485575539  -25.566347027
    0.301592895   44.152868923  -27.369350133
    0.314159265   43.797868222  -29.139798716
    0.326725636   43.420625563  -30.912176680
    0.339292007   43.021452163  -32.598930821
    0.351858377   42.601646117  -34.213726098
    0.364424748   42.161652112  -35.819773338
    0.376991118   41.701692385  -37.375001878
    0.389557489   41.222673823  -38.837264982
    0.402123860   40.725793172  -40.226972543
    0.414690230   40.211602494  -41.599715183
    0.427256601   39.680210809  -42.950688211
    0.439822972   39.133027528  -44.122130658
    0.452389342   38.571584057  -45.223074009
    0.464955713   37.996683951  -46.268669077
    0.477522083   37.409138734  -47.215980127
    0.490088454   36.810484987  -48.058016447
    0.502654825   36.201771980  -48.790925772
    0.515221195   35.584564603  -49.436443437
    0.527787566   34.959735528  -50.003981014
    0.540353936   34.328529342  -50.449904869
    0.552920307   33.692323310  -50.782678985
    0.565486678   33.052799907  -50.986557927
    0.578053048   32.411089430  -51.100558037
    0.590619419   31.769048180  -51.080272943
    0.603185789   31.128053122  -50.919267881
    0.615752160   30.489642894  -50.703350651
    0.628318531   29.854385713  -50.383078221
    0.640884901   29.223929835  -49.944442231
    0.653451272   28.599604022  -49.383255671
    0.666017643   27.982909402  -48.735378981
    0.678584013   27.375319144  -47.944602138
    0.691150384   26.778077446  -47.101550124
    0.703716754   26.191898264  -46.191763343
    0.716283125   25.618008816  -45.122989863
    0.728849496   25.058185904  -43.967092039
    0.741415866   24.513118064  -42.795987950
    0.753982237   23.983214347  -41.533640503
    0.766548607   23.469726114  -40.165637921
    0.779114978   22.973913295  -38.753119696
    0.791681349   22.495659077  -37.345419353
    0.804247719   22.035836414  -35.825166604
    0.816814090   21.595119685  -34.320829955
    0.829380461   21.173763214  -32.727749200
    0.841946831   20.772637195  -31.112510825
    0.854513202   20.392151215  -29.444346072
    0.867079572   20.032786067  -27.751815105
    0.879645943   19.694496108  -26.085679087
    0.892212314   19.377514523  -24.362725320
    0.904778684   19.081982612  -22.654474999
    0.917345055   18.807904690  -20.953273877
    0.929911425   18.555649447  -19.197821312
    0.942477796   18.325431912  -17.427256834
    0.955044167   18.117614154  -15.644232630
    0.967610537   17.932152754  -13.890120860
    0.980176908   17.768904544  -12.094833959
    0.992743279   17.627905239  -10.342786175
    1.005309649   17.509070475   -8.579417862
    1.017876020   17.412558046   -6.775017462
    1.030442390   17.338740854   -4.989344076
    1.043008761   17.287231829   -3.225951709
    1.055575132   17.257655938   -1.490989752
    1.068141502   17.250077052    0.251462437
    1.080707873   17.264291299    2.008109375
    1.093274243   17.300400604    3.740399634
    1.105840614   17.358218877    5.429396704
    1.118406985   17.437091491    7.132749378
    1.130973355   17.537358685    8.822601362
    1.143539726   17.658811550   10.509889833
    1.156106097   17.801259240   12.187427875
    1.168672467   17.964721504   13.838492190
    1.181238838   18.148832799   15.469543607
    1.193805208   18.353358697   17.081053632
    1.206371579   18.578266049   18.690525563
    1.218937950   18.822761599   20.214539520
    1.231504320   19.086486577   21.763429699
    1.244070691   19.369756079   23.302043638
    1.256637061   19.672119756   24.805049497
    1.269203432   19.993103872   26.274556920
    1.281769803   20.332260022   27.692741291
    1.294336173   20.688847939   29.075313715
    1.306902544   21.062749793   30.446069205
    1.319468915   21.454197170   31.849891944
    1.332035285   21.863093484   33.226781804
    1.344601656   22.289277837   34.547118761
    1.357168026   22.731576378   35.866588954
    1.369734397   23.190640919   37.195339864
    1.382300768   23.666368558   38.503850522
    1.394867138   24.158343690   39.787074778
    1.407433509   24.666213963   41.016762278
    1.419999879   25.189292101   42.236492956
    1.432566250   25.727486909   43.401124645
    1.445132621   26.280166626   44.552624097
    1.457698991   26.846684196   45.602816845
    1.470265362   27.426459538   46.673257578
    1.482831732   28.019495980   47.713285314
    1.495398103   28.625223384   48.688405406
    1.507964474   29.243177708   49.660360018
    1.520530844   29.873195726   50.593297427
    1.533097215   30.513901077   51.387022134
    1.545663586   31.164733308   52.182000543
    1.558229956   31.825032461   52.925671344
    1.570796327   32.494832085   53.668047261
    1.583362697   33.173240217   54.302112068
    1.595929068   33.859456728   54.909193933
    1.608495439   34.552764621   55.425753439
    1.621061809   35.252309587   55.889770737
    1.633628180   35.956684425   56.241771932
    1.646194550   36.665559009   56.564560100
    1.658760921   37.378436053   56.871561036
    1.671327292   38.094533498   57.077944750
    1.683893662   38.812511930   57.200092213
    1.696460033   39.531831300   57.258998718
    1.709026404   40.251083508   57.211249293
    1.721592774   40.969454189   57.103970562
    1.734159145   41.686511985   57.001315238
    1.746725515   42.401698621   56.814946258
    1.759291886   43.114063153   56.554805125
    1.771858257   43.822858989   56.228263288
    1.784424627   44.527377075   55.886666874
    1.796990998   45.227155521   55.482719667
    1.809557368   45.921445403   55.016996334
    1.822123739   46.609761355   54.525919051
    1.834690110   47.291382055   53.960277768
    1.847256480   47.965465355   53.327955679
    1.859822851   48.631546482   52.696688093
    1.872389222   49.289566024   51.996145815
    1.884955592   49.938858597   51.322354175
    1.897521963   50.579337769   50.613454087
    1.910088333   51.210708816   49.873255367
    1.922654704   51.832732375   49.127077815
    1.935221075   52.445143292   48.337124558
    1.947787445   53.047569548   47.540195887
    1.960353816   53.639806528   46.656395636
    1.972920186   54.221200817   45.864812681
    1.985486557   54.792080557   44.966632957
    1.998052928   55.351328701   44.040656627
    2.010619298   55.899346889   43.176465528
    2.023185669   56.435696707   42.205878312
    2.035752040   56.960077924   41.272457087
    2.048318410   57.472730594   40.312489733
    2.060884781   57.973243981   39.337400606
    2.073451151   58.461289956   38.312417587
    2.086017522   58.936060442   37.258791680
    2.098583893   59.397318946   36.148068214
    2.111150263   59.844901201   35.054754871
    2.123716634   60.278482909   33.950669422
    2.136283004   60.697822341   32.755186058
    2.148849375   61.102111958   31.555063395
    2.161415746   61.490776609   30.325088849
    2.173982116   61.864058060   29.062981579
    2.186548487   62.220796482   27.720734580
    2.199114858   62.560855322   26.402290532
    2.211681228   62.884208169   25.049421686
    2.224247599   63.190335904   23.684989868
    2.236813969   63.479341503   22.308188834
    2.249380340   63.750881184   20.910320970
    2.261946711   64.004837266   19.498327364
    2.274513081   64.240837312   18.074377165
    2.287079452   64.458857752   16.617371984
    2.299645822   64.658534191   15.146257935
    2.312212193   64.839679361   13.673726329
    2.324778564   65.002421447   12.214368603
    2.337344934   65.147001183   10.795292762
    2.349911305   65.273555051    9.333514530
    2.362477675   65.381892123    7.910591783
    2.375044046   65.472209068    6.479914280
    2.387610417   65.544583642    5.036353995
    2.400176787   65.599141529    3.649100393
    2.412743158   65.636223612    2.271614659
    2.425309529   65.656489375    0.953716327
    2.437875899   65.659873091   -0.383524164
    2.450442270   65.647098218   -1.642599153
    2.463008640   65.618609031   -2.887685253
    2.475575011   65.574471259   -4.105287341
    2.488141382   65.515746033   -5.240324715
    2.500707752   65.442752210   -6.361699646
    2.513274123   65.355629377   -7.488101314
    2.525840493   65.254930346   -8.533874407
    2.538406864   65.141276546   -9.525221369
    2.550973235   65.015497306  -10.519382640
    2.563539605   64.877539336  -11.436999878
    2.576105976   64.728152626  -12.327451693
    2.588672347   64.567495180  -13.229671814
    2.601238717   64.396226862  -14.007468997
    2.613805088   64.215501116  -14.746061899
    2.626371458   64.025789645  -15.436695581
    2.638937829   63.827771575  -16.089839985
    2.651504200   63.621112056  -16.758280925
    2.664070570   63.406749561  -17.362591434
    2.676636941   63.185082209  -17.921777166
    2.689203311   62.956438328  -18.446770768
    2.701769682   62.721886605  -18.885669093
    2.714336053   62.481719639  -19.346720640
    2.726902423   62.236382695  -19.697273687
    2.739468794   61.986652870  -20.029718338
    2.752035165   61.733219840  -20.288424394
    2.764601535   61.476798479  -20.504499176
    2.777167906   61.217906855  -20.687984276
    2.789734276   60.957158115  -20.809644929
    2.802300647   60.695123707  -20.902936824
    2.814867018   60.431769708  -21.007031181
    2.827433388   60.167939002  -20.975151051
    2.839999759   59.904791395  -20.908812390
    2.852566129   59.642738346  -20.803584391
    2.865132500   59.382097799  -20.670951416
    2.877698871   59.123315578  -20.504705740
    2.890265241   58.867105939  -20.276147791
    2.902831612   58.613401806  -20.099215351
    2.915397983   58.362596533  -19.819541104
    2.927964353   58.115605515  -19.494203481
    2.940530724   57.872862629  -19.133551239
    2.953097094   57.634859995  -18.749464568
    2.965663465   57.401989908  -18.307659433
    2.978229836   57.174738469  -17.861460186
    2.990796206   56.953217167  -17.388089907
    3.003362577   56.737714869  -16.892034289
    3.015928947   56.528731269  -16.364400460
    3.028495318   56.326428588  -15.828019970
    3.041061689   56.131035396  -15.263126705
    3.053628059   55.942506897  -14.732501428
    3.066194430   55.761098924  -14.142113138
    3.078760801   55.587166575  -13.505091293
    3.091327171   55.421624327  -12.848164675
    3.103893542   55.264224105  -12.195078975
    3.116459912   55.115087883  -11.560082625
    3.129026283   54.974435238  -10.827451630
