#! FIELDS psi4 ffpsi4 dffpsi4_psi4
#! SET min_psi4 -pi
#! SET max_psi4 pi
#! SET nbins_psi4  100
#! SET periodic_psi4 true
 -3.141593 5.959628 47.843195
 -3.078761 8.510258 35.033439
 -3.015929 10.518114 23.344962
 -2.953097 9.695625 -46.457671
 -2.890265 7.323830 -17.153175
 -2.827433 8.013589 39.206423
 -2.764602 11.825265 71.848097
 -2.701770 15.280500 36.855731
 -2.638938 17.035193 14.093733
 -2.576106 16.476895 -23.320494
 -2.513274 15.854084 10.672906
 -2.450442 17.858946 47.233221
 -2.387610 20.413574 25.578173
 -2.324779 21.041307 -4.228173
 -2.261947 20.427070 -12.147002
 -2.199115 19.695725 -8.758657
 -2.136283 19.741873 10.561257
 -2.073451 20.442161 7.304751
 -2.010619 20.956664 11.539965
 -1.947787 21.050655 -19.236014
 -1.884956 19.165543 -28.883747
 -1.822124 17.804122 -16.503220
 -1.759292 17.185601 -1.545966
 -1.696460 16.945704 -14.496891
 -1.633628 15.921756 -8.606412
 -1.570796 15.990005 3.752531
 -1.507964 14.824143 -45.746943
 -1.445133 12.114015 -26.958176
 -1.382301 11.926758 18.780508
 -1.319469 13.449498 16.900772
 -1.256637 13.433007 -12.177251
 -1.193805 12.791124 -3.487688
 -1.130973 12.739963 -8.676813
 -1.068142 11.106723 -31.690974
 -1.005310 10.081947 1.331167
 -0.942478 10.437433 -5.095585
 -0.879646 9.020872 -28.180866
 -0.816814 7.668729 -14.134793
 -0.753982 7.407837 6.280330
 -0.691150 7.580579 -16.327389
 -0.628319 5.049413 -46.821939
 -0.565487 3.227971 -8.986936
 -0.502655 3.328271 4.292054
 -0.439823 3.689059 12.985463
 -0.376991 5.200723 29.260109
 -0.314159 5.957148 -8.002852
 -0.251327 5.638182 7.099247
 -0.188496 6.952925 26.284132
 -0.125664 7.301795 -19.577401
 -0.062832 4.778128 -51.064965
 0.000000 2.564307 -12.321126
 0.062832 3.302257 29.760935
 0.125664 4.516740 0.815476
 0.188496 4.736634 14.746804
 0.251327 6.119875 17.957756
 0.314159 5.028867 -46.696698
 0.376991 2.871893 -13.082211
 0.439823 2.435695 -29.503842
 0.502655 -1.009121 -50.016377
 0.565487 -2.364288 8.522991
 0.628319 0.066285 67.666985
 0.691150 5.052592 62.354071
 0.753982 6.459721 10.505075
 0.816814 8.148798 31.910241
 0.879646 8.248496 -24.588918
 0.942478 7.247048 -0.454064
 1.005310 7.971372 13.077096
 1.068142 6.406415 -61.454732
 1.130973 3.196023 -28.948244
 1.193805 3.163619 27.535945
 1.256637 6.131393 54.524738
 1.319469 7.491066 -14.391392
 1.382301 6.557068 -2.062548
 1.445133 7.686886 34.350469
 1.507964 9.708188 20.918253
 1.570796 10.345652 2.523204
 1.633628 10.000650 -14.140058
 1.696460 9.133803 -7.021613
 1.759292 9.232765 5.227464
 1.822124 9.329168 -1.656679
 1.884956 8.865615 -14.624697
 1.947787 8.135723 -2.435397
 2.010619 8.477088 4.714308
 2.073451 7.771797 -21.362218
 2.136283 7.058856 2.423673
 2.199115 7.535403 2.299534
 2.261947 6.884526 -15.879509
 2.324779 6.118707 -11.229238
 2.387610 4.951466 -24.255679
 2.450442 3.730056 -12.289667
 2.513274 3.228624 -4.373296
 2.576106 3.448882 11.811894
 2.638938 4.193583 8.300643
 2.701770 4.727460 9.505650
 2.764602 5.006825 -3.278788
 2.827433 3.470896 -51.520003
 2.890265 0.194264 -38.715424
 2.953097 -0.862277 3.686703
 3.015929 0.224567 28.083592
 3.078761 2.672356 49.814695
