#! FIELDS phi4 ffphi4 dffphi4_phi4
#! SET min_phi4 -pi
#! SET max_phi4 pi
#! SET nbins_phi4  100
#! SET periodic_phi4 true
 -3.141593 15.407692 -40.200180
 -3.078761 12.552955 -49.429583
 -3.015929 9.389092 -50.530912
 -2.953097 6.428363 -40.140147
 -2.890265 4.647032 -17.210810
 -2.827433 3.879496 -10.498396
 -2.764602 3.055982 -19.310490
 -2.701770 1.088960 -36.992235
 -2.638938 -0.305006 -1.643952
 -2.576106 0.888250 34.226667
 -2.513274 2.748342 17.567675
 -2.450442 3.394932 7.049043
 -2.387610 3.626883 -0.743634
 -2.324779 3.509559 -0.544116
 -2.261947 3.555248 -0.005477
 -2.199115 3.455412 -1.878877
 -2.136283 3.361233 -1.996723
 -2.073451 3.225220 -1.462563
 -2.010619 3.092094 -4.380007
 -1.947787 2.723456 -5.326832
 -1.884956 2.617419 1.811602
 -1.822124 2.740423 -0.191574
 -1.759292 2.455267 -8.489171
 -1.696460 1.717902 -15.265272
 -1.633628 0.786703 -9.871189
 -1.570796 0.751101 6.083739
 -1.507964 0.897924 -4.881336
 -1.445133 0.162108 -15.850253
 -1.382301 -0.572473 -4.316119
 -1.319469 -0.333264 10.323373
 -1.256637 0.490394 13.463624
 -1.193805 1.047559 5.029777
 -1.130973 1.600568 13.792300
 -1.068142 2.411489 10.266944
 -1.005310 3.373590 24.024227
 -0.942478 5.336872 35.202644
 -0.879646 7.616360 36.678700
 -0.816814 9.788694 31.663854
 -0.753982 11.698035 28.863495
 -0.691150 13.562294 32.415163
 -0.628319 15.824049 37.093572
 -0.565487 18.070859 35.109671
 -0.502655 20.418809 39.528876
 -0.439823 22.898454 36.749982
 -0.376991 24.975265 30.575944
 -0.314159 27.024129 34.793217
 -0.251327 29.293833 36.317514
 -0.188496 31.485848 32.255863
 -0.125664 33.314533 24.707739
 -0.062832 34.517804 13.939009
 0.000000 35.315521 14.287680
 0.062832 36.465859 18.690683
 0.125664 36.912963 -4.876154
 0.188496 36.475902 -7.126190
 0.251327 35.739470 -19.078173
 0.314159 34.156392 -28.757538
 0.376991 32.095174 -38.950401
 0.439823 29.405059 -43.971638
 0.502655 26.688291 -41.965323
 0.565487 24.184102 -38.550056
 0.628319 21.702044 -40.457194
 0.691150 19.226358 -37.388112
 0.753982 17.057717 -31.433769
 0.816814 15.288297 -24.879835
 0.879646 13.957308 -17.247914
 0.942478 13.088984 -10.981988
 1.005310 12.537634 -6.695736
 1.068142 12.249737 -1.956882
 1.130973 12.429402 8.892322
 1.193805 13.460716 23.677480
 1.256637 15.247018 31.506488
 1.319469 17.372091 36.800651
 1.382301 20.016946 47.621654
 1.445133 23.382219 58.476879
 1.507964 27.277918 62.897522
 1.570796 31.169817 57.633763
 1.633628 34.715484 57.829236
 1.696460 39.268694 90.629210
 1.759292 46.546018 138.182597
 1.822124 57.870417 180.713793
 1.884956 inf nan
 1.947787 inf nan
 2.010619 inf nan
 2.073451 inf nan
 2.136283 inf nan
 2.199115 inf nan
 2.261947 inf nan
 2.324779 inf nan
 2.387610 inf nan
 2.450442 inf nan
 2.513274 inf nan
 2.576106 60.055729 -211.191977
 2.638938 48.569474 -153.122222
 2.701770 40.665966 -99.717834
 2.764602 35.730241 -61.731057
 2.827433 32.008525 -63.406878
 2.890265 27.923164 -61.556674
 2.953097 24.291891 -57.076068
 3.015929 20.739272 -53.253134
 3.078761 17.814636 -40.082382
