#! FIELDS psi3 ffpsi3 dffpsi3_psi3
#! SET min_psi3 -pi
#! SET max_psi3 pi
#! SET nbins_psi3  100
#! SET periodic_psi3 true
 -3.141593 8.711830 16.385579
 -3.078761 9.720029 15.980578
 -3.015929 10.828101 19.709103
 -2.953097 12.179592 22.501015
 -2.890265 13.583001 21.754107
 -2.827433 14.934113 21.291774
 -2.764602 16.286424 21.688003
 -2.701770 17.658007 21.699297
 -2.638938 19.041532 22.353502
 -2.576106 20.430646 20.902759
 -2.513274 21.615986 16.851840
 -2.450442 22.590514 13.971695
 -2.387610 23.360534 10.599447
 -2.324779 23.989597 9.777315
 -2.261947 24.615245 9.951788
 -2.199115 25.206320 8.653992
 -2.136283 25.721010 7.733949
 -2.073451 26.196474 7.612740
 -2.010619 26.700057 8.459296
 -1.947787 27.299984 10.637539
 -1.884956 27.963245 9.560781
 -1.822124 28.471713 6.729350
 -1.759292 28.802681 3.271357
 -1.696460 28.816198 -3.284016
 -1.633628 28.367003 -11.170195
 -1.570796 27.422276 -18.687292
 -1.507964 26.017338 -26.332002
 -1.445133 24.132375 -32.946792
 -1.382301 21.969681 -35.346251
 -1.319469 19.785928 -33.304282
 -1.256637 17.726849 -34.127605
 -1.193805 15.452918 -35.656834
 -1.130973 13.688885 -17.962658
 -1.068142 13.183767 -1.447446
 -1.005310 12.766703 -18.009670
 -0.942478 10.706365 -43.333854
 -0.879646 8.215332 -29.620635
 -0.816814 7.190616 -7.546913
 -0.753982 6.306102 -22.544639
 -0.691150 5.120542 -10.234980
 -0.628319 4.746261 -8.673416
 -0.565487 3.807754 -16.885972
 -0.502655 2.981372 -9.420425
 -0.439823 2.367362 -12.672362
 -0.376991 1.134796 -29.249867
 -0.314159 -0.859087 -24.275316
 -0.251327 -1.176061 13.859792
 -0.188496 0.012652 12.645796
 -0.125664 0.220423 1.662683
 -0.062832 0.552292 6.268429
 0.000000 0.853081 4.489895
 0.062832 1.202544 6.125241
 0.125664 1.596488 5.987201
 0.188496 1.864535 2.470656
 0.251327 2.037686 3.919904
 0.314159 2.391821 7.241329
 0.376991 2.906501 8.139361
 0.439823 3.268057 2.651640
 0.502655 3.300191 -0.069911
 0.565487 3.492636 6.731843
 0.628319 4.003958 8.045372
 0.691150 4.457795 6.347689
 0.753982 4.748408 2.855250
 0.816814 4.951066 4.378634
 0.879646 5.262686 4.706153
 0.942478 5.527729 4.118147
 1.005310 5.828175 5.534717
 1.068142 6.182092 4.737801
 1.130973 6.325426 0.323279
 1.193805 6.418979 3.309919
 1.256637 6.650602 3.092040
 1.319469 6.805650 2.213176
 1.382301 6.944964 2.430325
 1.445133 7.173914 4.478218
 1.507964 7.392968 2.228790
 1.570796 7.477480 0.105957
 1.633628 7.387758 -2.413974
 1.696460 7.300479 0.203870
 1.759292 7.321408 -1.019610
 1.822124 7.153071 -3.300801
 1.884956 6.994242 -2.083085
 1.947787 6.790907 -4.773659
 2.010619 6.514251 -2.783194
 2.073451 6.415069 -1.940591
 2.136283 6.124902 -7.414590
 2.199115 5.661082 -4.961423
 2.261947 5.586782 0.312127
 2.324779 5.388682 -6.409633
 2.387610 5.040280 -3.535402
 2.450442 4.866216 -2.822708
 2.513274 4.789328 1.625442
 2.576106 5.005083 3.193294
 2.638938 5.073528 -0.209383
 2.701770 5.118996 2.100452
 2.764602 5.314482 3.370402
 2.827433 5.458670 1.130030
 2.890265 5.586324 4.244416
 2.953097 6.014061 8.597836
 3.015929 6.688499 13.537468
 3.078761 7.669300 16.548077
