#! FIELDS phi2 ffphi2 dffphi2_phi2
#! SET min_phi2 -pi
#! SET max_phi2 pi
#! SET nbins_phi2  100
#! SET periodic_phi2 true
 -3.141593 20.877874 -68.515329
 -3.078761 16.889101 -53.618242
 -3.015929 14.252897 -32.385718
 -2.953097 12.294898 -34.949432
 -2.890265 9.582766 -47.927943
 -2.827433 7.068083 -27.951435
 -2.764602 5.900899 -15.398455
 -2.701770 4.607193 -24.820619
 -2.638938 2.801231 -32.684781
 -2.576106 1.194365 -11.324088
 -2.513274 1.673930 23.015005
 -2.450442 2.907976 7.341637
 -2.387610 2.846399 -3.596375
 -2.324779 2.703150 -0.214884
 -2.261947 2.946759 6.446666
 -2.199115 2.828742 -14.003239
 -2.136283 1.710175 -14.967603
 -2.073451 1.373438 3.922712
 -2.010619 1.396724 -15.585210
 -1.947787 -0.438499 -26.610184
 -1.884956 -0.721383 19.436264
 -1.822124 1.433761 36.870469
 -1.759292 2.815882 12.222882
 -1.696460 3.366200 1.395796
 -1.633628 2.876921 -13.474829
 -1.570796 2.122941 -8.575087
 -1.507964 1.817673 -1.979557
 -1.445133 1.774642 -1.831794
 -1.382301 1.106882 -18.983584
 -1.319469 0.076083 -9.466620
 -1.256637 0.041235 7.131025
 -1.193805 0.647784 9.099165
 -1.130973 1.073086 5.644802
 -1.068142 1.535637 10.182334
 -1.005310 2.420905 17.497964
 -0.942478 3.663090 21.191487
 -0.879646 4.900724 17.411344
 -0.816814 6.102866 22.931315
 -0.753982 7.750285 27.955619
 -0.691150 9.733158 37.244384
 -0.628319 12.385642 42.338622
 -0.565487 14.604287 29.628227
 -0.502655 16.546115 32.702162
 -0.439823 18.587658 30.699039
 -0.376991 20.665199 40.006180
 -0.314159 23.810121 53.564311
 -0.251327 25.824029 4.981343
 -0.188496 25.483970 -9.969283
 -0.125664 25.063420 2.832692
 -0.062832 26.272677 29.113283
 0.000000 26.275843 -28.740572
 0.062832 25.174826 1.614249
 0.125664 26.130098 16.191957
 0.188496 25.411105 -35.438300
 0.251327 23.341436 -22.828278
 0.314159 22.645162 -3.724134
 0.376991 22.258771 -9.789475
 0.439823 21.502464 -14.354820
 0.502655 20.466966 -18.165964
 0.565487 19.305317 -17.296029
 0.628319 18.507294 -7.540657
 0.691150 18.247775 -2.128817
 0.753982 18.159042 -0.533229
 0.816814 18.217940 2.394037
 0.879646 18.492333 7.066239
 0.942478 19.132922 12.257759
 1.005310 19.984871 16.895020
 1.068142 21.616558 35.693813
 1.130973 24.155131 41.067889
 1.193805 26.624345 37.685154
 1.256637 28.896459 35.991563
 1.319469 31.834191 62.480016
 1.382301 36.691528 79.051556
 1.445133 40.102488 41.716925
 1.507964 44.064012 89.198734
 1.570796 51.570054 149.638742
 1.633628 inf nan
 1.696460 inf nan
 1.759292 inf nan
 1.822124 inf nan
 1.884956 inf nan
 1.947787 inf nan
 2.010619 inf nan
 2.073451 inf nan
 2.136283 inf nan
 2.199115 inf nan
 2.261947 inf nan
 2.324779 inf nan
 2.387610 inf nan
 2.450442 inf nan
 2.513274 inf nan
 2.576106 inf nan
 2.638938 78.317239 -241.441422
 2.701770 65.116479 -178.751820
 2.764602 55.581376 -127.511186
 2.827433 47.463988 -139.302696
 2.890265 38.816982 -125.312306
 2.953097 32.143330 -87.366749
 3.015929 27.658001 -57.277456
 3.078761 24.571281 -47.206133
