#! FIELDS phi2 ffphi2 dffphi2_phi2
#! SET min_phi2 -pi
#! SET max_phi2 pi
#! SET nbins_phi2  100
#! SET periodic_phi2 true
 -3.141593 16.648386 -14.092794
 -3.078761 14.971853 -47.761233
 -3.015929 11.754070 -46.028548
 -2.953097 9.337011 -33.612252
 -2.890265 7.264894 -31.780697
 -2.827433 5.567712 -21.679146
 -2.764602 4.359350 -18.624502
 -2.701770 3.228279 -16.093728
 -2.638938 2.417555 -10.076447
 -2.576106 1.889132 -6.956153
 -2.513274 1.555123 -3.784694
 -2.450442 1.359984 -2.898870
 -2.387610 1.192305 -2.038394
 -2.324779 1.150871 0.741004
 -2.261947 1.240480 1.447977
 -2.199115 1.321053 1.677830
 -2.136283 1.501071 3.713625
 -2.073451 1.721809 2.960448
 -2.010619 1.873411 1.947445
 -1.947787 2.006539 2.733571
 -1.884956 2.257344 5.007677
 -1.822124 2.548852 3.339187
 -1.759292 2.618145 -0.936510
 -1.696460 2.524801 -1.680642
 -1.633628 2.362853 -3.855376
 -1.570796 2.076445 -5.008457
 -1.507964 1.728233 -5.945449
 -1.445133 1.378875 -5.126911
 -1.382301 1.060578 -5.078268
 -1.319469 0.762407 -4.182915
 -1.256637 0.576058 -1.498456
 -1.193805 0.582661 1.637642
 -1.130973 0.797051 5.384693
 -1.068142 1.272652 9.510461
 -1.005310 1.955568 12.163406
 -0.942478 2.847970 16.382633
 -0.879646 4.008800 20.652348
 -0.816814 5.488578 25.886055
 -0.753982 7.119342 25.123047
 -0.691150 8.742289 27.819059
 -0.628319 10.724458 34.372149
 -0.565487 12.840057 30.787271
 -0.502655 14.621302 28.003239
 -0.439823 16.657408 36.501423
 -0.376991 18.961656 35.542246
 -0.314159 21.187177 30.100826
 -0.251327 21.667647 -11.184013
 -0.188496 21.452819 11.441310
 -0.125664 22.970342 28.130602
 -0.062832 24.122153 13.468220
 0.000000 25.598759 35.556882
 0.062832 27.897619 25.100902
 0.125664 28.110994 -12.559935
 0.188496 27.119346 -13.993063
 0.251327 26.626738 -4.094675
 0.314159 25.980563 -19.088396
 0.376991 24.448922 -27.072320
 0.439823 22.804181 -23.283731
 0.502655 21.702163 -12.963399
 0.565487 20.753538 -19.241269
 0.628319 19.464280 -19.573911
 0.691150 18.413851 -13.774672
 0.753982 17.704643 -9.228091
 0.816814 17.209733 -6.669163
 0.879646 16.867598 -4.233232
 0.942478 16.706723 -0.329798
 1.005310 16.906944 7.096373
 1.068142 17.609568 15.027050
 1.130973 18.773299 21.790105
 1.193805 20.308499 26.652669
 1.256637 22.142092 31.708136
 1.319469 24.326229 38.566265
 1.382301 27.268787 56.512757
 1.445133 31.247425 61.715078
 1.507964 34.118028 34.068184
 1.570796 37.201710 70.300794
 1.633628 42.955437 101.908378
 1.696460 48.668757 64.257253
 1.759292 54.583757 124.652395
 1.822124 64.385310 187.330501
 1.884956 inf nan
 1.947787 inf nan
 2.010619 inf nan
 2.073451 inf nan
 2.136283 inf nan
 2.199115 inf nan
 2.261947 inf nan
 2.324779 inf nan
 2.387610 inf nan
 2.450442 inf nan
 2.513274 inf nan
 2.576106 inf nan
 2.638938 inf nan
 2.701770 inf nan
 2.764602 53.128198 -202.261945
 2.827433 42.107025 -149.001614
 2.890265 34.356265 -98.159307
 2.953097 29.249421 -76.862713
 3.015929 23.387343 -98.471367
 3.078761 18.517646 -52.370630
