#! FIELDS phi4 ffphi4 dffphi4_phi4
#! SET min_phi4 -pi
#! SET max_phi4 pi
#! SET nbins_phi4  100
#! SET periodic_phi4 true
 -3.141593 12.985394 -48.201355
 -3.078761 10.065987 -44.036896
 -3.015929 7.531654 -36.447182
 -2.953097 5.465626 -29.576525
 -2.890265 3.775666 -24.461662
 -2.827433 2.402592 -19.044523
 -2.764602 1.358310 -14.692104
 -2.701770 0.547351 -10.606961
 -2.638938 0.090318 -3.833202
 -2.576106 0.037099 1.719701
 -2.513274 0.262571 5.254422
 -2.450442 0.694870 8.226972
 -2.387610 1.198101 6.871198
 -2.324779 1.581605 6.140634
 -2.261947 2.016562 7.449268
 -2.199115 2.502235 7.829982
 -2.136283 2.952783 5.869817
 -2.073451 3.239430 3.816828
 -2.010619 3.476060 3.299276
 -1.947787 3.582062 -0.395338
 -1.884956 3.424960 -4.283164
 -1.822124 3.091351 -6.215979
 -1.759292 2.676403 -6.661184
 -1.696460 2.264079 -6.562818
 -1.633628 1.868494 -5.927390
 -1.570796 1.511627 -5.527479
 -1.507964 1.173898 -5.220871
 -1.445133 0.890765 -3.239702
 -1.382301 0.818625 0.830414
 -1.319469 0.960280 3.611971
 -1.256637 1.308165 7.689931
 -1.193805 1.929732 11.877061
 -1.130973 2.801935 16.108168
 -1.068142 3.979087 20.953017
 -1.005310 5.387541 23.666196
 -0.942478 6.956355 26.018355
 -0.879646 8.678892 28.608565
 -0.816814 10.502304 28.983032
 -0.753982 12.429060 33.106651
 -0.691150 14.668086 36.718046
 -0.628319 16.945440 35.371568
 -0.565487 19.181643 35.692435
 -0.502655 21.484090 37.553256
 -0.439823 23.905688 38.161323
 -0.376991 26.186080 33.897552
 -0.314159 28.262436 32.595360
 -0.251327 30.351581 33.019608
 -0.188496 32.298190 27.804278
 -0.125664 33.844823 21.496006
 -0.062832 35.033108 15.685986
 0.000000 35.719622 5.427369
 0.062832 35.738083 -4.224173
 0.125664 35.223258 -12.911438
 0.188496 34.028354 -25.008042
 0.251327 32.183037 -32.726367
 0.314159 30.007740 -36.328495
 0.376991 27.598399 -40.300375
 0.439823 25.001773 -41.994148
 0.502655 22.319553 -43.374523
 0.565487 19.592432 -42.879250
 0.628319 16.998679 -39.275899
 0.691150 14.664653 -35.287105
 0.753982 12.554768 -31.512836
 0.816814 10.747383 -25.958564
 0.879646 9.306449 -19.644849
 0.942478 8.282704 -13.174797
 1.005310 7.661285 -5.989230
 1.068142 7.617632 4.729440
 1.130973 8.180673 12.487540
 1.193805 9.189778 19.905116
 1.256637 10.690625 27.800816
 1.319469 12.727674 37.110632
 1.382301 15.339131 45.219805
 1.445133 18.398083 51.791303
 1.507964 21.933780 60.082180
 1.570796 25.973632 66.562006
 1.633628 30.247881 66.371377
 1.696460 34.433777 65.301145
 1.759292 38.678909 67.079727
 1.822124 42.839042 62.898851
 1.884956 46.707295 57.960335
 1.947787 50.117268 48.317207
 2.010619 52.887652 39.580876
 2.073451 55.172870 31.827251
 2.136283 56.788248 18.685337
 2.199115 57.528033 4.555955
 2.261947 57.417404 -7.340648
 2.324779 56.618074 -19.092830
 2.387610 54.948457 -33.591196
 2.450442 52.502917 -43.513089
 2.513274 49.498970 -52.286741
 2.576106 46.041729 -55.738160
 2.638938 42.596930 -55.105438
 2.701770 38.924860 -62.207756
 2.764602 34.863931 -65.634221
 2.827433 30.807107 -63.106016
 2.890265 26.942057 -59.992914
 2.953097 23.211466 -59.254809
 3.015929 19.521243 -57.239985
 3.078761 16.105458 -51.521978
