#! FIELDS phi4 ffphi4 dffphi4_phi4
#! SET min_phi4 -pi
#! SET max_phi4 pi
#! SET nbins_phi4  100
#! SET periodic_phi4 true
 -3.141593 12.957072 -48.216694
 -3.078761 10.039614 -43.941064
 -3.015929 7.517013 -36.212182
 -2.953097 5.457545 -29.667975
 -2.890265 3.753646 -24.717028
 -2.827433 2.370165 -19.116396
 -2.764602 1.324156 -14.694311
 -2.701770 0.518095 -10.403733
 -2.638938 0.078794 -3.563041
 -2.576106 0.032031 1.640402
 -2.513274 0.247357 5.076332
 -2.450442 0.669906 8.085441
 -2.387610 1.170393 7.011118
 -2.324779 1.571774 6.447018
 -2.261947 2.018944 7.533261
 -2.199115 2.502578 7.699751
 -2.136283 2.950008 5.998723
 -2.073451 3.251154 3.991019
 -2.010619 3.485888 3.134623
 -1.947787 3.585305 -0.402933
 -1.884956 3.432034 -4.182113
 -1.822124 3.104665 -6.135756
 -1.759292 2.692535 -6.634409
 -1.696460 2.284566 -6.453872
 -1.633628 1.891480 -6.002151
 -1.570796 1.526421 -5.637773
 -1.507964 1.187926 -5.160411
 -1.445133 0.907168 -3.253678
 -1.382301 0.831049 0.755890
 -1.319469 0.974953 3.779503
 -1.256637 1.332423 7.724839
 -1.193805 1.948980 11.775980
 -1.130973 2.820147 16.147137
 -1.068142 3.997537 20.909761
 -1.005310 5.401696 23.574096
 -0.942478 6.962454 25.862543
 -0.879646 8.676833 28.546466
 -0.816814 10.503522 29.123076
 -0.753982 12.436313 33.105896
 -0.691150 14.669147 36.577628
 -0.628319 16.941984 35.367958
 -0.565487 19.181978 35.831381
 -0.502655 21.494794 37.686342
 -0.439823 23.921633 38.181856
 -0.376991 26.197510 33.796732
 -0.314159 28.278170 32.795419
 -0.251327 30.374466 33.008476
 -0.188496 32.318547 27.771353
 -0.125664 33.864496 21.491217
 -0.062832 35.052620 15.712155
 0.000000 35.746085 5.613683
 0.062832 35.776644 -4.059178
 0.125664 35.269788 -12.801859
 0.188496 34.081635 -24.928679
 0.251327 32.238211 -32.720987
 0.314159 30.063891 -36.306874
 0.376991 27.656586 -40.256534
 0.439823 25.059457 -42.085664
 0.502655 22.369344 -43.469696
 0.565487 19.642564 -42.791071
 0.628319 17.055256 -39.178853
 0.691150 14.725860 -35.246046
 0.753982 12.615400 -31.568623
 0.816814 10.805493 -25.941534
 0.879646 9.369182 -19.558725
 0.942478 8.347425 -13.194873
 1.005310 7.724784 -5.991042
 1.068142 7.679767 4.656435
 1.130973 8.235746 12.380085
 1.193805 9.242928 19.957094
 1.256637 10.749373 27.890423
 1.319469 12.789135 37.101106
 1.382301 15.397895 45.170707
 1.445133 18.456780 51.819196
 1.507964 21.991175 60.018143
 1.570796 26.028231 66.551122
 1.633628 30.305266 66.486394
 1.696460 34.500517 65.424853
 1.759292 38.747178 67.015316
 1.822124 42.906538 62.949260
 1.884956 46.778453 57.998828
 1.947787 50.194572 48.502437
 2.010619 52.976144 39.673325
 2.073451 55.263412 31.838422
 2.136283 56.874707 18.452957
 2.199115 57.590998 4.218955
 2.261947 57.472545 -7.351756
 2.324779 56.667665 -19.268533
 2.387610 54.985451 -33.762400
 2.450442 52.533687 -43.582593
 2.513274 49.524239 -52.353827
 2.576106 46.064400 -55.829188
 2.638938 42.605477 -55.401335
 2.701770 38.924081 -62.152480
 2.764602 34.872560 -65.508631
 2.827433 30.814652 -63.243314
 2.890265 26.937630 -60.226178
 2.953097 23.192062 -59.445874
 3.015929 19.497102 -57.226705
 3.078761 16.080530 -51.585369
