#! FIELDS phi3 ffphi3 dffphi3_phi3
#! SET min_phi3 -pi
#! SET max_phi3 pi
#! SET nbins_phi3  100
#! SET periodic_phi3 true
 -3.141593 20.852157 -50.067631
 -3.078761 17.855134 -46.742232
 -3.015929 14.940767 -44.962912
 -2.953097 12.351983 -36.861584
 -2.890265 10.311610 -28.426897
 -2.827433 8.701301 -23.610598
 -2.764602 7.308755 -20.102123
 -2.701770 6.274466 -12.914381
 -2.638938 5.528496 -12.216885
 -2.576106 4.732463 -12.178418
 -2.513274 4.080344 -8.663969
 -2.450442 3.553342 -9.096383
 -2.387610 2.916669 -10.306489
 -2.324779 2.386512 -6.220455
 -2.261947 2.073852 -4.274927
 -2.199115 1.921886 0.389143
 -2.136283 2.054723 1.742036
 -2.073451 2.012041 -2.112019
 -2.010619 1.926425 -0.845745
 -1.947787 1.825162 -2.434452
 -1.884956 1.659576 -3.045885
 -1.822124 1.399373 -5.026893
 -1.759292 1.124945 -3.256971
 -1.696460 0.941393 -3.476538
 -1.633628 0.666920 -4.489171
 -1.570796 0.454547 -2.577695
 -1.507964 0.285068 -2.962018
 -1.445133 0.066879 -4.157123
 -1.382301 -0.185796 -3.250255
 -1.319469 -0.291311 0.334934
 -1.256637 -0.083478 6.064751
 -1.193805 0.388022 8.441064
 -1.130973 1.025251 12.822142
 -1.068142 2.045468 18.815004
 -1.005310 3.321759 22.000930
 -0.942478 4.831662 25.423143
 -0.879646 6.510441 28.353561
 -0.816814 8.422342 31.846619
 -0.753982 10.497539 34.267382
 -0.691150 12.787015 38.015513
 -0.628319 15.168424 36.491425
 -0.565487 17.536627 41.025882
 -0.502655 20.474701 50.012744
 -0.439823 23.409743 40.957147
 -0.376991 25.842707 38.795332
 -0.314159 28.444000 41.875034
 -0.251327 30.919523 36.515343
 -0.188496 33.224057 37.597500
 -0.125664 35.635497 36.683137
 -0.062832 37.645558 26.914864
 0.000000 39.104513 18.847461
 0.062832 39.926808 7.498584
 0.125664 40.222935 2.369327
 0.188496 40.091283 -8.091044
 0.251327 39.222774 -18.320641
 0.314159 37.884734 -24.207708
 0.376991 36.201062 -28.946621
 0.439823 34.276351 -32.299457
 0.502655 32.220854 -32.082872
 0.565487 30.275064 -30.249704
 0.628319 28.443007 -27.703572
 0.691150 26.728763 -27.474487
 0.753982 25.081862 -23.405867
 0.816814 23.884036 -15.212129
 0.879646 23.045311 -11.868994
 0.942478 22.474096 -5.520218
 1.005310 22.384490 2.507259
 1.068142 22.713920 7.068886
 1.130973 23.272127 11.706514
 1.193805 24.273611 19.584670
 1.256637 25.608122 22.548458
 1.319469 27.229789 30.171440
 1.382301 29.452099 39.589521
 1.445133 32.066802 42.434404
 1.507964 34.819763 45.550129
 1.570796 37.948512 53.834166
 1.633628 41.536314 57.901558
 1.696460 45.144298 56.039319
 1.759292 48.859021 62.805640
 1.822124 53.399158 82.133659
 1.884956 59.435045 107.479267
 1.947787 67.552740 140.074032
 2.010619 inf nan
 2.073451 inf nan
 2.136283 inf nan
 2.199115 inf nan
 2.261947 inf nan
 2.324779 inf nan
 2.387610 inf nan
 2.450442 79.444531 -202.550137
 2.513274 68.520817 -144.810447
 2.576106 60.960792 -99.119843
 2.638938 55.455368 -80.333016
 2.701770 50.590431 -75.691849
 2.764602 45.810015 -76.109204
 2.827433 41.119116 -72.956223
 2.890265 36.619252 -70.259514
 2.953097 32.313662 -66.561957
 3.015929 28.223202 -64.114302
 3.078761 24.293851 -59.638454
