#! FIELDS psi4 ffpsi4 dffpsi4_psi4
#! SET min_psi4 -pi
#! SET max_psi4 pi
#! SET nbins_psi4  100
#! SET periodic_psi4 true
 -3.141593 4.944098 21.680083
 -3.078761 6.491320 26.059458
 -3.015929 8.014699 22.309626
 -2.953097 9.427795 21.988197
 -2.890265 10.641757 17.601034
 -2.827433 12.095426 31.376183
 -2.764602 14.233738 27.400997
 -2.701770 15.268832 13.231954
 -2.638938 16.417237 20.281889
 -2.576106 17.356532 11.939342
 -2.513274 18.773601 37.275841
 -2.450442 21.524204 34.926109
 -2.387610 22.258578 2.736175
 -2.324779 23.090165 22.723262
 -2.261947 24.298641 7.501193
 -2.199115 24.150804 -4.306488
 -2.136283 23.942611 -7.623184
 -2.073451 23.126301 -12.991193
 -2.010619 22.565747 -7.250168
 -1.947787 22.101054 -6.114818
 -1.884956 21.571618 -14.031374
 -1.822124 20.594145 -13.966899
 -1.759292 19.731756 -15.369244
 -1.696460 18.700362 -15.604678
 -1.633628 17.890927 -11.444372
 -1.570796 17.015953 -16.721791
 -1.507964 15.715251 -26.598396
 -1.445133 13.972878 -22.572673
 -1.382301 13.289427 -0.739079
 -1.319469 13.264710 -4.849967
 -1.256637 12.577557 -15.615980
 -1.193805 11.565744 -14.073562
 -1.130973 10.845376 -11.295562
 -1.068142 9.923746 -17.396407
 -1.005310 8.865304 -15.607390
 -0.942478 7.813495 -19.220040
 -0.879646 6.589172 -17.532179
 -0.816814 5.661065 -13.417467
 -0.753982 4.767731 -14.855963
 -0.691150 3.891607 -12.364829
 -0.628319 3.242739 -8.557034
 -0.565487 2.761280 -7.013887
 -0.502655 2.377123 -5.055831
 -0.439823 2.109477 -3.715754
 -0.376991 1.955721 -0.502858
 -0.314159 2.044954 2.547374
 -0.251327 2.200306 2.274432
 -0.188496 2.354110 2.725786
 -0.125664 2.578324 5.020456
 -0.062832 3.015385 7.538990
 0.000000 3.286892 0.850481
 0.062832 3.336610 2.037432
 0.125664 3.536833 4.135096
 0.188496 3.926816 8.224712
 0.251327 4.389440 4.631058
 0.314159 4.482782 -0.289095
 0.376991 4.540560 2.568709
 0.439823 4.722970 2.015401
 0.502655 4.765988 0.132034
 0.565487 4.791769 0.281243
 0.628319 4.787784 0.019329
 0.691150 4.825604 0.839369
 0.753982 4.848758 -0.483741
 0.816814 4.722152 -3.280762
 0.879646 4.596535 0.308573
 0.942478 4.679648 0.638145
 1.005310 4.657670 0.104988
 1.068142 4.812969 4.340801
 1.130973 5.111849 5.342939
 1.193805 5.587265 9.833511
 1.256637 6.173529 7.141685
 1.319469 6.551955 6.563657
 1.382301 7.033738 7.594848
 1.445133 7.407870 4.160514
 1.507964 7.558567 0.976852
 1.570796 7.724921 5.536722
 1.633628 8.119088 4.507473
 1.696460 8.202139 -0.701492
 1.759292 8.159012 -0.713072
 1.822124 8.040119 -3.487736
 1.884956 7.709115 -7.506438
 1.947787 7.076320 -11.817459
 2.010619 6.415500 -7.867839
 2.073451 6.052922 -6.029142
 2.136283 5.414974 -13.941298
 2.199115 4.508777 -13.344051
 2.261947 3.814164 -9.344648
 2.324779 3.237719 -9.326656
 2.387610 2.607213 -10.934175
 2.450442 1.946927 -9.384538
 2.513274 1.408435 -7.973447
 2.576106 1.031159 -3.370244
 2.638938 0.916768 -1.362093
 2.701770 0.864585 0.380359
 2.764602 0.960681 2.239278
 2.827433 1.176370 4.817340
 2.890265 1.525705 6.321029
 2.953097 2.072272 11.361371
 3.015929 2.874362 13.412813
 3.078761 3.776837 15.864385
