#! FIELDS phi4 ffphi4 dffphi4_phi4
#! SET min_phi4 -pi
#! SET max_phi4 pi
#! SET nbins_phi4  100
#! SET periodic_phi4 true
 -3.141593 12.994596 -48.052256
 -3.078761 10.106767 -43.669753
 -3.015929 7.610374 -34.864243
 -2.953097 5.701372 -27.404285
 -2.890265 4.012949 -26.116314
 -2.827433 2.560185 -19.345222
 -2.764602 1.560875 -13.066713
 -2.701770 0.890647 -8.021694
 -2.638938 0.596912 -1.436445
 -2.576106 0.570890 -0.962879
 -2.513274 0.477224 -0.327154
 -2.450442 0.677163 6.372589
 -2.387610 1.175523 8.780658
 -2.324779 1.727217 8.293318
 -2.261947 2.166039 5.761616
 -2.199115 2.550440 6.613861
 -2.136283 2.911972 4.363912
 -2.073451 3.125311 2.695853
 -2.010619 3.287356 2.723511
 -1.947787 3.449656 1.284446
 -1.884956 3.274842 -7.091221
 -1.822124 2.769490 -6.895029
 -1.759292 2.475766 -3.747495
 -1.696460 2.142308 -6.864414
 -1.633628 1.681045 -7.776293
 -1.570796 1.166187 -7.966639
 -1.507964 0.807515 -3.115626
 -1.445133 0.672118 -2.380039
 -1.382301 0.537729 -0.345573
 -1.319469 0.738001 6.033917
 -1.256637 1.182791 7.897925
 -1.193805 1.775863 11.443481
 -1.130973 2.664369 16.642703
 -1.068142 3.849883 20.999488
 -1.005310 5.251402 22.695958
 -0.942478 6.706681 24.284681
 -0.879646 8.394936 29.507648
 -0.816814 10.392069 33.084984
 -0.753982 12.462223 32.324993
 -0.691150 14.549771 34.226288
 -0.628319 16.722424 34.295960
 -0.565487 18.981794 37.823677
 -0.502655 21.374113 36.642066
 -0.439823 23.582320 33.524860
 -0.376991 25.722042 35.609255
 -0.314159 28.125871 38.894812
 -0.251327 30.324802 29.720355
 -0.188496 31.964024 23.163053
 -0.125664 33.359699 21.244807
 -0.062832 34.623091 18.438596
 0.000000 35.559359 10.022572
 0.062832 35.790690 -3.800877
 0.125664 35.066178 -17.363250
 0.188496 33.827865 -22.125206
 0.251327 32.166888 -31.281912
 0.314159 29.939878 -39.086048
 0.376991 27.284126 -44.785172
 0.439823 24.494025 -42.744135
 0.502655 21.901309 -41.112885
 0.565487 19.233051 -42.844835
 0.628319 16.698903 -37.303080
 0.691150 14.496440 -33.246050
 0.753982 12.514405 -29.952181
 0.816814 10.714756 -26.793651
 0.879646 9.278175 -18.364340
 0.942478 8.358703 -11.831118
 1.005310 7.721583 -7.992214
 1.068142 7.521109 2.522292
 1.130973 7.987254 11.502397
 1.193805 8.992208 21.129655
 1.256637 10.647375 30.796344
 1.319469 12.794905 37.310994
 1.382301 15.405775 45.863955
 1.445133 18.536720 52.520462
 1.507964 22.057449 59.212530
 1.570796 25.987817 63.275788
 1.633628 30.049954 65.136353
 1.696460 34.413619 71.369489
 1.759292 38.862899 65.849924
 1.822124 42.879899 61.408052
 1.884956 46.753172 58.301599
 1.947787 50.125405 47.716047
 2.010619 52.911330 39.473177
 2.073451 55.070682 29.088406
 2.136283 56.641984 19.774465
 2.199115 57.450275 5.644321
 2.261947 57.381046 -7.887662
 2.324779 56.490872 -20.278795
 2.387610 54.834668 -32.581697
 2.450442 52.477111 -41.246990
 2.513274 49.680530 -48.335033
 2.576106 46.368523 -56.881626
 2.638938 42.599643 -62.195033
 2.701770 38.665902 -61.996597
 2.764602 34.903400 -57.750129
 2.827433 31.321757 -57.248921
 2.890265 27.581695 -62.035358
 2.953097 23.666004 -61.126811
 3.015929 19.895074 -59.777657
 3.078761 16.221329 -55.453736
