#! FIELDS psi3 ffpsi3 dffpsi3_psi3
#! SET min_psi3 -pi
#! SET max_psi3 pi
#! SET nbins_psi3  100
#! SET periodic_psi3 true
 -3.141593 8.482772 12.188594
 -3.078761 9.058744 7.329451
 -3.015929 9.794877 18.710634
 -2.953097 11.367225 28.704127
 -2.890265 13.288418 32.669790
 -2.827433 15.157280 22.266033
 -2.764602 16.300793 19.375708
 -2.701770 17.796375 25.180685
 -2.638938 19.369542 28.077179
 -2.576106 21.541182 36.300915
 -2.513274 23.254124 19.053890
 -2.450442 24.251767 9.831761
 -2.387610 24.317674 -5.841162
 -2.324779 23.751544 -10.949486
 -2.261947 23.288826 -0.016700
 -2.199115 23.888896 15.088923
 -2.136283 24.250943 -6.944563
 -2.073451 23.768506 -0.993893
 -2.010619 24.390284 16.929375
 -1.947787 24.956577 -5.491901
 -1.884956 23.884236 -21.064208
 -1.822124 23.098365 -1.319578
 -1.759292 23.525095 9.085103
 -1.696460 23.475751 -11.889646
 -1.633628 22.425867 -17.819127
 -1.570796 21.651568 -4.475653
 -1.507964 21.676907 -0.229375
 -1.445133 21.231504 -13.271220
 -1.382301 20.133768 -19.112996
 -1.319469 18.903079 -25.215593
 -1.256637 16.751194 -36.803883
 -1.193805 14.792540 -26.702228
 -1.130973 13.137130 -26.623354
 -1.068142 11.466392 -26.320461
 -1.005310 9.910343 -22.385257
 -0.942478 8.637174 -19.202522
 -0.879646 7.445942 -18.275902
 -0.816814 6.356155 -16.495786
 -0.753982 5.408069 -13.759973
 -0.691150 4.513384 -15.589627
 -0.628319 3.492418 -15.831741
 -0.565487 2.585182 -13.279967
 -0.502655 1.800579 -11.599328
 -0.439823 1.152471 -9.022897
 -0.376991 0.657822 -6.626820
 -0.314159 0.344677 -3.357311
 -0.251327 0.203118 -1.646047
 -0.188496 0.097721 -1.460163
 -0.125664 0.098774 1.580943
 -0.062832 0.236644 2.556265
 0.000000 0.487535 5.836410
 0.062832 0.900633 6.105594
 0.125664 1.182877 3.290051
 0.188496 1.468623 6.648751
 0.251327 1.937883 6.662831
 0.314159 2.267390 4.767510
 0.376991 2.623464 6.515124
 0.439823 3.066079 7.392601
 0.502655 3.557791 8.047774
 0.565487 3.987196 4.972307
 0.628319 4.277767 5.282199
 0.691150 4.611867 4.316782
 0.753982 4.822040 3.053676
 0.816814 5.097490 6.053743
 0.879646 5.488178 5.062284
 0.942478 5.709657 2.429075
 1.005310 5.846647 2.532240
 1.068142 6.103170 5.182838
 1.130973 6.377884 3.538082
 1.193805 6.644998 4.637279
 1.256637 6.852504 2.232979
 1.319469 7.058392 4.222083
 1.382301 7.222306 0.263795
 1.445133 7.262397 2.677948
 1.507964 7.538574 4.460662
 1.570796 7.648916 -1.664241
 1.633628 7.434909 -3.063355
 1.696460 7.358738 -0.645609
 1.759292 7.285994 -0.590109
 1.822124 7.340286 0.692762
 1.884956 7.172765 -5.129745
 1.947787 6.971646 -0.675591
 2.010619 6.929057 -2.032418
 2.073451 6.727780 -3.587962
 2.136283 6.542706 -2.244399
 2.199115 6.392150 -3.205500
 2.261947 6.134824 -4.998565
 2.324779 5.745179 -6.810404
 2.387610 5.400450 -4.276474
 2.450442 5.134145 -4.014107
 2.513274 4.972155 -1.271734
 2.576106 4.912025 -0.497317
 2.638938 4.983681 2.578650
 2.701770 5.123785 1.239686
 2.764602 5.188754 1.662205
 2.827433 5.384305 4.420297
 2.890265 5.765606 8.020552
 2.953097 6.357907 9.915129
 3.015929 6.952127 9.288465
 3.078761 7.635425 12.930176
