#! FIELDS phi3 ffphi3 dffphi3_phi3
#! SET min_phi3 -pi
#! SET max_phi3 pi
#! SET nbins_phi3  100
#! SET periodic_phi3 true
 -3.141593 20.916517 -53.630611
 -3.078761 17.731026 -47.712411
 -3.015929 14.860105 -43.952703
 -2.953097 12.290095 -36.846055
 -2.890265 10.240925 -29.083084
 -2.827433 8.585950 -23.541137
 -2.764602 7.287233 -17.873910
 -2.701770 6.291941 -14.556878
 -2.638938 5.411562 -13.066312
 -2.576106 4.730692 -8.423738
 -2.513274 4.277419 -6.953896
 -2.450442 3.821857 -7.187853
 -2.387610 3.410397 -6.062494
 -2.324779 3.035035 -5.702371
 -2.261947 2.733128 -4.082107
 -2.199115 2.484817 -3.813480
 -2.136283 2.283179 -2.576303
 -2.073451 2.136505 -2.276772
 -2.010619 2.007131 -1.975780
 -1.947787 1.847397 -3.106700
 -1.884956 1.668058 -2.399070
 -1.822124 1.548437 -1.645935
 -1.759292 1.407329 -3.011006
 -1.696460 1.212415 -3.169101
 -1.633628 0.957714 -5.154863
 -1.570796 0.625388 -4.946898
 -1.507964 0.316180 -5.308662
 -1.445133 -0.032721 -5.544075
 -1.382301 -0.348988 -4.227871
 -1.319469 -0.516751 -0.658126
 -1.256637 -0.371337 5.254670
 -1.193805 0.078791 8.599422
 -1.130973 0.718815 12.097675
 -1.068142 1.662085 17.890904
 -1.005310 2.850061 18.838068
 -0.942478 4.088155 21.475112
 -0.879646 5.626771 27.989110
 -0.816814 7.667312 36.045504
 -0.753982 9.994575 36.879933
 -0.691150 12.272384 34.761329
 -0.628319 14.453382 35.885323
 -0.565487 16.948405 43.255462
 -0.502655 19.800565 45.257469
 -0.439823 22.468114 39.344256
 -0.376991 25.010635 41.764232
 -0.314159 27.584751 38.155927
 -0.251327 29.989818 38.852467
 -0.188496 32.406577 37.307628
 -0.125664 34.775198 37.091545
 -0.062832 36.912782 28.816993
 0.000000 38.348196 17.117223
 0.062832 39.190162 10.346725
 0.125664 39.708243 5.461763
 0.188496 39.717219 -6.260439
 0.251327 38.954592 -16.986877
 0.314159 37.684005 -22.992432
 0.376991 36.112175 -26.996222
 0.439823 34.269182 -31.660110
 0.502655 32.177190 -34.578311
 0.565487 29.984516 -34.261974
 0.628319 27.958940 -30.685533
 0.691150 25.969427 -33.245071
 0.753982 23.925564 -29.844907
 0.816814 22.347564 -20.625860
 0.879646 21.245685 -14.985218
 0.942478 20.442608 -10.452668
 1.005310 19.980260 -3.796621
 1.068142 20.003602 4.549731
 1.130973 20.554749 13.246207
 1.193805 21.708250 23.147056
 1.256637 23.361188 28.915663
 1.319469 25.416455 36.958238
 1.382301 27.993992 43.983644
 1.445133 30.881851 47.187482
 1.507964 33.977845 50.873100
 1.570796 37.350322 55.821013
 1.633628 41.032872 59.680786
 1.696460 44.810452 58.468893
 1.759292 48.507319 59.018715
 1.822124 52.428549 64.223913
 1.884956 56.562289 64.996262
 1.947787 60.766170 67.098551
 2.010619 63.648169 7.730928
 2.073451 64.211230 28.280819
 2.136283 67.895445 89.583472
 2.199115 75.493592 152.273074
 2.261947 inf nan
 2.324779 inf nan
 2.387610 94.100861 -247.033602
 2.450442 80.026077 -192.308977
 2.513274 69.356259 -146.408620
 2.576106 61.302270 -111.198183
 2.638938 55.246139 -82.842074
 2.701770 50.530524 -71.192635
 2.764602 45.954951 -74.608233
 2.827433 41.257389 -74.270165
 2.890265 36.651341 -71.849364
 2.953097 32.287253 -66.953625
 3.015929 28.206580 -62.891157
 3.078761 24.418353 -57.719390
