#! FIELDS psi2 ffpsi2 dffpsi2_psi2
#! SET min_psi2 -pi
#! SET max_psi2 pi
#! SET nbins_psi2  100
#! SET periodic_psi2 true
 -3.141593 4.963437 18.118411
 -3.078761 6.170249 18.637785
 -3.015929 7.361238 21.578203
 -2.953097 8.962702 26.663614
 -2.890265 10.361470 17.995933
 -2.827433 11.546096 21.402440
 -2.764602 13.062130 25.378949
 -2.701770 14.580812 22.936443
 -2.638938 16.106843 25.881094
 -2.576106 17.708042 23.212060
 -2.513274 18.939954 15.819802
 -2.450442 19.712089 8.632467
 -2.387610 19.926548 -3.037766
 -2.324779 19.456320 -9.638068
 -2.261947 18.823201 -10.867874
 -2.199115 18.109858 -11.462639
 -2.136283 17.367754 -12.529853
 -2.073451 16.555025 -12.767914
 -2.010619 15.806868 -11.101033
 -1.947787 15.147712 -9.923213
 -1.884956 14.564094 -8.732054
 -1.822124 14.007216 -9.407965
 -1.759292 13.387301 -9.966182
 -1.696460 12.785794 -9.100100
 -1.633628 12.288163 -6.219733
 -1.570796 12.007651 -3.504798
 -1.507964 11.707542 -6.674662
 -1.445133 11.259339 -6.383813
 -1.382301 10.947824 -3.984640
 -1.319469 10.732150 -2.612480
 -1.256637 10.665357 0.342438
 -1.193805 10.685627 -0.555287
 -1.130973 10.585364 -2.028337
 -1.068142 10.489643 -1.163010
 -1.005310 10.424888 -0.729662
 -0.942478 10.398399 -0.679552
 -0.879646 10.268340 -3.789286
 -0.816814 9.903193 -7.881958
 -0.753982 9.337028 -9.309558
 -0.691150 8.774265 -9.239952
 -0.628319 8.099995 -12.123090
 -0.565487 7.315826 -12.402482
 -0.502655 6.525265 -13.498652
 -0.439823 5.636854 -13.501331
 -0.376991 4.934197 -8.897216
 -0.314159 4.509521 -4.657250
 -0.251327 4.266253 -4.637590
 -0.188496 3.820498 -8.401185
 -0.125664 3.422677 -3.988302
 -0.062832 3.260542 -0.820735
 0.000000 3.376534 3.599757
 0.062832 3.515456 -0.079189
 0.125664 3.452831 -0.781742
 0.188496 3.431178 -0.607465
 0.251327 3.340773 -2.022520
 0.314159 3.236543 -1.052644
 0.376991 3.208741 0.115663
 0.439823 3.248329 0.609165
 0.502655 3.174972 -3.641370
 0.565487 2.832019 -6.056014
 0.628319 2.564267 -1.952338
 0.691150 2.527552 -0.379795
 0.753982 2.474014 -0.918859
 0.816814 2.400871 -2.142798
 0.879646 2.221526 -2.243981
 0.942478 2.235737 2.355005
 1.005310 2.440425 3.515940
 1.068142 2.560423 -0.011037
 1.130973 2.628324 4.005453
 1.193805 3.102104 9.391485
 1.256637 3.545091 4.546282
 1.319469 3.920325 8.374543
 1.382301 4.481608 8.656867
 1.445133 5.046983 8.957133
 1.507964 5.471344 4.079472
 1.570796 5.630003 1.554867
 1.633628 5.736616 2.132340
 1.696460 5.906788 3.535325
 1.759292 6.171710 3.258921
 1.822124 6.130767 -3.781136
 1.884956 5.947963 -1.361742
 1.947787 5.864021 -1.913512
 2.010619 5.723313 -2.868545
 2.073451 5.441739 -6.235186
 2.136283 4.961172 -8.658771
 2.199115 4.442437 -7.481269
 2.261947 3.987741 -7.297507
 2.324779 3.556195 -6.200786
 2.387610 3.196147 -5.677271
 2.450442 2.755319 -8.768381
 2.513274 2.215777 -6.910660
 2.576106 1.925369 -3.170518
 2.638938 1.724869 -3.493084
 2.701770 1.541018 -1.541022
 2.764602 1.565872 1.716705
 2.827433 1.667299 1.487456
 2.890265 1.845868 4.514346
 2.953097 2.193618 6.701659
 3.015929 2.840204 14.587893
 3.078761 3.897763 17.047262
