#! FIELDS psi2 ffpsi2 dffpsi2_psi2
#! SET min_psi2 -pi
#! SET max_psi2 pi
#! SET nbins_psi2  100
#! SET periodic_psi2 true
 -3.141593 14.867264 56.759711
 -3.078761 18.396236 53.390426
 -3.015929 21.673883 50.232122
 -2.953097 24.810224 48.903446
 -2.890265 27.987879 52.191641
 -2.827433 31.518492 59.202204
 -2.764602 35.416219 63.230522
 -2.701770 39.439134 61.369526
 -2.638938 43.092815 54.294934
 -2.576106 46.684411 61.462164
 -2.513274 51.032230 70.624159
 -2.450442 53.739836 15.602881
 -2.387610 55.709005 56.106020
 -2.324779 61.186046 118.382463
 -2.261947 70.593687 181.072065
 -2.199115 inf nan
 -2.136283 inf nan
 -2.073451 inf nan
 -2.010619 inf nan
 -1.947787 inf nan
 -1.884956 inf nan
 -1.822124 79.734192 -220.659508
 -1.759292 67.839198 -157.969906
 -1.696460 59.883108 -95.280304
 -1.633628 55.865885 -32.593806
 -1.570796 55.779567 29.410357
 -1.507964 58.252212 -1.396349
 -1.445133 53.854448 -81.823327
 -1.382301 49.574647 -55.881955
 -1.319469 46.646901 -39.388839
 -1.256637 44.270702 -38.830719
 -1.193805 41.724612 -39.797334
 -1.130973 39.526153 -30.329541
 -1.068142 37.735106 -28.253904
 -1.005310 35.927524 -27.641376
 -0.942478 34.446615 -20.374231
 -0.879646 33.104367 -23.767760
 -0.816814 31.393010 -29.813948
 -0.753982 29.649169 -24.193294
 -0.691150 28.212779 -25.071558
 -0.628319 26.186111 -36.653755
 -0.565487 24.228067 -24.021623
 -0.502655 22.789123 -26.180625
 -0.439823 20.927237 -29.912120
 -0.376991 19.230713 -24.753552
 -0.314159 17.645172 -26.195660
 -0.251327 16.110753 -20.653739
 -0.188496 15.178416 -10.004180
 -0.125664 14.118257 -30.621838
 -0.062832 11.999664 -25.774116
 0.000000 11.528176 10.643416
 0.062832 12.780049 19.700462
 0.125664 12.779138 -20.173601
 0.188496 10.714395 -42.840847
 0.251327 8.497540 -18.442266
 0.314159 8.806638 25.955081
 0.376991 10.663823 20.157307
 0.439823 11.008662 -2.014496
 0.502655 10.843425 -4.845008
 0.565487 10.211143 -13.802039
 0.628319 9.388702 -11.774977
 0.691150 8.731018 -8.729651
 0.753982 8.334638 -4.426481
 0.816814 8.031193 -6.002263
 0.879646 7.582377 -8.189280
 0.942478 7.095472 -5.272382
 1.005310 7.147567 6.487023
 1.068142 7.513998 1.761935
 1.130973 7.380620 -3.860780
 1.193805 7.204969 -1.142260
 1.256637 7.220522 0.114359
 1.319469 7.029101 -5.910204
 1.382301 6.675582 -4.736138
 1.445133 6.343898 -6.328813
 1.507964 5.903981 -7.403279
 1.570796 5.514562 -4.601148
 1.633628 5.144077 -9.063967
 1.696460 4.364989 -15.102722
 1.759292 3.320096 -16.888362
 1.822124 2.492755 -8.113285
 1.884956 2.231095 -2.112660
 1.947787 2.003180 -6.026547
 2.010619 1.591004 -5.494282
 2.073451 1.335077 -3.583960
 2.136283 1.107906 -3.440211
 2.199115 0.838985 -6.180836
 2.261947 0.331197 -9.002852
 2.324779 -0.245625 -10.091792
 2.387610 -0.938051 -10.363877
 2.450442 -1.368823 -2.889842
 2.513274 -1.216873 8.190522
 2.576106 -0.504707 12.037368
 2.638938 0.174816 10.366350
 2.701770 0.980085 16.282388
 2.764602 2.180597 19.623720
 2.827433 3.216222 14.992319
 2.890265 4.612206 32.292536
 2.953097 7.136058 43.008769
 3.015929 9.477585 31.543320
 3.078761 11.663061 41.919822
