#! FIELDS phi4 ffphi4 dffphi4_phi4
#! SET min_phi4 -pi
#! SET max_phi4 pi
#! SET nbins_phi4  100
#! SET periodic_phi4 true
 -3.141593 13.613228 -39.942581
 -3.078761 10.693063 -61.922176
 -3.015929 5.866210 -78.053811
 -2.953097 2.233207 -33.088143
 -2.890265 1.839420 18.780441
 -2.827433 3.609110 20.614348
 -2.764602 3.422399 -14.659044
 -2.701770 2.969295 2.270679
 -2.638938 3.246446 -1.318253
 -2.576106 2.390020 -21.274881
 -2.513274 1.369977 -7.298924
 -2.450442 1.479179 8.022112
 -2.387610 2.105168 11.617218
 -2.324779 2.966090 14.615907
 -2.261947 3.556009 1.434546
 -2.199115 3.338286 -4.449064
 -2.136283 3.250926 1.458344
 -2.073451 3.450709 4.304929
 -2.010619 3.725252 4.215169
 -1.947787 3.779825 -7.282174
 -1.884956 2.653874 -21.525163
 -1.822124 1.968481 2.508253
 -1.759292 2.762788 15.638734
 -1.696460 2.647919 -20.366613
 -1.633628 1.399661 -13.155235
 -1.570796 0.832917 -10.458840
 -1.507964 -0.313923 -23.959071
 -1.445133 -1.464107 -6.762641
 -1.382301 -0.875279 23.172261
 -1.319469 0.629358 16.664685
 -1.256637 0.955173 -0.001290
 -1.193805 1.546141 20.957158
 -1.130973 3.049214 20.246851
 -1.068142 4.034510 14.288257
 -1.005310 5.073105 19.948568
 -0.942478 6.613554 28.067846
 -0.879646 8.556004 34.750508
 -0.816814 10.933789 36.813999
 -0.753982 12.837499 25.659390
 -0.691150 14.656505 33.617030
 -0.628319 17.020158 39.971713
 -0.565487 19.494815 36.611374
 -0.502655 21.618476 32.485222
 -0.439823 23.855200 37.880297
 -0.376991 26.081832 31.411491
 -0.314159 28.016842 31.674018
 -0.251327 30.032612 30.204794
 -0.188496 31.812931 27.718366
 -0.125664 33.542159 25.173850
 -0.062832 34.778111 13.899434
 0.000000 35.429579 6.745699
 0.062832 35.499713 -5.165076
 0.125664 34.847194 -15.159238
 0.188496 33.549246 -26.277956
 0.251327 31.665481 -33.009043
 0.314159 29.378226 -39.676341
 0.376991 26.825302 -40.079294
 0.439823 24.458165 -35.341432
 0.502655 22.204853 -38.268484
 0.565487 19.607634 -43.336190
 0.628319 16.864582 -43.206433
 0.691150 14.422615 -32.254094
 0.753982 12.775534 -23.389942
 0.816814 11.137314 -28.967404
 0.879646 9.280942 -28.050624
 0.942478 7.965492 -11.809676
 1.005310 7.712789 0.630130
 1.068142 7.761741 1.801321
 1.130973 8.159214 10.582130
 1.193805 8.907999 13.921587
 1.256637 10.344995 34.193662
 1.319469 12.930667 41.857733
 1.382301 15.271205 35.917098
 1.445133 17.969204 51.405091
 1.507964 21.719306 65.453424
 1.570796 26.004414 68.725922
 1.633628 30.429125 69.074771
 1.696460 34.820536 68.732531
 1.759292 39.169043 64.955577
 1.822124 42.982674 57.399567
 1.884956 46.990615 71.400385
 1.947787 52.482457 104.189333
 2.010619 60.780226 148.305728
 2.073451 61.913940 -127.110001
 2.136283 55.896835 -64.420399
 2.199115 53.818634 -1.730798
 2.261947 55.677516 60.762855
 2.324779 60.224884 16.447347
 2.387610 55.093526 -89.374343
 2.450442 51.070074 -42.068400
 2.513274 48.751631 -41.931120
 2.576106 45.775806 -48.178416
 2.638938 42.475364 -60.262996
 2.701770 38.409704 -65.975508
 2.764602 34.265277 -66.608749
 2.827433 30.071275 -65.567193
 2.890265 26.071778 -62.278536
 2.953097 22.273602 -57.400129
 3.015929 18.986530 -47.169814
 3.078761 16.209327 -42.562364
