#! FIELDS phi2 ffphi2 dffphi2_phi2
#! SET min_phi2 -pi
#! SET max_phi2 pi
#! SET nbins_phi2  100
#! SET periodic_phi2 true
 -3.141593 19.067556 -69.690211
 -3.078761 14.704139 -67.907761
 -3.015929 10.795065 -54.907754
 -2.953097 8.029987 -31.928901
 -2.890265 6.654687 -15.084127
 -2.827433 5.695857 -17.715188
 -2.764602 4.311786 -25.530509
 -2.701770 2.846602 -18.418171
 -2.638938 2.081851 -6.098737
 -2.576106 2.006694 1.091923
 -2.513274 1.810022 -7.102775
 -2.450442 1.500196 -1.044380
 -2.387610 1.611215 3.065556
 -2.324779 1.718472 -0.008828
 -2.261947 1.756110 1.817140
 -2.199115 1.665361 -7.008870
 -2.136283 1.253264 -1.270112
 -2.073451 1.547659 6.714935
 -2.010619 1.840231 4.727571
 -1.947787 2.356469 9.881951
 -1.884956 2.677965 -0.115378
 -1.822124 2.693994 1.963348
 -1.759292 2.606794 -8.120297
 -1.696460 1.881965 -9.634254
 -1.633628 1.779479 4.357707
 -1.570796 1.657959 -11.563899
 -1.507964 0.980331 -4.229356
 -1.445133 1.094087 3.887929
 -1.382301 1.194871 -0.853199
 -1.319469 1.012644 -4.032247
 -1.256637 0.804559 -2.958663
 -1.193805 0.577658 -3.760061
 -1.130973 0.545010 4.273478
 -1.068142 1.099614 11.886065
 -1.005310 1.957518 16.116039
 -0.942478 3.179347 21.351054
 -0.879646 4.337360 14.352176
 -0.816814 5.252916 18.190353
 -0.753982 6.797751 28.583247
 -0.691150 8.557558 29.286782
 -0.628319 10.922772 46.096413
 -0.565487 13.986678 47.553994
 -0.502655 16.447123 24.877253
 -0.439823 17.333179 12.623197
 -0.376991 18.969330 38.992230
 -0.314159 21.199365 23.186100
 -0.251327 22.478604 24.726805
 -0.188496 24.128785 20.882084
 -0.125664 25.095427 14.892891
 -0.062832 26.288853 23.523945
 0.000000 27.628484 5.055137
 0.062832 26.413952 -25.180702
 0.125664 25.799451 4.118179
 0.188496 25.791783 -12.928484
 0.251327 24.818653 -9.343010
 0.314159 24.703277 -0.533218
 0.376991 24.039073 -20.059665
 0.439823 22.624017 -23.110498
 0.502655 21.193527 -21.769425
 0.565487 19.958634 -18.341601
 0.628319 18.879090 -12.895603
 0.691150 18.745074 8.015718
 0.753982 19.251181 3.121810
 0.816814 19.279349 2.309681
 0.879646 19.937250 18.663576
 0.942478 21.136282 14.646933
 1.005310 21.906956 14.301923
 1.068142 23.184932 25.370844
 1.130973 24.904055 29.050102
 1.193805 26.956018 35.260502
 1.256637 29.222793 39.823423
 1.319469 32.643227 70.910832
 1.382301 37.789351 85.795294
 1.445133 43.220168 78.826056
 1.507964 48.209296 73.936723
 1.570796 52.631033 54.521048
 1.633628 54.785656 21.832848
 1.696460 56.187779 22.174280
 1.759292 57.567295 22.561000
 1.822124 58.868805 16.332091
 1.884956 60.064402 29.534236
 1.947787 63.344733 77.727894
 2.010619 70.070480 136.274850
 2.073451 inf nan
 2.136283 inf nan
 2.199115 inf nan
 2.261947 inf nan
 2.324779 inf nan
 2.387610 inf nan
 2.450442 inf nan
 2.513274 inf nan
 2.576106 inf nan
 2.638938 73.947328 -190.134500
 2.701770 63.301668 -151.239030
 2.764602 53.213094 -164.588180
 2.827433 43.563459 -136.532349
 2.890265 36.432113 -88.751776
 2.953097 32.426440 -41.995614
 3.015929 29.418103 -74.330801
 3.078761 23.837688 -86.283006
