#! FIELDS phi3 ffphi3 dffphi3_phi3
#! SET min_phi3 -pi
#! SET max_phi3 pi
#! SET nbins_phi3  100
#! SET periodic_phi3 true
 -3.141593 21.710798 -50.982704
 -3.078761 18.740059 -44.918247
 -3.015929 15.956492 -42.626297
 -2.953097 13.608083 -32.307190
 -2.890265 11.555383 -35.438296
 -2.827433 9.194013 -37.460096
 -2.764602 7.287386 -20.126120
 -2.701770 6.608081 -5.919830
 -2.638938 6.000029 -14.142705
 -2.576106 5.034011 -14.753424
 -2.513274 4.293880 -9.106105
 -2.450442 3.748103 -8.681406
 -2.387610 3.272945 -5.905338
 -2.324779 2.992606 -3.713420
 -2.261947 2.701146 -6.302608
 -2.199115 2.253381 -6.294847
 -2.136283 2.065404 0.177880
 -2.073451 2.166377 2.010505
 -2.010619 2.225864 -0.383283
 -1.947787 2.128948 -2.822029
 -1.884956 1.888776 -4.223501
 -1.822124 1.642416 -4.251125
 -1.759292 1.240816 -8.257311
 -1.696460 0.843016 -3.079082
 -1.633628 0.750571 -1.531268
 -1.570796 0.581425 -3.932974
 -1.507964 0.234006 -6.592600
 -1.445133 -0.063407 -1.982948
 -1.382301 -0.146004 -3.278617
 -1.319469 -0.628492 -9.524455
 -1.256637 -0.799566 6.446789
 -1.193805 0.040928 16.805680
 -1.130973 0.970170 12.533372
 -1.068142 1.855383 17.511843
 -1.005310 3.281999 28.424887
 -0.942478 5.460122 38.440673
 -0.879646 7.588910 28.420339
 -0.816814 9.388707 27.556518
 -0.753982 10.704163 15.500191
 -0.691150 11.928510 26.493454
 -0.628319 14.078098 39.317629
 -0.565487 16.597077 41.376857
 -0.502655 19.631468 55.641301
 -0.439823 23.266150 53.088573
 -0.376991 26.078389 38.195471
 -0.314159 28.392604 34.089211
 -0.251327 30.424997 32.464191
 -0.188496 32.673279 38.912014
 -0.125664 35.268929 41.191531
 -0.062832 37.385174 23.895539
 0.000000 38.589883 16.953971
 0.062832 39.564304 12.627572
 0.125664 40.035269 1.426661
 0.188496 39.748956 -9.620276
 0.251327 38.924606 -16.473095
 0.314159 37.718152 -21.591663
 0.376991 36.209456 -26.749790
 0.439823 34.356264 -31.418089
 0.502655 32.373407 -31.656874
 0.565487 30.374361 -31.111956
 0.628319 28.591797 -25.611513
 0.691150 27.011736 -25.976651
 0.753982 25.348057 -25.337297
 0.816814 24.015529 -16.788134
 0.879646 23.160775 -11.008579
 0.942478 22.602483 -6.977117
 1.005310 22.311729 -1.527124
 1.068142 22.476316 6.800264
 1.130973 23.159971 14.639619
 1.193805 24.250630 19.915904
 1.256637 25.774674 29.237051
 1.319469 27.824062 34.042547
 1.382301 30.031751 37.252084
 1.445133 32.600755 43.493724
 1.507964 35.423785 45.635345
 1.570796 38.437570 50.833475
 1.633628 41.926806 58.353594
 1.696460 45.637154 58.523889
 1.759292 49.538643 66.062157
 1.822124 54.099278 76.010449
 1.884956 58.855352 68.294847
 1.947787 62.104556 25.770210
 2.010619 63.093019 11.933746
 2.073451 64.321630 34.704043
 2.136283 68.154708 89.790224
 2.199115 75.732495 151.531716
 2.261947 inf nan
 2.324779 inf nan
 2.387610 inf nan
 2.450442 85.691643 -229.497265
 2.513274 73.009335 -171.266824
 2.576106 63.939583 -118.849643
 2.638938 57.631035 -87.081158
 2.701770 52.254507 -87.149552
 2.764602 46.828356 -82.746994
 2.827433 41.964944 -72.776273
 2.890265 37.533387 -69.155300
 2.953097 33.270595 -66.058867
 3.015929 29.188680 -64.517228
 3.078761 25.219199 -60.463911
