#! FIELDS phi3 ffphi3 dffphi3_phi3
#! SET min_phi3 -pi
#! SET max_phi3 pi
#! SET nbins_phi3  100
#! SET periodic_phi3 true
 -3.141593 14.575280 -39.939196
 -3.078761 12.118151 -39.201206
 -3.015929 9.544231 -43.760387
 -2.953097 6.709842 -42.068769
 -2.890265 4.894937 -13.579004
 -2.827433 4.629239 -2.008174
 -2.764602 4.075951 -14.345991
 -2.701770 3.078367 -17.717812
 -2.638938 1.808054 -19.574245
 -2.576106 1.209311 2.513975
 -2.513274 1.803742 11.553399
 -2.450442 2.352486 4.780166
 -2.387610 2.216983 -7.891291
 -2.324779 1.920912 1.854074
 -2.261947 2.324035 5.758475
 -2.199115 2.206090 -6.625736
 -2.136283 2.127281 5.828652
 -2.073451 2.594117 5.336197
 -2.010619 2.841019 4.338874
 -1.947787 2.958445 -3.487431
 -1.884956 2.552351 -6.136921
 -1.822124 2.300867 -2.484063
 -1.759292 2.241877 -0.009282
 -1.696460 2.047496 -7.460760
 -1.633628 1.443218 -10.601976
 -1.570796 0.712833 -12.054101
 -1.507964 0.151166 -4.898146
 -1.445133 0.005564 -0.933405
 -1.382301 -0.005791 0.703662
 -1.319469 0.087017 2.333245
 -1.256637 0.398117 8.437997
 -1.193805 1.140687 14.621695
 -1.130973 2.216687 19.478608
 -1.068142 3.558294 22.714091
 -1.005310 5.047917 24.868983
 -0.942478 6.776895 30.032248
 -0.879646 8.755834 32.336502
 -0.816814 10.862456 34.490368
 -0.753982 13.101050 36.501584
 -0.691150 15.447991 37.546302
 -0.628319 17.850809 38.894363
 -0.565487 20.359581 40.093395
 -0.502655 22.856142 38.640810
 -0.439823 25.251063 37.436728
 -0.376991 27.540884 33.579124
 -0.314159 29.441310 27.727346
 -0.251327 31.105813 24.522150
 -0.188496 32.527262 19.801946
 -0.125664 33.530682 13.698534
 -0.062832 34.394378 10.696735
 0.000000 34.477546 -7.260789
 0.062832 33.766852 -14.208574
 0.125664 32.735172 -19.277500
 0.188496 31.237148 -28.447842
 0.251327 29.190079 -36.460068
 0.314159 26.779049 -39.441089
 0.376991 24.238621 -41.373561
 0.439823 21.608015 -42.132240
 0.502655 19.024360 -39.661633
 0.565487 16.507472 -41.730222
 0.628319 13.869763 -40.222570
 0.691150 11.491883 -36.955830
 0.753982 9.216408 -33.240566
 0.816814 7.502716 -22.211891
 0.879646 6.236519 -17.867426
 0.942478 5.379876 -9.891382
 1.005310 4.916186 -3.271457
 1.068142 5.231566 13.111300
 1.130973 6.210905 14.711880
 1.193805 6.986948 11.662082
 1.256637 8.033326 24.258573
 1.319469 10.130586 40.761727
 1.382301 12.859330 44.570049
 1.445133 15.832911 50.578458
 1.507964 19.252732 56.744779
 1.570796 23.001541 62.077115
 1.633628 27.241417 72.415029
 1.696460 32.094355 75.057752
 1.759292 36.055278 46.484000
 1.822124 38.780281 42.116382
 1.884956 41.041288 26.825842
 1.947787 42.933125 42.677185
 2.010619 47.182009 95.031180
 2.073451 55.067788 155.428667
 2.136283 inf nan
 2.199115 inf nan
 2.261947 inf nan
 2.324779 inf nan
 2.387610 inf nan
 2.450442 72.319854 -242.185685
 2.513274 59.003632 -181.146651
 2.576106 49.439654 -124.595026
 2.638938 43.008692 -83.973527
 2.701770 38.402592 -65.219996
 2.764602 34.585668 -57.899133
 2.827433 31.002431 -56.634377
 2.890265 27.375623 -58.862195
 2.953097 23.745027 -55.671046
 3.015929 20.383108 -51.691371
 3.078761 17.273633 -46.539495
