#! FIELDS phi3 ffphi3 dffphi3_phi3
#! SET min_phi3 -pi
#! SET max_phi3 pi
#! SET nbins_phi3  100
#! SET periodic_phi3 true
 -3.141593 22.394830 -47.518717
 -3.078761 19.507241 -45.019834
 -3.015929 16.739403 -42.781024
 -2.953097 14.051355 -43.396955
 -2.890265 11.513199 -34.689904
 -2.827433 9.708692 -24.901615
 -2.764602 8.228348 -21.467188
 -2.701770 7.092842 -15.450633
 -2.638938 6.163360 -13.985053
 -2.576106 5.401309 -10.693709
 -2.513274 4.682686 -12.579498
 -2.450442 3.929138 -10.360858
 -2.387610 3.433617 -5.615711
 -2.324779 3.095771 -6.583531
 -2.261947 2.622633 -6.810822
 -2.199115 2.361170 -1.788780
 -2.136283 2.356435 1.356802
 -2.073451 2.415914 -0.704262
 -2.010619 2.300125 -1.575368
 -1.947787 2.250855 -1.382182
 -1.884956 1.993775 -6.372466
 -1.822124 1.666905 -2.507724
 -1.759292 1.615583 -1.405632
 -1.696460 1.317127 -7.674043
 -1.633628 0.813663 -7.372592
 -1.570796 0.373345 -7.232545
 -1.507964 -0.033185 -4.775077
 -1.445133 -0.242339 -2.659255
 -1.382301 -0.353897 -0.717739
 -1.319469 -0.422210 -1.686677
 -1.256637 -0.414510 2.880537
 -1.193805 -0.033659 9.653498
 -1.130973 0.821339 15.870214
 -1.068142 1.598516 8.087176
 -1.005310 2.235170 15.455343
 -0.942478 3.620803 27.437777
 -0.879646 5.586372 34.808306
 -0.816814 7.898775 36.770327
 -0.753982 10.022775 30.238869
 -0.691150 11.927036 32.328564
 -0.628319 14.277314 41.821999
 -0.565487 16.998445 43.449427
 -0.502655 19.904105 49.545794
 -0.439823 23.060166 47.643393
 -0.376991 25.789986 39.644583
 -0.314159 28.327065 41.350972
 -0.251327 30.885713 38.015461
 -0.188496 33.094392 32.656718
 -0.125664 35.191544 33.762419
 -0.062832 37.096678 24.357657
 0.000000 38.372445 18.154745
 0.062832 39.472242 15.695142
 0.125664 40.156013 4.570238
 0.188496 40.082542 -5.695700
 0.251327 39.494472 -13.317542
 0.314159 38.392749 -21.862578
 0.376991 36.791592 -28.085053
 0.439823 34.996151 -28.503423
 0.502655 33.190998 -29.643639
 0.565487 31.215528 -32.852190
 0.628319 29.201918 -30.059944
 0.691150 27.533797 -22.946481
 0.753982 26.193015 -21.066978
 0.816814 24.941821 -16.801550
 0.879646 24.195350 -8.162763
 0.942478 23.678002 -8.637772
 1.005310 23.365444 1.180225
 1.068142 23.899051 14.142272
 1.130973 24.872830 15.942156
 1.193805 25.976314 19.711657
 1.256637 27.413186 26.290876
 1.319469 29.238908 30.723315
 1.382301 31.326514 36.894217
 1.445133 33.970103 46.152341
 1.507964 37.004244 49.255099
 1.570796 40.246268 53.355836
 1.633628 43.686809 55.421531
 1.696460 47.650129 73.411181
 1.759292 53.503318 112.655807
 1.822124 62.563868 156.147618
 1.884956 inf nan
 1.947787 inf nan
 2.010619 inf nan
 2.073451 inf nan
 2.136283 inf nan
 2.199115 inf nan
 2.261947 inf nan
 2.324779 inf nan
 2.387610 inf nan
 2.450442 inf nan
 2.513274 inf nan
 2.576106 74.278506 -209.183888
 2.638938 62.879592 -152.452809
 2.701770 54.815492 -107.151606
 2.764602 48.761314 -90.373957
 2.827433 43.303008 -81.746805
 2.890265 38.505372 -72.503994
 2.953097 33.969027 -72.617324
 3.015929 29.492858 -67.923842
 3.078761 25.601817 -55.719358
