#! FIELDS psi2 ffpsi2 dffpsi2_psi2
#! SET min_psi2 -pi
#! SET max_psi2 pi
#! SET nbins_psi2  100
#! SET periodic_psi2 true
 -3.141593 15.527059 50.694507
 -3.078761 18.400566 39.819896
 -3.015929 21.070961 45.813992
 -2.953097 24.072901 49.156655
 -2.890265 27.509395 59.636189
 -2.827433 30.983495 42.583804
 -2.764602 33.415892 39.721309
 -2.701770 34.485910 -39.660755
 -2.638938 29.890950 -71.101476
 -2.576106 26.914609 -23.464435
 -2.513274 26.598554 7.046647
 -2.450442 26.750085 -5.421773
 -2.387610 26.433918 -2.068504
 -2.324779 25.538287 -36.676752
 -2.261947 22.896569 -34.375188
 -2.199115 21.621022 -9.931682
 -2.136283 20.787115 -21.061456
 -2.073451 19.537475 -11.879745
 -2.010619 19.408680 3.253600
 -1.947787 19.358314 -6.717425
 -1.884956 18.516011 -18.726170
 -1.822124 17.413349 -14.038772
 -1.759292 16.763938 -7.632617
 -1.696460 16.345579 -6.008836
 -1.633628 16.022912 -5.053333
 -1.570796 15.586525 -7.488151
 -1.507964 15.419049 3.094029
 -1.445133 15.745294 4.271592
 -1.382301 15.838790 -0.036115
 -1.319469 15.878739 1.350905
 -1.256637 15.989619 2.129265
 -1.193805 16.104119 0.343757
 -1.130973 15.953481 -3.554571
 -1.068142 15.925247 2.516882
 -1.005310 16.101110 3.037498
 -0.942478 16.407175 6.465373
 -0.879646 16.830836 6.612577
 -0.816814 17.159240 2.602789
 -0.753982 17.104392 -3.337208
 -0.691150 16.914293 -2.134565
 -0.628319 16.883344 1.233521
 -0.565487 16.790350 -8.198725
 -0.502655 15.912928 -15.335425
 -0.439823 15.069815 -12.616048
 -0.376991 14.377675 -7.027452
 -0.314159 14.370118 5.553002
 -0.251327 14.537751 -5.080727
 -0.188496 13.792597 -13.001234
 -0.125664 13.538901 5.849650
 -0.062832 13.961990 0.947261
 0.000000 13.552355 -10.678899
 0.062832 12.894052 -8.959338
 0.125664 12.592318 -0.352290
 0.188496 12.587081 -2.588717
 0.251327 12.313070 -4.408263
 0.314159 12.068333 -3.530174
 0.376991 11.770168 -8.502792
 0.439823 11.003255 -11.816924
 0.502655 10.609581 -1.913977
 0.565487 10.449693 -4.317670
 0.628319 10.145241 -4.628537
 0.691150 9.845045 -5.620318
 0.753982 9.436530 -7.049098
 0.816814 8.949978 -8.444691
 0.879646 8.483308 -5.492074
 0.942478 8.284365 -1.151798
 1.005310 8.288219 0.627591
 1.068142 8.278610 -1.156431
 1.130973 8.176640 -2.144019
 1.193805 7.976266 -4.168722
 1.256637 7.711813 -3.805528
 1.319469 7.525261 -2.468504
 1.382301 7.309809 -4.972163
 1.445133 6.917216 -7.127007
 1.507964 6.440247 -8.094834
 1.570796 5.888071 -9.880450
 1.633628 5.137082 -13.703636
 1.696460 4.341047 -10.674717
 1.759292 3.709973 -10.975760
 1.822124 2.914252 -13.195919
 1.884956 2.235881 -7.645013
 1.947787 1.908432 -3.876963
 2.010619 1.648039 -4.592955
 2.073451 1.347738 -5.076156
 2.136283 0.984772 -6.504522
 2.199115 0.543002 -7.507182
 2.261947 0.056830 -7.825151
 2.324779 -0.418199 -7.257838
 2.387610 -0.849230 -6.201324
 2.450442 -1.125163 -1.978787
 2.513274 -1.058667 3.872473
 2.576106 -0.707779 6.789983
 2.638938 -0.172908 11.011268
 2.701770 0.727873 17.103397
 2.764602 1.883935 19.411252
 2.827433 3.245753 24.487647
 2.890265 4.932569 28.069560
 2.953097 6.828506 34.196990
 3.015929 9.388882 45.813574
 3.078761 12.364044 47.941350
