#! FIELDS psi4 ffpsi4 dffpsi4_psi4
#! SET min_psi4 -pi
#! SET max_psi4 pi
#! SET nbins_psi4  100
#! SET periodic_psi4 true
 -3.141593 4.551592 20.656683
 -3.078761 5.968649 23.901915
 -3.015929 7.564544 26.299183
 -2.953097 9.038605 17.975835
 -2.890265 9.970655 15.975712
 -2.827433 11.259504 21.244714
 -2.764602 12.021098 4.470901
 -2.701770 12.771516 24.229356
 -2.638938 14.679239 27.882943
 -2.576106 16.234738 28.765413
 -2.513274 18.511259 37.969197
 -2.450442 19.704981 -11.315608
 -2.387610 18.315101 -14.672395
 -2.324779 18.755968 27.248820
 -2.261947 20.646206 16.904500
 -2.199115 19.842497 -29.172585
 -2.136283 18.974982 7.662971
 -2.073451 20.553960 32.525916
 -2.010619 21.506066 -2.574772
 -1.947787 21.104815 -7.814609
 -1.884956 20.746842 -0.383909
 -1.822124 21.095090 6.054361
 -1.759292 20.790020 -15.681694
 -1.696460 19.524975 -21.528083
 -1.633628 18.410638 -13.299854
 -1.570796 17.553414 -16.991596
 -1.507964 16.349168 -18.583083
 -1.445133 15.356177 -13.782436
 -1.382301 14.527949 -13.027737
 -1.319469 13.538357 -19.609978
 -1.256637 12.354951 -14.830622
 -1.193805 11.602685 -12.077335
 -1.130973 10.758180 -13.747937
 -1.068142 9.931350 -12.216634
 -1.005310 9.171544 -13.742898
 -0.942478 8.132406 -17.829123
 -0.879646 7.071591 -16.346338
 -0.816814 6.024019 -16.151414
 -0.753982 5.188975 -10.580150
 -0.691150 4.523957 -11.480672
 -0.628319 3.814247 -10.313552
 -0.565487 3.236252 -8.394473
 -0.502655 2.760043 -6.430758
 -0.439823 2.463203 -3.362258
 -0.376991 2.263352 -2.871721
 -0.314159 2.217630 1.884358
 -0.251327 2.414765 3.111492
 -0.188496 2.541478 1.275533
 -0.125664 2.696770 4.445146
 -0.062832 3.045538 5.232623
 0.000000 3.292457 2.995074
 0.062832 3.479403 3.269125
 0.125664 3.723320 4.357235
 0.188496 4.044293 6.016756
 0.251327 4.441265 5.764788
 0.314159 4.708722 2.916809
 0.376991 4.858151 1.579069
 0.439823 4.861752 -1.008212
 0.502655 4.874903 1.955838
 0.565487 4.986956 -0.363474
 0.628319 4.792157 -4.039787
 0.691150 4.648663 -0.871126
 0.753982 4.588990 -0.937836
 0.816814 4.630563 2.365242
 0.879646 4.764664 1.008386
 0.942478 4.797328 0.664132
 1.005310 4.889529 2.584939
 1.068142 5.194643 7.145218
 1.130973 5.611731 4.206670
 1.193805 5.760359 2.315638
 1.256637 6.000571 4.857833
 1.319469 6.350024 6.680967
 1.382301 6.862083 8.754906
 1.445133 7.321144 5.069407
 1.507964 7.490742 1.429564
 1.570796 7.681615 4.677120
 1.633628 7.959361 3.693869
 1.696460 8.190277 3.311634
 1.759292 8.215735 -3.346797
 1.822124 7.860430 -7.047272
 1.884956 7.347018 -8.891948
 1.947787 6.919408 -3.978500
 2.010619 6.671891 -6.231289
 2.073451 6.075191 -11.608102
 2.136283 5.342517 -11.202552
 2.199115 4.672594 -10.702132
 2.261947 3.936155 -12.545709
 2.324779 3.164147 -11.632146
 2.387610 2.510034 -9.293507
 2.450442 1.904173 -10.602556
 2.513274 1.245314 -9.343885
 2.576106 0.814738 -4.074599
 2.638938 0.692355 -0.761672
 2.701770 0.652538 -0.425602
 2.764602 0.662945 0.824490
 2.827433 0.804499 4.377527
 2.890265 1.266735 9.887730
 2.953097 1.957420 11.744963
 3.015929 2.724015 11.970183
 3.078761 3.473889 13.316612
