#! FIELDS psi3 ffpsi3 dffpsi3_psi3
#! SET min_psi3 -pi
#! SET max_psi3 pi
#! SET nbins_psi3  100
#! SET periodic_psi3 true
 -3.141593 5.597405 14.819287
 -3.078761 6.617941 18.004915
 -3.015929 7.847043 20.376086
 -2.953097 9.126891 20.162557
 -2.890265 10.427943 21.766206
 -2.827433 11.875241 23.325071
 -2.764602 13.442265 30.049222
 -2.701770 16.211555 59.348116
 -2.638938 19.786504 31.664811
 -2.576106 19.632774 -18.259227
 -2.513274 19.159557 5.896298
 -2.450442 19.835608 8.705818
 -2.387610 20.338424 14.673625
 -2.324779 22.447242 56.149568
 -2.261947 27.689718 112.015533
 -2.199115 36.640223 169.607868
 -2.136283 36.566435 -171.610279
 -2.073451 27.753295 -108.920677
 -2.010619 22.879059 -46.231075
 -1.947787 21.943727 16.458527
 -1.884956 24.947298 79.148128
 -1.822124 31.889774 141.837730
 -1.759292 inf nan
 -1.696460 inf nan
 -1.633628 inf nan
 -1.570796 inf nan
 -1.507964 inf nan
 -1.445133 inf nan
 -1.382301 43.521584 -208.155935
 -1.319469 32.343405 -146.879094
 -1.256637 24.992456 -87.825763
 -1.193805 21.130291 -37.673429
 -1.130973 19.610868 -18.865372
 -1.068142 18.193465 -22.356358
 -1.005310 17.160290 -15.294950
 -0.942478 15.531630 -33.663412
 -0.879646 13.665632 -23.879463
 -0.816814 12.413153 -17.599729
 -0.753982 11.224762 -22.026917
 -0.691150 9.677989 -24.992863
 -0.628319 8.247641 -20.896342
 -0.565487 6.998914 -18.575345
 -0.502655 5.949819 -14.960067
 -0.439823 5.091044 -12.466998
 -0.376991 4.382054 -10.161777
 -0.314159 3.794680 -8.767973
 -0.251327 3.258836 -8.336562
 -0.188496 2.774475 -6.768330
 -0.125664 2.440556 -3.782715
 -0.062832 2.280006 -1.674399
 0.000000 2.198862 -1.030137
 0.062832 2.161773 -0.064351
 0.125664 2.188905 0.805078
 0.188496 2.273775 1.998443
 0.251327 2.408632 1.618889
 0.314159 2.457663 0.417031
 0.376991 2.519932 1.549913
 0.439823 2.611814 0.810684
 0.502655 2.590043 -1.302445
 0.565487 2.504101 -1.357477
 0.628319 2.385012 -2.530575
 0.691150 2.249739 -1.401950
 0.753982 2.185719 -0.963890
 0.816814 2.143053 -0.262034
 0.879646 2.144119 0.273047
 0.942478 2.213447 2.077400
 1.005310 2.388114 3.210066
 1.068142 2.606004 3.663016
 1.130973 2.867907 4.894825
 1.193805 3.232582 6.469006
 1.256637 3.645757 6.333898
 1.319469 4.016744 5.663886
 1.382301 4.425399 7.683162
 1.445133 4.965306 8.934129
 1.507964 5.509739 8.267877
 1.570796 5.980437 6.016094
 1.633628 6.225774 2.451512
 1.696460 6.424936 4.138611
 1.759292 6.662216 2.387981
 1.822124 6.684252 -1.223639
 1.884956 6.618506 -0.519233
 1.947787 6.535534 -3.303300
 2.010619 6.198455 -6.324372
 2.073451 5.849132 -4.944915
 2.136283 5.515848 -5.943916
 2.199115 5.080606 -8.063927
 2.261947 4.556042 -7.975084
 2.324779 4.096272 -7.034813
 2.387610 3.656511 -6.666592
 2.450442 3.279567 -5.716255
 2.513274 2.891856 -6.517650
 2.576106 2.531436 -4.422616
 2.638938 2.350080 -1.744718
 2.701770 2.265175 -0.981107
 2.764602 2.268678 1.328873
 2.827433 2.435909 3.890786
 2.890265 2.757462 6.259780
 2.953097 3.220146 8.553230
 3.015929 3.865489 12.004915
 3.078761 4.695990 13.932696
