#! FIELDS psi2 ffpsi2 dffpsi2_psi2
#! SET min_psi2 -pi
#! SET max_psi2 pi
#! SET nbins_psi2  100
#! SET periodic_psi2 true
 -3.141593 15.140197 35.775530
 -3.078761 17.842704 52.187198
 -3.015929 21.572470 63.218487
 -2.953097 26.038303 81.672247
 -2.890265 31.563718 81.364915
 -2.827433 36.237298 70.061192
 -2.764602 41.820026 99.736393
 -2.701770 42.921417 -74.813152
 -2.638938 39.033415 -39.993895
 -2.576106 37.285086 -25.262115
 -2.513274 35.746846 -17.193814
 -2.450442 35.238729 -4.102627
 -2.387610 34.561360 -19.484872
 -2.324779 33.186289 -20.198146
 -2.261947 31.874798 -24.461763
 -2.199115 30.449314 -16.581522
 -2.136283 29.674439 -12.629706
 -2.073451 28.720921 -15.458230
 -2.010619 27.858411 -11.848689
 -1.947787 27.262602 -7.857991
 -1.884956 26.745906 -8.763604
 -1.822124 26.151649 -10.517319
 -1.759292 25.436062 -11.501350
 -1.696460 24.855762 -6.016467
 -1.633628 24.688712 -0.028604
 -1.570796 24.742590 1.075316
 -1.507964 24.824887 2.139020
 -1.445133 25.043155 3.654492
 -1.382301 25.070454 -2.968728
 -1.319469 24.923290 0.367346
 -1.256637 25.165422 6.295171
 -1.193805 25.582955 6.326071
 -1.130973 25.943729 5.462564
 -1.068142 26.257178 3.464812
 -1.005310 26.396974 2.824805
 -0.942478 26.727340 6.160137
 -0.879646 26.954485 1.644379
 -0.816814 27.231950 7.948432
 -0.753982 27.432195 -9.158211
 -0.691150 26.270811 -16.522962
 -0.628319 26.296392 18.127096
 -0.565487 27.994997 28.369093
 -0.502655 28.848824 -10.768895
 -0.439823 26.754620 -43.249340
 -0.376991 23.985363 -49.052997
 -0.314159 20.668265 -48.714246
 -0.251327 18.458151 -22.718707
 -0.188496 17.185791 -23.668613
 -0.125664 15.474499 -24.558459
 -0.062832 14.754328 2.435416
 0.000000 15.146138 1.009370
 0.062832 14.669634 -10.215787
 0.125664 14.196145 -5.725520
 0.188496 13.966627 -0.611971
 0.251327 14.043428 1.166878
 0.314159 14.053471 -0.416486
 0.376991 13.880935 -7.144141
 0.439823 13.080924 -15.781416
 0.502655 12.394253 -3.788032
 0.565487 12.465666 2.071541
 0.628319 12.273022 -7.204057
 0.691150 11.900565 -4.084729
 0.753982 11.511476 -10.343081
 0.816814 10.707560 -12.724830
 0.879646 10.110087 -5.890754
 0.942478 9.906673 -2.109317
 1.005310 9.703909 -3.938953
 1.068142 9.498310 -3.257047
 1.130973 9.116130 -9.363719
 1.193805 8.487291 -9.035572
 1.256637 8.056453 -5.141101
 1.319469 7.704457 -7.177704
 1.382301 7.157282 -9.342538
 1.445133 6.606894 -8.355260
 1.507964 6.051903 -9.298578
 1.570796 5.507362 -7.864336
 1.633628 4.973228 -10.229746
 1.696460 4.197484 -13.602239
 1.759292 3.404504 -11.023809
 1.822124 2.781512 -9.489263
 1.884956 2.197832 -8.589197
 1.947787 1.751983 -5.786768
 2.010619 1.420368 -4.987963
 2.073451 1.118736 -4.816703
 2.136283 0.786764 -5.896757
 2.199115 0.363723 -7.700595
 2.261947 -0.138316 -7.580288
 2.324779 -0.539997 -5.433941
 2.387610 -0.850158 -4.246586
 2.450442 -1.020273 -1.063647
 2.513274 -0.993174 2.081144
 2.576106 -0.701580 7.438901
 2.638938 -0.067990 12.429695
 2.701770 0.845618 16.576445
 2.764602 2.018669 20.647634
 2.827433 3.454375 25.123750
 2.890265 5.214054 30.992528
 2.953097 7.378579 37.578668
 3.015929 9.953354 44.059303
 3.078761 12.770422 42.060835
