#! FIELDS psi3 ffpsi3 dffpsi3_psi3
#! SET min_psi3 -pi
#! SET max_psi3 pi
#! SET nbins_psi3  100
#! SET periodic_psi3 true
 -3.141593 11.346510 28.609977
 -3.078761 13.311361 29.357908
 -3.015929 14.550748 7.105810
 -2.953097 14.315971 -6.913292
 -2.890265 14.786606 26.257705
 -2.827433 17.404232 47.951489
 -2.764602 19.623617 25.723838
 -2.701770 21.742187 44.178348
 -2.638938 24.224659 16.668735
 -2.576106 23.776104 -12.939035
 -2.513274 23.885049 16.992910
 -2.450442 25.234096 17.454665
 -2.387610 25.808339 5.206359
 -2.324779 26.218221 7.239086
 -2.261947 26.586121 3.826950
 -2.199115 26.648961 -1.651919
 -2.136283 26.636642 3.650394
 -2.073451 27.030023 5.720760
 -2.010619 27.275578 5.075682
 -1.947787 28.065699 20.755670
 -1.884956 29.575592 24.321468
 -1.822124 31.280770 32.675093
 -1.759292 33.513115 32.492562
 -1.696460 34.742862 5.859928
 -1.633628 34.840483 0.469088
 -1.570796 34.349611 -20.986781
 -1.507964 32.580292 -29.032946
 -1.445133 30.683028 -39.503410
 -1.382301 27.299636 -59.691788
 -1.319469 24.141920 -37.918444
 -1.256637 22.214584 -31.035743
 -1.193805 19.290269 -62.496554
 -1.130973 15.365367 -54.428070
 -1.068142 12.734750 -31.803827
 -1.005310 10.819049 -32.381649
 -0.942478 8.726679 -31.261485
 -0.879646 7.187784 -17.582275
 -0.816814 6.253230 -14.252004
 -0.753982 5.393660 -13.035982
 -0.691150 4.415031 -19.424834
 -0.628319 3.188430 -16.377148
 -0.565487 2.437912 -9.192966
 -0.502655 1.869785 -9.321021
 -0.439823 1.300215 -7.986920
 -0.376991 0.852284 -7.744924
 -0.314159 0.256944 -10.183036
 -0.251327 -0.281583 -6.147021
 -0.188496 -0.436887 1.325112
 -0.125664 -0.232159 3.297921
 -0.062832 -0.146991 0.291490
 0.000000 0.019682 6.127440
 0.062832 0.563143 9.056085
 0.125664 0.986235 5.182324
 0.188496 1.409990 8.707127
 0.251327 1.960828 7.703393
 0.314159 2.438737 8.513387
 0.376991 2.939356 5.323868
 0.439823 3.154569 4.372634
 0.502655 3.699800 11.668918
 0.565487 4.245739 3.995420
 0.628319 4.455808 5.231231
 0.691150 4.819211 3.483557
 0.753982 4.867552 0.674818
 0.816814 5.112004 6.511789
 0.879646 5.539939 6.732948
 0.942478 5.939360 4.266377
 1.005310 5.898581 -3.655869
 1.068142 5.871033 3.431412
 1.130973 6.148689 4.144044
 1.193805 6.393234 3.641605
 1.256637 6.544518 0.675198
 1.319469 6.516762 -0.468404
 1.382301 6.639118 4.592305
 1.445133 7.002906 6.017174
 1.507964 7.339934 4.505696
 1.570796 7.494209 -0.370683
 1.633628 7.359520 -2.597697
 1.696460 7.328667 2.394926
 1.759292 7.549895 2.238487
 1.822124 7.473790 -4.163494
 1.884956 7.157776 -4.048767
 1.947787 7.181834 4.749160
 2.010619 7.524521 3.415259
 2.073451 7.424444 -5.545545
 2.136283 7.057140 -5.484506
 2.199115 6.798880 -1.932695
 2.261947 6.863446 3.954068
 2.324779 7.280687 8.186475
 2.387610 7.600114 0.638943
 2.450442 7.562833 -0.454885
 2.513274 7.393936 -5.720162
 2.576106 7.120161 -1.027888
 2.638938 7.155500 -0.169983
 2.701770 7.023165 -2.588030
 2.764602 7.021977 2.799361
 2.827433 7.278828 4.540649
 2.890265 7.591728 5.580663
 2.953097 7.962653 6.621602
 3.015929 8.641096 16.127040
 3.078761 9.853266 20.650080
