#! FIELDS psi3 ffpsi3 dffpsi3_psi3
#! SET min_psi3 -pi
#! SET max_psi3 pi
#! SET nbins_psi3  100
#! SET periodic_psi3 true
 -3.141593 8.451146 10.049950
 -3.078761 8.943865 11.061467
 -3.015929 10.146649 25.711490
 -2.953097 11.984461 33.133896
 -2.890265 14.296045 36.024285
 -2.827433 15.942804 16.822258
 -2.764602 17.045557 21.586511
 -2.701770 18.883045 37.739530
 -2.638938 21.879128 55.270736
 -2.576106 24.988608 33.859754
 -2.513274 26.054267 4.334018
 -2.450442 26.194803 2.369606
 -2.387610 26.451752 4.788056
 -2.324779 26.671614 2.461723
 -2.261947 26.900603 5.642106
 -2.199115 27.400950 9.554650
 -2.136283 27.936790 6.278358
 -2.073451 28.275184 6.929804
 -2.010619 29.033814 16.525551
 -1.947787 29.909239 7.377361
 -1.884956 30.214694 8.157594
 -1.822124 31.132703 16.606890
 -1.759292 31.764115 4.245062
 -1.696460 31.712875 -12.863250
 -1.633628 27.784174 -110.035993
 -1.570796 21.427030 -79.003264
 -1.507964 18.318227 -19.289420
 -1.445133 18.882377 30.616042
 -1.382301 18.565682 -53.613137
 -1.319469 15.965411 -16.523940
 -1.256637 16.437642 17.878088
 -1.193805 14.222549 -74.822730
 -1.130973 10.718156 -30.246388
 -1.068142 10.296793 10.165007
 -1.005310 10.322794 -18.623729
 -0.942478 8.844191 -19.009796
 -0.879646 8.168498 -7.325543
 -0.816814 7.191349 -22.840466
 -0.753982 5.912635 -17.044781
 -0.691150 4.773121 -19.181109
 -0.628319 3.749466 -12.990764
 -0.565487 3.010093 -11.257220
 -0.502655 2.351964 -9.275537
 -0.439823 1.882970 -6.361852
 -0.376991 1.328889 -11.701672
 -0.314159 0.685415 -6.922517
 -0.251327 0.406880 -3.023099
 -0.188496 0.342663 1.647023
 -0.125664 0.530039 2.543663
 -0.062832 0.545633 -1.319706
 0.000000 0.545107 2.003142
 0.062832 0.773719 4.880538
 0.125664 1.120695 5.525890
 0.188496 1.461344 6.100059
 0.251327 1.944437 8.255880
 0.314159 2.297074 2.647426
 0.376991 2.466892 3.811260
 0.439823 2.792495 6.835709
 0.502655 3.336498 8.899234
 0.565487 3.681758 2.447838
 0.628319 3.923025 6.613001
 0.691150 4.430651 7.526950
 0.753982 4.752502 3.521499
 0.816814 4.961589 2.188176
 0.879646 4.947529 -1.328946
 0.942478 5.061956 6.220714
 1.005310 5.707952 12.050365
 1.068142 6.079106 -1.742525
 1.130973 5.943636 0.964176
 1.193805 6.211018 5.298295
 1.256637 6.342538 -1.396941
 1.319469 6.266969 0.705660
 1.382301 6.405674 2.245520
 1.445133 6.498730 1.640746
 1.507964 6.666212 2.603038
 1.570796 6.719003 -1.264171
 1.633628 6.356366 -11.020453
 1.696460 5.648788 -7.559805
 1.759292 5.626614 5.381927
 1.822124 5.909784 1.249821
 1.884956 5.840608 -1.782857
 1.947787 5.861332 3.146446
 2.010619 6.235825 7.932156
 2.073451 6.584083 -0.096818
 2.136283 6.117402 -12.262526
 2.199115 5.402794 -8.812846
 2.261947 5.066347 -2.709326
 2.324779 4.938304 -1.698356
 2.387610 4.824663 -2.568884
 2.450442 4.618283 -3.253728
 2.513274 4.456422 -1.969910
 2.576106 4.400404 0.310861
 2.638938 4.475046 1.765842
 2.701770 4.565670 0.416480
 2.764602 4.551379 0.420576
 2.827433 4.754791 6.286754
 2.890265 5.315435 10.209017
 2.953097 5.784707 4.734365
 3.015929 6.277800 13.236531
 3.078761 7.401949 20.389289
