#! FIELDS phi2 hhphi2 dhhphi2_phi2
#! SET min_phi2 -pi
#! SET max_phi2 pi
#! SET nbins_phi2  100
#! SET periodic_phi2 true
 -3.141593 0.166663 0.313771
 -3.078761 0.184329 0.252237
 -3.015929 0.197174 0.148495
 -2.953097 0.202905 0.049030
 -2.890265 0.205224 0.027138
 -2.827433 0.204382 -0.050659
 -2.764602 0.202143 0.004399
 -2.701770 0.202441 -0.029839
 -2.638938 0.198184 -0.062980
 -2.576106 0.197354 0.015844
 -2.513274 0.195306 -0.076962
 -2.450442 0.194281 0.102562
 -2.387610 0.206448 0.220110
 -2.324779 0.214672 0.023510
 -2.261947 0.211766 -0.073915
 -2.199115 0.208467 -0.013235
 -2.136283 0.210798 0.076352
 -2.073451 0.213813 0.005262
 -2.010619 0.215514 0.101090
 -1.947787 0.225752 0.168266
 -1.884956 0.229761 -0.045248
 -1.822124 0.223076 -0.144565
 -1.759292 0.212995 -0.146970
 -1.696460 0.208057 0.005714
 -1.633628 0.213294 0.145716
 -1.570796 0.222357 0.126927
 -1.507964 0.230297 0.152100
 -1.445133 0.242200 0.214667
 -1.382301 0.255010 0.179000
 -1.319469 0.260594 -0.033454
 -1.256637 0.251295 -0.203661
 -1.193805 0.240839 -0.133872
 -1.130973 0.229309 -0.239732
 -1.068142 0.216183 -0.109579
 -1.005310 0.216785 0.073374
 -0.942478 0.217749 -0.051519
 -0.879646 0.213016 -0.071817
 -0.816814 0.209189 -0.050481
 -0.753982 0.206375 -0.042186
 -0.691150 0.202520 -0.086000
 -0.628319 0.194547 -0.159115
 -0.565487 0.185417 -0.109551
 -0.502655 0.180146 -0.070217
 -0.439823 0.173856 -0.146364
 -0.376991 0.162691 -0.176117
 -0.314159 0.152250 -0.178848
 -0.251327 0.139086 -0.209629
 -0.188496 0.130029 -0.067275
 -0.125664 0.126658 -0.087971
 -0.062832 0.117922 -0.143244
 0.000000 0.112491 -0.038955
 0.062832 0.110718 -0.015874
 0.125664 0.111351 0.040386
 0.188496 0.114998 0.072082
 0.251327 0.120837 0.122806
 0.314159 0.130941 0.200637
 0.376991 0.145063 0.240163
 0.439823 0.160718 0.255226
 0.502655 0.175019 0.196669
 0.565487 0.186616 0.172646
 0.628319 0.197753 0.225245
 0.691150 0.215226 0.270393
 0.753982 0.225917 0.088852
 0.816814 0.230651 0.079052
 0.879646 0.234713 0.047178
 0.942478 0.238996 0.118599
 1.005310 0.249795 0.220691
 1.068142 0.265692 0.268325
 1.130973 0.277655 0.054352
 1.193805 0.269076 -0.279912
 1.256637 0.251085 -0.264226
 1.319469 0.230662 -0.426268
 1.382301 0.200288 -0.477581
 1.445133 0.169969 -0.541589
 1.507964 0.131180 -0.632594
 1.570796 0.095224 -0.512697
 1.633628 0.066077 -0.397901
 1.696460 0.047267 -0.193090
 1.759292 0.040489 -0.044453
 1.822124 0.037377 -0.089210
 1.884956 0.027294 -0.217040
 1.947787 0.013978 -0.177610
 2.010619 0.006033 -0.080962
 2.073451 0.003098 -0.015576
 2.136283 0.002980 0.000657
 2.199115 0.002590 -0.009263
 2.261947 0.002539 0.011246
 2.324779 0.004078 0.037633
 2.387610 0.007208 0.059858
 2.450442 0.011307 0.070880
 2.513274 0.016115 0.077904
 2.576106 0.020370 0.055147
 2.638938 0.023629 0.062402
 2.701770 0.030575 0.173927
 2.764602 0.045716 0.298811
 2.827433 0.066081 0.331686
 2.890265 0.086378 0.319382
 2.953097 0.106979 0.333509
 3.015929 0.126659 0.289575
 3.078761 0.145603 0.332408
