#! FIELDS psi3 hhpsi3 dhhpsi3_psi3
#! SET min_psi3 -pi
#! SET max_psi3 pi
#! SET nbins_psi3  100
#! SET periodic_psi3 true
 -3.141593 0.085837 -0.543681
 -3.078761 0.056499 -0.396066
 -3.015929 0.035148 -0.283627
 -2.953097 0.020852 -0.171361
 -2.890265 0.012487 -0.105069
 -2.827433 0.007024 -0.067359
 -2.764602 0.003897 -0.034612
 -2.701770 0.002355 -0.016824
 -2.638938 0.001485 -0.011791
 -2.576106 0.000853 -0.008189
 -2.513274 0.000477 -0.003365
 -2.450442 0.000443 0.001722
 -2.387610 0.000523 -0.000705
 -2.324779 0.000344 -0.003513
 -2.261947 0.000211 -0.001023
 -2.199115 0.000134 -0.001507
 -2.136283 0.000051 -0.000983
 -2.073451 0.000019 0.000019
 -2.010619 0.000038 0.000314
 -1.947787 0.000045 0.000171
 -1.884956 0.000093 0.001190
 -1.822124 0.000153 0.000846
 -1.759292 0.000244 0.001904
 -1.696460 0.000320 0.000146
 -1.633628 0.000284 -0.000692
 -1.570796 0.000294 0.000949
 -1.507964 0.000406 0.003528
 -1.445133 0.000874 0.011258
 -1.382301 0.001690 0.014813
 -1.319469 0.003031 0.031220
 -1.256637 0.005933 0.062265
 -1.193805 0.010861 0.094852
 -1.130973 0.018120 0.140866
 -1.068142 0.029290 0.219229
 -1.005310 0.045928 0.311196
 -0.942478 0.068177 0.394093
 -0.879646 0.095917 0.498139
 -0.816814 0.131188 0.625365
 -0.753982 0.173982 0.725804
 -0.691150 0.222562 0.846611
 -0.628319 0.283358 1.095270
 -0.565487 0.357760 1.244337
 -0.502655 0.437586 1.306021
 -0.439823 0.522247 1.368232
 -0.376991 0.604147 1.219279
 -0.314159 0.674736 1.007498
 -0.251327 0.724246 0.550769
 -0.188496 0.743038 0.026529
 -0.125664 0.723420 -0.621638
 -0.062832 0.672346 -0.932678
 0.000000 0.609070 -1.065004
 0.062832 0.540162 -1.093668
 0.125664 0.471011 -1.116251
 0.188496 0.401577 -1.032540
 0.251327 0.343484 -0.835094
 0.314159 0.293217 -0.750972
 0.376991 0.251755 -0.548113
 0.439823 0.222315 -0.416247
 0.502655 0.196690 -0.391004
 0.565487 0.175099 -0.278369
 0.628319 0.160929 -0.194037
 0.691150 0.147416 -0.239184
 0.753982 0.133013 -0.195784
 0.816814 0.122414 -0.154592
 0.879646 0.112703 -0.150658
 0.942478 0.103377 -0.147227
 1.005310 0.093577 -0.166323
 1.068142 0.082971 -0.154240
 1.130973 0.075625 -0.083559
 1.193805 0.069923 -0.110491
 1.256637 0.062738 -0.098498
 1.319469 0.058378 -0.043000
 1.382301 0.056419 -0.029071
 1.445133 0.053505 -0.057275
 1.507964 0.051441 0.000809
 1.570796 0.052068 0.004615
 1.633628 0.051809 -0.004306
 1.696460 0.052431 0.030051
 1.759292 0.055149 0.047306
 1.822124 0.058047 0.049902
 1.884956 0.061644 0.070607
 1.947787 0.067749 0.124350
 2.010619 0.076664 0.156405
 2.073451 0.087310 0.187425
 2.136283 0.101037 0.255183
 2.199115 0.118898 0.307364
 2.261947 0.140257 0.391244
 2.324779 0.169147 0.520580
 2.387610 0.203276 0.554168
 2.450442 0.238584 0.570584
 2.513274 0.274205 0.563801
 2.576106 0.307893 0.475754
 2.638938 0.329470 0.209044
 2.701770 0.337450 0.076998
 2.764602 0.336678 -0.143886
 2.827433 0.317581 -0.444729
 2.890265 0.280547 -0.735825
 2.953097 0.227619 -0.894060
 3.015929 0.173431 -0.810412
 3.078761 0.125466 -0.707413
