#! FIELDS phi2 ffphi2 dffphi2_phi2
#! SET min_phi2 -pi
#! SET max_phi2 pi
#! SET nbins_phi2  100
#! SET periodic_phi2 true
 -3.141593 16.227247 -46.127250
 -3.078761 13.610984 -37.418204
 -3.015929 11.375060 -34.960756
 -2.953097 9.203206 -33.288372
 -2.890265 7.287781 -27.719563
 -2.827433 5.677629 -23.253280
 -2.764602 4.430092 -16.844502
 -2.701770 3.444544 -14.661108
 -2.638938 2.650553 -10.516377
 -2.576106 2.093509 -7.478179
 -2.513274 1.688830 -5.158417
 -2.450442 1.494036 -1.533590
 -2.387610 1.380076 -1.997626
 -2.324779 1.384606 2.486100
 -2.261947 1.554043 1.734820
 -2.199115 1.628261 1.389728
 -2.136283 1.795500 3.962143
 -2.073451 2.044995 3.057087
 -2.010619 2.199067 2.473488
 -1.947787 2.322925 0.729333
 -1.884956 2.360969 1.702529
 -1.822124 2.512180 1.436292
 -1.759292 2.463874 -2.244328
 -1.696460 2.295836 -3.079808
 -1.633628 2.093888 -3.400953
 -1.570796 1.846417 -4.613879
 -1.507964 1.516776 -5.687682
 -1.445133 1.167458 -5.374235
 -1.382301 0.836082 -5.180702
 -1.319469 0.552687 -3.370766
 -1.256637 0.451619 0.003777
 -1.193805 0.505645 1.360970
 -1.130973 0.637207 3.425185
 -1.068142 1.026096 9.141388
 -1.005310 1.743034 13.070984
 -0.942478 2.655715 16.374389
 -0.879646 3.858624 21.678638
 -0.816814 5.313558 24.050276
 -0.753982 6.879163 25.738823
 -0.691150 8.552241 27.119518
 -0.628319 10.315255 29.344470
 -0.565487 12.271966 32.029830
 -0.502655 14.261442 30.927583
 -0.439823 16.225381 31.394320
 -0.376991 18.117621 27.494938
 -0.314159 19.719920 24.322471
 -0.251327 21.237426 23.615032
 -0.188496 22.716530 23.132626
 -0.125664 24.040723 17.860238
 -0.062832 24.926572 10.170952
 0.000000 25.344244 3.640106
 0.062832 25.521828 2.655047
 0.125664 25.604404 -1.589908
 0.188496 25.224113 -10.090059
 0.251327 24.460571 -13.564664
 0.314159 23.512835 -16.954118
 0.376991 22.387885 -17.612065
 0.439823 21.379207 -15.134444
 0.502655 20.384068 -16.539213
 0.565487 19.374240 -15.226437
 0.628319 18.459438 -14.006320
 0.691150 17.663777 -10.700933
 0.753982 17.138162 -6.600651
 0.816814 16.730006 -6.693627
 0.879646 16.365857 -4.094223
 0.942478 16.300710 2.417655
 1.005310 16.660344 8.523519
 1.068142 17.354797 13.946132
 1.130973 18.452076 20.730917
 1.193805 19.928228 25.954782
 1.256637 21.748031 32.619704
 1.319469 24.127996 42.824705
 1.382301 27.067953 49.748434
 1.445133 30.338504 53.284884
 1.507964 33.866697 59.219992
 1.570796 37.929446 68.055008
 1.633628 42.270467 66.064465
 1.696460 46.303065 60.480458
 1.759292 49.872777 49.210378
 1.822124 52.660896 41.427798
 1.884956 55.300241 41.274159
 1.947787 57.715270 34.395093
 2.010619 59.751241 30.968755
 2.073451 61.502912 21.482367
 2.136283 62.270460 4.360781
 2.199115 62.328320 -2.664581
 2.261947 61.740507 -17.260039
 2.324779 60.209818 -29.632417
 2.387610 58.228363 -33.502592
 2.450442 55.825431 -43.893519
 2.513274 52.763135 -52.584983
 2.576106 49.333250 -55.936149
 2.638938 45.712139 -60.074980
 2.701770 41.760866 -64.515465
 2.764602 37.784966 -61.655670
 2.827433 33.867357 -64.303891
 2.890265 29.774648 -63.882860
 2.953097 26.003783 -56.360971
 3.015929 22.579190 -53.168836
 3.078761 19.310215 -50.937020
