#! FIELDS phi3 ffphi3 dffphi3_phi3
#! SET min_phi3 -pi
#! SET max_phi3 pi
#! SET nbins_phi3  100
#! SET periodic_phi3 true
 -3.141593 22.079359 -50.370350
 -3.078761 19.040381 -46.761451
 -3.015929 16.253730 -41.611029
 -2.953097 13.823160 -35.634723
 -2.890265 11.787006 -29.352605
 -2.827433 10.087297 -24.967613
 -2.764602 8.661661 -20.286694
 -2.701770 7.528469 -16.056205
 -2.638938 6.590213 -14.220708
 -2.576106 5.741002 -12.433753
 -2.513274 5.064222 -9.338245
 -2.450442 4.487377 -9.502910
 -2.387610 3.894170 -8.923120
 -2.324779 3.390522 -7.176152
 -2.261947 2.994551 -5.403737
 -2.199115 2.699523 -4.137948
 -2.136283 2.480818 -2.785386
 -2.073451 2.330655 -2.364403
 -2.010619 2.156591 -3.096428
 -1.947787 1.970435 -2.867144
 -1.884956 1.760868 -4.123310
 -1.822124 1.455888 -5.365407
 -1.759292 1.124184 -4.985789
 -1.696460 0.845025 -3.877497
 -1.633628 0.613717 -4.029745
 -1.570796 0.300314 -5.632045
 -1.507964 -0.006285 -3.793812
 -1.445133 -0.209143 -3.127686
 -1.382301 -0.408142 -2.956051
 -1.319469 -0.508061 0.425185
 -1.256637 -0.327745 4.875039
 -1.193805 0.071406 8.131499
 -1.130973 0.741852 12.972374
 -1.068142 1.658882 16.240118
 -1.005310 2.844899 21.591966
 -0.942478 4.332702 25.219406
 -0.879646 6.013673 28.294648
 -0.816814 7.922852 32.313921
 -0.753982 10.052307 34.813756
 -0.691150 12.314228 37.312088
 -0.628319 14.809689 41.387776
 -0.565487 17.428641 41.316210
 -0.502655 20.133378 44.734091
 -0.439823 22.969571 43.792790
 -0.376991 25.743415 45.523892
 -0.314159 28.712463 45.830946
 -0.251327 31.237298 34.168473
 -0.188496 33.462750 39.244421
 -0.125664 36.086096 39.977715
 -0.062832 38.140536 21.960784
 0.000000 38.287420 -15.734931
 0.062832 37.531944 1.350553
 0.125664 38.882651 38.945510
 0.188496 41.069028 14.661371
 0.251327 40.607849 -19.048006
 0.314159 39.257350 -24.110837
 0.376991 37.560285 -28.939953
 0.439823 35.740353 -29.012989
 0.502655 33.830750 -32.156865
 0.565487 31.727038 -34.335162
 0.628319 29.605462 -32.232439
 0.691150 27.749057 -27.011709
 0.753982 26.181060 -22.717128
 0.816814 24.912673 -17.938738
 0.879646 23.902851 -13.822863
 0.942478 23.269506 -5.885066
 1.005310 23.132313 0.960143
 1.068142 23.366647 6.517406
 1.130973 23.961368 12.681059
 1.193805 25.022057 21.075130
 1.256637 26.520887 25.646442
 1.319469 28.245932 29.650892
 1.382301 30.305298 35.884488
 1.445133 32.783909 42.503174
 1.507964 35.618825 47.114067
 1.570796 38.779756 53.148710
 1.633628 42.326735 58.537678
 1.696460 46.213277 63.527850
 1.759292 50.209736 60.830299
 1.822124 53.961301 56.035426
 1.884956 57.256715 51.540443
 1.947787 61.427297 85.791265
 2.010619 68.606607 140.881657
 2.073451 inf nan
 2.136283 inf nan
 2.199115 inf nan
 2.261947 inf nan
 2.324779 inf nan
 2.387610 inf nan
 2.450442 81.060756 -188.893946
 2.513274 71.056269 -129.556543
 2.576106 64.432245 -86.563705
 2.638938 59.035356 -93.085439
 2.701770 52.439187 -110.114494
 2.764602 46.358517 -78.241350
 2.827433 42.495073 -51.556530
 2.890265 38.765625 -69.817331
 2.953097 34.172679 -73.033326
 3.015929 29.721072 -68.883193
 3.078761 25.563808 -61.684832
