#! FIELDS phi4 ffphi4 dffphi4_phi4
#! SET min_phi4 -pi
#! SET max_phi4 pi
#! SET nbins_phi4  100
#! SET periodic_phi4 true
 -3.141593 15.730111 -42.201763
 -3.078761 13.208424 -37.889374
 -3.015929 10.985197 -33.020353
 -2.953097 9.027652 -29.228733
 -2.890265 7.355343 -23.844707
 -2.827433 6.006709 -19.306673
 -2.764602 4.933432 -14.737504
 -2.701770 4.143371 -10.697907
 -2.638938 3.565151 -7.749848
 -2.576106 3.168005 -5.040810
 -2.513274 2.908960 -3.303819
 -2.450442 2.751461 -1.827706
 -2.387610 2.667531 -0.881271
 -2.324779 2.646824 0.140357
 -2.261947 2.651198 -0.471382
 -2.199115 2.562086 -2.195033
 -2.136283 2.420955 -2.158597
 -2.073451 2.289824 -2.122916
 -2.010619 2.139998 -2.765758
 -1.947787 1.959768 -2.854563
 -1.884956 1.753444 -4.187196
 -1.822124 1.438134 -5.301058
 -1.759292 1.131697 -4.726006
 -1.696460 0.801502 -5.839976
 -1.633628 0.423491 -6.049366
 -1.570796 0.046238 -5.959130
 -1.507964 -0.292738 -4.373489
 -1.445133 -0.450200 -0.514229
 -1.382301 -0.364715 3.165045
 -1.319469 -0.037263 7.313780
 -1.256637 0.551322 11.313036
 -1.193805 1.378971 14.829975
 -1.130973 2.404720 17.814855
 -1.068142 3.651030 21.864918
 -1.005310 5.135836 25.041385
 -0.942478 6.807311 27.966282
 -0.879646 8.632612 29.825848
 -0.816814 10.596258 32.651180
 -0.753982 12.754525 35.830143
 -0.691150 15.147857 40.176879
 -0.628319 17.804972 43.460658
 -0.565487 20.534743 42.152148
 -0.502655 23.162148 41.805669
 -0.439823 25.888130 44.043604
 -0.376991 28.616225 41.505615
 -0.314159 31.155862 39.234316
 -0.251327 33.536570 34.694301
 -0.188496 35.440820 25.814623
 -0.125664 36.850131 18.444777
 -0.062832 37.688687 7.679404
 0.000000 37.845131 -2.324982
 0.062832 37.429126 -11.242304
 0.125664 36.392903 -21.560784
 0.188496 34.803878 -28.501975
 0.251327 32.823031 -34.608072
 0.314159 30.499864 -38.632903
 0.376991 27.998937 -41.316094
 0.439823 25.303270 -43.870177
 0.502655 22.566192 -42.896382
 0.565487 19.942582 -40.465982
 0.628319 17.463397 -38.747528
 0.691150 15.083040 -36.449741
 0.753982 12.957090 -30.908902
 0.816814 11.205286 -24.920951
 0.879646 9.827542 -18.785142
 0.942478 8.866838 -11.682259
 1.005310 8.367690 -4.179599
 1.068142 8.348531 3.641101
 1.130973 8.823733 11.276748
 1.193805 9.759628 18.618744
 1.256637 11.180924 26.554103
 1.319469 13.120850 35.313272
 1.382301 15.644885 44.710356
 1.445133 18.741202 53.092204
 1.507964 22.292754 58.601970
 1.570796 26.115506 61.320620
 1.633628 30.042199 61.748113
 1.696460 33.921202 59.402754
 1.759292 37.624176 57.437098
 1.822124 41.274619 57.212135
 1.884956 44.855385 54.731993
 1.947787 48.180794 49.933508
 2.010619 51.179232 43.627261
 2.073451 53.547353 30.225437
 2.136283 55.108947 20.458150
 2.199115 56.207230 13.464965
 2.261947 56.630125 -1.042863
 2.324779 56.135969 -14.061612
 2.387610 54.791245 -29.691378
 2.450442 52.501790 -41.529171
 2.513274 49.686279 -48.025882
 2.576106 46.429648 -55.302387
 2.638938 42.893498 -56.216746
 2.701770 39.333801 -57.866307
 2.764602 35.614414 -59.826203
 2.827433 31.877883 -59.069168
 2.890265 28.195839 -57.605544
 2.953097 24.710686 -53.198086
 3.015929 21.489496 -49.404684
 3.078761 18.499261 -45.842501
