#! FIELDS phi3 hhphi3 dhhphi3_phi3
#! SET min_phi3 -pi
#! SET max_phi3 pi
#! SET nbins_phi3  100
#! SET periodic_phi3 true
 -3.141593 0.130416 0.388321
 -3.078761 0.154046 0.357871
 -3.015929 0.174669 0.297752
 -2.953097 0.191554 0.246997
 -2.890265 0.205911 0.203415
 -2.827433 0.216011 0.124818
 -2.764602 0.222559 0.089823
 -2.701770 0.227172 0.060812
 -2.638938 0.230626 0.057581
 -2.576106 0.234265 0.055720
 -2.513274 0.237059 0.040774
 -2.450442 0.239869 0.048615
 -2.387610 0.242013 0.020455
 -2.324779 0.242949 0.018426
 -2.261947 0.244295 0.026166
 -2.199115 0.245584 0.010721
 -2.136283 0.244689 -0.034325
 -2.073451 0.242339 -0.025508
 -2.010619 0.242115 0.021934
 -1.947787 0.244047 0.034423
 -1.884956 0.246610 0.060149
 -1.822124 0.251689 0.101333
 -1.759292 0.259332 0.150813
 -1.696460 0.270452 0.199895
 -1.633628 0.283743 0.227372
 -1.570796 0.298851 0.250475
 -1.507964 0.313461 0.209892
 -1.445133 0.325298 0.174652
 -1.382301 0.334867 0.128342
 -1.319469 0.340597 0.051688
 -1.256637 0.340469 -0.049895
 -1.193805 0.334489 -0.136106
 -1.130973 0.323714 -0.189276
 -1.068142 0.311691 -0.188382
 -1.005310 0.298828 -0.224152
 -0.942478 0.283687 -0.243233
 -0.879646 0.268145 -0.255397
 -0.816814 0.250613 -0.299315
 -0.753982 0.230878 -0.317340
 -0.691150 0.210456 -0.340269
 -0.628319 0.186885 -0.403398
 -0.565487 0.161105 -0.397796
 -0.502655 0.137950 -0.338672
 -0.439823 0.117527 -0.310065
 -0.376991 0.099081 -0.275067
 -0.314159 0.082767 -0.240757
 -0.251327 0.069111 -0.189655
 -0.188496 0.058572 -0.149609
 -0.125664 0.050018 -0.117700
 -0.062832 0.044370 -0.059244
 0.000000 0.042183 -0.013666
 0.062832 0.042463 0.025254
 0.125664 0.045513 0.072055
 0.188496 0.051495 0.120415
 0.251327 0.060564 0.165738
 0.314159 0.072043 0.201776
 0.376991 0.086212 0.248908
 0.439823 0.102595 0.268172
 0.502655 0.119863 0.286629
 0.565487 0.139096 0.327368
 0.628319 0.160677 0.359308
 0.691150 0.183727 0.369859
 0.753982 0.207452 0.398733
 0.816814 0.233733 0.424668
 0.879646 0.258845 0.369947
 0.942478 0.279918 0.303278
 1.005310 0.295839 0.188983
 1.068142 0.301444 -0.013666
 1.130973 0.294465 -0.194818
 1.193805 0.277621 -0.336668
 1.256637 0.251235 -0.504587
 1.319469 0.215126 -0.618309
 1.382301 0.175525 -0.632146
 1.445133 0.135619 -0.630875
 1.507964 0.097405 -0.565936
 1.570796 0.066030 -0.424738
 1.633628 0.043545 -0.295912
 1.696460 0.028046 -0.198679
 1.759292 0.018075 -0.123284
 1.822124 0.011820 -0.078957
 1.884956 0.007733 -0.053489
 1.947787 0.004912 -0.035695
 2.010619 0.003229 -0.018957
 2.073451 0.002351 -0.009563
 2.136283 0.001923 -0.005358
 2.199115 0.001564 -0.005571
 2.261947 0.001358 -0.000137
 2.324779 0.001553 0.005692
 2.387610 0.001988 0.008241
 2.450442 0.002639 0.012745
 2.513274 0.003671 0.021759
 2.576106 0.005630 0.041883
 2.638938 0.008973 0.065734
 2.701770 0.014285 0.106016
 2.764602 0.022236 0.145759
 2.827433 0.032804 0.195344
 2.890265 0.047113 0.257579
 2.953097 0.064491 0.292211
 3.015929 0.083925 0.330488
 3.078761 0.106189 0.376112
