#! FIELDS phi4 hhphi4 dhhphi4_phi4
#! SET min_phi4 -pi
#! SET max_phi4 pi
#! SET nbins_phi4  100
#! SET periodic_phi4 true
 -3.141593 0.156902 0.339017
 -3.078761 0.177746 0.310635
 -3.015929 0.195195 0.257685
 -2.953097 0.211451 0.259418
 -2.890265 0.226296 0.209945
 -2.827433 0.238360 0.182742
 -2.764602 0.248666 0.140939
 -2.701770 0.256406 0.121766
 -2.638938 0.264635 0.138329
 -2.576106 0.272812 0.125137
 -2.513274 0.280690 0.129811
 -2.450442 0.288091 0.103114
 -2.387610 0.293857 0.092997
 -2.324779 0.300115 0.105075
 -2.261947 0.305625 0.069881
 -2.199115 0.309074 0.044238
 -2.136283 0.310529 0.007720
 -2.073451 0.310460 -0.005895
 -2.010619 0.308764 -0.048276
 -1.947787 0.304581 -0.075825
 -1.884956 0.299257 -0.083406
 -1.822124 0.295250 -0.033911
 -1.759292 0.294483 0.012651
 -1.696460 0.297275 0.086059
 -1.633628 0.305253 0.170354
 -1.570796 0.317935 0.230137
 -1.507964 0.332952 0.242496
 -1.445133 0.346474 0.175777
 -1.382301 0.352929 0.021955
 -1.319469 0.348277 -0.164612
 -1.256637 0.332876 -0.308464
 -1.193805 0.311173 -0.362923
 -1.130973 0.288177 -0.361010
 -1.068142 0.265668 -0.348672
 -1.005310 0.244491 -0.318252
 -0.942478 0.225768 -0.274787
 -0.879646 0.208765 -0.269794
 -0.816814 0.191479 -0.278273
 -0.753982 0.173388 -0.293617
 -0.691150 0.154476 -0.304970
 -0.628319 0.135404 -0.295371
 -0.565487 0.117213 -0.282815
 -0.502655 0.099645 -0.274022
 -0.439823 0.082939 -0.251230
 -0.376991 0.068384 -0.211312
 -0.314159 0.055947 -0.182958
 -0.251327 0.045736 -0.138217
 -0.188496 0.038448 -0.095300
 -0.125664 0.033421 -0.064822
 -0.062832 0.030315 -0.032279
 0.000000 0.029532 0.009447
 0.062832 0.031399 0.048355
 0.125664 0.035566 0.086159
 0.188496 0.042250 0.126951
 0.251327 0.051648 0.174196
 0.314159 0.064209 0.225851
 0.376991 0.079594 0.257671
 0.439823 0.095959 0.263294
 0.502655 0.112484 0.258660
 0.565487 0.127723 0.223863
 0.628319 0.140531 0.188309
 0.691150 0.152075 0.186847
 0.753982 0.164223 0.199388
 0.816814 0.176619 0.196068
 0.879646 0.189291 0.215732
 0.942478 0.203645 0.234136
 1.005310 0.216874 0.178551
 1.068142 0.225390 0.093026
 1.130973 0.227984 -0.013313
 1.193805 0.223112 -0.135957
 1.256637 0.211605 -0.223446
 1.319469 0.194686 -0.314415
 1.382301 0.171884 -0.405798
 1.445133 0.144307 -0.459849
 1.507964 0.115162 -0.455134
 1.570796 0.087977 -0.404470
 1.633628 0.064404 -0.339191
 1.696460 0.045870 -0.248530
 1.759292 0.032467 -0.181928
 1.822124 0.022897 -0.121105
 1.884956 0.016600 -0.085417
 1.947787 0.011893 -0.062070
 2.010619 0.008821 -0.037266
 2.073451 0.006942 -0.023218
 2.136283 0.005817 -0.013207
 2.199115 0.005216 -0.005692
 2.261947 0.005153 0.004245
 2.324779 0.005663 0.010834
 2.387610 0.006596 0.021363
 2.450442 0.008453 0.036745
 2.513274 0.011182 0.051806
 2.576106 0.015325 0.083626
 2.638938 0.021891 0.124085
 2.701770 0.030734 0.159063
 2.764602 0.042234 0.208208
 2.827433 0.056750 0.252517
 2.890265 0.073908 0.295296
 2.953097 0.093913 0.338899
 3.015929 0.115491 0.339589
 3.078761 0.136179 0.324094
