#! FIELDS psi4 ffpsi4 dffpsi4_psi4
#! SET min_psi4 -pi
#! SET max_psi4 pi
#! SET nbins_psi4  100
#! SET periodic_psi4 true
 -3.141593 3.151397 43.286871
 -3.078761 6.091313 41.425895
 -3.015929 8.314005 34.059512
 -2.953097 10.619655 31.833382
 -2.890265 11.044276 -18.755082
 -2.827433 9.879348 -5.592951
 -2.764602 11.121605 46.778153
 -2.701770 15.581792 88.979639
 -2.638938 20.564214 51.706346
 -2.576106 21.533729 -2.179253
 -2.513274 22.409466 32.329419
 -2.450442 24.076254 -0.827621
 -2.387610 23.059572 -12.034920
 -2.324779 23.516242 25.711109
 -2.261947 25.215496 14.490773
 -2.199115 24.690524 -27.287936
 -2.136283 22.955606 -18.193048
 -2.073451 22.871392 13.261495
 -2.010619 23.460235 -8.601848
 -1.947787 21.879676 -30.333330
 -1.884956 20.144297 -23.287296
 -1.822124 19.443243 2.371982
 -1.759292 19.822447 2.771824
 -1.696460 19.740688 -3.525521
 -1.633628 19.026254 -25.160762
 -1.570796 16.674673 -40.499467
 -1.507964 14.872325 -14.840768
 -1.445133 14.373607 -7.902543
 -1.382301 13.573870 -14.632581
 -1.319469 12.702276 -14.558276
 -1.256637 11.601505 -19.666099
 -1.193805 10.523657 -12.654223
 -1.130973 9.962038 -7.229880
 -1.068142 9.618870 -1.891070
 -1.005310 9.572594 -4.435257
 -0.942478 8.769787 -17.996540
 -0.879646 7.892320 -7.806881
 -0.816814 7.521257 -8.063090
 -0.753982 6.754731 -14.799963
 -0.691150 5.908222 -9.834712
 -0.628319 5.625687 -1.578240
 -0.565487 5.314391 -8.591432
 -0.502655 4.701695 -10.604116
 -0.439823 4.029469 -9.677763
 -0.376991 3.612736 -3.736461
 -0.314159 3.424457 -2.531521
 -0.251327 3.413792 2.217947
 -0.188496 3.398913 -5.253810
 -0.125664 2.979409 -4.567976
 -0.062832 2.979386 4.416567
 0.000000 3.434166 5.186361
 0.062832 2.215215 -47.866505
 0.125664 -0.712183 -31.268717
 0.188496 -1.025778 22.004409
 0.251327 1.719596 57.585805
 0.314159 4.729004 30.671747
 0.376991 5.158460 -18.284261
 0.439823 3.773471 -13.973191
 0.502655 3.942186 16.359425
 0.565487 4.904975 9.746567
 0.628319 5.566877 14.389811
 0.691150 6.461043 10.370538
 0.753982 6.786396 0.670438
 0.816814 6.509688 -9.451966
 0.879646 5.888399 -7.585405
 0.942478 5.723679 1.981067
 1.005310 5.832392 -2.244577
 1.068142 5.411198 -6.760699
 1.130973 5.513199 10.905090
 1.193805 6.439307 14.277623
 1.256637 7.119919 9.035843
 1.319469 7.775680 10.663653
 1.382301 8.113167 0.518170
 1.445133 8.389716 10.959592
 1.507964 9.059020 1.950941
 1.570796 8.569305 -7.976469
 1.633628 8.901721 19.078127
 1.696460 10.309708 15.664898
 1.759292 10.330709 -11.931138
 1.822124 8.400876 -50.888894
 1.884956 5.382066 -35.210050
 1.947787 4.353319 2.057170
 2.010619 5.526423 33.342838
 2.073451 7.531315 14.669329
 2.136283 6.670104 -30.540400
 2.199115 5.143232 -13.166060
 2.261947 4.944231 2.474479
 2.324779 4.605614 -21.317854
 2.387610 2.288446 -40.437654
 2.450442 0.823199 -2.091786
 2.513274 1.714229 18.184333
 2.576106 1.365594 -22.423450
 2.638938 0.437500 -3.484884
 2.701770 0.932936 18.035893
 2.764602 2.267575 19.311585
 2.827433 3.041702 5.333077
 2.890265 3.169400 2.397137
 2.953097 3.414850 -0.186202
 3.015929 2.496290 -24.688083
 3.078761 1.594733 3.319591
