#! FIELDS psi3 ffpsi3 dffpsi3_psi3
#! SET min_psi3 -pi
#! SET max_psi3 pi
#! SET nbins_psi3  100
#! SET periodic_psi3 true
 -3.141593 8.288819 12.785100
 -3.078761 9.211717 17.248833
 -3.015929 10.443334 21.034620
 -2.953097 11.725380 18.613269
 -2.890265 12.800819 16.924508
 -2.827433 14.024562 22.183826
 -2.764602 15.538473 25.315612
 -2.701770 17.152559 25.136399
 -2.638938 18.634553 21.832650
 -2.576106 19.883998 17.493977
 -2.513274 20.923437 16.353293
 -2.450442 21.939587 15.161763
 -2.387610 22.773041 11.377421
 -2.324779 23.469806 11.355079
 -2.261947 24.146906 9.012395
 -2.199115 24.577951 5.400608
 -2.136283 24.891737 4.579281
 -2.073451 25.193393 5.367342
 -2.010619 25.564990 6.411301
 -1.947787 26.103774 11.445390
 -1.884956 26.888730 11.096925
 -1.822124 27.311832 2.840129
 -1.759292 27.415052 0.826431
 -1.696460 27.361474 -3.119802
 -1.633628 26.971129 -9.348906
 -1.570796 26.270508 -13.228739
 -1.507964 25.091081 -25.656295
 -1.445133 22.912805 -44.873746
 -1.382301 20.018509 -38.079787
 -1.319469 18.789444 -1.972381
 -1.256637 18.626849 -16.785743
 -1.193805 16.714445 -37.827245
 -1.130973 13.741594 -54.436160
 -1.068142 10.860287 -32.076305
 -1.005310 9.792151 -4.077804
 -0.942478 9.945203 3.651319
 -0.879646 8.986869 -41.264114
 -0.816814 5.598468 -54.007789
 -0.753982 3.308905 -15.279342
 -0.691150 3.470019 12.095325
 -0.628319 3.364343 -17.082397
 -0.565487 2.538618 -1.079794
 -0.502655 3.432187 24.750659
 -0.439823 4.560515 5.941334
 -0.376991 4.538701 -4.047086
 -0.314159 3.595568 -28.558507
 -0.251327 1.813775 -19.613280
 -0.188496 1.595692 11.834036
 -0.125664 2.442999 2.727556
 -0.062832 1.528934 -23.472839
 0.000000 0.332663 -10.421110
 0.062832 0.629227 20.573962
 0.125664 2.402209 27.742494
 0.188496 2.870404 -25.363721
 0.251327 0.120081 -41.104236
 0.314159 -1.054718 5.569629
 0.376991 0.579923 39.714307
 0.439823 2.474745 13.165656
 0.502655 2.731368 -0.078124
 0.565487 2.780360 2.954439
 0.628319 3.178710 8.572370
 0.691150 3.633308 5.235376
 0.753982 3.905619 3.851558
 0.816814 4.171829 5.013263
 0.879646 4.472996 3.407421
 0.942478 4.642695 3.478785
 1.005310 4.909956 3.310142
 1.068142 5.038771 2.595481
 1.130973 5.342731 5.743790
 1.193805 5.605145 2.994453
 1.256637 5.806446 2.926312
 1.319469 5.923700 1.314234
 1.382301 6.044624 2.332642
 1.445133 6.206063 3.454622
 1.507964 6.465835 2.352793
 1.570796 6.336179 -3.977904
 1.633628 6.293442 2.801043
 1.696460 6.568397 4.492011
 1.759292 6.621342 -3.826112
 1.822124 6.275938 -4.905870
 1.884956 6.118413 -0.518050
 1.947787 6.100890 -1.087718
 2.010619 5.910802 -4.901078
 2.073451 5.555547 -5.904109
 2.136283 5.162307 -6.552002
 2.199115 4.949633 1.746049
 2.261947 5.253329 3.927856
 2.324779 5.148691 -5.432877
 2.387610 4.902527 -2.464704
 2.450442 4.653177 -5.360240
 2.513274 4.458727 -0.162705
 2.576106 4.400088 -3.838291
 2.638938 4.138831 -1.610410
 2.701770 4.224870 2.294756
 2.764602 4.382149 4.458243
 2.827433 4.867910 9.642738
 2.890265 5.426149 7.387900
 2.953097 5.799546 5.813817
 3.015929 6.422533 14.618684
 3.078761 7.437102 15.340698
