#! FIELDS psi3 ffpsi3 dffpsi3_psi3
#! SET min_psi3 -pi
#! SET max_psi3 pi
#! SET nbins_psi3  100
#! SET periodic_psi3 true
 -3.141593 8.588812 15.902720
 -3.078761 9.664023 17.649231
 -3.015929 10.766861 17.543636
 -2.953097 11.878150 17.345638
 -2.890265 12.983767 18.386508
 -2.827433 14.184221 19.561978
 -2.764602 15.541298 24.244227
 -2.701770 17.194788 26.989259
 -2.638938 18.775574 22.148110
 -2.576106 19.921248 14.416520
 -2.513274 20.791878 14.896037
 -2.450442 21.837733 17.088990
 -2.387610 22.749965 11.447960
 -2.324779 23.443560 11.739590
 -2.261947 24.125902 8.040014
 -2.199115 24.440898 3.477207
 -2.136283 24.668424 3.537897
 -2.073451 24.954846 6.947089
 -2.010619 25.622165 13.264578
 -1.947787 26.435868 11.850914
 -1.884956 27.094847 8.360092
 -1.822124 27.425089 2.865006
 -1.759292 27.586302 2.064713
 -1.696460 27.626092 -0.930054
 -1.633628 27.395132 -7.547105
 -1.570796 26.694825 -14.704325
 -1.507964 25.357678 -27.758802
 -1.445133 23.622856 -25.165599
 -1.382301 22.050874 -26.006876
 -1.319469 20.606670 -18.671476
 -1.256637 19.193156 -31.141908
 -1.193805 16.925702 -40.455625
 -1.130973 13.821497 -53.782470
 -1.068142 10.974808 -34.588538
 -1.005310 9.487334 -12.712075
 -0.942478 9.318711 2.897099
 -0.879646 8.191775 -48.361716
 -0.816814 4.435622 -57.279516
 -0.753982 2.047298 -15.606118
 -0.691150 2.257952 14.016224
 -0.628319 2.239145 -16.833279
 -0.565487 1.511148 3.188946
 -0.502655 3.009790 40.613924
 -0.439823 5.111278 15.606231
 -0.376991 5.310894 -7.111229
 -0.314159 3.853182 -39.754611
 -0.251327 1.353972 -29.431706
 -0.188496 0.802911 12.388262
 -0.125664 2.396150 28.770544
 -0.062832 3.265915 -4.031923
 0.000000 2.393074 -13.825158
 0.062832 2.246796 6.382214
 0.125664 2.574202 4.580445
 0.188496 2.565884 -19.548633
 0.251327 0.043730 -40.577408
 0.314159 -1.127979 5.780172
 0.376991 0.563123 41.321898
 0.439823 2.562225 14.523491
 0.502655 2.804148 -3.569744
 0.565487 2.502744 -1.988427
 0.628319 2.841041 11.106445
 0.691150 3.408414 4.633473
 0.753982 3.584597 2.960647
 0.816814 3.881411 6.233700
 0.879646 4.219257 3.160633
 0.942478 4.383143 4.171074
 1.005310 4.742213 4.838383
 1.068142 4.876323 1.236418
 1.130973 5.109248 5.612793
 1.193805 5.386121 2.895487
 1.256637 5.604662 4.131996
 1.319469 5.756080 -0.020458
 1.382301 5.773171 2.496197
 1.445133 6.119884 7.337091
 1.507964 6.465677 1.626852
 1.570796 6.364710 -2.089466
 1.633628 6.402199 3.112733
 1.696460 6.762943 7.988171
 1.759292 7.047956 -2.520478
 1.822124 6.578998 -8.354592
 1.884956 6.297866 -0.531918
 1.947787 6.325648 -0.950556
 2.010619 6.040697 -7.234383
 2.073451 5.624958 -5.258311
 2.136283 5.224584 -8.768188
 2.199115 4.836516 0.399481
 2.261947 5.281034 8.961675
 2.324779 5.413268 -3.105122
 2.387610 5.427101 3.666279
 2.450442 5.336074 -9.217512
 2.513274 4.718391 -6.078202
 2.576106 4.585107 -1.043862
 2.638938 4.433258 -2.816510
 2.701770 4.273133 -2.556530
 2.764602 4.283144 5.184387
 2.827433 4.945524 13.180510
 2.890265 5.562307 4.773995
 2.953097 5.676262 2.415020
 3.015929 6.300960 17.953673
 3.078761 7.567905 18.499411
