#! FIELDS phi4 hhphi4 dhhphi4_phi4
#! SET min_phi4 -pi
#! SET max_phi4 pi
#! SET nbins_phi4  100
#! SET periodic_phi4 true
 -3.141593 0.070609 0.293002
 -3.078761 0.091248 0.366608
 -3.015929 0.117346 0.479079
 -2.953097 0.153599 0.686989
 -2.890265 0.203700 0.898550
 -2.827433 0.264291 1.017457
 -2.764602 0.330496 1.078584
 -2.701770 0.395632 0.946395
 -2.638938 0.443144 0.543604
 -2.576106 0.464608 0.161464
 -2.513274 0.463572 -0.188220
 -2.450442 0.443707 -0.400525
 -2.387610 0.416939 -0.414719
 -2.324779 0.393886 -0.314156
 -2.261947 0.376321 -0.230558
 -2.199115 0.366055 -0.096575
 -2.136283 0.359414 -0.157790
 -2.073451 0.343583 -0.318421
 -2.010619 0.323809 -0.281569
 -1.947787 0.308011 -0.220501
 -1.884956 0.297698 -0.078600
 -1.822124 0.299776 0.158605
 -1.759292 0.318011 0.421152
 -1.696460 0.351328 0.633441
 -1.633628 0.395024 0.737164
 -1.570796 0.442311 0.774854
 -1.507964 0.490988 0.739642
 -1.445133 0.528569 0.426719
 -1.382301 0.542833 0.033349
 -1.319469 0.532385 -0.362292
 -1.256637 0.498063 -0.696373
 -1.193805 0.448130 -0.866398
 -1.130973 0.389832 -0.982468
 -1.068142 0.324450 -1.073022
 -1.005310 0.258812 -0.982219
 -0.942478 0.201621 -0.835363
 -0.879646 0.154021 -0.667180
 -0.816814 0.117274 -0.510519
 -0.753982 0.088354 -0.409935
 -0.691150 0.065886 -0.303548
 -0.628319 0.049104 -0.235945
 -0.565487 0.036129 -0.174842
 -0.502655 0.026701 -0.127836
 -0.439823 0.019873 -0.088964
 -0.376991 0.015121 -0.066442
 -0.314159 0.011086 -0.062672
 -0.251327 0.007406 -0.050768
 -0.188496 0.004986 -0.026947
 -0.125664 0.003597 -0.019389
 -0.062832 0.002622 -0.010324
 0.000000 0.002230 -0.003211
 0.062832 0.002235 0.004901
 0.125664 0.002986 0.018919
 0.188496 0.004606 0.033885
 0.251327 0.007438 0.057156
 0.314159 0.011882 0.085964
 0.376991 0.018485 0.125445
 0.439823 0.027686 0.167362
 0.502655 0.039573 0.213621
 0.565487 0.054910 0.276589
 0.628319 0.074651 0.357451
 0.691150 0.100574 0.471691
 0.753982 0.133665 0.575576
 0.816814 0.171699 0.624022
 0.879646 0.209413 0.547352
 0.942478 0.237253 0.327757
 1.005310 0.249972 0.080517
 1.068142 0.247622 -0.153608
 1.130973 0.230527 -0.376233
 1.193805 0.202142 -0.516575
 1.256637 0.165949 -0.617621
 1.319469 0.127026 -0.603307
 1.382301 0.090561 -0.550938
 1.445133 0.058412 -0.463415
 1.507964 0.033059 -0.335876
 1.570796 0.016217 -0.202199
 1.633628 0.006899 -0.100466
 1.696460 0.002562 -0.044128
 1.759292 0.000727 -0.016879
 1.822124 0.000135 -0.004008
 1.884956 0.000016 -0.000620
 1.947787 0.000001 -0.000044
 2.010619 0.000000 0.000000
 2.073451 0.000000 0.000000
 2.136283 0.000000 0.000000
 2.199115 0.000000 0.000000
 2.261947 0.000000 0.000000
 2.324779 0.000000 0.000000
 2.387610 0.000000 0.000000
 2.450442 0.000000 0.000001
 2.513274 0.000001 0.000043
 2.576106 0.000012 0.000393
 2.638938 0.000071 0.001790
 2.701770 0.000320 0.007437
 2.764602 0.001286 0.026633
 2.827433 0.004255 0.073600
 2.890265 0.011125 0.147512
 2.953097 0.022746 0.218311
 3.015929 0.037670 0.249836
 3.078761 0.053622 0.257249
