#! FIELDS psi2 hhpsi2 dhhpsi2_psi2
#! SET min_psi2 -pi
#! SET max_psi2 pi
#! SET nbins_psi2  100
#! SET periodic_psi2 true
 -3.141593 0.169995 -0.358494
 -3.078761 0.146403 -0.404472
 -3.015929 0.122059 -0.346641
 -2.953097 0.101340 -0.327715
 -2.890265 0.081845 -0.269913
 -2.827433 0.067164 -0.213237
 -2.764602 0.053873 -0.208947
 -2.701770 0.041177 -0.186719
 -2.638938 0.030709 -0.152690
 -2.576106 0.020840 -0.160504
 -2.513274 0.011484 -0.130100
 -2.450442 0.005037 -0.069389
 -2.387610 0.002618 -0.015193
 -2.324779 0.002562 0.014926
 -2.261947 0.004365 0.038926
 -2.199115 0.007573 0.069024
 -2.136283 0.013795 0.133493
 -2.073451 0.023871 0.173618
 -2.010619 0.035166 0.203389
 -1.947787 0.050476 0.258920
 -1.884956 0.063074 0.125243
 -1.822124 0.067341 0.030971
 -1.759292 0.069378 0.046945
 -1.696460 0.071179 -0.030751
 -1.633628 0.062673 -0.222763
 -1.570796 0.046494 -0.275773
 -1.507964 0.029731 -0.237171
 -1.445133 0.017670 -0.152649
 -1.382301 0.009868 -0.092925
 -1.319469 0.006374 -0.017178
 -1.256637 0.007036 0.026466
 -1.193805 0.007889 -0.005488
 -1.130973 0.007483 0.008230
 -1.068142 0.009599 0.052177
 -1.005310 0.012410 0.026855
 -0.942478 0.013275 0.013704
 -0.879646 0.015221 0.048950
 -0.816814 0.019215 0.076044
 -0.753982 0.024324 0.086914
 -0.691150 0.031113 0.138942
 -0.628319 0.042676 0.234955
 -0.565487 0.059720 0.288057
 -0.502655 0.078787 0.339479
 -0.439823 0.100621 0.297253
 -0.376991 0.111813 0.082465
 -0.314159 0.115259 0.037324
 -0.251327 0.115677 -0.021552
 -0.188496 0.113790 -0.030832
 -0.125664 0.112105 -0.009308
 -0.062832 0.113936 0.062466
 0.000000 0.117456 0.038571
 0.062832 0.119181 0.024711
 0.125664 0.119376 -0.033275
 0.188496 0.114789 -0.091121
 0.251327 0.111118 -0.011431
 0.314159 0.112114 0.034369
 0.376991 0.115535 0.076851
 0.439823 0.123784 0.234017
 0.502655 0.147916 0.506885
 0.565487 0.182531 0.577409
 0.628319 0.218979 0.571786
 0.691150 0.252261 0.472104
 0.753982 0.277873 0.351313
 0.816814 0.295488 0.198210
 0.879646 0.301234 -0.007926
 0.942478 0.298744 -0.021267
 1.005310 0.301840 0.136898
 1.068142 0.312797 0.137819
 1.130973 0.309025 -0.283563
 1.193805 0.279911 -0.580853
 1.256637 0.244544 -0.479055
 1.319469 0.222436 -0.231851
 1.382301 0.215546 0.041050
 1.445133 0.227333 0.309652
 1.507964 0.252919 0.526628
 1.570796 0.295595 0.818125
 1.633628 0.346005 0.669923
 1.696460 0.369618 0.093843
 1.759292 0.365273 -0.170497
 1.822124 0.351876 -0.240454
 1.884956 0.336475 -0.219099
 1.947787 0.327463 -0.039706
 2.010619 0.331223 0.116884
 2.073451 0.334221 -0.022757
 2.136283 0.335266 0.083143
 2.199115 0.336500 -0.095703
 2.261947 0.325864 -0.188161
 2.324779 0.315452 -0.132052
 2.387610 0.311960 0.065315
 2.450442 0.325118 0.336007
 2.513274 0.350921 0.467984
 2.576106 0.378114 0.341237
 2.638938 0.390190 0.059908
 2.701770 0.385213 -0.249729
 2.764602 0.355596 -0.658347
 2.827433 0.309856 -0.748280
 2.890265 0.264494 -0.644523
 2.953097 0.234602 -0.304617
 3.015929 0.218801 -0.267443
 3.078761 0.195677 -0.440980
