#! FIELDS phi3 hhphi3 dhhphi3_phi3
#! SET min_phi3 -pi
#! SET max_phi3 pi
#! SET nbins_phi3  100
#! SET periodic_phi3 true
 -3.141593 0.166688 0.106448
 -3.078761 0.172059 0.141205
 -3.015929 0.184875 0.209308
 -2.953097 0.193846 0.088664
 -2.890265 0.199401 0.120866
 -2.827433 0.210468 0.222195
 -2.764602 0.223999 0.182051
 -2.701770 0.231844 0.078231
 -2.638938 0.234418 0.012078
 -2.576106 0.234555 -0.004439
 -2.513274 0.230440 -0.162284
 -2.450442 0.213368 -0.325207
 -2.387610 0.198491 -0.106554
 -2.324779 0.196319 -0.028077
 -2.261947 0.190961 -0.112239
 -2.199115 0.184199 -0.120885
 -2.136283 0.175225 -0.120378
 -2.073451 0.173311 0.043900
 -2.010619 0.174665 -0.017822
 -1.947787 0.172868 -0.024558
 -1.884956 0.172219 0.026820
 -1.822124 0.177664 0.131144
 -1.759292 0.185245 0.100660
 -1.696460 0.191715 0.146579
 -1.633628 0.209860 0.454041
 -1.570796 0.242495 0.507543
 -1.507964 0.268143 0.296598
 -1.445133 0.281176 0.189491
 -1.382301 0.299446 0.362050
 -1.319469 0.314984 0.089089
 -1.256637 0.315387 -0.005165
 -1.193805 0.315752 -0.013876
 -1.130973 0.311983 -0.081457
 -1.068142 0.305825 -0.121467
 -1.005310 0.297794 -0.103408
 -0.942478 0.291693 -0.138840
 -0.879646 0.275761 -0.337903
 -0.816814 0.254444 -0.322921
 -0.753982 0.234592 -0.306874
 -0.691150 0.214734 -0.328226
 -0.628319 0.193205 -0.352194
 -0.565487 0.170804 -0.346961
 -0.502655 0.151654 -0.241576
 -0.439823 0.139000 -0.206643
 -0.376991 0.119728 -0.407114
 -0.314159 0.094109 -0.339019
 -0.251327 0.080250 -0.121434
 -0.188496 0.075412 -0.036217
 -0.125664 0.075983 0.051167
 -0.062832 0.082489 0.179438
 0.000000 0.097929 0.263282
 0.062832 0.109519 0.103222
 0.125664 0.115501 0.118666
 0.188496 0.123099 0.110695
 0.251327 0.130560 0.130981
 0.314159 0.139179 0.155407
 0.376991 0.149324 0.146366
 0.439823 0.155910 0.061367
 0.502655 0.158678 0.064485
 0.565487 0.166868 0.184372
 0.628319 0.176670 0.105009
 0.691150 0.182760 0.120575
 0.753982 0.190449 0.102288
 0.816814 0.195299 0.059351
 0.879646 0.196381 -0.034381
 0.942478 0.191914 -0.094939
 1.005310 0.183846 -0.149710
 1.068142 0.177537 -0.017817
 1.130973 0.180353 0.074271
 1.193805 0.182970 0.006205
 1.256637 0.182701 0.000435
 1.319469 0.182333 -0.034360
 1.382301 0.174260 -0.244755
 1.445133 0.151204 -0.450202
 1.507964 0.125649 -0.311613
 1.570796 0.110922 -0.197130
 1.633628 0.097585 -0.227721
 1.696460 0.083081 -0.215436
 1.759292 0.071989 -0.139579
 1.822124 0.063641 -0.145640
 1.884956 0.051137 -0.251321
 1.947787 0.035788 -0.200491
 2.010619 0.026459 -0.115031
 2.073451 0.019601 -0.103341
 2.136283 0.013923 -0.074080
 2.199115 0.010379 -0.036522
 2.261947 0.009428 0.003577
 2.324779 0.010493 0.033982
 2.387610 0.014124 0.079186
 2.450442 0.020590 0.139772
 2.513274 0.033141 0.253532
 2.576106 0.049149 0.233052
 2.638938 0.063907 0.266234
 2.701770 0.081943 0.269779
 2.764602 0.094488 0.134342
 2.827433 0.101929 0.129307
 2.890265 0.111667 0.173324
 2.953097 0.122940 0.191130
 3.015929 0.136186 0.236028
 3.078761 0.153249 0.292142
