#! FIELDS psi4 hhpsi4 dhhpsi4_psi4
#! SET min_psi4 -pi
#! SET max_psi4 pi
#! SET nbins_psi4  100
#! SET periodic_psi4 true
 -3.141593 0.141916 -0.871871
 -3.078761 0.095025 -0.640424
 -3.015929 0.059439 -0.479150
 -2.953097 0.035583 -0.287633
 -2.890265 0.021272 -0.173739
 -2.827433 0.013282 -0.088397
 -2.764602 0.008598 -0.068160
 -2.701770 0.004630 -0.051880
 -2.638938 0.002644 -0.013726
 -2.576106 0.002128 -0.005374
 -2.513274 0.001930 -0.002305
 -2.450442 0.001737 -0.002240
 -2.387610 0.001805 0.004654
 -2.324779 0.002392 0.014551
 -2.261947 0.003333 0.009620
 -2.199115 0.003266 -0.007658
 -2.136283 0.002923 -0.002916
 -2.073451 0.002992 0.009109
 -2.010619 0.004156 0.021764
 -1.947787 0.004931 0.003845
 -1.884956 0.005345 0.011836
 -1.822124 0.006059 0.008548
 -1.759292 0.006988 0.029739
 -1.696460 0.009922 0.054395
 -1.633628 0.012838 0.040692
 -1.570796 0.016119 0.068177
 -1.507964 0.020566 0.066683
 -1.445133 0.025567 0.106143
 -1.382301 0.033047 0.111322
 -1.319469 0.039256 0.105729
 -1.256637 0.048153 0.178740
 -1.193805 0.061088 0.227124
 -1.130973 0.075221 0.208771
 -1.068142 0.086848 0.167558
 -1.005310 0.097244 0.176982
 -0.942478 0.110121 0.227131
 -0.879646 0.123414 0.184181
 -0.816814 0.134118 0.166166
 -0.753982 0.142932 0.100007
 -0.691150 0.145508 -0.014561
 -0.628319 0.145005 0.054527
 -0.565487 0.154709 0.226581
 -0.502655 0.169535 0.242545
 -0.439823 0.185561 0.274552
 -0.376991 0.206166 0.395096
 -0.314159 0.231444 0.357720
 -0.251327 0.248084 0.203532
 -0.188496 0.263132 0.297030
 -0.125664 0.281804 0.260582
 -0.062832 0.292985 0.099766
 0.000000 0.294313 -0.071329
 0.062832 0.285498 -0.132052
 0.125664 0.283837 0.046501
 0.188496 0.282158 -0.117787
 0.251327 0.274239 -0.083023
 0.314159 0.271758 -0.013716
 0.376991 0.270816 -0.017058
 0.439823 0.267603 -0.097249
 0.502655 0.261295 -0.036189
 0.565487 0.267065 0.188066
 0.628319 0.276804 0.097353
 0.691150 0.280549 0.028554
 0.753982 0.281115 0.037622
 0.816814 0.287313 0.119369
 0.879646 0.292053 0.043393
 0.942478 0.290507 -0.131287
 1.005310 0.276277 -0.271057
 1.068142 0.256041 -0.395634
 1.130973 0.231134 -0.322959
 1.193805 0.215133 -0.249763
 1.256637 0.192431 -0.481948
 1.319469 0.159757 -0.485113
 1.382301 0.134707 -0.334727
 1.445133 0.113997 -0.319958
 1.507964 0.096169 -0.244597
 1.570796 0.082159 -0.196603
 1.633628 0.073543 -0.060108
 1.696460 0.073496 0.033887
 1.759292 0.075695 0.035478
 1.822124 0.077052 -0.000084
 1.884956 0.076901 0.015878
 1.947787 0.080701 0.126857
 2.010619 0.095326 0.327016
 2.073451 0.116277 0.300032
 2.136283 0.132537 0.259915
 2.199115 0.154025 0.421910
 2.261947 0.182962 0.506904
 2.324779 0.220281 0.695147
 2.387610 0.270858 0.908412
 2.450442 0.330492 0.959056
 2.513274 0.387894 0.832730
 2.576106 0.431100 0.553821
 2.638938 0.462023 0.460100
 2.701770 0.486358 0.263588
 2.764602 0.486138 -0.306793
 2.827433 0.451440 -0.712996
 2.890265 0.402746 -0.820129
 2.953097 0.346710 -0.978927
 3.015929 0.277667 -1.185945
 3.078761 0.204466 -1.096110
