#! FIELDS phi4 hhphi4 dhhphi4_phi4
#! SET min_phi4 -pi
#! SET max_phi4 pi
#! SET nbins_phi4  100
#! SET periodic_phi4 true
 -3.141593 0.053119 0.113870
 -3.078761 0.059393 0.093651
 -3.015929 0.069066 0.258135
 -2.953097 0.092904 0.479800
 -2.890265 0.129123 0.701138
 -2.827433 0.182211 0.948474
 -2.764602 0.239096 0.801137
 -2.701770 0.278289 0.424653
 -2.638938 0.291293 0.014293
 -2.576106 0.287898 -0.049471
 -2.513274 0.288921 0.096048
 -2.450442 0.301643 0.330731
 -2.387610 0.330256 0.535153
 -2.324779 0.358562 0.325076
 -2.261947 0.369949 0.006064
 -2.199115 0.352574 -0.555390
 -2.136283 0.309048 -0.732118
 -2.073451 0.268671 -0.487962
 -2.010619 0.252074 -0.063758
 -1.947787 0.252895 0.074753
 -1.884956 0.264049 0.279252
 -1.822124 0.281492 0.251710
 -1.759292 0.299499 0.377759
 -1.696460 0.334598 0.784153
 -1.633628 0.401332 1.347059
 -1.570796 0.498958 1.702094
 -1.507964 0.608339 1.728076
 -1.445133 0.702522 1.109283
 -1.382301 0.727940 -0.351989
 -1.319469 0.668595 -1.377453
 -1.256637 0.567213 -1.792357
 -1.193805 0.449666 -1.844432
 -1.130973 0.347403 -1.359321
 -1.068142 0.273430 -1.058236
 -1.005310 0.210898 -0.881933
 -0.942478 0.170403 -0.379697
 -0.879646 0.155606 -0.192094
 -0.816814 0.136735 -0.411973
 -0.753982 0.109770 -0.388623
 -0.691150 0.089588 -0.263733
 -0.628319 0.075608 -0.182558
 -0.565487 0.065244 -0.158320
 -0.502655 0.055364 -0.148089
 -0.439823 0.047300 -0.102620
 -0.376991 0.043034 -0.033907
 -0.314159 0.042325 0.010108
 -0.251327 0.043566 0.020102
 -0.188496 0.043764 -0.024025
 -0.125664 0.039471 -0.104406
 -0.062832 0.032925 -0.088027
 0.000000 0.029098 -0.034475
 0.062832 0.028486 0.020552
 0.125664 0.033181 0.149096
 0.188496 0.050097 0.406055
 0.251327 0.082873 0.598460
 0.314159 0.118425 0.472509
 0.376991 0.136932 0.116974
 0.439823 0.138594 -0.009117
 0.502655 0.136916 -0.073512
 0.565487 0.128734 -0.140750
 0.628319 0.124809 0.032665
 0.691150 0.131457 0.157848
 0.753982 0.141625 0.151756
 0.816814 0.149626 0.104945
 0.879646 0.156058 0.122801
 0.942478 0.165477 0.147619
 1.005310 0.169276 -0.047208
 1.068142 0.160863 -0.183850
 1.130973 0.149246 -0.182332
 1.193805 0.136573 -0.223751
 1.256637 0.121444 -0.244893
 1.319469 0.109690 -0.082882
 1.382301 0.111167 0.083364
 1.445133 0.115280 0.049692
 1.507964 0.116444 -0.060819
 1.570796 0.101548 -0.405870
 1.633628 0.071207 -0.516240
 1.696460 0.039753 -0.459232
 1.759292 0.016274 -0.275067
 1.822124 0.004873 -0.099361
 1.884956 0.001442 -0.026254
 1.947787 0.000401 -0.008801
 2.010619 0.000179 -0.000349
 2.073451 0.000116 -0.001918
 2.136283 0.000019 -0.000781
 2.199115 0.000001 -0.000043
 2.261947 0.000000 0.000000
 2.324779 0.000000 0.000000
 2.387610 0.000000 0.000006
 2.450442 0.000006 0.000373
 2.513274 0.000135 0.005296
 2.576106 0.000979 0.024635
 2.638938 0.003682 0.065103
 2.701770 0.009254 0.107253
 2.764602 0.016003 0.099027
 2.827433 0.021077 0.061326
 2.890265 0.024211 0.044034
 2.953097 0.027247 0.065852
 3.015929 0.034626 0.167883
 3.078761 0.045152 0.146322
