#! FIELDS phi4 ffphi4 dffphi4_phi4
#! SET min_phi4 -pi
#! SET max_phi4 pi
#! SET nbins_phi4  100
#! SET periodic_phi4 true
 -3.141593 13.145401 -45.756135
 -3.078761 10.330980 -44.452931
 -3.015929 7.730250 -37.014848
 -2.953097 5.687563 -28.902884
 -2.890265 3.990589 -25.325256
 -2.827433 2.556263 -19.875386
 -2.764602 1.489669 -14.391764
 -2.701770 0.734077 -9.552307
 -2.638938 0.297196 -4.491063
 -2.576106 0.148340 -0.298541
 -2.513274 0.259674 3.617280
 -2.450442 0.564008 5.774339
 -2.387610 0.962321 6.658054
 -2.324779 1.390627 6.984062
 -2.261947 1.855065 7.754330
 -2.199115 2.344755 7.381096
 -2.136283 2.727364 4.448747
 -2.073451 2.933157 2.573795
 -2.010619 3.091566 2.331890
 -1.947787 3.185146 0.197688
 -1.884956 3.083293 -3.491528
 -1.822124 2.807732 -4.618230
 -1.759292 2.537005 -4.227854
 -1.696460 2.247134 -5.102989
 -1.633628 1.899605 -5.968442
 -1.570796 1.509395 -6.282139
 -1.507964 1.131276 -5.676689
 -1.445133 0.822445 -3.798554
 -1.382301 0.709398 0.514806
 -1.319469 0.892736 5.040062
 -1.256637 1.323876 8.710492
 -1.193805 1.995533 12.556523
 -1.130973 2.893463 15.734836
 -1.068142 3.920495 16.515443
 -1.005310 5.038924 20.301754
 -0.942478 6.584038 28.354695
 -0.879646 8.439373 29.207772
 -0.816814 10.261236 29.575759
 -0.753982 12.188788 30.060890
 -0.691150 13.969104 27.974369
 -0.628319 16.002208 38.035242
 -0.565487 18.804100 47.952340
 -0.502655 21.052428 22.331546
 -0.439823 22.970876 39.844320
 -0.376991 23.086292 -37.235779
 -0.314159 21.827569 7.114742
 -0.251327 24.231032 69.535146
 -0.188496 30.569506 132.224748
 -0.125664 inf nan
 -0.062832 inf nan
 0.000000 inf nan
 0.062832 inf nan
 0.125664 inf nan
 0.188496 inf nan
 0.251327 inf nan
 0.314159 inf nan
 0.376991 inf nan
 0.439823 inf nan
 0.502655 inf nan
 0.565487 inf nan
 0.628319 inf nan
 0.691150 inf nan
 0.753982 inf nan
 0.816814 inf nan
 0.879646 inf nan
 0.942478 inf nan
 1.005310 inf nan
 1.068142 inf nan
 1.130973 inf nan
 1.193805 inf nan
 1.256637 inf nan
 1.319469 inf nan
 1.382301 inf nan
 1.445133 inf nan
 1.507964 inf nan
 1.570796 inf nan
 1.633628 inf nan
 1.696460 inf nan
 1.759292 inf nan
 1.822124 inf nan
 1.884956 inf nan
 1.947787 inf nan
 2.010619 inf nan
 2.073451 inf nan
 2.136283 inf nan
 2.199115 inf nan
 2.261947 inf nan
 2.324779 inf nan
 2.387610 inf nan
 2.450442 inf nan
 2.513274 inf nan
 2.576106 inf nan
 2.638938 inf nan
 2.701770 inf nan
 2.764602 inf nan
 2.827433 52.285726 -246.612030
 2.890265 38.595798 -187.163896
 2.953097 28.535094 -133.982855
 3.015929 21.441684 -94.248197
 3.078761 16.488483 -64.214650
