#! FIELDS phi4 hhphi4 dhhphi4_phi4
#! SET min_phi4 -pi
#! SET max_phi4 pi
#! SET nbins_phi4  100
#! SET periodic_phi4 true
 -3.141593 0.163186 0.512632
 -3.078761 0.195833 0.533405
 -3.015929 0.230922 0.611729
 -2.953097 0.274548 0.758773
 -2.890265 0.321345 0.691364
 -2.827433 0.355188 0.348616
 -2.764602 0.366936 0.106744
 -2.701770 0.378596 0.304941
 -2.638938 0.400329 0.292183
 -2.576106 0.405003 -0.135697
 -2.513274 0.390596 -0.268274
 -2.450442 0.373455 -0.257048
 -2.387610 0.358871 -0.218737
 -2.324779 0.341769 -0.332098
 -2.261947 0.321142 -0.271390
 -2.199115 0.305805 -0.272342
 -2.136283 0.286272 -0.283004
 -2.073451 0.272996 -0.168739
 -2.010619 0.261642 -0.177981
 -1.947787 0.253543 -0.063542
 -1.884956 0.251749 -0.012871
 -1.822124 0.249517 -0.062171
 -1.759292 0.247090 0.041364
 -1.696460 0.255939 0.204402
 -1.633628 0.269104 0.215337
 -1.570796 0.283117 0.242412
 -1.507964 0.299394 0.244610
 -1.445133 0.307138 -0.012256
 -1.382301 0.304465 0.017858
 -1.319469 0.313668 0.245637
 -1.256637 0.325052 0.025795
 -1.193805 0.310534 -0.464773
 -1.130973 0.273973 -0.622903
 -1.068142 0.236779 -0.568642
 -1.005310 0.201403 -0.515312
 -0.942478 0.176589 -0.276900
 -0.879646 0.161749 -0.226089
 -0.816814 0.146417 -0.254586
 -0.753982 0.129712 -0.290605
 -0.691150 0.107824 -0.395250
 -0.628319 0.083922 -0.339864
 -0.565487 0.064212 -0.297039
 -0.502655 0.047665 -0.213584
 -0.439823 0.036854 -0.145056
 -0.376991 0.028271 -0.121279
 -0.314159 0.022946 -0.047446
 -0.251327 0.020400 -0.047022
 -0.188496 0.017632 -0.022421
 -0.125664 0.019375 0.082139
 -0.062832 0.026694 0.130015
 0.000000 0.033610 0.085836
 0.062832 0.037535 0.043387
 0.125664 0.040194 0.045156
 0.188496 0.042387 0.022797
 0.251327 0.044244 0.048941
 0.314159 0.049622 0.130477
 0.376991 0.061124 0.229910
 0.439823 0.076611 0.257406
 0.502655 0.095048 0.339715
 0.565487 0.116769 0.327991
 0.628319 0.139162 0.441360
 0.691150 0.173072 0.574585
 0.753982 0.202505 0.342009
 0.816814 0.218290 0.190579
 0.879646 0.230186 0.212889
 0.942478 0.242287 0.124848
 1.005310 0.243151 -0.079039
 1.068142 0.235125 -0.151338
 1.130973 0.225789 -0.141588
 1.193805 0.214548 -0.249858
 1.256637 0.192973 -0.400824
 1.319469 0.167145 -0.427599
 1.382301 0.137893 -0.487153
 1.445133 0.108793 -0.416432
 1.507964 0.086136 -0.313977
 1.570796 0.067516 -0.276790
 1.633628 0.051895 -0.216983
 1.696460 0.040949 -0.117854
 1.759292 0.037643 0.006267
 1.822124 0.040560 0.081593
 1.884956 0.045711 0.050267
 1.947787 0.044202 -0.089400
 2.010619 0.036852 -0.135694
 2.073451 0.027782 -0.135331
 2.136283 0.021716 -0.059447
 2.199115 0.018982 -0.030903
 2.261947 0.018023 -0.000097
 2.324779 0.018338 0.007393
 2.387610 0.019637 0.042843
 2.450442 0.022932 0.042099
 2.513274 0.023530 -0.016493
 2.576106 0.022081 -0.025888
 2.638938 0.020650 -0.010104
 2.701770 0.022034 0.059858
 2.764602 0.028349 0.142260
 2.827433 0.040124 0.228783
 2.890265 0.055138 0.236575
 2.953097 0.071681 0.321683
 3.015929 0.096916 0.471794
 3.078761 0.129579 0.552119
