#! FIELDS phi2 ffphi2 dffphi2_phi2
#! SET min_phi2 -pi
#! SET max_phi2 pi
#! SET nbins_phi2  100
#! SET periodic_phi2 true
 -3.141593 15.707688 112.144886
 -3.078761 19.727723 -41.689325
 -3.015929 16.654433 -46.892407
 -2.953097 12.834375 -69.555007
 -2.890265 9.232937 -40.118721
 -2.827433 7.883903 -4.838016
 -2.764602 8.024472 1.867882
 -2.701770 7.119344 -35.447590
 -2.638938 4.266650 -43.311110
 -2.576106 2.648002 -5.733084
 -2.513274 3.415559 25.774007
 -2.450442 4.824894 9.021422
 -2.387610 4.309175 -19.142256
 -2.324779 3.382015 -5.950104
 -2.261947 3.503446 4.728177
 -2.199115 3.010997 -28.186601
 -2.136283 0.507096 -36.254035
 -2.073451 -0.346674 11.608989
 -2.010619 1.642443 42.781976
 -1.947787 3.605763 15.975977
 -1.884956 3.961444 -0.503063
 -1.822124 3.902167 -7.193186
 -1.759292 2.187054 -41.875378
 -1.696460 0.168856 -14.878097
 -1.633628 0.246797 9.165220
 -1.570796 0.562624 5.893019
 -1.507964 1.447735 13.688872
 -1.445133 1.000918 -17.869653
 -1.382301 0.785731 11.577739
 -1.319469 1.222089 -6.013728
 -1.256637 0.765323 -2.966929
 -1.193805 0.813403 4.366766
 -1.130973 1.275041 6.691647
 -1.068142 1.384883 -0.248010
 -1.005310 1.327029 -7.424574
 -0.942478 0.476195 -8.627868
 -0.879646 1.299980 36.830053
 -0.816814 4.528615 53.842923
 -0.753982 7.223200 39.972245
 -0.691150 10.488440 64.353629
 -0.628319 14.888306 67.712416
 -0.565487 17.946339 27.935535
 -0.502655 19.949044 45.852526
 -0.439823 24.167155 83.512595
 -0.376991 29.079931 62.881424
 -0.314159 32.903117 65.756457
 -0.251327 37.212393 44.032782
 -0.188496 37.119394 -10.567787
 -0.125664 38.075497 43.123453
 -0.062832 41.250603 2.406610
 0.000000 37.281840 -65.144860
 0.062832 34.905693 -11.056806
 0.125664 35.285426 4.886321
 0.188496 32.356345 -76.498995
 0.251327 28.206400 -59.947064
 0.314159 24.049537 -64.951013
 0.376991 21.311228 -18.116774
 0.439823 21.406737 6.046071
 0.502655 19.591658 -53.232341
 0.565487 16.639946 -38.039248
 0.628319 14.747955 -23.604210
 0.691150 13.337239 -23.829288
 0.753982 11.747177 -25.492899
 0.816814 10.263020 -20.633714
 0.879646 9.325383 -7.958233
 0.942478 9.295814 5.354737
 1.005310 9.604806 2.587952
 1.068142 9.841846 7.777721
 1.130973 10.705513 19.268557
 1.193805 12.196243 27.076856
 1.256637 13.988681 31.006627
 1.319469 16.586564 54.518066
 1.382301 20.299443 47.314321
 1.445133 22.212844 31.494486
 1.507964 25.764117 84.027569
 1.570796 32.866459 139.694348
 1.633628 44.991618 121.560729
 1.696460 54.659547 162.068805
 1.759292 inf nan
 1.822124 inf nan
 1.884956 inf nan
 1.947787 inf nan
 2.010619 inf nan
 2.073451 inf nan
 2.136283 inf nan
 2.199115 inf nan
 2.261947 inf nan
 2.324779 inf nan
 2.387610 inf nan
 2.450442 inf nan
 2.513274 inf nan
 2.576106 inf nan
 2.638938 inf nan
 2.701770 75.005651 -205.418878
 2.764602 64.067762 -142.747612
 2.827433 28.638859 -197.765575
 2.890265 18.182277 -135.077227
 2.953097 11.664573 -72.387701
 3.015929 9.085769 -9.698281
 3.078761 10.445723 52.980285
