#! FIELDS psi3 ffpsi3 dffpsi3_psi3
#! SET min_psi3 -pi
#! SET max_psi3 pi
#! SET nbins_psi3  100
#! SET periodic_psi3 true
 -3.141593 8.522157 15.863248
 -3.078761 9.566433 17.318865
 -3.015929 10.669041 17.871072
 -2.953097 11.948551 23.446850
 -2.890265 13.501568 23.792426
 -2.827433 14.867811 21.098261
 -2.764602 16.366952 26.555069
 -2.701770 18.047499 24.795832
 -2.638938 19.400694 19.442136
 -2.576106 20.735777 23.737436
 -2.513274 22.280357 22.726818
 -2.450442 23.314336 10.654822
 -2.387610 24.116932 18.568552
 -2.324779 25.653122 26.853312
 -2.261947 27.139424 19.083379
 -2.199115 27.651734 -7.890309
 -2.136283 26.489509 -18.585544
 -2.073451 26.324309 15.850686
 -2.010619 28.045847 29.212145
 -1.947787 29.165718 9.054067
 -1.884956 29.419651 -1.180240
 -1.822124 29.371772 2.378198
 -1.759292 29.867411 13.473230
 -1.696460 30.564573 0.578022
 -1.633628 29.746796 -23.130470
 -1.570796 27.436441 -49.648407
 -1.507964 24.613895 -34.141579
 -1.445133 22.995655 -21.705398
 -1.382301 21.757958 -17.013511
 -1.319469 20.398129 -31.295803
 -1.256637 18.060582 -38.206623
 -1.193805 15.843969 -32.159873
 -1.130973 14.013144 -26.498177
 -1.068142 12.422390 -24.920602
 -1.005310 10.836935 -25.368553
 -0.942478 9.308058 -22.636424
 -0.879646 7.997444 -19.693879
 -0.816814 6.783776 -18.810308
 -0.753982 5.654989 -17.215340
 -0.691150 4.598111 -16.485417
 -0.628319 3.609023 -14.712150
 -0.565487 2.751794 -12.816084
 -0.502655 1.989497 -11.288857
 -0.439823 1.350424 -9.144390
 -0.376991 0.822289 -7.667193
 -0.314159 0.413851 -5.150596
 -0.251327 0.173404 -2.735093
 -0.188496 0.049791 -1.202380
 -0.125664 0.044941 1.183356
 -0.062832 0.196507 3.367035
 0.000000 0.441750 4.378216
 0.062832 0.759410 5.686023
 0.125664 1.141031 6.262991
 0.188496 1.546702 6.679327
 0.251327 1.986608 7.175853
 0.314159 2.431555 6.739626
 0.376991 2.823818 5.835263
 0.439823 3.194917 5.919783
 0.502655 3.562158 5.846435
 0.565487 3.943343 5.992605
 0.628319 4.286692 5.024423
 0.691150 4.618740 5.502769
 0.753982 4.947293 4.833052
 0.816814 5.242633 4.458166
 0.879646 5.496956 3.710202
 0.942478 5.739225 4.024439
 1.005310 5.999091 4.195120
 1.068142 6.269750 4.296378
 1.130973 6.519787 3.461264
 1.193805 6.715470 2.945496
 1.256637 6.899644 2.752184
 1.319469 7.055546 2.149263
 1.382301 7.166598 1.268326
 1.445133 7.216253 0.544293
 1.507964 7.286886 1.632714
 1.570796 7.348629 -0.220259
 1.633628 7.286251 -1.269312
 1.696460 7.192075 -2.271012
 1.759292 6.989878 -3.598812
 1.822124 6.813122 -1.959925
 1.884956 6.701921 -2.116693
 1.947787 6.529476 -3.122804
 2.010619 6.345094 -2.732053
 2.073451 6.176198 -2.766146
 2.136283 5.994575 -3.030858
 2.199115 5.800378 -3.163204
 2.261947 5.601406 -3.124127
 2.324779 5.421140 -2.627082
 2.387610 5.260115 -2.627797
 2.450442 5.092622 -2.663981
 2.513274 4.943943 -1.889827
 2.576106 4.866184 -0.800432
 2.638938 4.818830 -0.710220
 2.701770 4.803429 0.414875
 2.764602 4.904361 2.977170
 2.827433 5.171976 5.223994
 2.890265 5.556678 7.266395
 2.953097 6.102312 9.734935
 3.015929 6.751030 11.101439
 3.078761 7.555234 14.479695
