#! FIELDS phi2 ffphi2 dffphi2_phi2
#! SET min_phi2 -pi
#! SET max_phi2 pi
#! SET nbins_phi2  100
#! SET periodic_phi2 true
 -3.141593 16.505994 -46.796971
 -3.078761 13.726406 -41.670220
 -3.015929 11.257467 -37.036757
 -2.953097 9.074284 -32.299900
 -2.890265 7.210639 -27.070641
 -2.827433 5.659444 -22.395491
 -2.764602 4.388587 -18.094219
 -2.701770 3.381534 -14.045053
 -2.638938 2.612541 -10.486274
 -2.576106 2.059879 -7.206413
 -2.513274 1.690943 -4.704619
 -2.450442 1.444800 -3.333517
 -2.387610 1.278754 -1.701709
 -2.324779 1.250945 0.670593
 -2.261947 1.344749 2.210753
 -2.199115 1.514871 2.938068
 -2.136283 1.698569 2.926683
 -2.073451 1.889309 2.980811
 -2.010619 2.065821 2.687845
 -1.947787 2.236195 2.601965
 -1.884956 2.380367 1.838516
 -1.822124 2.460345 0.699194
 -1.759292 2.477855 -0.258161
 -1.696460 2.404296 -2.245324
 -1.633628 2.209990 -3.763504
 -1.570796 1.946005 -4.697278
 -1.507964 1.618531 -5.646849
 -1.445133 1.259075 -5.703064
 -1.382301 0.919653 -4.903945
 -1.319469 0.663922 -3.224651
 -1.256637 0.523551 -1.131608
 -1.193805 0.532046 1.355202
 -1.130973 0.702967 4.276348
 -1.068142 1.104590 8.608488
 -1.005310 1.778956 12.666551
 -0.942478 2.697592 16.582057
 -0.879646 3.861914 20.228938
 -0.816814 5.240521 23.663461
 -0.753982 6.843647 26.947091
 -0.691150 8.599592 28.637432
 -0.628319 10.452321 30.040949
 -0.565487 12.369513 30.545315
 -0.502655 14.296385 30.548056
 -0.439823 16.219808 30.208547
 -0.376991 18.084699 28.795025
 -0.314159 19.850026 27.027099
 -0.251327 21.475871 24.353462
 -0.188496 22.906696 20.836592
 -0.125664 24.107510 17.364059
 -0.062832 25.078127 12.780806
 0.000000 25.669626 6.172272
 0.062832 25.900095 1.172334
 0.125664 25.820648 -3.931109
 0.188496 25.384916 -9.783343
 0.251327 24.645608 -13.409237
 0.314159 23.743984 -14.959407
 0.376991 22.784517 -15.636418
 0.439823 21.789606 -15.803182
 0.502655 20.823331 -14.856470
 0.565487 19.945565 -12.812681
 0.628319 19.239493 -9.616718
 0.691150 18.742817 -6.077687
 0.753982 18.501866 -1.404332
 0.816814 18.582632 3.958477
 0.879646 18.996653 9.219913
 0.942478 19.755255 14.962210
 1.005310 20.887222 21.035114
 1.068142 22.405477 27.163516
 1.130973 24.299139 32.785114
 1.193805 26.508589 37.116205
 1.256637 28.996517 42.015831
 1.319469 31.794466 45.941232
 1.382301 34.746222 47.351567
 1.445133 37.811862 50.425862
 1.507964 41.423796 64.911434
 1.570796 44.607982 17.690720
 1.633628 45.662255 34.797609
 1.696460 49.745248 95.865577
 1.759292 57.738111 158.555179
 1.822124 inf nan
 1.884956 inf nan
 1.947787 inf nan
 2.010619 inf nan
 2.073451 inf nan
 2.136283 inf nan
 2.199115 inf nan
 2.261947 inf nan
 2.324779 inf nan
 2.387610 inf nan
 2.450442 inf nan
 2.513274 73.382555 -237.495734
 2.576106 60.073647 -178.712600
 2.638938 50.629219 -122.554496
 2.701770 44.315584 -83.256856
 2.764602 39.351047 -78.887624
 2.827433 34.508666 -72.688894
 2.890265 30.298219 -62.195272
 2.953097 26.539621 -58.296463
 3.015929 22.952844 -55.518675
 3.078761 19.593866 -51.350011
