#! FIELDS psi3 ffpsi3 dffpsi3_psi3
#! SET min_psi3 -pi
#! SET max_psi3 pi
#! SET nbins_psi3  100
#! SET periodic_psi3 true
 -3.141593 8.712204 15.089234
 -3.078761 9.773703 19.243595
 -3.015929 11.071737 20.435319
 -2.953097 12.275017 18.525746
 -2.890265 13.478712 19.370589
 -2.827433 14.698448 19.876824
 -2.764602 16.081211 24.250864
 -2.701770 17.655166 24.323576
 -2.638938 19.061753 20.613859
 -2.576106 20.329425 19.883520
 -2.513274 21.566291 19.049694
 -2.450442 22.671387 15.761239
 -2.387610 23.590261 13.568489
 -2.324779 24.333402 9.827901
 -2.261947 24.929606 9.865205
 -2.199115 25.569851 9.992901
 -2.136283 26.163291 8.691909
 -2.073451 26.653549 7.049490
 -2.010619 27.104210 7.531369
 -1.947787 27.617236 8.767043
 -1.884956 28.192262 9.056816
 -1.822124 28.685909 6.124740
 -1.759292 28.958950 2.772879
 -1.696460 29.030993 -1.191169
 -1.633628 28.704497 -9.910042
 -1.570796 27.779893 -18.860762
 -1.507964 26.411638 -24.740640
 -1.445133 24.662752 -30.510131
 -1.382301 22.665478 -32.493843
 -1.319469 20.598438 -33.393340
 -1.256637 18.479930 -33.812400
 -1.193805 16.381068 -32.624480
 -1.130973 14.361727 -32.936923
 -1.068142 12.178937 -34.476549
 -1.005310 10.297586 -25.664553
 -0.942478 8.656986 -28.965557
 -0.879646 6.825573 -24.636720
 -0.816814 5.900916 -6.516189
 -0.753982 5.362466 -14.488167
 -0.691150 4.349642 -13.789618
 -0.628319 3.686624 -9.738109
 -0.565487 2.910127 -14.584165
 -0.502655 2.012490 -13.131106
 -0.439823 1.320054 -8.462378
 -0.376991 0.905860 -6.460000
 -0.314159 0.324873 -11.506675
 -0.251327 -0.242301 -4.352005
 -0.188496 -0.209620 3.737024
 -0.125664 0.024409 2.829218
 -0.062832 0.180532 3.358329
 0.000000 0.519181 6.378830
 0.062832 0.866429 5.083259
 0.125664 1.259660 7.312875
 0.188496 1.704888 6.332683
 0.251327 2.057637 5.221087
 0.314159 2.422832 6.373733
 0.376991 2.843742 7.305021
 0.439823 3.348716 7.701243
 0.502655 3.690521 3.373712
 0.565487 3.911288 4.428167
 0.628319 4.266054 6.335925
 0.691150 4.616392 4.072034
 0.753982 4.755723 1.224555
 0.816814 4.983112 6.697538
 0.879646 5.430692 5.666343
 0.942478 5.680914 3.056088
 1.005310 5.851735 2.484709
 1.068142 6.081222 5.334614
 1.130973 6.455344 5.296903
 1.193805 6.669988 1.844789
 1.256637 6.806646 3.129344
 1.319469 7.048283 3.993519
 1.382301 7.273890 2.970116
 1.445133 7.367178 -0.226377
 1.507964 7.381835 1.961994
 1.570796 7.560459 2.011112
 1.633628 7.561021 -1.246745
 1.696460 7.494361 -0.870708
 1.759292 7.422203 -1.780543
 1.822124 7.222802 -4.431897
 1.884956 6.992147 -2.335477
 1.947787 6.879839 -1.700776
 2.010619 6.768829 -2.172366
 2.073451 6.580762 -3.550549
 2.136283 6.359462 -3.753854
 2.199115 6.063619 -5.491041
 2.261947 5.762701 -3.549989
 2.324779 5.611081 -2.053300
 2.387610 5.364080 -6.047847
 2.450442 5.033161 -2.969820
 2.513274 5.008505 1.359026
 2.576106 5.112237 1.442664
 2.638938 5.141844 -0.881153
 2.701770 5.085548 0.693382
 2.764602 5.301416 5.074635
 2.827433 5.606908 4.807402
 2.890265 5.961752 6.300880
 2.953097 6.364467 6.745618
 3.015929 6.921018 11.565004
 3.078761 7.779020 14.749084
