#! FIELDS phi3 ffphi3 dffphi3_phi3
#! SET min_phi3 -pi
#! SET max_phi3 pi
#! SET nbins_phi3  100
#! SET periodic_phi3 true
 -3.141593 14.152683 -41.502752
 -3.078761 11.738574 -37.038639
 -3.015929 9.476380 -33.464427
 -2.953097 7.566938 -28.323545
 -2.890265 6.010811 -19.574720
 -2.827433 4.928869 -18.738285
 -2.764602 3.594853 -19.842624
 -2.701770 2.778685 -7.002353
 -2.638938 2.423022 -5.123725
 -2.576106 2.148728 -5.116235
 -2.513274 1.669177 -7.342476
 -2.450442 1.603970 4.465098
 -2.387610 1.757744 -1.802724
 -2.324779 1.695810 3.371218
 -2.261947 2.173658 8.298697
 -2.199115 2.435764 0.929033
 -2.136283 2.487221 1.043314
 -2.073451 2.628960 4.630218
 -2.010619 3.047263 5.921160
 -1.947787 3.093788 -3.227981
 -1.884956 2.960598 -0.068723
 -1.822124 2.941924 -2.847709
 -1.759292 2.510287 -9.212760
 -1.696460 1.993307 -7.001256
 -1.633628 1.568384 -7.455732
 -1.570796 0.953525 -11.831986
 -1.507964 0.280653 -8.257063
 -1.445133 -0.152940 -7.117622
 -1.382301 -0.562756 -3.475139
 -1.319469 -0.373673 9.016511
 -1.256637 0.329844 11.961616
 -1.193805 1.166706 14.964930
 -1.130973 2.158107 16.668304
 -1.068142 3.424883 24.337056
 -1.005310 5.129630 28.206972
 -0.942478 6.852151 26.363821
 -0.879646 8.544509 28.019416
 -0.816814 10.413868 31.272908
 -0.753982 12.564437 37.863263
 -0.691150 15.125674 41.162769
 -0.628319 17.546307 35.870798
 -0.565487 19.880506 39.399375
 -0.502655 22.502512 41.915840
 -0.439823 24.962468 34.999698
 -0.376991 26.999863 31.304785
 -0.314159 29.059850 33.341316
 -0.251327 31.030378 27.773273
 -0.188496 32.464495 17.694810
 -0.125664 33.421377 13.659572
 -0.062832 34.143476 7.929380
 0.000000 34.319945 -2.698615
 0.062832 33.778861 -14.146415
 0.125664 32.712976 -18.726444
 0.188496 31.383202 -24.864050
 0.251327 29.538955 -33.100324
 0.314159 27.297570 -38.094407
 0.376991 24.792193 -41.174620
 0.439823 22.154886 -42.731967
 0.502655 19.445667 -43.007423
 0.565487 16.801287 -40.893225
 0.628319 14.343097 -37.677804
 0.691150 11.940012 -38.638192
 0.753982 9.774472 -28.249055
 0.816814 8.322691 -19.958028
 0.879646 7.205537 -14.691138
 0.942478 6.481741 -9.602961
 1.005310 5.828489 -11.286941
 1.068142 5.304752 -2.955460
 1.130973 5.582778 11.280126
 1.193805 6.562804 18.914927
 1.256637 8.046766 29.578842
 1.319469 10.245660 38.191638
 1.382301 12.725845 41.149463
 1.445133 15.600351 50.826407
 1.507964 19.208396 62.982624
 1.570796 23.430705 69.064070
 1.633628 27.815667 67.123202
 1.696460 32.044381 65.941958
 1.759292 36.340849 67.683548
 1.822124 40.407310 58.188315
 1.884956 44.017025 59.253375
 1.947787 48.434345 83.581992
 2.010619 54.988624 124.322893
 2.073451 62.872075 -7.580698
 2.136283 55.493035 -111.785902
 2.199115 50.438772 -49.096300
 2.261947 49.323412 13.593301
 2.324779 52.146914 76.277448
 2.387610 58.758023 119.839447
 2.450442 55.993941 -127.146645
 2.513274 49.639815 -78.296541
 2.576106 45.393594 -64.060202
 2.638938 41.273995 -65.265397
 2.701770 37.339125 -59.600440
 2.764602 33.774311 -54.848424
 2.827433 30.274229 -57.141701
 2.890265 26.652228 -57.101625
 2.953097 23.239950 -50.796309
 3.015929 20.183680 -48.326525
 3.078761 17.055905 -49.963611
