#! FIELDS phi3 hhphi3 dhhphi3_phi3
#! SET min_phi3 -pi
#! SET max_phi3 pi
#! SET nbins_phi3  100
#! SET periodic_phi3 true
 -3.141593 0.010439 0.121675
 -3.078761 0.020363 0.195229
 -3.015929 0.034840 0.267687
 -2.953097 0.054483 0.355165
 -2.890265 0.078239 0.393327
 -2.827433 0.104106 0.440132
 -2.764602 0.135159 0.556765
 -2.701770 0.172846 0.623203
 -2.638938 0.211858 0.615435
 -2.576106 0.249990 0.603922
 -2.513274 0.287862 0.604374
 -2.450442 0.327267 0.669567
 -2.387610 0.373598 0.822224
 -2.324779 0.430841 0.986190
 -2.261947 0.493074 0.956276
 -2.199115 0.546215 0.719398
 -2.136283 0.581582 0.397945
 -2.073451 0.594652 0.025203
 -2.010619 0.588097 -0.157544
 -1.947787 0.582869 0.021597
 -1.884956 0.589796 0.206683
 -1.822124 0.607596 0.340635
 -1.759292 0.628303 0.313699
 -1.696460 0.647489 0.308976
 -1.633628 0.663769 0.183815
 -1.570796 0.669380 0.022102
 -1.507964 0.668096 -0.047344
 -1.445133 0.662935 -0.118369
 -1.382301 0.651823 -0.217306
 -1.319469 0.634581 -0.360144
 -1.256637 0.602109 -0.661476
 -1.193805 0.552892 -0.885596
 -1.130973 0.491437 -1.054852
 -1.068142 0.420831 -1.163637
 -1.005310 0.348630 -1.099094
 -0.942478 0.283567 -0.975100
 -0.879646 0.223982 -0.913126
 -0.816814 0.170470 -0.773850
 -0.753982 0.126289 -0.633451
 -0.691150 0.090602 -0.499203
 -0.628319 0.062953 -0.379902
 -0.565487 0.042754 -0.265287
 -0.502655 0.028491 -0.193709
 -0.439823 0.018105 -0.135226
 -0.376991 0.011415 -0.080916
 -0.314159 0.007120 -0.059682
 -0.251327 0.003885 -0.041416
 -0.188496 0.001890 -0.023191
 -0.125664 0.000838 -0.010752
 -0.062832 0.000426 -0.003584
 0.000000 0.000241 -0.002800
 0.062832 0.000099 -0.001371
 0.125664 0.000054 -0.000345
 0.188496 0.000044 0.000018
 0.251327 0.000047 0.000125
 0.314159 0.000086 0.001392
 0.376991 0.000227 0.002796
 0.439823 0.000402 0.002881
 0.502655 0.000668 0.006382
 0.565487 0.001265 0.013094
 0.628319 0.002479 0.027703
 0.691150 0.004869 0.046764
 0.753982 0.007979 0.049944
 0.816814 0.011048 0.047968
 0.879646 0.014059 0.046869
 0.942478 0.016374 0.020828
 1.005310 0.016262 -0.023039
 1.068142 0.014043 -0.042814
 1.130973 0.011096 -0.050356
 1.193805 0.007731 -0.056735
 1.256637 0.004188 -0.050863
 1.319469 0.001820 -0.024361
 1.382301 0.000799 -0.010669
 1.445133 0.000301 -0.005449
 1.507964 0.000094 -0.001510
 1.570796 0.000040 -0.000576
 1.633628 0.000010 -0.000312
 1.696460 0.000001 -0.000041
 1.759292 0.000000 0.000000
 1.822124 0.000000 0.000000
 1.884956 0.000000 0.000000
 1.947787 0.000000 0.000000
 2.010619 0.000000 0.000000
 2.073451 0.000000 0.000000
 2.136283 0.000000 0.000000
 2.199115 0.000000 0.000000
 2.261947 0.000000 0.000000
 2.324779 0.000000 0.000000
 2.387610 0.000000 0.000000
 2.450442 0.000000 0.000000
 2.513274 0.000000 0.000000
 2.576106 0.000000 0.000000
 2.638938 0.000000 0.000000
 2.701770 0.000000 0.000000
 2.764602 0.000001 0.000035
 2.827433 0.000016 0.000678
 2.890265 0.000134 0.003539
 2.953097 0.000541 0.010573
 3.015929 0.001706 0.029188
 3.078761 0.004620 0.066799
