#! FIELDS phi4 ffphi4 dffphi4_phi4
#! SET min_phi4 -pi
#! SET max_phi4 pi
#! SET nbins_phi4  100
#! SET periodic_phi4 true
 -3.141593 12.539298 -49.431962
 -3.078761 9.545498 -46.422054
 -3.015929 6.778089 -39.425539
 -2.953097 4.801393 -24.047965
 -2.890265 3.475727 -19.985300
 -2.827433 2.304275 -16.679906
 -2.764602 1.315673 -15.208603
 -2.701770 0.528535 -8.738198
 -2.638938 0.203943 -1.878291
 -2.576106 0.215569 -0.209062
 -2.513274 0.031007 -2.865589
 -2.450442 0.078284 2.489565
 -2.387610 0.149266 0.858395
 -2.324779 0.476545 11.893516
 -2.261947 1.798036 28.269629
 -2.199115 3.274488 12.805302
 -2.136283 3.472131 -4.781489
 -2.073451 2.826586 -11.900314
 -2.010619 2.581400 6.107870
 -1.947787 3.289038 10.355724
 -1.884956 3.300868 -9.259673
 -1.822124 2.664179 -7.701498
 -1.759292 2.321346 -5.367108
 -1.696460 1.935051 -5.263130
 -1.633628 1.812096 0.683657
 -1.570796 1.743111 -4.856129
 -1.507964 1.315894 -5.897039
 -1.445133 1.234620 3.474261
 -1.382301 1.641345 7.349332
 -1.319469 1.881727 0.578978
 -1.256637 2.109652 9.376591
 -1.193805 3.036722 17.639211
 -1.130973 4.035017 12.887979
 -1.068142 4.731613 11.700997
 -1.005310 5.817842 22.948894
 -0.942478 7.357895 23.825001
 -0.879646 8.908429 27.287488
 -0.816814 10.704297 27.037751
 -0.753982 12.369028 29.699116
 -0.691150 14.660703 40.206308
 -0.628319 16.987518 33.817674
 -0.565487 19.210470 36.835096
 -0.502655 21.530560 36.006841
 -0.439823 23.770805 35.142831
 -0.376991 25.997425 35.337882
 -0.314159 28.173655 33.095580
 -0.251327 30.182889 30.469616
 -0.188496 31.966963 25.982016
 -0.125664 33.523027 23.444602
 -0.062832 34.866132 18.315496
 0.000000 35.743388 9.069925
 0.062832 36.011525 -0.776484
 0.125664 35.592500 -12.988079
 0.188496 34.419566 -23.497613
 0.251327 32.701378 -31.390370
 0.314159 30.506451 -37.389265
 0.376991 28.077039 -40.285436
 0.439823 25.434791 -43.123732
 0.502655 22.749512 -42.099712
 0.565487 20.129781 -41.225305
 0.628319 17.638903 -37.476478
 0.691150 15.403136 -34.485341
 0.753982 13.227429 -34.563524
 0.816814 11.199642 -28.576410
 0.879646 9.745093 -17.728558
 0.942478 8.862244 -11.297540
 1.005310 8.359713 -3.823846
 1.068142 8.388948 4.083871
 1.130973 8.830203 10.160192
 1.193805 9.726373 18.785140
 1.256637 11.222284 28.725782
 1.319469 13.342011 38.595058
 1.382301 16.033828 46.056500
 1.445133 19.115534 51.722772
 1.507964 22.607238 58.549094
 1.570796 26.510184 64.379610
 1.633628 30.786591 69.428025
 1.696460 35.223286 68.306013
 1.759292 39.464818 64.555198
 1.822124 43.515401 62.216714
 1.884956 47.403690 58.907420
 1.947787 50.297237 27.884751
 2.010619 52.302131 46.894823
 2.073451 56.518215 80.270065
 2.136283 60.374493 31.803585
 2.199115 61.438063 7.906830
 2.261947 61.528743 -5.894712
 2.324779 60.423234 -35.682512
 2.387610 56.319501 -85.206631
 2.450442 51.589578 -58.786278
 2.513274 48.905479 -31.280152
 2.576106 46.606942 -50.450062
 2.638938 42.666192 -68.353288
 2.701770 38.454949 -64.850322
 2.764602 34.501794 -61.600751
 2.827433 30.626193 -62.040084
 2.890265 26.744105 -60.894587
 2.953097 23.007861 -58.138793
 3.015929 19.390741 -57.379902
 3.078761 15.821850 -55.203080
