#! FIELDS phi2 ffphi2 dffphi2_phi2
#! SET min_phi2 -pi
#! SET max_phi2 pi
#! SET nbins_phi2  100
#! SET periodic_phi2 true
 -3.141593 18.671065 -64.867115
 -3.078761 15.015718 -51.452874
 -3.015929 11.923074 -46.373256
 -2.953097 9.463200 -31.965049
 -2.890265 7.450494 -37.119830
 -2.827433 4.818555 -40.376196
 -2.764602 3.118910 -11.720665
 -2.701770 2.833034 -6.852241
 -2.638938 1.768599 -20.878992
 -2.576106 0.964060 -2.956340
 -2.513274 1.109651 2.336147
 -2.450442 0.999384 -2.054947
 -2.387610 1.134589 3.773907
 -2.324779 1.268707 2.713135
 -2.261947 1.642696 6.878961
 -2.199115 1.819850 0.119476
 -2.136283 2.000757 4.899399
 -2.073451 2.014478 -5.622566
 -2.010619 1.682124 -1.415943
 -1.947787 1.882237 5.297862
 -1.884956 2.205671 6.377746
 -1.822124 2.675856 5.697432
 -1.759292 2.756083 -1.211713
 -1.696460 2.646019 -5.090833
 -1.633628 1.985029 -11.392281
 -1.570796 1.612872 -2.002212
 -1.507964 1.525822 -0.313908
 -1.445133 1.552765 -0.329818
 -1.382301 1.420401 -3.201990
 -1.319469 1.220511 -3.057480
 -1.256637 1.105717 0.408122
 -1.193805 1.284728 3.705192
 -1.130973 1.387609 0.295526
 -1.068142 1.609591 7.516940
 -1.005310 2.088796 6.072848
 -0.942478 2.557279 10.890168
 -0.879646 3.617920 24.024826
 -0.816814 5.406417 25.675009
 -0.753982 5.947635 -4.437397
 -0.691150 6.158098 18.386134
 -0.628319 8.613342 57.985914
 -0.565487 12.317574 45.746324
 -0.502655 14.326051 24.811140
 -0.439823 16.485238 47.247990
 -0.376991 20.220904 59.712782
 -0.314159 21.309552 -18.983185
 -0.251327 20.680841 4.351434
 -0.188496 20.646646 -21.337468
 -0.125664 18.933845 -15.514125
 -0.062832 19.654173 40.203606
 0.000000 23.956498 93.147185
 0.062832 28.309086 -3.153821
 0.125664 25.395621 -60.146312
 0.188496 22.506489 -25.611340
 0.251327 22.354826 16.816182
 0.314159 23.102768 -5.772882
 0.376991 21.895788 -28.484697
 0.439823 19.586610 -42.100465
 0.502655 17.043523 -36.751935
 0.565487 15.134198 -23.780213
 0.628319 13.873699 -18.912941
 0.691150 12.585849 -20.674921
 0.753982 11.540143 -12.545997
 0.816814 10.844789 -10.054873
 0.879646 10.332481 -6.142790
 0.942478 10.041665 -3.200596
 1.005310 10.022057 3.956803
 1.068142 10.634323 15.027534
 1.130973 11.807698 21.970622
 1.193805 13.414795 28.900831
 1.256637 15.389779 33.080399
 1.319469 17.369474 27.615129
 1.382301 19.050902 31.345287
 1.445133 22.085283 69.145643
 1.507964 27.987828 116.952711
 1.570796 36.214672 68.340028
 1.633628 39.886114 62.728907
 1.696460 44.309750 61.574917
 1.759292 46.964151 25.509596
 1.822124 47.986409 3.877597
 1.884956 47.955742 -0.691531
 1.947787 48.547117 24.855498
 2.010619 51.496495 70.369973
 2.073451 57.270739 95.746691
 2.136283 54.832907 -101.630143
 2.199115 50.326637 -40.621798
 2.261947 49.743746 22.067804
 2.324779 53.099759 84.757406
 2.387610 60.394676 147.447008
 2.450442 inf nan
 2.513274 inf nan
 2.576106 inf nan
 2.638938 inf nan
 2.701770 inf nan
 2.764602 59.212731 -219.640574
 2.827433 47.349232 -157.628690
 2.890265 39.290898 -100.635130
 2.953097 33.710431 -92.091019
 3.015929 27.434491 -93.618484
 3.078761 22.668328 -62.682212
