#! FIELDS psi3 ffpsi3 dffpsi3_psi3
#! SET min_psi3 -pi
#! SET max_psi3 pi
#! SET nbins_psi3  100
#! SET periodic_psi3 true
 -3.141593 7.244225 14.734266
 -3.078761 8.327885 19.001720
 -3.015929 9.371310 14.119406
 -2.953097 10.406381 20.333032
 -2.890265 11.940163 27.508464
 -2.827433 13.618589 23.566004
 -2.764602 14.930581 20.120276
 -2.701770 16.320227 23.692786
 -2.638938 17.789148 22.397095
 -2.576106 19.143085 19.690935
 -2.513274 20.047408 8.474029
 -2.450442 20.419884 5.282784
 -2.387610 20.797317 5.522542
 -2.324779 20.896505 -2.491082
 -2.261947 20.729525 -1.687368
 -2.199115 20.488826 -8.304237
 -2.136283 19.776913 -11.536216
 -2.073451 19.197000 -8.326895
 -2.010619 18.567605 -10.283309
 -1.947787 18.222087 0.014654
 -1.884956 18.273069 -2.131741
 -1.822124 17.895691 -7.692187
 -1.759292 17.438868 -6.583707
 -1.696460 17.189746 -0.563665
 -1.633628 17.337984 3.951507
 -1.570796 17.397530 -4.525303
 -1.507964 16.626919 -20.304651
 -1.445133 14.994688 -27.144421
 -1.382301 13.906939 -4.715489
 -1.319469 14.054558 1.395997
 -1.256637 13.397736 -20.275867
 -1.193805 11.983442 -22.048548
 -1.130973 10.879814 -13.264195
 -1.068142 9.913596 -21.539109
 -1.005310 8.110652 -31.963619
 -0.942478 6.475305 -18.044825
 -0.879646 5.609988 -14.228006
 -0.816814 4.488411 -16.610765
 -0.753982 4.120003 4.562708
 -0.691150 4.399106 -1.784156
 -0.628319 3.669180 -20.251660
 -0.565487 2.222599 -22.539313
 -0.502655 1.073599 -13.105821
 -0.439823 0.446415 -9.234887
 -0.376991 0.098263 2.408312
 -0.314159 0.799110 15.237751
 -0.251327 1.372298 1.241228
 -0.188496 1.035589 -10.372391
 -0.125664 0.392658 -9.887605
 -0.062832 -0.425070 -13.677845
 0.000000 -0.500315 15.097587
 0.062832 1.049271 24.586433
 0.125664 2.044622 11.890799
 0.188496 2.681955 3.249568
 0.251327 2.472956 -2.920053
 0.314159 2.812738 11.992403
 0.376991 3.478534 7.141628
 0.439823 3.835409 4.666054
 0.502655 3.915229 -2.543995
 0.565487 3.789658 1.674003
 0.628319 4.308634 13.317117
 0.691150 4.992408 5.200705
 0.753982 5.094823 1.461017
 0.816814 5.260263 1.927331
 0.879646 5.381436 4.000104
 0.942478 5.632580 0.511492
 1.005310 5.609027 4.333765
 1.068142 6.601147 26.779691
 1.130973 8.540309 29.567149
 1.193805 9.527286 -4.991303
 1.256637 8.269338 -22.598242
 1.319469 7.840875 12.140428
 1.382301 9.449941 28.909670
 1.445133 10.338326 4.367396
 1.507964 11.001576 16.475901
 1.570796 11.571318 -4.898631
 1.633628 10.269690 -35.033515
 1.696460 7.991607 -27.766931
 1.759292 7.456348 10.361846
 1.822124 8.561798 16.758070
 1.884956 9.346726 10.190456
 1.947787 9.636249 -4.460978
 2.010619 8.763401 -19.365048
 2.073451 7.739181 -13.251849
 2.136283 6.259610 -38.871614
 2.199115 3.999694 -21.716637
 2.261947 3.986803 19.123642
 2.324779 5.736077 30.322366
 2.387610 7.089685 7.675180
 2.450442 6.759799 -13.620528
 2.513274 5.831531 -13.635429
 2.576106 4.993253 -15.380389
 2.638938 4.068508 -9.279749
 2.701770 4.148393 10.124586
 2.764602 4.740074 4.516200
 2.827433 4.631924 -7.398986
 2.890265 4.128005 -4.045567
 2.953097 4.375298 9.994728
 3.015929 5.137385 14.616085
 3.078761 6.241370 18.403931
