#! FIELDS phi5 file.free der_phi5
#! SET min_phi5 -pi
#! SET max_phi5 pi
#! SET nbins_phi5  500
#! SET periodic_phi5 true
   -3.141592654   47.516582527    1.474562117
   -3.129026283   47.537674720    1.941228710
   -3.116459912   47.564899963    2.394570092
   -3.103893542   47.597943751    2.864080673
   -3.091327171   47.637250092    3.393155233
   -3.078760801   47.682879081    3.842358658
   -3.066194430   47.734307256    4.322278740
   -3.053628059   47.791410950    4.778510019
   -3.041061689   47.854094553    5.199307444
   -3.028495318   47.922248458    5.632532323
   -3.015928947   47.995529628    6.021533687
   -3.003362577   48.073807888    6.422043427
   -2.990796206   48.156761160    6.760549282
   -2.978229836   48.243657339    7.061890250
   -2.965663465   48.334431536    7.393956428
   -2.953097094   48.429328663    7.709235487
   -2.940530724   48.527718557    7.946589699
   -2.927964353   48.628808342    8.148902037
   -2.915397983   48.732326958    8.312338614
   -2.902831612   48.837767691    8.451207451
   -2.890265241   48.944465080    8.496943448
   -2.877698871   49.051647840    8.536735623
   -2.865132500   49.159213271    8.571448210
   -2.852566129   49.266513877    8.513906483
   -2.839999759   49.372584236    8.396736771
   -2.827433388   49.477235454    8.282943717
   -2.814867018   49.580467594    8.135787192
   -2.802300647   49.681525347    7.946845259
   -2.789734276   49.779768574    7.693609376
   -2.777167906   49.874841941    7.413793676
   -2.764601535   49.965949084    7.070661097
   -2.752035165   50.052800450    6.751723059
   -2.739468794   50.135423890    6.400588347
   -2.726902423   50.213743265    6.050798845
   -2.714336053   50.287138080    5.646444115
   -2.701769682   50.355286455    5.211107435
   -2.689203311   50.418093723    4.797326272
   -2.676636941   50.475158206    4.312859317
   -2.664070570   50.526133833    3.805295174
   -2.651504200   50.571043478    3.331888419
   -2.638937829   50.609817413    2.839487582
   -2.626371458   50.642511759    2.356643910
   -2.613805088   50.669044443    1.886356310
   -2.601238717   50.689668080    1.397798405
   -2.588672347   50.704216149    0.918064419
   -2.576105976   50.712868913    0.458651209
   -2.563539605   50.715481461   -0.062572343
   -2.550973235   50.711482498   -0.556391048
   -2.538406864   50.701384398   -1.056179658
   -2.525840493   50.684857196   -1.558875231
   -2.513274123   50.662016379   -2.058598314
   -2.500707752   50.632646190   -2.627381128
   -2.488141382   50.596137120   -3.175004863
   -2.475575011   50.553114011   -3.700010672
   -2.463008640   50.503028732   -4.270070738
   -2.450442270   50.445470694   -4.878391800
   -2.437875899   50.380605485   -5.447163365
   -2.425309529   50.308276925   -6.066626780
   -2.412743158   50.227929325   -6.718616276
   -2.400176787   50.139521184   -7.346519982
   -2.387610417   50.043032135   -8.022946898
   -2.375044046   49.937834255   -8.765673835
   -2.362477675   49.822629234   -9.572813970
   -2.349911305   49.697420504  -10.354865515
   -2.337344934   49.562212932  -11.174951062
   -2.324778564   49.416527286  -12.030953805
   -2.312212193   49.259925179  -12.892489176
   -2.299645822   49.092121247  -13.864208811
   -2.287079452   48.912018515  -14.813826647
   -2.274513081   48.719529415  -15.841744148
   -2.261946711   48.513948548  -16.871636744
   -2.249380340   48.295353121  -17.931364372
   -2.236813969   48.063159268  -19.049056576
   -2.224247599   47.816517698  -20.199971985
   -2.211681228   47.555544829  -21.344018798
   -2.199114858   47.279314947  -22.614020465
   -2.186548487   46.987525359  -23.843819149
   -2.173982116   46.680428369  -25.036286309
   -2.161415746   46.358075010  -26.265259073
   -2.148849375   46.020015455  -27.544792674
   -2.136283004   45.666009492  -28.787544817
   -2.123716634   45.296317873  -30.045354048
   -2.111150263   44.911209138  -31.253605937
   -2.098583893   44.510995046  -32.425157974
   -2.086017522   44.095307885  -33.699667369
   -2.073451151   43.663934640  -34.941847537
   -2.060884781   43.217110425  -36.149133924
   -2.048318410   42.755525352  -37.301710643
   -2.035752040   42.279688261  -38.413690955
   -2.023185669   41.789818656  -39.538989799
   -2.010619298   41.286008869  -40.624253773
   -1.998052928   40.768812156  -41.671271854
   -1.985486557   40.238591438  -42.713930197
   -1.972920186   39.695541226  -43.694511524
   -1.960353816   39.140317312  -44.703801079
   -1.947787445   38.572595097  -45.676622321
   -1.935221075   37.992745266  -46.604138208
   -1.922654704   37.401435388  -47.490501976
   -1.910088333   36.798665468  -48.455350415
   -1.897521963   36.184066945  -49.351709031
   -1.884955592   35.558638645  -50.177591259
   -1.872389222   34.922826171  -51.037274536
   -1.859822851   34.276684034  -51.809920126
   -1.847256480   33.621080478  -52.545459614
   -1.834690110   32.956046775  -53.320588404
   -1.822123739   32.281548098  -54.057778732
   -1.809557368   31.597641340  -54.760671672
   -1.796990998   30.905668321  -55.383768486
   -1.784424627   30.205959544  -55.979876092
   -1.771858257   29.498999455  -56.537416150
   -1.759291886   28.785484566  -57.011569601
   -1.746725515   28.065521242  -57.554561826
   -1.734159145   27.339389555  -57.983258431
   -1.721592774   26.608037174  -58.414277915
   -1.709026404   25.871860434  -58.757512913
   -1.696460033   25.131481606  -59.054630702
   -1.683893662   24.387861043  -59.275969162
   -1.671327292   23.641777551  -59.442907837
   -1.658760921   22.893856623  -59.563067721
   -1.646194550   22.144680973  -59.637697486
   -1.633628180   21.395538522  -59.586007475
   -1.621061809   20.647226822  -59.513822271
   -1.608495439   19.899744343  -59.417950126
   -1.595929068   19.154454441  -59.179360918
   -1.583362697   18.412325264  -58.898347342
   -1.570796327   17.673982931  -58.607985950
   -1.558229956   16.940357964  -58.155290389
   -1.545663586   16.212718325  -57.628378620
   -1.533097215   15.492346280  -57.007453668
   -1.520530844   14.780136774  -56.334327632
   -1.507964474   14.076637142  -55.628290404
   -1.495398103   13.382307579  -54.855411754
   -1.482831732   12.698566129  -53.967549871
   -1.470265362   12.025847208  -53.095965065
   -1.457698991   11.364961094  -52.073058911
   -1.445132621   10.717176782  -51.007805698
   -1.432566250   10.082899514  -49.938987808
   -1.419999879    9.462725414  -48.759072775
   -1.407433509    8.857871467  -47.519461814
   -1.394867138    8.268658219  -46.255781873
   -1.382300768    7.695665450  -44.926492034
   -1.369734397    7.139757618  -43.562569706
   -1.357168026    6.601125162  -42.158936142
   -1.344601656    6.080493260  -40.689861853
   -1.332035285    5.578508694  -39.176616600
   -1.319468915    5.095634062  -37.645803281
   -1.306902544    4.632253178  -36.075210744
   -1.294336173    4.188733099  -34.495374080
   -1.281769803    3.765644872  -32.840977760
   -1.269203432    3.363276061  -31.168308217
   -1.256637061    2.982454096  -29.456500203
   -1.244070691    2.623307029  -27.701977232
   -1.231504320    2.286238460  -25.932390265
   -1.218937950    1.971540751  -24.165004652
   -1.206371579    1.679148382  -22.354082945
   -1.193805208    1.409750774  -20.505024665
   -1.181238838    1.163680082  -18.638312580
   -1.168672467    0.940978681  -16.782936894
   -1.156106097    0.741628464  -14.948430982
   -1.143539726    0.565303627  -13.106095853
   -1.130973355    0.412575974  -11.200219573
   -1.118406985    0.283497639   -9.315396979
   -1.105840614    0.178567482   -7.383708039
   -1.093274243    0.097611988   -5.481856180
   -1.080707873    0.040852811   -3.583251831
   -1.068141502    0.008194199   -1.648011830
   -1.055575132    0.000000000    0.323891792
   -1.043008761    0.016378481    2.286225836
   -1.030442390    0.057359410    4.237260401
   -1.017876020    0.122505512    6.137208520
   -1.005309649    0.212163634    8.130163067
   -0.992743279    0.326203874   10.031294174
   -0.980176908    0.464574444   12.002995700
   -0.967610537    0.627562100   13.951698958
   -0.955044167    0.815113498   15.898700484
   -0.942477796    1.027062916   17.848437254
   -0.929911425    1.263535941   19.791001286
   -0.917345055    1.524476111   21.746135810
   -0.904778684    1.810058250   23.689839110
   -0.892212314    2.119307722   25.514903670
   -0.879645943    2.451510864   27.346769614
   -0.867079572    2.806833896   29.193666986
   -0.854513202    3.184995522   31.006859914
   -0.841946831    3.586371281   32.860055658
   -0.829380461    4.010938411   34.699886481
   -0.816814090    4.458482398   36.536024146
   -0.804247719    4.928803302   38.328415322
   -0.791681349    5.421345328   40.050949173
   -0.779114978    5.935821707   41.808116631
   -0.766548607    6.471859926   43.512563497
   -0.753982237    7.029397181   45.228625477
   -0.741415866    7.608301122   46.904227905
   -0.728849496    8.207526592   48.489111056
   -0.716283125    8.826856245   50.089049391
   -0.703716754    9.466117782   51.642834476
   -0.691150384   10.124787349   53.163875655
   -0.678584013   10.802315868   54.674308056
   -0.666017643   11.498191853   56.091829922
   -0.653451272   12.212028252   57.496135895
   -0.640884901   12.943082470   58.840893399
   -0.628318531   13.690638390   60.129152423
   -0.615752160   14.454098565   61.366392668
   -0.603185789   15.232543137   62.533465996
   -0.590619419   16.025371313   63.617693138
   -0.578053048   16.831597172   64.690647438
   -0.565486678   17.650678833   65.637037039
   -0.552920307   18.480855964   66.496578041
   -0.540353936   19.321626939   67.296687430
   -0.527787566   20.171349148   67.949516993
   -0.515221195   21.029120635   68.565508750
   -0.502654825   21.894144252   69.082528740
   -0.490088454   22.764714676   69.457417298
   -0.477522083   23.639669539   69.784968610
   -0.464955713   24.517999342   69.978259815
   -0.452389342   25.398089848   70.082762840
   -0.439822972   26.278780175   70.021878297
   -0.427256601   27.157818091   69.863944486
   -0.414690230   28.034351362   69.622564415
   -0.402123860   28.907049835   69.259673451
   -0.389557489   29.774300022   68.783732555
   -0.376991118   30.635318779   68.210098623
   -0.364424748   31.488429852   67.553034643
   -0.351858377   32.332452678   66.779714913
   -0.339292007   33.166004100   65.880500050
   -0.326725636   33.987946127   64.870177964
   -0.314159265   34.796611139   63.819675178
   -0.301592895   35.591133592   62.610818251
   -0.289026524   36.369938599   61.346096434
   -0.276460154   37.132700233   60.037614453
   -0.263893783   37.878437258   58.617104865
   -0.251327412   38.605961149   57.132775443
   -0.238761042   39.314270185   55.583404745
   -0.226194671   40.002425996   53.936850546
   -0.213628300   40.669713991   52.248538634
   -0.201061930   41.315315603   50.500133575
   -0.188495559   41.938135586   48.648955755
   -0.175929189   42.538003076   46.825787084
   -0.163362818   43.114933058   44.974515984
   -0.150796447   43.668380056   43.079243266
   -0.138230077   44.197366420   41.120679401
   -0.125663706   44.702149617   39.212666733
   -0.113097336   45.182826425   37.305407239
   -0.100530965   45.639576686   35.373155774
   -0.087964594   46.071771595   33.429762737
   -0.075398224   46.479293028   31.429881663
   -0.062831853   46.861347459   29.414902376
   -0.050265482   47.218491761   27.412091486
   -0.037699112   47.550864131   25.456949885
   -0.025132741   47.858473316   23.495366396
   -0.012566371   48.141378896   21.531156037
    0.000000000   48.399588677   19.577599083
    0.012566371   48.633757212   17.686665408
    0.025132741   48.844008476   15.758772449
    0.037699112   49.030326401   13.902289982
    0.050265482   49.193022231   12.000047183
    0.062831853   49.331437050   10.045740700
    0.075398224   49.445820604    8.141045341
    0.087964594   49.536522776    6.306954258
    0.100530965   49.604218749    4.437013382
    0.113097336   49.648464246    2.582050890
    0.125663706   49.669295119    0.732263824
    0.138230077   49.666912469   -1.095494330
    0.150796447   49.641337688   -3.005910772
    0.163362818   49.591898697   -4.843995053
    0.175929189   49.519356872   -6.698445613
    0.188495559   49.422994913   -8.644302807
    0.201061930   49.302436095  -10.527961619
    0.213628300   49.158380832  -12.404378835
    0.226194671   48.990741244  -14.268719659
    0.238761042   48.799706410  -16.147745447
    0.251327412   48.585087605  -18.042521179
    0.263893783   48.346351931  -19.973922143
    0.276460154   48.083494354  -21.865992450
    0.289026524   47.796093752  -23.837788666
    0.301592895   47.483888368  -25.836720274
    0.314159265   47.147650121  -27.688417631
    0.326725636   46.787260420  -29.648729325
    0.339292007   46.402879915  -31.518535651
    0.351858377   45.994455799  -33.418649334
    0.364424748   45.562819670  -35.275248355
    0.376991118   45.108200511  -37.098565806
    0.389557489   44.630743530  -38.874555712
    0.402123860   44.131133453  -40.642788905
    0.414690230   43.609674680  -42.343990884
    0.427256601   43.067223178  -43.962036982
    0.439822972   42.504880184  -45.538591225
    0.452389342   41.923123788  -47.066040063
    0.464955713   41.322789544  -48.478953206
    0.477522083   40.704759616  -49.886898852
    0.490088454   40.069978637  -51.119814335
    0.502654825   39.420040882  -52.297805415
    0.515221195   38.755889202  -53.368552736
    0.527787566   38.079159204  -54.327638004
    0.540353936   37.391285721  -55.146585966
    0.552920307   36.693844534  -55.836681691
    0.565486678   35.988075740  -56.468674224
    0.578053048   35.275416834  -56.913286925
    0.590619419   34.558334913  -57.186104603
    0.603185789   33.838385224  -57.366250776
    0.615752160   33.116579049  -57.482663850
    0.628318531   32.394904876  -57.339297625
    0.640884901   31.675870644  -57.082850491
    0.653451272   30.961133339  -56.650875091
    0.666017643   30.252595511  -56.093511227
    0.678584013   29.551961961  -55.384727537
    0.691150384   28.861414025  -54.490951722
    0.703716754   28.182903834  -53.473009747
    0.716283125   27.518328864  -52.279473736
    0.728849496   26.869250151  -50.988097728
    0.741415866   26.237289568  -49.564330348
    0.753982237   25.624060064  -48.018989698
    0.766548607   25.031441643  -46.292731828
    0.779114978   24.460567042  -44.551889225
    0.791681349   23.912520444  -42.654658808
    0.804247719   23.388826919  -40.673986197
    0.816814090   22.890889904  -38.585368631
    0.829380461   22.419185143  -36.459278721
    0.841946831   21.974939204  -34.242464229
    0.854513202   21.558497131  -32.023549562
    0.867079572   21.170548817  -29.733958624
    0.879645943   20.811045876  -27.467206933
    0.892212314   20.480872320  -25.091223284
    0.904778684   20.179950407  -22.771827320
    0.917345055   19.908747117  -20.380717410
    0.929911425   19.667658151  -17.983543811
    0.942477796   19.456731417  -15.603214906
    0.955044167   19.275626008  -13.240695167
    0.967610537   19.123894073  -10.914531390
    0.980176908   19.000849895   -8.657480789
    0.992743279   18.906100515   -6.435032958
    1.005309649   18.839075716   -4.254836932
    1.017876020   18.799366545   -2.084379325
    1.030442390   18.786409141    0.002777064
    1.043008761   18.799102138    2.024204622
    1.055575132   18.836923744    3.981902066
    1.068141502   18.898733661    5.838833826
    1.080707873   18.983633751    7.639193365
    1.093274243   19.090753776    9.374619263
    1.105840614   19.219286257   11.066882171
    1.118406985   19.368467622   12.648738792
    1.130973355   19.537062061   14.164600476
    1.143539726   19.724452984   15.615123502
    1.156106097   19.929343272   16.980350522
    1.168672467   20.151333123   18.325927850
    1.181238838   20.389638214   19.572585911
    1.193805208   20.643047692   20.727582091
    1.206371579   20.910493051   21.818200516
    1.218937950   21.191095663   22.845457606
    1.231504320   21.484163638   23.800882006
    1.244070691   21.789158768   24.708107829
    1.256637061   22.104988279   25.568962166
    1.269203432   22.431573168   26.374598827
    1.281769803   22.767327667   27.074775495
    1.294336173   23.112086254   27.778155771
    1.306902544   23.465160544   28.395423978
    1.319468915   23.825691373   28.972773421
    1.332035285   24.192922064   29.450938207
    1.344601656   24.565992376   29.903663016
    1.357168026   24.944493305   30.321561252
    1.369734397   25.327536853   30.609342842
    1.382300768   25.714011857   30.897290140
    1.394867138   26.103819798   31.138359343
    1.407433509   26.496181979   31.282194071
    1.419999879   26.890392396   31.432070032
    1.432566250   27.285988381   31.538456438
    1.445132621   27.682533546   31.580148938
    1.457698991   28.079583155   31.594395776
    1.470265362   28.476230642   31.543390276
    1.482831732   28.872397616   31.488079983
    1.495398103   29.267373588   31.340498663
    1.507964474   29.660229622   31.183815078
    1.520530844   30.050649371   30.954147746
    1.533097215   30.437758918   30.680336702
    1.545663586   30.821023288   30.355539288
    1.558229956   31.200766727   30.065689485
    1.570796327   31.576544520   29.717870842
    1.583362697   31.948043944   29.413701688
    1.595929068   32.315636599   29.089155655
    1.608495439   32.679182934   28.766203167
    1.621061809   33.038466214   28.406258235
    1.633628180   33.393081126   28.031198065
    1.646194550   33.743094476   27.678344755
    1.658760921   34.088583245   27.307463403
    1.671327292   34.429044415   26.876282916
    1.683893662   34.764558104   26.511391629
    1.696460033   35.095262439   26.132930895
    1.709026404   35.421700346   25.816090987
    1.721592774   35.743939985   25.484873586
    1.734159145   36.062350043   25.166184797
    1.746725515   36.376863461   24.869641292
    1.759291886   36.687895762   24.626335115
    1.771858257   36.995618732   24.383016916
    1.784424627   37.300951404   24.220821368
    1.796990998   37.604285527   24.063524335
    1.809557368   37.905497888   23.896040508
    1.822123739   38.204615164   23.716507932
    1.834690110   38.501401476   23.511330234
    1.847256480   38.795626070   23.314958606
    1.859822851   39.088247920   23.230899960
    1.872389222   39.379534523   23.121989111
    1.884955592   39.669751992   23.074927532
    1.897521963   39.959287623   22.995173104
    1.910088333   40.248110735   22.943588653
    1.922654704   40.536208236   22.918885934
    1.935221075   40.824082534   22.905759827
    1.947787445   41.111686829   22.851664137
    1.960353816   41.398119234   22.744337080
    1.972920186   41.683950157   22.741905844
    1.985486557   41.969484267   22.687386139
    1.998052928   42.254412142   22.665657284
    2.010619298   42.538766115   22.598405556
    2.023185669   42.822011053   22.487911182
    2.035752040   43.104313129   22.435114895
    2.048318410   43.385452625   22.273111820
    2.060884781   43.664316921   22.091946074
    2.073451151   43.941109238   21.964836532
    2.086017522   44.216371061   21.817484516
    2.098583893   44.489048312   21.577145946
    2.111150263   44.758978092   21.375898241
    2.123716634   45.026324364   21.178045581
    2.136283004   45.291126716   20.966313709
    2.148849375   45.552265397   20.608165894
    2.161415746   45.809041631   20.263152255
    2.173982116   46.061472971   19.902060493
    2.186548487   46.309228672   19.518383838
    2.199114858   46.552121104   19.127331938
    2.211681228   46.789933101   18.707663068
    2.224247599   47.021773032   18.204516948
    2.236813969   47.247439444   17.700648679
    2.249380340   47.465980515   17.112255602
    2.261946711   47.677797066   16.591453202
    2.274513081   47.882550727   15.985504418
    2.287079452   48.079750805   15.392637481
    2.299645822   48.268948909   14.749856809
    2.312212193   48.449990430   14.042809945
    2.324778564   48.622129902   13.329574604
    2.337344934   48.784851806   12.583404723
    2.349911305   48.938631049   11.890106655
    2.362477675   49.083338628   11.096575115
    2.375044046   49.217935586   10.318591177
    2.387610417   49.342327468    9.487227245
    2.400176787   49.456905716    8.738299084
    2.412743158   49.561581909    7.938996327
    2.425309529   49.656272095    7.095248862
    2.437875899   49.740327238    6.254606027
    2.450442270   49.813764176    5.440383433
    2.463008640   49.877225105    4.655984346
    2.475575011   49.930720270    3.868108813
    2.488141382   49.974547124    3.081719110
    2.500707752   50.008277102    2.284109959
    2.513274123   50.032190532    1.525887306
    2.525840493   50.046892801    0.807039374
    2.538406864   50.052532647    0.091013385
    2.550973235   50.049107237   -0.622270365
    2.563539605   50.037149056   -1.259548958
    2.576105976   50.017151304   -1.929227521
    2.588672347   49.989198104   -2.531083645
    2.601238717   49.953845547   -3.080923448
    2.613805088   49.911716187   -3.630964681
    2.626371458   49.862752654   -4.124231993
    2.638937829   49.808149594   -4.579050689
    2.651504200   49.747731177   -4.990568720
    2.664070570   49.682563258   -5.403766945
    2.676636941   49.612529414   -5.727148129
    2.689203311   49.538879580   -5.985447344
    2.701769682   49.461441344   -6.307757827
    2.714336053   49.380724540   -6.528257936
    2.726902423   49.297729473   -6.681806373
    2.739468794   49.213050980   -6.818953192
    2.752035165   49.126907996   -6.894289862
    2.764601535   49.039702041   -6.962552854
    2.777167906   48.951905026   -6.990222233
    2.789734276   48.864119950   -6.997327813
    2.802300647   48.776511324   -6.946696698
    2.814867018   48.689572942   -6.887818271
    2.827433388   48.603470860   -6.792728998
    2.839999759   48.518574505   -6.700360740
    2.852566129   48.435019630   -6.597382966
    2.865132500   48.353215128   -6.424518370
    2.877698871   48.273955621   -6.210262920
    2.890265241   48.197409883   -6.012062099
    2.902831612   48.123433647   -5.756960981
    2.915397983   48.052502328   -5.558024084
    2.927964353   47.984547992   -5.256471733
    2.940530724   47.920464460   -4.963404157
    2.953097094   47.859703025   -4.689610763
    2.965663465   47.802549411   -4.398046644
    2.978229836   47.749648538   -4.018959493
    2.990796206   47.701269974   -3.672972544
    3.003362577   47.657304780   -3.305905914
    3.015928947   47.617842870   -2.961890981
    3.028495318   47.583137897   -2.543672873
    3.041061689   47.553826129   -2.152583763
    3.053628059   47.529558975   -1.697120216
    3.066194430   47.510758783   -1.273416433
    3.078760801   47.497634687   -0.856635301
    3.091327171   47.489687585   -0.392914827
    3.103893542   47.487627554    0.071298690
    3.116459912   47.491423289    0.522004827
    3.129026283   47.501080457    1.007351109
