#! FIELDS phi3 ffphi3 dffphi3_phi3
#! SET min_phi3 -pi
#! SET max_phi3 pi
#! SET nbins_phi3  100
#! SET periodic_phi3 true
 -3.141593 21.403611 -53.156026
 -3.078761 18.943565 -29.313633
 -3.015929 16.529750 -53.263810
 -2.953097 13.081997 -47.483084
 -2.890265 11.042255 -17.583955
 -2.827433 10.282617 -17.042270
 -2.764602 8.423561 -32.604666
 -2.701770 6.972014 -15.291435
 -2.638938 6.096912 -12.355971
 -2.576106 5.640774 -2.611112
 -2.513274 5.447490 -5.684783
 -2.450442 5.057341 -4.004949
 -2.387610 5.002500 0.498298
 -2.324779 4.911732 -4.214785
 -2.261947 4.550504 -6.178420
 -2.199115 4.190259 -5.231385
 -2.136283 3.777528 -8.956739
 -2.073451 3.359901 -0.776533
 -2.010619 3.639310 5.911435
 -1.947787 3.860870 1.934455
 -1.884956 3.850070 -3.117667
 -1.822124 3.773172 4.540265
 -1.759292 4.396495 8.821350
 -1.696460 3.805243 -31.605520
 -1.633628 1.238221 -37.504484
 -1.570796 0.095015 3.085208
 -1.507964 1.011719 10.892409
 -1.445133 0.316982 -19.132634
 -1.382301 -0.540692 -19.201484
 -1.319469 -2.504357 -27.624285
 -1.256637 -2.722112 21.986316
 -1.193805 -0.570337 31.307312
 -1.130973 0.665363 18.918711
 -1.068142 2.170742 24.795750
 -1.005310 3.801273 29.609127
 -0.942478 5.898584 34.908918
 -0.879646 7.816580 24.178900
 -0.816814 9.307695 26.503825
 -0.753982 11.030088 23.723422
 -0.691150 12.127075 16.528736
 -0.628319 13.985946 45.820036
 -0.565487 17.619152 62.386922
 -0.502655 21.032545 43.839211
 -0.439823 23.223946 28.243560
 -0.376991 25.116151 33.574315
 -0.314159 27.387825 37.354038
 -0.251327 29.817337 39.131257
 -0.188496 32.202667 34.782323
 -0.125664 34.235579 29.520865
 -0.062832 35.783797 18.213469
 0.000000 36.633457 9.553239
 0.062832 36.909339 -1.407910
 0.125664 36.482897 -12.413278
 0.188496 35.438555 -19.059901
 0.251327 34.120554 -24.568596
 0.314159 32.311280 -31.163303
 0.376991 30.350401 -31.849122
 0.439823 28.137346 -39.646904
 0.502655 25.457457 -43.409630
 0.565487 22.836157 -40.384462
 0.628319 20.382166 -37.027971
 0.691150 18.192936 -33.067249
 0.753982 16.237690 -29.105352
 0.816814 14.360180 -32.422900
 0.879646 12.373429 -26.434644
 0.942478 11.337973 -7.576171
 1.005310 11.082397 -2.116959
 1.068142 11.141068 4.883689
 1.130973 11.791884 16.637719
 1.193805 13.229627 27.983680
 1.256637 15.135796 30.389345
 1.319469 16.790554 23.884164
 1.382301 18.810836 44.063723
 1.445133 22.341454 64.771435
 1.507964 26.492852 63.692877
 1.570796 30.568522 64.793063
 1.633628 34.946812 72.294105
 1.696460 39.595296 70.166155
 1.759292 43.773020 61.210297
 1.822124 47.736191 63.819266
 1.884956 51.764827 61.428402
 1.947787 55.496553 55.614202
 2.010619 58.863408 50.063903
 2.073451 61.723899 39.104743
 2.136283 63.874312 28.534088
 2.199115 65.212842 13.622023
 2.261947 65.686269 1.837568
 2.324779 65.500939 -7.797973
 2.387610 64.633851 -20.039140
 2.450442 63.024087 -31.530981
 2.513274 60.606089 -44.962499
 2.576106 57.519655 -52.147597
 2.638938 54.146434 -55.226308
 2.701770 50.487216 -61.545091
 2.764602 46.522122 -63.325648
 2.827433 42.558042 -63.800499
 2.890265 38.439174 -66.219204
 2.953097 34.357151 -64.983618
 3.015929 30.006383 -72.955803
 3.078761 25.439202 -71.096664
