#! FIELDS psi3 ffpsi3 dffpsi3_psi3
#! SET min_psi3 -pi
#! SET max_psi3 pi
#! SET nbins_psi3  100
#! SET periodic_psi3 true
 -3.141593 8.525933 9.145439
 -3.078761 9.363952 19.216001
 -3.015929 10.807060 23.705142
 -2.953097 12.127093 18.734592
 -2.890265 13.312427 19.963299
 -2.827433 14.647249 21.104695
 -2.764602 15.926824 20.698764
 -2.701770 17.301650 21.973907
 -2.638938 18.527134 16.313102
 -2.576106 19.559888 18.758769
 -2.513274 20.835505 18.438762
 -2.450442 21.685866 10.308489
 -2.387610 22.302875 8.607588
 -2.324779 22.807856 8.616237
 -2.261947 23.349801 7.104865
 -2.199115 23.628528 2.701970
 -2.136283 24.008829 10.633264
 -2.073451 24.469110 -1.750332
 -2.010619 24.059765 -4.950356
 -1.947787 24.082755 2.921107
 -1.884956 24.153490 0.594514
 -1.822124 24.335346 3.801252
 -1.759292 24.266366 -7.478502
 -1.696460 23.812846 -2.013647
 -1.633628 23.875647 -4.190336
 -1.570796 22.879709 -21.387279
 -1.507964 21.812714 -11.957755
 -1.445133 21.037322 -17.190406
 -1.382301 19.514954 -27.329305
 -1.319469 18.102167 -17.548070
 -1.256637 16.692034 -32.638116
 -1.193805 14.503817 -27.743765
 -1.130973 13.666067 -4.723505
 -1.068142 12.029982 -50.590023
 -1.005310 9.068045 -36.014965
 -0.942478 7.507595 -15.040865
 -0.879646 7.143603 0.829445
 -0.816814 6.598263 -25.285652
 -0.753982 4.323939 -38.231192
 -0.691150 2.688681 -11.958142
 -0.628319 2.404958 -1.092950
 -0.565487 2.560085 4.667347
 -0.502655 2.284991 -11.932849
 -0.439823 2.151882 11.596166
 -0.376991 3.125223 9.855640
 -0.314159 2.747584 -22.297293
 -0.251327 1.277989 -13.406032
 -0.188496 1.665628 24.138581
 -0.125664 3.535840 27.583736
 -0.062832 4.428933 -4.445458
 0.000000 3.271916 -21.230568
 0.062832 2.673283 2.941306
 0.125664 2.863276 -11.695224
 0.188496 0.768272 -36.910902
 0.251327 -0.186122 9.870458
 0.314159 1.768534 43.227858
 0.376991 2.998692 -10.318475
 0.439823 2.290958 -1.632692
 0.502655 3.008795 19.602771
 0.565487 3.715249 -4.243271
 0.628319 2.777831 -15.999507
 0.691150 2.486753 7.206034
 0.753982 3.295785 14.388525
 0.816814 3.991765 8.136878
 0.879646 4.595536 11.314389
 0.942478 4.876029 -4.850564
 1.005310 4.798782 8.759175
 1.068142 5.749978 13.336754
 1.130973 5.598495 -21.387896
 1.193805 3.794872 -23.428564
 1.256637 3.656420 21.646452
 1.319469 6.321416 54.987948
 1.382301 8.427913 2.097887
 1.445133 7.817124 -10.517645
 1.507964 7.405092 -10.277635
 1.570796 6.040931 -24.812485
 1.633628 5.203142 -0.372180
 1.696460 5.604814 7.168037
 1.759292 5.838126 2.732456
 1.822124 6.047169 3.303866
 1.884956 6.331065 6.004003
 1.947787 6.594996 -0.590137
 2.010619 5.889331 -23.165237
 2.073451 4.121095 -28.121250
 2.136283 2.683886 -16.404269
 2.199115 2.228245 3.156917
 2.261947 2.759521 5.267576
 2.324779 2.586374 -2.280953
 2.387610 2.923295 8.433106
 2.450442 3.124651 -0.697836
 2.513274 3.242505 4.978975
 2.576106 3.429650 0.558338
 2.638938 3.798918 13.297238
 2.701770 4.683911 9.969380
 2.764602 5.043431 3.930649
 2.827433 5.390089 7.937557
 2.890265 5.929183 5.582376
 2.953097 5.768966 -7.213722
 3.015929 5.905772 15.913375
 3.078761 7.517326 26.813076
