#! FIELDS psi3 ffpsi3 dffpsi3_psi3
#! SET min_psi3 -pi
#! SET max_psi3 pi
#! SET nbins_psi3  100
#! SET periodic_psi3 true
 -3.141593 9.488291 8.567710
 -3.078761 10.149934 15.708772
 -3.015929 11.477126 24.690330
 -2.953097 13.143239 27.533457
 -2.890265 14.783357 23.731707
 -2.827433 16.234132 23.249087
 -2.764602 17.681675 20.994042
 -2.701770 18.809648 16.199802
 -2.638938 19.958011 21.100487
 -2.576106 21.397585 22.732079
 -2.513274 22.601707 15.246681
 -2.450442 23.506228 15.041797
 -2.387610 24.595389 19.427650
 -2.324779 25.802427 16.864103
 -2.261947 26.569269 7.867347
 -2.199115 27.014096 7.803039
 -2.136283 27.605222 10.753167
 -2.073451 28.306657 10.485201
 -2.010619 28.796766 4.672068
 -1.947787 29.060230 6.070690
 -1.884956 29.702562 13.316630
 -1.822124 30.414991 6.236491
 -1.759292 30.275640 -9.707216
 -1.696460 29.560958 -10.712098
 -1.633628 29.045873 -5.900018
 -1.570796 28.664672 -7.982285
 -1.507964 27.863666 -17.872719
 -1.445133 26.701440 -16.130044
 -1.382301 25.685794 -22.696721
 -1.319469 23.310141 -48.976917
 -1.256637 20.327841 -41.911557
 -1.193805 18.309366 -21.281961
 -1.130973 17.320882 -19.893181
 -1.068142 15.150532 -38.373124
 -1.005310 13.807342 -1.514836
 -0.942478 14.286571 -1.156070
 -0.879646 12.130016 -49.091633
 -0.816814 10.141945 -10.922577
 -0.753982 9.618596 -30.339118
 -0.691150 6.108859 -58.184591
 -0.628319 3.220275 -37.515048
 -0.565487 1.288819 -18.916010
 -0.502655 1.296270 17.067629
 -0.439823 2.258017 2.151666
 -0.376991 1.386624 -24.738194
 -0.314159 -0.464694 -35.566728
 -0.251327 -2.620288 -22.931517
 -0.188496 -2.494650 29.117580
 -0.125664 0.892093 72.692627
 -0.062832 4.108363 -0.539479
 0.000000 2.716387 -16.211657
 0.062832 3.004966 21.221693
 0.125664 3.834355 -7.029628
 0.188496 2.856589 -14.502491
 0.251327 2.045064 -13.019594
 0.314159 1.761608 9.137905
 0.376991 3.011960 22.502369
 0.439823 3.921952 9.768499
 0.502655 4.640463 12.003347
 0.565487 5.264370 7.741930
 0.628319 5.685128 5.997370
 0.691150 6.006717 3.507643
 0.753982 6.157015 2.583367
 0.816814 6.456359 6.678567
 0.879646 6.832124 3.749144
 0.942478 6.954660 1.271008
 1.005310 7.070203 2.625675
 1.068142 7.203263 0.266329
 1.130973 7.286362 5.893402
 1.193805 8.014765 13.727531
 1.256637 8.492888 -0.033719
 1.319469 8.278839 -3.477828
 1.382301 8.344862 5.888803
 1.445133 8.606572 -2.513767
 1.507964 8.140792 -7.193000
 1.570796 7.944815 -1.094654
 1.633628 7.730919 -5.324073
 1.696460 7.521314 -0.358286
 1.759292 7.615112 2.400118
 1.822124 7.717238 -0.519043
 1.884956 7.562995 -2.761542
 1.947787 7.443196 -1.567872
 2.010619 7.338481 -1.634074
 2.073451 7.317901 0.760962
 2.136283 7.151464 -7.314829
 2.199115 6.763711 -1.885215
 2.261947 6.857276 1.631069
 2.324779 6.507606 -14.638463
 2.387610 5.407106 -15.198524
 2.450442 4.827817 -4.635153
 2.513274 4.587971 -4.706741
 2.576106 4.323209 0.310024
 2.638938 4.934800 17.135187
 2.701770 5.962379 13.318522
 2.764602 6.649570 8.291795
 2.827433 6.868594 -0.540156
 2.890265 6.940172 4.429303
 2.953097 7.296015 5.311763
 3.015929 7.738183 10.889525
 3.078761 8.679202 16.669420
