#! FIELDS psi2 ffpsi2 dffpsi2_psi2
#! SET min_psi2 -pi
#! SET max_psi2 pi
#! SET nbins_psi2  100
#! SET periodic_psi2 true
 -3.141593 14.917632 45.359881
 -3.078761 17.885232 48.042409
 -3.015929 20.995482 50.545730
 -2.953097 24.323549 54.184877
 -2.890265 27.757290 53.611711
 -2.827433 31.177952 54.327900
 -2.764602 34.412442 44.041994
 -2.701770 36.245056 8.811470
 -2.638938 35.727310 -18.124667
 -2.576106 34.569373 -18.050388
 -2.513274 33.379709 -19.759843
 -2.450442 32.170271 -18.901868
 -2.387610 30.913933 -21.175390
 -2.324779 29.583804 -20.612170
 -2.261947 28.370672 -17.974456
 -2.199115 27.275171 -17.165875
 -2.136283 26.228068 -16.120925
 -2.073451 25.248585 -14.850832
 -2.010619 24.391433 -12.512803
 -1.947787 23.630157 -12.040817
 -1.884956 22.911104 -10.234699
 -1.822124 22.361501 -7.797118
 -1.759292 21.873131 -7.638897
 -1.696460 21.483620 -4.288436
 -1.633628 21.282069 -3.105041
 -1.570796 21.057602 -3.524282
 -1.507964 20.915462 -0.812820
 -1.445133 20.927965 0.724311
 -1.382301 20.971670 0.523802
 -1.319469 20.962152 -1.136603
 -1.256637 20.867900 -1.100748
 -1.193805 20.905291 2.281566
 -1.130973 21.080620 2.645673
 -1.068142 21.250230 3.163101
 -1.005310 21.477118 3.569289
 -0.942478 21.673479 2.772405
 -0.879646 21.862340 3.413585
 -0.816814 22.093295 3.620516
 -0.753982 22.315369 3.448822
 -0.691150 22.487782 1.425287
 -0.628319 22.426702 -3.912078
 -0.565487 21.978479 -10.312822
 -0.502655 21.117258 -17.117302
 -0.439823 19.913192 -20.246953
 -0.376991 18.644546 -20.071763
 -0.314159 17.372539 -20.475227
 -0.251327 16.127300 -18.431010
 -0.188496 15.097646 -14.509511
 -0.125664 14.284921 -11.340642
 -0.062832 13.680745 -8.019019
 0.000000 13.224668 -6.892356
 0.062832 12.836236 -5.223258
 0.125664 12.493014 -6.756720
 0.188496 12.010201 -7.455478
 0.251327 11.633429 -4.775580
 0.314159 11.330716 -5.496796
 0.376991 10.937554 -7.019499
 0.439823 10.447441 -7.888875
 0.502655 10.032601 -5.941151
 0.565487 9.542805 -10.602115
 0.628319 8.665636 -15.804754
 0.691150 8.019023 -2.050675
 0.753982 8.187779 2.514095
 0.816814 8.148409 -1.349629
 0.879646 8.110316 -1.373768
 0.942478 7.921910 -3.710516
 1.005310 7.749492 -1.797031
 1.068142 7.657923 -1.084984
 1.130973 7.642683 0.325522
 1.193805 7.628444 -1.256101
 1.256637 7.492704 -2.770403
 1.319469 7.271313 -4.757194
 1.382301 6.891624 -6.795362
 1.445133 6.479029 -6.382144
 1.507964 6.062014 -7.014808
 1.570796 5.584018 -8.547609
 1.633628 4.951859 -11.552390
 1.696460 4.164835 -13.412322
 1.759292 3.273926 -14.451513
 1.822124 2.481613 -9.844735
 1.884956 2.029658 -5.385277
 1.947787 1.740074 -3.913305
 2.010619 1.526488 -3.095022
 2.073451 1.320357 -3.829908
 2.136283 1.019306 -5.722396
 2.199115 0.618985 -7.109540
 2.261947 0.126725 -8.166452
 2.324779 -0.350114 -6.959973
 2.387610 -0.743768 -5.338065
 2.450442 -1.001750 -2.895066
 2.513274 -1.054082 1.979435
 2.576106 -0.713486 8.498200
 2.638938 -0.035462 12.790776
 2.701770 0.871983 15.935225
 2.764602 1.986523 19.524383
 2.827433 3.336031 23.774081
 2.890265 5.055363 30.804635
 2.953097 7.158356 35.653942
 3.015929 9.561986 40.308924
 3.078761 12.170670 41.925966
