#! FIELDS phi4 ffphi4 dffphi4_phi4
#! SET min_phi4 -pi
#! SET max_phi4 pi
#! SET nbins_phi4  100
#! SET periodic_phi4 true
 -3.141593 13.361602 -46.790342
 -3.078761 10.516723 -43.692126
 -3.015929 7.907556 -39.041585
 -2.953097 5.667961 -31.717599
 -2.890265 3.943421 -23.555766
 -2.827433 2.633482 -18.466310
 -2.764602 1.622434 -13.793420
 -2.701770 0.872554 -10.062633
 -2.638938 0.414683 -4.255081
 -2.576106 0.261457 -1.496341
 -2.513274 0.255886 2.227183
 -2.450442 0.548074 6.150242
 -2.387610 0.975965 7.568620
 -2.324779 1.477921 8.097588
 -2.261947 2.023069 9.237689
 -2.199115 2.577179 7.879054
 -2.136283 2.995046 5.206087
 -2.073451 3.248834 3.118662
 -2.010619 3.383513 0.971748
 -1.947787 3.410329 0.211691
 -1.884956 3.360265 -2.818537
 -1.822124 3.043660 -6.364187
 -1.759292 2.652751 -6.000817
 -1.696460 2.257071 -6.994778
 -1.633628 1.782963 -7.627022
 -1.570796 1.311069 -7.683774
 -1.507964 0.858932 -5.902139
 -1.445133 0.621928 -1.749509
 -1.382301 0.616853 1.445578
 -1.319469 0.799933 4.414331
 -1.256637 1.233712 10.062627
 -1.193805 2.028765 13.733188
 -1.130973 2.885224 14.577031
 -1.068142 4.010085 20.970344
 -1.005310 5.395017 22.486669
 -0.942478 6.913754 26.390275
 -0.879646 8.697293 29.471956
 -0.816814 10.583819 30.649462
 -0.753982 12.598069 32.867421
 -0.691150 14.687656 33.504324
 -0.628319 16.869797 35.581972
 -0.565487 19.150703 36.699247
 -0.502655 21.517632 37.985613
 -0.439823 23.905412 37.411680
 -0.376991 26.203128 35.044020
 -0.314159 28.341152 32.828012
 -0.251327 30.359215 30.956058
 -0.188496 32.235857 28.361579
 -0.125664 33.907064 23.994220
 -0.062832 35.188148 16.389349
 0.000000 35.971253 8.068240
 0.062832 36.174140 -1.874575
 0.125664 35.698820 -13.585868
 0.188496 34.487454 -24.503860
 0.251327 32.698255 -31.889445
 0.314159 30.526928 -36.949023
 0.376991 28.101548 -39.897888
 0.439823 25.513089 -42.722277
 0.502655 22.754422 -44.365502
 0.565487 20.033465 -41.804384
 0.628319 17.503641 -38.925750
 0.691150 15.133881 -36.248009
 0.753982 12.995143 -31.643760
 0.816814 11.171155 -26.170654
 0.879646 9.722491 -20.042725
 0.942478 8.679737 -12.516950
 1.005310 8.193236 -3.175848
 1.068142 8.227584 3.760132
 1.130973 8.630274 9.368687
 1.193805 9.517040 19.530601
 1.256637 11.082001 29.601380
 1.319469 13.190068 37.364432
 1.382301 15.807923 45.531798
 1.445133 18.917325 52.978345
 1.507964 22.501805 59.938108
 1.570796 26.485226 65.185967
 1.633628 30.725924 67.578086
 1.696460 35.097489 69.069990
 1.759292 39.486691 67.614997
 1.822124 43.676701 62.888298
 1.884956 47.481706 56.207822
 1.947787 50.841619 48.999061
 2.010619 53.671289 39.694783
 2.073451 55.846225 28.961757
 2.136283 57.360428 18.533051
 2.199115 58.099418 4.193932
 2.261947 57.897254 -10.370806
 2.324779 56.867456 -21.811789
 2.387610 55.170575 -32.495398
 2.450442 52.797066 -42.715199
 2.513274 49.843692 -50.742773
 2.576106 46.484470 -55.810914
 2.638938 42.876864 -58.756068
 2.701770 39.064538 -62.814816
 2.764602 35.056287 -63.749450
 2.827433 31.099695 -62.268307
 2.890265 27.241792 -60.286012
 2.953097 23.507419 -58.813533
 3.015929 19.867968 -56.607423
 3.078761 16.446837 -51.854433
