#! FIELDS psi2 hhpsi2 dhhpsi2_psi2
#! SET min_psi2 -pi
#! SET max_psi2 pi
#! SET nbins_psi2  100
#! SET periodic_psi2 true
 -3.141593 0.026079 -0.260524
 -3.078761 0.013334 -0.150733
 -3.015929 0.006267 -0.078968
 -2.953097 0.002795 -0.035603
 -2.890265 0.001253 -0.016138
 -2.827433 0.000557 -0.006869
 -2.764602 0.000278 -0.002568
 -2.701770 0.000218 0.000853
 -2.638938 0.000375 0.003668
 -2.576106 0.000638 0.004999
 -2.513274 0.001097 0.010262
 -2.450442 0.001948 0.016686
 -2.387610 0.003206 0.024009
 -2.324779 0.005035 0.034126
 -2.261947 0.007489 0.044646
 -2.199115 0.010754 0.060229
 -2.136283 0.015148 0.079047
 -2.073451 0.020407 0.086822
 -2.010619 0.026140 0.097449
 -1.947787 0.032577 0.104615
 -1.884956 0.038939 0.096969
 -1.822124 0.044668 0.085174
 -1.759292 0.049560 0.069108
 -1.696460 0.053007 0.040348
 -1.633628 0.054764 0.017917
 -1.570796 0.055400 0.004337
 -1.507964 0.055487 0.000598
 -1.445133 0.055613 0.007191
 -1.382301 0.056963 0.041038
 -1.319469 0.060907 0.083173
 -1.256637 0.066979 0.110453
 -1.193805 0.075192 0.153694
 -1.130973 0.085406 0.159739
 -1.068142 0.094325 0.125478
 -1.005310 0.101007 0.081932
 -0.942478 0.104092 0.021003
 -0.879646 0.104138 -0.019042
 -0.816814 0.101264 -0.072264
 -0.753982 0.095137 -0.118011
 -0.691150 0.086963 -0.135648
 -0.628319 0.078564 -0.127471
 -0.565487 0.070889 -0.117263
 -0.502655 0.063384 -0.122866
 -0.439823 0.055722 -0.113041
 -0.376991 0.049483 -0.087309
 -0.314159 0.044342 -0.075920
 -0.251327 0.039900 -0.064785
 -0.188496 0.036224 -0.050069
 -0.125664 0.033781 -0.026913
 -0.062832 0.032562 -0.012735
 0.000000 0.032296 0.006698
 0.062832 0.033428 0.028381
 0.125664 0.035553 0.038723
 0.188496 0.038345 0.050668
 0.251327 0.041809 0.060142
 0.314159 0.046042 0.076742
 0.376991 0.051626 0.103214
 0.439823 0.059127 0.136205
 0.502655 0.068784 0.171700
 0.565487 0.080224 0.190642
 0.628319 0.093279 0.231694
 0.691150 0.109072 0.263998
 0.753982 0.125551 0.258489
 0.816814 0.141211 0.236708
 0.879646 0.154923 0.202112
 0.942478 0.166011 0.141620
 1.005310 0.171925 0.054897
 1.068142 0.174198 0.024717
 1.130973 0.174705 -0.006630
 1.193805 0.174013 -0.004434
 1.256637 0.174509 0.021671
 1.319469 0.176884 0.064994
 1.382301 0.183593 0.153010
 1.445133 0.195748 0.237197
 1.507964 0.214241 0.364949
 1.570796 0.242433 0.537254
 1.633628 0.281698 0.717172
 1.696460 0.332539 0.896866
 1.759292 0.392202 0.989286
 1.822124 0.454955 0.987487
 1.884956 0.511556 0.786366
 1.947787 0.551486 0.486566
 2.010619 0.574019 0.259783
 2.073451 0.584787 0.083879
 2.136283 0.586369 0.018979
 2.199115 0.591260 0.151883
 2.261947 0.603755 0.242874
 2.324779 0.620199 0.272134
 2.387610 0.634470 0.167540
 2.450442 0.638837 -0.038919
 2.513274 0.625979 -0.380311
 2.576106 0.589987 -0.760047
 2.638938 0.529669 -1.139660
 2.701770 0.449719 -1.365344
 2.764602 0.360796 -1.435124
 2.827433 0.271800 -1.365234
 2.890265 0.191980 -1.147134
 2.953097 0.128391 -0.876410
 3.015929 0.080663 -0.641843
 3.078761 0.047278 -0.423291
