#! FIELDS psi2 ffpsi2 dffpsi2_psi2
#! SET min_psi2 -pi
#! SET max_psi2 pi
#! SET nbins_psi2  100
#! SET periodic_psi2 true
 -3.141593 14.502607 46.099859
 -3.078761 17.284765 43.487678
 -3.015929 20.659327 69.038934
 -2.953097 26.523262 116.992928
 -2.890265 36.813767 158.489489
 -2.827433 52.316375 35.338442
 -2.764602 53.166098 1.013459
 -2.701770 52.956364 -15.287209
 -2.638938 51.155597 -35.967709
 -2.576106 48.274981 -52.798292
 -2.513274 44.603502 -92.114878
 -2.450442 35.532747 -152.909659
 -2.387610 27.495997 -100.856234
 -2.324779 22.893658 -46.034647
 -2.261947 21.580385 2.114579
 -2.199115 22.608271 22.557880
 -2.136283 22.760197 -24.828723
 -2.073451 21.189959 -12.522076
 -2.010619 20.934715 -11.670444
 -1.947787 18.805672 -40.641351
 -1.884956 17.229851 -8.345894
 -1.822124 17.191935 0.849875
 -1.759292 17.233555 3.345165
 -1.696460 17.600774 5.269804
 -1.633628 17.523325 -8.932353
 -1.570796 16.592716 -18.806693
 -1.507964 15.519398 -11.920720
 -1.445133 15.350396 5.632677
 -1.382301 15.743335 2.287599
 -1.319469 15.604527 -3.215313
 -1.256637 15.490506 -2.159368
 -1.193805 15.343464 0.227247
 -1.130973 15.776017 13.422154
 -1.068142 16.774497 13.852120
 -1.005310 16.755640 -14.869662
 -0.942478 15.886790 -6.337830
 -0.879646 16.000033 6.127295
 -0.816814 16.347123 5.946587
 -0.753982 16.909862 10.950361
 -0.691150 17.468668 6.119717
 -0.628319 17.917296 10.664947
 -0.565487 18.749359 10.821204
 -0.502655 18.576153 -16.175536
 -0.439823 17.611648 -6.772634
 -0.376991 18.067468 16.655096
 -0.314159 18.081224 -24.344814
 -0.251327 16.329180 -19.148165
 -0.188496 15.685169 -20.137143
 -0.125664 12.373478 -59.749111
 -0.062832 10.223504 -5.470056
 0.000000 11.691963 50.194078
 0.062832 15.618922 57.314355
 0.125664 16.747559 -13.878925
 0.188496 15.366823 -29.498677
 0.251327 13.232493 -31.815808
 0.314159 11.913334 -9.787394
 0.376991 11.880423 8.006469
 0.439823 12.866720 21.472555
 0.502655 13.829088 4.016274
 0.565487 13.948235 4.625964
 0.628319 13.853929 -14.175094
 0.691150 12.691535 -16.554748
 0.753982 11.802278 -13.689196
 0.816814 11.041158 -8.896660
 0.879646 10.569536 -8.433125
 0.942478 10.201516 0.738408
 1.005310 10.663218 9.545299
 1.068142 10.778206 -8.559185
 1.130973 9.653843 -23.713611
 1.193805 8.439298 -11.836722
 1.256637 8.022846 -5.581569
 1.319469 7.403177 -12.875200
 1.382301 6.768986 -6.270286
 1.445133 6.386424 -8.058136
 1.507964 5.800354 -10.156291
 1.570796 4.910393 -18.851607
 1.633628 3.739716 -15.850978
 1.696460 2.926406 -11.371562
 1.759292 2.235683 -10.670217
 1.822124 1.605262 -8.698581
 1.884956 1.174895 -5.795882
 1.947787 0.810874 -5.411667
 2.010619 0.588051 -1.470200
 2.073451 0.503927 -2.505629
 2.136283 0.331037 -1.637573
 2.199115 0.303283 -0.235114
 2.261947 0.292969 0.063825
 2.324779 0.125598 -7.269456
 2.387610 -0.474790 -8.999562
 2.450442 -0.818351 -1.741082
 2.513274 -0.683189 6.107582
 2.576106 -0.134777 9.594925
 2.638938 0.399728 8.166021
 2.701770 1.103375 16.030358
 2.764602 2.542692 28.624823
 2.827433 4.343287 26.702148
 2.890265 6.030627 27.560497
 2.953097 7.772797 29.176919
 3.015929 9.824333 32.876986
 3.078761 11.823211 35.160523
