#! FIELDS psi2 ffpsi2 dffpsi2_psi2
#! SET min_psi2 -pi
#! SET max_psi2 pi
#! SET nbins_psi2  500
#! SET periodic_psi2 true
 -3.141593 4.363509 19.618319
 -3.129026 4.621411 21.373412
 -3.116460 4.901109 22.975863
 -3.103894 5.199413 24.404184
 -3.091327 5.514164 25.577568
 -3.078761 5.841924 26.446175
 -3.066194 6.179087 26.965927
 -3.053628 6.519896 27.182623
 -3.041062 6.861574 27.071188
 -3.028495 7.204162 26.549194
 -3.015929 7.534990 26.026558
 -3.003363 7.858809 25.367042
 -2.990796 8.175354 24.634601
 -2.978230 8.481671 24.022410
 -2.965663 8.782052 23.469870
 -2.953097 9.076251 23.069179
 -2.940531 9.366493 22.816845
 -2.927964 9.658115 22.569114
 -2.915398 9.943825 22.629130
 -2.902832 10.230316 22.773302
 -2.890265 10.518737 22.962012
 -2.877699 10.822018 22.705126
 -2.865133 11.111434 23.043679
 -2.852566 11.404176 23.342926
 -2.840000 11.699823 23.591663
 -2.827433 11.999061 23.737910
 -2.814867 12.299578 23.836939
 -2.802301 12.601104 23.871815
 -2.789734 12.902703 23.851646
 -2.777168 13.204157 23.760672
 -2.764602 13.504905 23.602237
 -2.752035 13.801797 23.484685
 -2.739469 14.100785 23.193385
 -2.726902 14.393110 23.066745
 -2.714336 14.683429 22.963251
 -2.701770 14.973468 22.843353
 -2.689203 15.263866 22.704473
 -2.676637 15.550782 22.692117
 -2.664071 15.839483 22.610293
 -2.651504 16.125732 22.561083
 -2.638938 16.412554 22.355882
 -2.626371 16.693540 22.104429
 -2.613805 16.969629 21.640023
 -2.601239 17.239725 20.798490
 -2.588672 17.496285 19.695882
 -2.576106 17.737630 18.207619
 -2.563540 17.958039 16.375176
 -2.550973 18.151634 14.272051
 -2.538407 18.320553 11.733396
 -2.525840 18.452929 9.176502
 -2.513274 18.552804 6.498460
 -2.500708 18.618643 3.793022
 -2.488141 18.650928 1.163475
 -2.475575 18.650159 -1.295886
 -2.463009 18.620611 -3.551114
 -2.450442 18.563424 -5.516630
 -2.437876 18.483782 -7.224395
 -2.425310 18.384467 -8.617712
 -2.412743 18.269677 -9.688768
 -2.400177 18.143566 -10.513620
 -2.387610 18.008556 -10.973505
 -2.375044 17.869239 -11.178037
 -2.362478 17.727345 -11.206308
 -2.349911 17.587461 -11.019691
 -2.337345 17.449839 -10.729686
 -2.324779 17.315862 -10.395652
 -2.312212 17.187575 -9.995801
 -2.299646 17.064198 -9.629214
 -2.287079 16.945063 -9.336336
 -2.274513 16.828409 -9.195104
 -2.261947 16.712456 -9.230903
 -2.249380 16.594420 -9.492734
 -2.236814 16.472029 -9.971849
 -2.224248 16.342604 -10.639988
 -2.211681 16.203264 -11.481014
 -2.199115 16.053149 -12.399129
 -2.186548 15.891123 -13.328619
 -2.173982 15.716872 -14.208273
 -2.161416 15.533689 -14.883434
 -2.148849 15.343550 -15.311999
 -2.136283 15.149232 -15.471136
 -2.123717 14.954885 -15.331894
 -2.111150 14.764308 -14.908095
 -2.098584 14.580725 -14.238878
 -2.086018 14.406832 -13.381828
 -2.073451 14.244671 -12.390761
 -2.060885 14.095318 -11.344295
 -2.048318 13.959192 -10.302305
 -2.035752 13.835563 -9.338876
 -2.023186 13.723555 -8.479062
 -2.010619 13.621196 -7.784483
 -1.998053 13.525934 -7.279084
 -1.985487 13.436631 -6.927159
 -1.972920 13.350849 -6.729526
 -1.960354 13.266237 -6.684816
 -1.947787 13.181297 -6.751816
 -1.935221 13.095518 -6.878120
 -1.922655 13.007806 -7.045297
 -1.910088 12.917686 -7.248899
 -1.897522 12.824197 -7.508756
 -1.884956 12.727623 -7.804206
 -1.872389 12.627341 -8.145178
 -1.859823 12.522065 -8.575205
 -1.847256 12.410943 -9.089656
 -1.834690 12.292903 -9.683355
 -1.822124 12.166800 -10.338552
 -1.809557 12.032359 -11.012328
 -1.796991 11.889814 -11.635043
 -1.784425 11.740008 -12.156837
 -1.771858 11.584284 -12.542826
 -1.759292 11.424993 -12.722831
 -1.746726 11.265162 -12.680896
 -1.734159 11.106911 -12.438419
 -1.721593 10.953205 -11.972220
 -1.709026 10.806529 -11.331651
 -1.696460 10.668376 -10.569800
 -1.683894 10.540848 -9.707031
 -1.671327 10.424580 -8.791838
 -1.658761 10.319844 -7.875391
 -1.646195 10.226547 -6.986313
 -1.633628 10.143936 -6.165731
 -1.621062 10.071083 -5.442883
 -1.608495 10.006582 -4.831682
 -1.595929 9.949014 -4.341378
 -1.583363 9.896080 -4.008141
 -1.570796 9.847154 -3.756665
 -1.558230 9.801071 -3.574366
 -1.545664 9.756273 -3.467362
 -1.533097 9.713445 -3.349860
 -1.520531 9.672234 -3.207307
 -1.507964 9.632969 -3.031234
 -1.495398 9.596132 -2.822855
 -1.482832 9.561837 -2.609331
 -1.470265 9.530058 -2.432146
 -1.457699 9.500078 -2.341764
 -1.445133 9.470030 -2.417461
 -1.432566 9.438119 -2.681718
 -1.420000 9.401733 -3.171966
 -1.407434 9.357774 -3.886781
 -1.394867 9.303578 -4.760286
 -1.382301 9.237776 -5.709294
 -1.369734 9.160211 -6.623039
 -1.357168 9.071950 -7.380201
 -1.344602 8.975958 -7.851133
 -1.332035 8.876042 -7.980997
 -1.319469 8.776907 -7.745598
 -1.306903 8.683058 -7.172263
 -1.294336 8.598291 -6.289149
 -1.281770 8.525830 -5.188625
 -1.269203 8.468354 -3.948985
 -1.256637 8.426896 -2.654290
 -1.244071 8.401510 -1.385496
 -1.231504 8.391639 -0.208789
 -1.218938 8.395725 0.818887
 -1.206372 8.411439 1.661947
 -1.193805 8.436590 2.302357
 -1.181239 8.468309 2.706986
 -1.168672 8.504059 2.924566
 -1.156106 8.541230 2.960819
 -1.143540 8.578039 2.827250
 -1.130973 8.612178 2.585660
 -1.118407 8.642605 2.255401
 -1.105841 8.668693 1.864768
 -1.093274 8.689603 1.462483
 -1.080708 8.705310 1.056632
 -1.068142 8.715975 0.659038
 -1.055575 8.721900 0.295673
 -1.043009 8.723508 -0.038371
 -1.030442 8.719668 -0.406369
 -1.017876 8.712529 -0.717408
 -1.005310 8.701622 -1.014131
 -0.992743 8.687750 -1.326276
 -0.980177 8.669610 -1.604621
 -0.967611 8.647704 -1.877265
 -0.955044 8.622885 -2.184865
 -0.942478 8.593521 -2.487195
 -0.929911 8.560162 -2.821873
 -0.917345 8.522329 -3.209785
 -0.904779 8.479302 -3.646781
 -0.892212 8.430494 -4.137812
 -0.879646 8.375410 -4.643985
 -0.867080 8.314003 -5.133702
 -0.854513 8.246900 -5.571423
 -0.841947 8.174993 -5.874752
 -0.829380 8.099994 -6.001905
 -0.816814 8.024802 -5.921456
 -0.804248 7.952040 -5.605832
 -0.791681 7.884471 -5.068468
 -0.779115 7.825259 -4.318177
 -0.766549 7.776320 -3.438131
 -0.753982 7.739391 -2.432320
 -0.741416 7.715303 -1.415694
 -0.728849 7.703406 -0.473379
 -0.716283 7.702603 0.314231
 -0.703717 7.710037 0.852165
 -0.691150 7.722413 1.070793
 -0.678584 7.734531 0.895059
 -0.666018 7.742605 0.341586
 -0.653451 7.741434 -0.595611
 -0.640885 7.726316 -1.848236
 -0.628319 7.693951 -3.323749
 -0.615752 7.642189 -4.907098
 -0.603186 7.570095 -6.465678
 -0.590619 7.479766 -7.882129
 -0.578053 7.373069 -9.026872
 -0.565487 7.253501 -9.891390
 -0.552920 7.125200 -10.445429
 -0.540354 6.991925 -10.705504
 -0.527788 6.856916 -10.718883
 -0.515221 6.723157 -10.528388
 -0.502655 6.592435 -10.203040
 -0.490088 6.466017 -9.812505
 -0.477522 6.345122 -9.380834
 -0.464956 6.228693 -8.989263
 -0.452389 6.117560 -8.632388
 -0.439823 6.011026 -8.361956
 -0.427257 5.907180 -8.167939
 -0.414690 5.804818 -8.096331
 -0.402124 5.702260 -8.165718
 -0.389557 5.598269 -8.366484
 -0.376991 5.491247 -8.689215
 -0.364425 5.379086 -9.142599
 -0.351858 5.260734 -9.695535
 -0.339292 5.134937 -10.315458
 -0.326726 5.000973 -10.966201
 -0.314159 4.859219 -11.574322
 -0.301593 4.710285 -12.088497
 -0.289027 4.555964 -12.432060
 -0.276460 4.398588 -12.556870
 -0.263894 4.241393 -12.415193
 -0.251327 4.087737 -11.982243
 -0.238761 3.941238 -11.263602
 -0.226195 3.805681 -10.261982
 -0.213628 3.684339 -9.011342
 -0.201062 3.580009 -7.562045
 -0.188496 3.494908 -5.955941
 -0.175929 3.430779 -4.258353
 -0.163363 3.388171 -2.513716
 -0.150796 3.367395 -0.790178
 -0.138230 3.367909 0.857853
 -0.125664 3.388350 2.379267
 -0.113097 3.426902 3.725371
 -0.100531 3.480987 4.855153
 -0.087965 3.547944 5.733616
 -0.075398 3.624179 6.353611
 -0.062832 3.706466 6.696987
 -0.050265 3.791338 6.767820
 -0.037699 3.875520 6.587899
 -0.025133 3.956063 6.185283
 -0.012566 4.030509 5.605878
 0.000000 4.096782 4.907312
 0.012566 4.153724 4.142926
 0.025133 4.200930 3.356746
 0.037699 4.238290 2.602910
 0.050265 4.266714 1.927443
 0.062832 4.287264 1.356844
 0.075398 4.301351 0.920469
 0.087965 4.311085 0.629408
 0.100531 4.318033 0.475013
 0.113097 4.323804 0.473497
 0.125664 4.331368 0.570349
 0.138230 4.340195 0.810235
 0.150796 4.352364 1.106804
 0.163363 4.368227 1.397666
 0.175929 4.387518 1.619004
 0.188496 4.408885 1.700707
 0.201062 4.427900 1.496842
 0.213628 4.444473 1.097146
 0.226195 4.454224 0.379442
 0.238761 4.452955 -0.638820
 0.251327 4.437237 -1.929747
 0.263894 4.403909 -3.428813
 0.276460 4.351035 -5.005867
 0.289027 4.278460 -6.562995
 0.301593 4.186952 -7.978820
 0.314159 4.079002 -9.179533
 0.326726 3.957597 -10.097125
 0.339292 3.826593 -10.716259
 0.351858 3.689836 -11.039706
 0.364425 3.550624 -11.070053
 0.376991 3.412635 -10.833670
 0.389557 3.279413 -10.338984
 0.402124 3.154027 -9.593953
 0.414690 3.039360 -8.612778
 0.427257 2.938595 -7.395029
 0.439823 2.854597 -5.956494
 0.452389 2.789977 -4.315591
 0.464956 2.746943 -2.507645
 0.477522 2.727603 -0.567143
 0.490088 2.733268 1.445771
 0.502655 2.764265 3.471325
 0.515221 2.820360 5.427715
 0.527788 2.900092 7.224955
 0.540354 2.998551 8.654167
 0.552920 3.114817 9.772444
 0.565487 3.241928 10.393629
 0.578053 3.373546 10.447600
 0.590619 3.501921 9.863627
 0.603186 3.618813 8.620546
 0.615752 3.715569 6.719434
 0.628319 3.785388 4.275692
 0.640885 3.821640 1.427086
 0.653451 3.820480 -1.668699
 0.666018 3.779753 -4.826695
 0.678584 3.699680 -7.869186
 0.691150 3.583450 -10.606038
 0.703717 3.435582 -12.881100
 0.716283 3.262615 -14.572971
 0.728849 3.072418 -15.607608
 0.741416 2.873408 -15.950619
 0.753982 2.673381 -15.658588
 0.766549 2.481949 -14.715493
 0.779115 2.305978 -13.226090
 0.791681 2.152469 -11.340076
 0.804248 2.024213 -9.029412
 0.816814 1.926621 -6.486897
 0.829380 1.861869 -3.813122
 0.841947 1.830906 -1.115336
 0.854513 1.833588 1.501353
 0.867080 1.867985 3.929024
 0.879646 1.931056 6.051369
 0.892212 2.018368 7.759515
 0.904779 2.123987 8.948322
 0.917345 2.240896 9.544868
 0.929911 2.361286 9.515907
 0.942478 2.477636 8.905906
 0.955044 2.583320 7.827093
 0.967611 2.673600 6.475824
 0.980177 2.746366 5.099153
 0.992743 2.802812 3.928080
 1.005310 2.847004 3.133321
 1.017876 2.884070 2.843223
 1.030442 2.920646 3.071688
 1.043009 2.963281 3.782137
 1.055575 3.017550 4.882699
 1.068142 3.087475 6.277082
 1.080708 3.176109 7.845221
 1.093274 3.285009 9.475795
 1.105841 3.414202 11.067042
 1.118407 3.562757 12.526945
 1.130973 3.732327 13.625746
 1.143540 3.910544 14.677637
 1.156106 4.100373 15.378282
 1.168672 4.296493 15.750737
 1.181239 4.494982 15.771740
 1.193805 4.691423 15.447050
 1.206372 4.882574 14.799228
 1.218938 5.063627 13.926210
 1.231504 5.232391 12.875222
 1.244071 5.386913 11.714793
 1.256637 5.526926 10.516390
 1.269203 5.652573 9.370964
 1.281770 5.764233 8.376858
 1.294336 5.864419 7.573020
 1.306903 5.955694 6.977510
 1.319469 6.040825 6.588054
 1.332035 6.122477 6.359462
 1.344602 6.205444 6.108126
 1.357168 6.283103 6.140205
 1.369734 6.360442 6.155291
 1.382301 6.438255 6.028681
 1.394867 6.513302 5.772401
 1.407434 6.583435 5.338601
 1.420000 6.646707 4.680648
 1.432566 6.701167 3.823824
 1.445133 6.743429 2.871826
 1.457699 6.773658 1.847789
 1.470265 6.791279 0.845105
 1.482832 6.796511 -0.012081
 1.495398 6.792184 -0.706721
 1.507964 6.780167 -1.178633
 1.520531 6.764114 -1.435583
 1.533097 6.745719 -1.454321
 1.545664 6.728371 -1.295020
 1.558230 6.714182 -0.979535
 1.570796 6.704478 -0.553089
 1.583363 6.700520 -0.058718
 1.595929 6.703060 0.455599
 1.608495 6.712161 0.955813
 1.621062 6.727874 1.386056
 1.633628 6.747988 1.782658
 1.646195 6.772547 2.080808
 1.658761 6.800018 2.255524
 1.671327 6.829088 2.315959
 1.683894 6.857967 2.260702
 1.696460 6.885511 2.077124
 1.709026 6.909969 1.790755
 1.721593 6.930285 1.415042
 1.734159 6.945544 0.985546
 1.746726 6.955213 0.528764
 1.759292 6.958912 0.086215
 1.771858 6.957356 -0.311142
 1.784425 6.951645 -0.632597
 1.796991 6.942338 -0.826642
 1.809557 6.931277 -0.903240
 1.822124 6.920050 -0.857626
 1.834690 6.910464 -0.711355
 1.847256 6.903386 -0.480541
 1.859823 6.899338 -0.166932
 1.872389 6.899432 0.163919
 1.884956 6.903493 0.489693
 1.897522 6.911158 0.750979
 1.910088 6.921630 0.934113
 1.922655 6.933845 0.993995
 1.935221 6.946552 0.921965
 1.947787 6.956319 0.712170
 1.960354 6.962618 0.329023
 1.972920 6.963528 -0.192669
 1.985487 6.956876 -0.867528
 1.998053 6.940626 -1.708607
 2.010619 6.913464 -2.703615
 2.023186 6.872731 -3.796289
 2.035752 6.817314 -5.008429
 2.048318 6.746161 -6.298653
 2.060885 6.658612 -7.641936
 2.073451 6.554069 -8.964151
 2.086018 6.433364 -10.203908
 2.098584 6.298022 -11.297384
 2.111150 6.150171 -12.155685
 2.123717 5.993429 -12.733678
 2.136283 5.830782 -13.008908
 2.148849 5.667121 -12.937979
 2.161416 5.506729 -12.539712
 2.173982 5.352657 -11.875163
 2.186548 5.208715 -10.976573
 2.199115 5.077094 -9.926065
 2.211681 4.959089 -8.810898
 2.224248 4.855295 -7.702613
 2.236814 4.765045 -6.681243
 2.249380 4.686633 -5.834802
 2.261947 4.617459 -5.208232
 2.274513 4.554157 -4.866851
 2.287079 4.493145 -4.826554
 2.299646 4.431168 -5.056211
 2.312212 4.356226 -5.895630
 2.324779 4.269906 -7.043367
 2.337345 4.173911 -8.244939
 2.349911 4.061697 -9.636585
 2.362478 3.930728 -11.191320
 2.375044 3.779618 -12.882055
 2.387610 3.606319 -14.718907
 2.400177 3.408976 -16.704187
 2.412743 3.185691 -18.812499
 2.425310 2.935491 -20.965106
 2.437876 2.658720 -23.031003
 2.450442 2.357617 -24.835498
 2.463009 2.036335 -26.208531
 2.475575 1.701341 -26.997576
 2.488141 1.360671 -27.107312
 2.500708 1.023084 -26.504814
 2.513274 0.697440 -25.215857
 2.525840 0.391962 -23.306871
 2.538407 0.113944 -20.869138
 2.550973 -0.130627 -17.994712
 2.563540 -0.336840 -14.776471
 2.576106 -0.500957 -11.302269
 2.588672 -0.620157 -7.645324
 2.601239 -0.692605 -3.871388
 2.613805 -0.717222 -0.040635
 2.626371 -0.693663 3.788545
 2.638938 -0.622224 7.565410
 2.651504 -0.503968 11.229605
 2.664071 -0.340849 14.710330
 2.676637 -0.135350 17.943452
 2.689203 0.108721 20.835322
 2.701770 0.386383 23.277668
 2.714336 0.691395 25.156077
 2.726902 1.015859 26.327474
 2.739469 1.349828 26.665247
 2.752035 1.682138 26.056029
 2.764602 2.000443 24.428068
 2.777168 2.292248 21.846465
 2.789734 2.546393 18.469576
 2.802301 2.754631 14.589266
 2.814867 2.912158 10.543866
 2.827433 3.020345 6.733483
 2.840000 3.083645 3.420046
 2.852566 3.109408 0.773865
 2.865133 3.106536 -1.164622
 2.877699 3.083764 -2.429534
 2.890265 3.048681 -3.092110
 2.902832 3.015076 -3.590007
 2.915398 2.974982 -3.412736
 2.927964 2.935949 -2.799003
 2.940531 2.905603 -2.043902
 2.953097 2.885541 -1.193504
 2.965663 2.876480 -0.252891
 2.978230 2.879583 0.736836
 2.990796 2.895443 1.762498
 3.003363 2.924559 2.821122
 3.015929 2.967318 3.927762
 3.028495 3.024255 5.099932
 3.041062 3.096204 6.356620
 3.053628 3.184569 7.698276
 3.066194 3.290451 9.145610
 3.078761 3.415229 10.703401
 3.091327 3.560278 12.366986
 3.103894 3.726820 14.123376
 3.116460 3.915895 15.944043
 3.129026 4.128072 17.792455
