#! FIELDS psi4 ffpsi4 dffpsi4_psi4
#! SET min_psi4 -pi
#! SET max_psi4 pi
#! SET nbins_psi4  100
#! SET periodic_psi4 true
 -3.141593 4.016049 18.347925
 -3.078761 5.423312 24.814846
 -3.015929 7.068420 27.410303
 -2.953097 8.594616 18.233349
 -2.890265 9.619256 18.092837
 -2.827433 11.040301 27.291220
 -2.764602 13.305850 46.703074
 -2.701770 16.520269 44.221739
 -2.638938 17.640364 -6.875972
 -2.576106 16.950899 -4.465743
 -2.513274 17.881780 36.147225
 -2.450442 21.176275 57.758145
 -2.387610 23.289564 11.054902
 -2.324779 23.684901 3.561069
 -2.261947 23.657998 -5.172527
 -2.199115 23.558347 7.067553
 -2.136283 24.200870 2.917690
 -2.073451 23.523238 -17.187939
 -2.010619 22.516964 -17.224328
 -1.947787 20.945238 -31.809064
 -1.884956 19.340280 -13.672576
 -1.822124 19.190778 4.715662
 -1.759292 19.651914 10.063034
 -1.696460 20.065939 -3.426912
 -1.633628 19.161296 -18.394994
 -1.570796 18.334588 -8.142030
 -1.507964 17.822258 -11.234705
 -1.445133 16.698173 -24.012206
 -1.382301 15.133875 -22.561168
 -1.319469 14.058981 -12.574732
 -1.256637 13.323074 -11.542851
 -1.193805 12.619596 -11.659644
 -1.130973 11.793511 -13.820637
 -1.068142 10.853803 -18.044276
 -1.005310 9.563405 -19.750381
 -0.942478 8.526219 -16.286305
 -0.879646 7.164355 -24.653542
 -0.816814 5.923010 -14.549981
 -0.753982 5.072360 -12.912867
 -0.691150 4.479179 -6.049748
 -0.628319 4.058091 -8.965930
 -0.565487 3.397737 -10.516046
 -0.502655 2.920309 -4.281990
 -0.439823 2.739533 -2.856781
 -0.376991 2.552679 -1.908824
 -0.314159 2.594067 2.676146
 -0.251327 2.793111 3.539827
 -0.188496 3.033691 3.410908
 -0.125664 3.177169 1.575821
 -0.062832 3.274952 1.584393
 0.000000 3.461036 4.843902
 0.062832 3.816700 5.874292
 0.125664 4.267647 8.881576
 0.188496 4.778181 5.127455
 0.251327 4.882547 0.049403
 0.314159 4.955182 2.132222
 0.376991 5.114897 2.913440
 0.439823 5.281766 1.637049
 0.502655 5.301108 -0.764565
 0.565487 5.199757 -2.468185
 0.628319 5.040863 -2.187867
 0.691150 4.933791 -1.160494
 0.753982 4.923809 0.407886
 0.816814 4.892451 -1.306660
 0.879646 4.854124 0.113373
 0.942478 4.856501 -0.122254
 1.005310 4.851502 -0.074293
 1.068142 4.917700 3.399400
 1.130973 5.378933 10.413158
 1.193805 5.965407 7.074744
 1.256637 6.382809 7.014130
 1.319469 6.804602 5.649165
 1.382301 7.078187 3.638032
 1.445133 7.353081 5.119318
 1.507964 7.697424 5.602299
 1.570796 8.027809 5.140620
 1.633628 8.412844 6.089422
 1.696460 8.510546 -3.590494
 1.759292 8.158476 -6.324072
 1.822124 7.797499 -4.909255
 1.884956 7.491205 -6.034904
 1.947787 6.878133 -13.384649
 2.010619 6.059256 -11.052459
 2.073451 5.456034 -9.370480
 2.136283 4.812832 -10.717121
 2.199115 4.211783 -8.127348
 2.261947 3.673677 -10.400263
 2.324779 2.874002 -14.078121
 2.387610 2.078053 -10.263712
 2.450442 1.591591 -6.011871
 2.513274 1.218734 -6.272808
 2.576106 0.826172 -5.701869
 2.638938 0.552905 -2.994607
 2.701770 0.425605 -1.188147
 2.764602 0.435966 1.899953
 2.827433 0.682374 5.682745
 2.890265 1.105537 7.519711
 2.953097 1.645421 9.866299
 3.015929 2.351887 12.263994
 3.078761 3.118132 11.904449
