#! FIELDS phi3 ffphi3 dffphi3_phi3
#! SET min_phi3 -pi
#! SET max_phi3 pi
#! SET nbins_phi3  100
#! SET periodic_phi3 true
 -3.141593 21.372531 -51.387537
 -3.078761 18.313880 -46.626424
 -3.015929 15.500627 -42.372002
 -2.953097 13.045939 -35.755840
 -2.890265 10.984654 -30.003502
 -2.827433 9.252564 -25.296717
 -2.764602 7.819211 -20.072632
 -2.701770 6.719731 -15.468059
 -2.638938 5.810583 -13.546944
 -2.576106 5.041507 -10.942888
 -2.513274 4.413397 -9.215239
 -2.450442 3.856965 -8.729259
 -2.387610 3.328530 -7.832523
 -2.324779 2.891413 -6.003547
 -2.261947 2.584296 -3.941529
 -2.199115 2.368019 -2.945386
 -2.136283 2.235442 -1.394219
 -2.073451 2.145164 -1.880772
 -2.010619 1.983334 -3.191336
 -1.947787 1.777680 -3.207480
 -1.884956 1.567341 -3.718833
 -1.822124 1.304030 -4.766238
 -1.759292 0.971427 -5.424915
 -1.696460 0.691628 -3.374666
 -1.633628 0.511506 -2.669596
 -1.570796 0.349503 -2.629219
 -1.507964 0.152678 -3.700907
 -1.445133 -0.078878 -3.290868
 -1.382301 -0.215051 -0.831587
 -1.319469 -0.174857 1.915406
 -1.256637 -0.004564 3.476159
 -1.193805 0.315932 7.187006
 -1.130973 0.926859 12.167228
 -1.068142 1.848038 17.177936
 -1.005310 3.071276 21.241320
 -0.942478 4.501524 24.440076
 -0.879646 6.196847 29.391265
 -0.816814 8.164574 32.640579
 -0.753982 10.292974 34.834516
 -0.691150 12.563744 37.369652
 -0.628319 15.073279 42.237424
 -0.565487 17.773605 41.716425
 -0.502655 20.308309 39.541888
 -0.439823 22.907549 42.575291
 -0.376991 25.579094 41.600868
 -0.314159 28.211835 41.648590
 -0.251327 30.751260 37.946504
 -0.188496 33.019676 34.214415
 -0.125664 35.082860 30.426349
 -0.062832 36.768461 22.380893
 0.000000 37.897236 13.261058
 0.062832 38.403770 2.426635
 0.125664 38.235278 -7.287537
 0.188496 37.534247 -15.234856
 0.251327 36.280812 -24.541929
 0.314159 34.533316 -30.465955
 0.376991 32.481080 -34.727115
 0.439823 30.234742 -36.043782
 0.502655 27.983630 -35.960732
 0.565487 25.679255 -37.223009
 0.628319 23.340956 -37.055440
 0.691150 21.073239 -34.424227
 0.753982 19.041394 -30.688000
 0.816814 17.209055 -26.921388
 0.879646 15.750379 -19.299453
 0.942478 14.766064 -12.155466
 1.005310 14.238107 -4.384049
 1.068142 14.236933 4.253979
 1.130973 14.763566 12.733891
 1.193805 15.890834 23.199909
 1.256637 17.633623 31.577002
 1.319469 19.840365 38.772559
 1.382301 22.582817 48.413947
 1.445133 25.909390 56.047157
 1.507964 29.580082 59.669722
 1.570796 33.524822 64.627475
 1.633628 37.735881 66.967442
 1.696460 42.029687 67.687160
 1.759292 46.371798 67.787513
 1.822124 50.606894 64.502216
 1.884956 54.626865 61.289306
 1.947787 58.381579 55.981788
 2.010619 61.774879 51.259549
 2.073451 64.839853 42.938168
 2.136283 67.175032 33.869736
 2.199115 69.275520 27.298866
 2.261947 69.875830 -8.377079
 2.324779 68.753134 -21.717346
 2.387610 67.384784 -24.895204
 2.450442 65.322109 -40.896048
 2.513274 62.331579 -53.076494
 2.576106 58.776131 -59.722044
 2.638938 54.831077 -65.604988
 2.701770 50.555332 -70.224292
 2.764602 46.061081 -72.204355
 2.827433 41.514942 -72.288068
 2.890265 37.018721 -70.318505
 2.953097 32.702956 -66.982309
 3.015929 28.619772 -62.791635
 3.078761 24.818054 -58.048926
