#! FIELDS phi2 ffphi2 dffphi2_phi2
#! SET min_phi2 -pi
#! SET max_phi2 pi
#! SET nbins_phi2  100
#! SET periodic_phi2 true
 -3.141593 15.392431 -6.029573
 -3.078761 16.126003 17.225901
 -3.015929 15.226828 -44.899871
 -2.953097 12.159413 -47.193766
 -2.890265 9.224604 -48.740443
 -2.827433 6.129056 -45.639961
 -2.764602 3.914796 -23.890756
 -2.701770 2.838699 -14.965033
 -2.638938 1.827608 -14.256226
 -2.576106 1.426944 1.373653
 -2.513274 1.415524 -7.273637
 -2.450442 0.749959 -8.023632
 -2.387610 0.625538 1.860711
 -2.324779 0.775598 3.478668
 -2.261947 1.121953 5.305183
 -2.199115 1.104869 -4.700800
 -2.136283 0.960795 1.622407
 -2.073451 1.232686 6.140604
 -2.010619 1.707221 8.690018
 -1.947787 2.218315 6.464455
 -1.884956 2.554630 5.717070
 -1.822124 2.958583 5.462707
 -1.759292 3.141292 0.727095
 -1.696460 3.066820 -3.220081
 -1.633628 2.778695 -6.820862
 -1.570796 2.006553 -16.404125
 -1.507964 1.181983 -8.027991
 -1.445133 0.938402 -0.679244
 -1.382301 0.959007 0.143992
 -1.319469 1.006111 2.536858
 -1.256637 1.231707 2.895540
 -1.193805 1.294737 -0.184873
 -1.130973 1.290002 0.861243
 -1.068142 1.641002 11.522745
 -1.005310 2.581931 15.876934
 -0.942478 3.582274 17.606816
 -0.879646 4.961044 25.787503
 -0.816814 6.614186 24.414161
 -0.753982 7.771522 10.610164
 -0.691150 8.083416 4.980255
 -0.628319 9.323683 39.227747
 -0.565487 13.132882 79.221662
 -0.502655 18.525033 82.087516
 -0.439823 21.735740 16.066254
 -0.376991 22.735604 22.244645
 -0.314159 24.393644 28.634211
 -0.251327 26.306505 22.931826
 -0.188496 25.067788 -47.256742
 -0.125664 23.257449 -4.797856
 -0.062832 23.428207 -12.129749
 0.000000 21.812653 -16.748986
 0.062832 22.550793 41.854999
 0.125664 26.966295 93.235284
 0.188496 30.830693 -7.537998
 0.251327 28.294865 -48.270408
 0.314159 26.283544 -12.667592
 0.376991 26.064843 -7.026526
 0.439823 24.767599 -27.326609
 0.502655 22.858436 -36.190403
 0.565487 20.625654 -27.826954
 0.628319 19.736913 -2.989972
 0.691150 19.500482 -8.328958
 0.753982 19.058329 -1.599881
 0.816814 19.303647 6.529587
 0.879646 19.639418 4.243096
 0.942478 19.911331 4.938651
 1.005310 20.416544 12.535650
 1.068142 21.529246 21.727373
 1.130973 22.915370 21.894882
 1.193805 24.682838 37.443729
 1.256637 27.350128 39.032809
 1.319469 29.159460 25.673780
 1.382301 31.662049 57.640324
 1.445133 36.308869 85.467889
 1.507964 42.116184 99.972158
 1.570796 49.475151 130.510803
 1.633628 56.877327 30.342781
 1.696460 57.181014 9.581466
 1.759292 58.889705 42.232269
 1.822124 61.856160 45.837472
 1.884956 64.656867 50.836369
 1.947787 69.006767 78.863410
 2.010619 69.109518 -55.050416
 2.073451 67.187456 -0.793158
 2.136283 69.107072 61.896444
 2.199115 74.965592 124.586046
 2.261947 84.763016 187.275647
 2.324779 inf nan
 2.387610 inf nan
 2.450442 inf nan
 2.513274 inf nan
 2.576106 inf nan
 2.638938 inf nan
 2.701770 51.108723 -220.077486
 2.764602 39.250298 -157.387902
 2.827433 31.330770 -94.698593
 2.890265 27.342774 -32.537002
 2.953097 26.640323 -12.895088
 3.015929 22.150343 -96.976056
 3.078761 17.301077 -54.565918
