#! FIELDS psi3 ffpsi3 dffpsi3_psi3
#! SET min_psi3 -pi
#! SET max_psi3 pi
#! SET nbins_psi3  100
#! SET periodic_psi3 true
 -3.141593 7.931056 20.387962
 -3.078761 9.308854 19.750580
 -3.015929 10.422052 18.316685
 -2.953097 11.796480 24.919437
 -2.890265 13.486728 27.628268
 -2.827433 14.962978 16.998412
 -2.764602 15.803784 13.050807
 -2.701770 16.905397 22.638726
 -2.638938 18.518256 25.281850
 -2.576106 19.749785 14.850443
 -2.513274 20.744686 17.841951
 -2.450442 21.939218 19.101740
 -2.387610 22.993019 13.285081
 -2.324779 23.656673 8.950221
 -2.261947 24.202920 8.227992
 -2.199115 24.656392 6.095031
 -2.136283 25.032756 6.344605
 -2.073451 25.456693 6.923915
 -2.010619 25.916714 7.924617
 -1.947787 26.484391 10.049851
 -1.884956 27.032943 4.956519
 -1.822124 26.908980 -8.743758
 -1.759292 26.220089 -9.646107
 -1.696460 25.969881 1.120857
 -1.633628 25.950261 -5.934200
 -1.570796 25.245208 -12.388090
 -1.507964 24.596310 -10.915982
 -1.445133 23.439828 -26.275088
 -1.382301 21.689598 -26.827630
 -1.319469 19.666815 -47.492792
 -1.256637 15.484814 -71.074107
 -1.193805 12.266551 -26.837738
 -1.130973 11.949530 7.722964
 -1.068142 11.580445 -18.170338
 -1.005310 10.874564 -4.906731
 -0.942478 9.792692 -32.574146
 -0.879646 8.112590 -11.214406
 -0.816814 8.554414 19.036475
 -0.753982 9.074960 -12.731156
 -0.691150 7.146115 -35.087663
 -0.628319 5.961245 -0.488021
 -0.565487 6.230951 -6.440915
 -0.502655 4.745590 -26.477408
 -0.439823 4.011711 3.081043
 -0.376991 4.354778 -1.348553
 -0.314159 3.287977 -31.872405
 -0.251327 1.228822 -23.232703
 -0.188496 1.047451 16.765740
 -0.125664 2.464235 15.832534
 -0.062832 1.674695 -43.668137
 0.000000 -1.562281 -43.870468
 0.062832 -2.855292 4.900875
 0.125664 -1.018792 50.214288
 0.188496 2.281235 37.406027
 0.251327 3.071261 1.353477
 0.314159 3.443862 5.822408
 0.376991 3.426677 -2.188337
 0.439823 3.668912 8.395566
 0.502655 3.916895 -2.195032
 0.565487 3.803403 2.091985
 0.628319 4.155166 6.558869
 0.691150 4.630295 10.723492
 0.753982 5.392487 9.285270
 0.816814 5.551354 -2.918786
 0.879646 5.357473 -0.309758
 0.942478 5.623613 6.238705
 1.005310 5.811083 0.276420
 1.068142 5.917692 3.669085
 1.130973 6.166925 3.531853
 1.193805 6.465577 7.484624
 1.256637 7.114405 10.787622
 1.319469 7.425420 -1.661599
 1.382301 7.243828 -1.537138
 1.445133 7.286122 1.749061
 1.507964 7.301267 -1.799420
 1.570796 7.142102 -2.512394
 1.633628 7.026126 -1.755799
 1.696460 6.739118 -7.361331
 1.759292 6.448031 0.004024
 1.822124 6.590458 2.397268
 1.884956 6.676860 -0.404677
 1.947787 6.372112 -8.098162
 2.010619 6.086213 0.464683
 2.073451 6.214221 1.226157
 2.136283 6.187371 -1.759616
 2.199115 5.971772 -5.703388
 2.261947 5.462968 -9.438074
 2.324779 4.957928 -5.816045
 2.387610 4.781905 -0.405333
 2.450442 4.562480 -9.695876
 2.513274 3.813970 -8.301702
 2.576106 3.970373 12.882419
 2.638938 4.860455 8.538634
 2.701770 4.884189 -3.308611
 2.764602 4.822393 1.919709
 2.827433 5.081531 4.918107
 2.890265 5.305541 3.286592
 2.953097 5.796977 13.258142
 3.015929 6.701849 11.438339
 3.078761 7.119766 5.812609
