#! FIELDS phi4 ffphi4 dffphi4_phi4
#! SET min_phi4 -pi
#! SET max_phi4 pi
#! SET nbins_phi4  100
#! SET periodic_phi4 true
 -3.141593 13.038419 -43.422814
 -3.078761 10.344706 -43.340414
 -3.015929 7.617582 -42.610569
 -2.953097 5.132333 -35.212575
 -2.890265 3.323408 -21.761550
 -2.827433 2.362598 -10.352128
 -2.764602 1.763758 -10.051447
 -2.701770 1.054788 -12.439543
 -2.638938 0.289542 -10.720573
 -2.576106 -0.131200 -1.471344
 -2.513274 0.141413 8.870950
 -2.450442 0.774689 10.462396
 -2.387610 1.348181 6.140952
 -2.324779 1.593862 4.361650
 -2.261947 2.028076 7.946430
 -2.199115 2.447546 5.034930
 -2.136283 2.715089 5.224981
 -2.073451 3.265112 10.965120
 -2.010619 3.707285 1.178560
 -1.947787 3.606505 -1.859282
 -1.884956 3.525550 -2.488767
 -1.822124 3.064582 -12.396941
 -1.759292 2.216945 -12.008439
 -1.696460 1.765299 -2.047848
 -1.633628 1.730953 -2.917318
 -1.570796 1.160154 -12.632295
 -1.507964 0.642543 -1.998053
 -1.445133 0.768510 3.489314
 -1.382301 0.876350 -0.896561
 -1.319469 0.730477 -1.027937
 -1.256637 1.109545 13.877851
 -1.193805 2.232979 18.570246
 -1.130973 3.255628 14.139462
 -1.068142 4.122080 14.481711
 -1.005310 5.209976 20.525347
 -0.942478 6.722611 27.272364
 -0.879646 8.564842 30.701666
 -0.816814 10.585463 33.245145
 -0.753982 12.681909 32.572793
 -0.691150 14.708251 32.608158
 -0.628319 16.907552 36.929135
 -0.565487 19.216571 35.318992
 -0.502655 21.425603 35.546831
 -0.439823 23.774440 39.020044
 -0.376991 26.271954 37.960080
 -0.314159 28.413461 31.837042
 -0.251327 30.605266 35.981577
 -0.188496 32.561590 27.927990
 -0.125664 34.630095 39.187875
 -0.062832 36.984973 14.415076
 0.000000 35.398685 -31.710276
 0.062832 35.117677 25.019712
 0.125664 38.033682 42.190557
 0.188496 36.303714 -52.184609
 0.251327 34.660380 0.001499
 0.314159 35.368131 7.612484
 0.376991 34.485376 -32.108634
 0.439823 32.492931 -24.216364
 0.502655 30.969382 -35.504637
 0.565487 27.980376 -51.001614
 0.628319 25.111622 -40.050164
 0.691150 22.779609 -35.771742
 0.753982 20.600848 -32.307952
 0.816814 18.843265 -23.814633
 0.879646 17.494415 -19.640707
 0.942478 16.439377 -13.138427
 1.005310 15.858719 -5.823280
 1.068142 15.692133 1.130013
 1.130973 16.098958 12.109139
 1.193805 17.171774 21.281220
 1.256637 18.730719 28.305584
 1.319469 20.717449 34.415888
 1.382301 23.125809 43.238628
 1.445133 26.244586 54.953399
 1.507964 30.076758 68.397585
 1.570796 35.324650 99.205396
 1.633628 43.104360 142.330271
 1.696460 inf nan
 1.759292 inf nan
 1.822124 inf nan
 1.884956 inf nan
 1.947787 inf nan
 2.010619 inf nan
 2.073451 inf nan
 2.136283 inf nan
 2.199115 inf nan
 2.261947 inf nan
 2.324779 inf nan
 2.387610 inf nan
 2.450442 inf nan
 2.513274 inf nan
 2.576106 66.356722 -244.542079
 2.638938 52.555397 -186.828609
 2.701770 42.552415 -132.170295
 2.764602 35.657974 -90.414200
 2.827433 30.766460 -67.643272
 2.890265 26.958462 -55.858778
 2.953097 23.361274 -60.080567
 3.015929 19.542209 -59.716273
 3.078761 16.006037 -51.978079
