#! FIELDS phi4 ffphi4 dffphi4_phi4
#! SET min_phi4 -pi
#! SET max_phi4 pi
#! SET nbins_phi4  100
#! SET periodic_phi4 true
 -3.141593 13.794458 -48.269726
 -3.078761 10.877727 -43.972197
 -3.015929 8.341089 -36.752421
 -2.953097 6.206661 -31.636587
 -2.890265 4.356779 -26.828041
 -2.827433 2.876041 -20.525480
 -2.764602 1.756371 -14.714881
 -2.701770 1.062913 -7.958512
 -2.638938 0.614299 -6.779283
 -2.576106 0.330382 -1.131414
 -2.513274 0.460770 4.310717
 -2.450442 0.780632 5.589423
 -2.387610 1.188544 7.538633
 -2.324779 1.683953 7.584718
 -2.261947 2.131874 6.781728
 -2.199115 2.542663 6.172369
 -2.136283 2.893143 4.700734
 -2.073451 3.098274 1.597884
 -2.010619 3.147082 0.460332
 -1.947787 3.131640 -1.675720
 -1.884956 2.922452 -4.363577
 -1.822124 2.672680 -3.637713
 -1.759292 2.404054 -5.101181
 -1.696460 2.032589 -6.821620
 -1.633628 1.615804 -5.516860
 -1.570796 1.342111 -4.615853
 -1.507964 0.894553 -8.658945
 -1.445133 0.518299 -2.161998
 -1.382301 0.596183 3.756606
 -1.319469 0.924548 6.744581
 -1.256637 1.444466 8.589476
 -1.193805 1.818756 4.035598
 -1.130973 2.301293 13.111432
 -1.068142 3.396204 20.094716
 -1.005310 4.762767 23.654040
 -0.942478 6.409805 28.832285
 -0.879646 8.326370 30.397332
 -0.816814 10.121522 27.472017
 -0.753982 11.984004 32.020013
 -0.691150 14.100418 34.840898
 -0.628319 16.401133 37.668441
 -0.565487 18.717017 35.147135
 -0.502655 20.941282 36.497043
 -0.439823 23.396279 40.841333
 -0.376991 25.963844 39.080899
 -0.314159 28.234919 33.048656
 -0.251327 30.278919 32.287527
 -0.188496 32.231270 28.143005
 -0.125664 33.777007 21.348876
 -0.062832 34.986805 17.047386
 0.000000 35.881934 10.095852
 0.062832 36.110347 -3.320963
 0.125664 35.497863 -15.590848
 0.188496 34.242715 -23.999075
 0.251327 32.489838 -32.055798
 0.314159 30.234719 -38.644636
 0.376991 27.717608 -41.938964
 0.439823 24.927892 -46.152838
 0.502655 22.082945 -42.831857
 0.565487 19.643426 -35.877040
 0.628319 17.280771 -40.534285
 0.691150 14.726996 -38.593281
 0.753982 12.539822 -31.242026
 0.816814 10.759589 -25.382535
 0.879646 9.392752 -18.203310
 0.942478 8.346542 -15.815748
 1.005310 7.569740 -6.847273
 1.068142 7.506815 3.312549
 1.130973 7.908333 10.379765
 1.193805 8.924935 22.028691
 1.256637 10.628557 31.679195
 1.319469 12.842658 37.686825
 1.382301 15.322238 41.563962
 1.445133 18.250042 52.035958
 1.507964 21.875875 61.490449
 1.570796 25.890862 64.637222
 1.633628 30.108258 68.135133
 1.696460 34.540838 69.547221
 1.759292 38.813748 63.535065
 1.822124 42.763778 60.701055
 1.884956 46.576597 58.429481
 1.947787 50.032626 49.560808
 2.010619 52.937245 42.131431
 2.073451 55.332633 32.413467
 2.136283 56.976374 19.403589
 2.199115 57.801634 6.091204
 2.261947 57.699268 -8.738581
 2.324779 56.781342 -20.861158
 2.387610 55.132001 -30.536524
 2.450442 52.940609 -40.162942
 2.513274 50.030248 -52.060215
 2.576106 46.544600 -57.182181
 2.638938 42.981414 -56.513675
 2.701770 39.281660 -61.609543
 2.764602 35.386154 -61.485815
 2.827433 31.537950 -60.926710
 2.890265 27.750689 -60.060011
 2.953097 23.949004 -60.271024
 3.015929 20.288917 -55.838702
 3.078761 16.924717 -51.469931
