#! FIELDS psi3 ffpsi3 dffpsi3_psi3
#! SET min_psi3 -pi
#! SET max_psi3 pi
#! SET nbins_psi3  100
#! SET periodic_psi3 true
 -3.141593 4.922867 15.802668
 -3.078761 6.070071 19.597557
 -3.015929 7.402194 22.374746
 -2.953097 8.730463 19.306966
 -2.890265 9.947844 20.021659
 -2.827433 11.248587 21.089607
 -2.764602 12.667971 24.699360
 -2.701770 14.364405 28.142531
 -2.638938 16.043425 24.282591
 -2.576106 17.526497 24.365779
 -2.513274 19.137892 24.961821
 -2.450442 20.509980 19.320995
 -2.387610 21.810755 22.997297
 -2.324779 23.318307 23.347745
 -2.261947 24.676510 19.284285
 -2.199115 25.594407 9.609428
 -2.136283 26.239166 13.481324
 -2.073451 27.083320 9.042793
 -2.010619 27.412343 6.179293
 -1.947787 28.244729 18.800376
 -1.884956 29.067719 3.665863
 -1.822124 29.083983 -1.301060
 -1.759292 28.871454 -3.492677
 -1.696460 28.746530 -3.827211
 -1.633628 28.131249 -13.692539
 -1.570796 27.311386 -11.796631
 -1.507964 26.633870 -10.007826
 -1.445133 25.931952 -14.143580
 -1.382301 24.896490 -16.449460
 -1.319469 23.943995 -15.430230
 -1.256637 22.768794 -22.416514
 -1.193805 21.279912 -22.967335
 -1.130973 19.947181 -20.561196
 -1.068142 18.576836 -23.116483
 -1.005310 17.098524 -23.480848
 -0.942478 15.640513 -23.047132
 -0.879646 14.204306 -22.741617
 -0.816814 12.725688 -24.783911
 -0.753982 11.133415 -24.776006
 -0.691150 9.724369 -19.908647
 -0.628319 8.578257 -17.563900
 -0.565487 7.407120 -19.448569
 -0.502655 6.289998 -15.256352
 -0.439823 5.411528 -14.215468
 -0.376991 4.467480 -14.577866
 -0.314159 3.705057 -10.012917
 -0.251327 3.088626 -10.021910
 -0.188496 2.516748 -7.276739
 -0.125664 2.239566 -1.849121
 -0.062832 2.173765 -0.882397
 0.000000 2.185754 2.090558
 0.062832 2.417674 4.115019
 0.125664 2.599382 1.494972
 0.188496 2.628040 -0.173464
 0.251327 2.702763 3.445883
 0.314159 3.001204 4.211004
 0.376991 3.093584 -1.003013
 0.439823 2.968245 -2.199458
 0.502655 2.926493 1.078797
 0.565487 3.019115 0.853397
 0.628319 2.949507 -3.532854
 0.691150 2.623785 -5.504500
 0.753982 2.400802 -1.408516
 0.816814 2.427030 1.980165
 0.879646 2.574728 1.826780
 0.942478 2.593554 -1.276575
 1.005310 2.506135 -0.053278
 1.068142 2.718608 6.215225
 1.130973 3.067828 3.912113
 1.193805 3.345397 5.881854
 1.256637 3.752596 6.774884
 1.319469 4.266523 9.115629
 1.382301 4.704647 4.002466
 1.445133 4.926129 4.946539
 1.507964 5.411773 9.587029
 1.570796 5.997788 8.377916
 1.633628 6.419699 5.031602
 1.696460 6.699266 4.086261
 1.759292 6.864717 0.268021
 1.822124 6.738533 -3.461196
 1.884956 6.545806 -2.163815
 1.947787 6.418709 -3.046958
 2.010619 6.111654 -6.006927
 2.073451 5.773526 -4.699972
 2.136283 5.422427 -7.389977
 2.199115 4.819551 -11.388234
 2.261947 4.112806 -10.039357
 2.324779 3.615635 -6.260908
 2.387610 3.209741 -7.150318
 2.450442 2.776361 -6.072628
 2.513274 2.445181 -4.785971
 2.576106 2.173652 -3.685415
 2.638938 1.968475 -3.335218
 2.701770 1.756111 -2.505177
 2.764602 1.791347 3.555730
 2.827433 2.044896 3.503770
 2.890265 2.282684 4.790889
 2.953097 2.688631 8.586099
 3.015929 3.433727 14.128565
 3.078761 4.183212 9.322298
