#! FIELDS psi3 ffpsi3 dffpsi3_psi3
#! SET min_psi3 -pi
#! SET max_psi3 pi
#! SET nbins_psi3  100
#! SET periodic_psi3 true
 -3.141593 9.096561 -8.451545
 -3.078761 9.393881 20.029652
 -3.015929 11.129195 20.480787
 -2.953097 10.540200 -26.665611
 -2.890265 9.751068 8.336504
 -2.827433 11.627229 45.540978
 -2.764602 14.271814 33.554890
 -2.701770 15.913606 15.836687
 -2.638938 16.687501 15.839698
 -2.576106 18.355715 34.624292
 -2.513274 20.230289 20.841546
 -2.450442 21.216079 11.817267
 -2.387610 21.554238 -2.305492
 -2.324779 21.030938 -10.607870
 -2.261947 20.846254 6.613045
 -2.199115 21.513741 9.956765
 -2.136283 22.051328 9.951875
 -2.073451 22.654049 5.330306
 -2.010619 22.854361 5.123660
 -1.947787 23.367810 9.856926
 -1.884956 24.106978 12.529665
 -1.822124 24.722760 7.692862
 -1.759292 25.164563 3.233387
 -1.696460 24.673400 -16.864312
 -1.633628 23.708980 -11.820787
 -1.570796 22.531493 -36.031597
 -1.507964 19.463207 -46.494391
 -1.445133 17.835766 -3.867878
 -1.382301 18.331545 7.155166
 -1.319469 17.734251 -20.742280
 -1.256637 16.295355 -25.250951
 -1.193805 14.454335 -34.629185
 -1.130973 12.360229 -24.595841
 -1.068142 11.661326 -4.004028
 -1.005310 10.772451 -22.493175
 -0.942478 9.732122 -7.833184
 -0.879646 9.566281 -2.632311
 -0.816814 8.892998 -17.127755
 -0.753982 7.310942 -46.971530
 -0.691150 2.796162 -73.408899
 -0.628319 -0.243059 -20.357950
 -0.565487 0.220901 32.429943
 -0.502655 2.672496 26.783841
 -0.439823 2.430301 -22.034595
 -0.376991 1.380321 -6.699715
 -0.314159 1.699780 15.015605
 -0.251327 2.864554 20.040778
 -0.188496 4.094951 15.367446
 -0.125664 4.534715 1.378255
 -0.062832 3.717323 -35.745558
 0.000000 1.290288 -26.731670
 0.062832 1.149706 23.324895
 0.125664 3.885147 54.600845
 0.188496 6.061671 7.204042
 0.251327 5.521065 -16.837646
 0.314159 4.704703 -7.703262
 0.376991 4.490387 2.397779
 0.439823 5.236151 19.015447
 0.502655 6.255485 11.499710
 0.565487 6.163310 -25.218921
 0.628319 3.725429 -34.861994
 0.691150 2.958666 12.681825
 0.753982 4.747510 27.886974
 0.816814 4.976052 -5.930608
 0.879646 5.517372 23.403213
 0.942478 7.140378 16.244512
 1.005310 6.053678 -46.712126
 1.068142 3.606267 -19.199079
 1.130973 4.106427 33.603472
 1.193805 6.311255 11.159359
 1.256637 5.486566 -17.699600
 1.319469 5.262483 14.157072
 1.382301 7.217097 41.982291
 1.445133 9.208812 13.119101
 1.507964 9.107028 -8.524932
 1.570796 8.942543 5.802475
 1.633628 9.176055 -14.279723
 1.696460 6.972395 -38.511842
 1.759292 5.600437 -2.489791
 1.822124 6.584024 29.488258
 1.884956 8.120127 9.767201
 1.947787 8.035536 -5.396041
 2.010619 7.952680 4.337446
 2.073451 8.447058 7.431532
 2.136283 8.240686 -15.303077
 2.199115 6.938932 -31.617355
 2.261947 2.902942 -81.574040
 2.324779 -0.936043 -34.213093
 2.387610 -1.235247 22.978608
 2.450442 0.735533 18.981336
 2.513274 1.097022 12.530855
 2.576106 3.300155 53.836372
 2.638938 6.099623 19.016771
 2.701770 5.465037 -33.429118
 2.764602 3.529724 -19.000136
 2.827433 3.535601 19.909426
 2.890265 5.893923 51.381910
 2.953097 9.149358 45.165632
 3.015929 10.900753 4.502534
 3.078761 10.097696 -20.617261
