#! FIELDS phi4 ffphi4 dffphi4_phi4
#! SET min_phi4 -pi
#! SET max_phi4 pi
#! SET nbins_phi4  100
#! SET periodic_phi4 true
 -3.141593 14.215875 -39.647159
 -3.078761 11.823176 -43.199873
 -3.015929 8.472328 -55.524102
 -2.953097 5.841333 -26.592612
 -2.890265 4.340506 -31.190419
 -2.827433 2.247638 -24.755550
 -2.764602 1.703667 4.163072
 -2.701770 2.092749 5.618240
 -2.638938 2.291716 -3.432736
 -2.576106 1.470842 -17.084124
 -2.513274 0.820535 -1.994263
 -2.450442 0.906678 0.115964
 -2.387610 0.839506 1.451560
 -2.324779 1.169638 7.222886
 -2.261947 1.844426 16.877350
 -2.199115 3.222299 21.913588
 -2.136283 3.951279 1.892645
 -2.073451 3.998492 1.087835
 -2.010619 4.082036 1.886130
 -1.947787 4.097639 -2.805463
 -1.884956 3.838815 -6.152259
 -1.822124 3.071755 -15.231972
 -1.759292 2.704321 6.358311
 -1.696460 3.312894 2.311775
 -1.633628 2.667085 -14.962991
 -1.570796 1.762927 -16.762335
 -1.507964 0.656148 -15.044964
 -1.445133 0.027934 -4.465843
 -1.382301 0.037904 -0.497522
 -1.319469 -0.777847 -20.261442
 -1.256637 -1.153700 14.561964
 -1.193805 1.089182 50.980287
 -1.130973 3.799875 27.669395
 -1.068142 5.182622 21.269415
 -1.005310 6.689756 25.264764
 -0.942478 8.106342 17.869406
 -0.879646 9.182156 21.260756
 -0.816814 11.082309 36.358671
 -0.753982 13.315472 34.711027
 -0.691150 15.584946 34.340819
 -0.628319 17.319498 23.480077
 -0.565487 19.180126 35.970818
 -0.502655 21.432247 34.221963
 -0.439823 23.806169 41.552458
 -0.376991 26.340889 35.138950
 -0.314159 28.372883 32.443891
 -0.251327 30.575543 34.578259
 -0.188496 32.422919 23.807873
 -0.125664 33.760542 19.378117
 -0.062832 34.831846 13.894075
 0.000000 35.547351 9.452701
 0.062832 35.983717 2.909467
 0.125664 35.656989 -14.756479
 0.188496 34.208011 -30.377371
 0.251327 32.104026 -33.265133
 0.314159 30.091753 -34.284907
 0.376991 27.331644 -52.001362
 0.439823 24.232053 -45.074972
 0.502655 21.333671 -46.112399
 0.565487 19.136584 -20.945016
 0.628319 18.178575 -19.375958
 0.691150 16.218186 -36.564777
 0.753982 14.295518 -24.084256
 0.816814 12.705338 -32.157902
 0.879646 10.144184 -44.172862
 0.942478 7.943552 -22.098459
 1.005310 7.403985 3.216209
 1.068142 8.185441 20.588904
 1.130973 9.595927 19.545756
 1.193805 10.610999 17.361543
 1.256637 12.035519 24.193167
 1.319469 13.089849 11.071859
 1.382301 14.384722 36.615757
 1.445133 17.990064 74.998736
 1.507964 22.817753 71.273641
 1.570796 27.546074 80.597560
 1.633628 32.945379 79.528645
 1.696460 36.046326 22.694817
 1.759292 38.078304 48.851346
 1.822124 42.020302 66.823784
 1.884956 45.503827 45.322040
 1.947787 48.926303 68.447638
 2.010619 54.593424 113.529529
 2.073451 63.735120 164.221338
 2.136283 inf nan
 2.199115 inf nan
 2.261947 inf nan
 2.324779 inf nan
 2.387610 68.706543 -194.057595
 2.450442 58.308049 -137.400212
 2.513274 51.234836 -89.936821
 2.576106 46.577186 -62.985758
 2.638938 42.771419 -59.640962
 2.701770 39.224207 -52.765807
 2.764602 35.700618 -65.550203
 2.827433 31.063066 -73.734808
 2.890265 27.097966 -52.684080
 2.953097 24.007464 -49.810362
 3.015929 20.606930 -57.365363
 3.078761 17.107703 -51.958247
