#! FIELDS phi2 hhphi2 dhhphi2_phi2
#! SET min_phi2 -pi
#! SET max_phi2 pi
#! SET nbins_phi2  500
#! SET periodic_phi2 true
 -3.141593 0.007036 0.209066
 -3.129026 0.009060 0.095379
 -3.116460 0.009181 -0.076130
 -3.103894 0.007402 -0.189204
 -3.091327 0.004915 -0.189279
 -3.078761 0.002937 -0.120307
 -3.066194 0.001895 -0.048765
 -3.053628 0.001604 -0.002015
 -3.041062 0.001760 0.024537
 -3.028495 0.002200 0.046626
 -3.015929 0.003019 0.090664
 -3.003363 0.004729 0.195040
 -2.990796 0.008306 0.388764
 -2.978230 0.014693 0.623532
 -2.965663 0.023414 0.722362
 -2.953097 0.031430 0.491462
 -2.940531 0.034510 -0.027837
 -2.927964 0.030887 -0.511032
 -2.915398 0.023110 -0.661757
 -2.902832 0.015650 -0.487044
 -2.890265 0.011331 -0.199798
 -2.877699 0.010369 0.030429
 -2.865133 0.011675 0.162455
 -2.852566 0.014158 0.223290
 -2.840000 0.017107 0.242505
 -2.827433 0.020153 0.242609
 -2.814867 0.023428 0.300535
 -2.802301 0.028733 0.604756
 -2.789734 0.040534 1.353978
 -2.777168 0.064384 2.474370
 -2.764602 0.102253 3.475956
 -2.752035 0.148354 3.675482
 -2.739469 0.189228 2.607617
 -2.726902 0.209166 0.443396
 -2.714336 0.199893 -1.825552
 -2.701770 0.168019 -2.997543
 -2.689203 0.130759 -2.727952
 -2.676637 0.102751 -1.672774
 -2.664071 0.088942 -0.538881
 -2.651504 0.089112 0.583536
 -2.638938 0.104510 1.909606
 -2.626371 0.137568 3.334054
 -2.613805 0.186637 4.370605
 -2.601239 0.243787 4.560247
 -2.588672 0.296586 3.636789
 -2.576106 0.329650 1.409444
 -2.563540 0.327813 -1.775987
 -2.550973 0.286627 -4.563418
 -2.538407 0.221457 -5.408067
 -2.525840 0.160082 -4.073830
 -2.513274 0.122609 -1.902134
 -2.500708 0.108905 -0.485634
 -2.488141 0.105025 -0.300289
 -2.475575 0.099272 -0.604718
 -2.463009 0.091873 -0.419645
 -2.450442 0.092593 0.704054
 -2.437876 0.113565 2.781434
 -2.425310 0.165296 5.509519
 -2.412743 0.250712 7.880271
 -2.400177 0.353399 7.886601
 -2.387610 0.432208 4.016092
 -2.375044 0.443457 -2.347893
 -2.362478 0.379002 -7.372568
 -2.349911 0.275332 -8.426140
 -2.337345 0.181483 -6.124253
 -2.324779 0.126703 -2.517237
 -2.312212 0.118488 1.186220
 -2.299646 0.154777 4.447565
 -2.287079 0.223327 6.031053
 -2.274513 0.292277 4.353836
 -2.261947 0.320304 -0.140904
 -2.249380 0.290871 -4.131912
 -2.236814 0.231652 -4.636245
 -2.224248 0.186811 -2.263020
 -2.211681 0.173271 -0.201204
 -2.199115 0.171461 -0.479279
 -2.186548 0.155344 -2.109586
 -2.173982 0.123022 -2.692329
 -2.161416 0.097732 -0.911224
 -2.148849 0.107298 2.596885
 -2.136283 0.162345 5.935283
 -2.123717 0.245990 6.817964
 -2.111150 0.318999 4.289643
 -2.098584 0.345912 -0.077821
 -2.086018 0.320777 -3.611086
 -2.073451 0.263856 -5.126973
 -2.060885 0.198045 -5.177980
 -2.048318 0.136919 -4.442098
 -2.035752 0.089030 -3.085242
 -2.023186 0.060925 -1.374569
 -2.010619 0.053318 0.064805
 -1.998053 0.059178 0.732811
 -1.985487 0.068514 0.663849
 -1.972920 0.074561 0.283267
 -1.960354 0.075765 -0.067978
 -1.947787 0.073555 -0.246620
 -1.935221 0.070461 -0.213601
 -1.922655 0.068575 -0.093863
 -1.910088 0.067360 -0.142496
 -1.897522 0.064114 -0.386967
 -1.884956 0.058109 -0.519767
 -1.872389 0.052419 -0.338338
 -1.859823 0.050122 -0.036822
 -1.847256 0.050701 0.089153
 -1.834690 0.051607 0.046958
 -1.822124 0.052310 0.103282
 -1.809557 0.055247 0.394283
 -1.796991 0.062201 0.674320
 -1.784425 0.070376 0.539262
 -1.771858 0.074023 0.017327
 -1.759292 0.072002 -0.214620
 -1.746726 0.073232 0.625267
 -1.734159 0.092329 2.522704
 -1.721593 0.135865 4.214577
 -1.709026 0.189583 3.884319
 -1.696460 0.222429 1.007093
 -1.683894 0.211782 -2.582472
 -1.671327 0.165634 -4.307744
 -1.658761 0.114884 -3.395994
 -1.646195 0.085997 -1.132790
 -1.633628 0.085023 0.829170
 -1.621062 0.102292 1.746687
 -1.608495 0.126284 2.069598
 -1.595929 0.157537 3.157299
 -1.583363 0.213457 6.038100
 -1.570796 0.312492 9.605748
 -1.558230 0.444151 10.641513
 -1.545664 0.558914 6.809681
 -1.533097 0.601316 -0.242983
 -1.520531 0.559036 -5.861060
 -1.507964 0.474505 -6.744396
 -1.495398 0.406264 -3.722588
 -1.482832 0.382917 -0.184093
 -1.470265 0.392985 1.380931
 -1.457699 0.408561 0.827104
 -1.445133 0.409552 -0.744906
 -1.432566 0.389429 -2.424841
 -1.420000 0.349957 -3.746034
 -1.407434 0.298441 -4.269880
 -1.394867 0.248074 -3.512254
 -1.382301 0.215737 -1.448355
 -1.369734 0.215381 1.479557
 -1.357168 0.254202 4.730065
 -1.344602 0.334378 8.050895
 -1.332035 0.458347 11.849936
 -1.319469 0.639374 17.341132
 -1.306903 0.900726 24.209454
 -1.294336 1.230714 26.867754
 -1.281770 1.523425 17.303846
 -1.269203 1.614928 -3.857503
 -1.256637 1.432106 -23.698376
 -1.244071 1.078722 -29.874352
 -1.231504 0.737742 -22.871049
 -1.218938 0.522002 -11.379842
 -1.206372 0.447263 -0.707888
 -1.193805 0.504314 9.854207
 -1.181239 0.697457 20.802055
 -1.168672 1.018447 29.822386
 -1.156106 1.445135 38.924126
 -1.143540 2.052638 61.367933
 -1.130973 3.085209 105.761576
 -1.118407 4.691459 144.261301
 -1.105841 6.441644 119.865358
 -1.093274 7.348573 13.873559
 -1.080708 6.705907 -111.383743
 -1.068142 4.831756 -171.829510
 -1.055575 2.747922 -148.657629
 -1.043009 1.251122 -88.112860
 -1.030442 0.484471 -37.779150
 -1.017876 0.196996 -11.694029
 -1.005310 0.119370 -2.578468
 -0.992743 0.101806 -0.865468
 -0.980177 0.089403 -1.045663
 -0.967611 0.074443 -1.229553
 -0.955044 0.060530 -0.936757
 -0.942478 0.051015 -0.605668
 -0.929911 0.044199 -0.525186
 -0.917345 0.036962 -0.640844
 -0.904779 0.028235 -0.724738
 -0.892212 0.019466 -0.635731
 -0.879646 0.012707 -0.429490
 -0.867080 0.008646 -0.225992
 -0.854513 0.006705 -0.095491
 -0.841947 0.005979 -0.026535
 -0.829380 0.005915 0.013792
 -0.816814 0.006255 0.038197
 -0.804248 0.006742 0.033475
 -0.791681 0.006942 -0.006931
 -0.779115 0.006485 -0.066014
 -0.766549 0.005356 -0.108048
 -0.753982 0.003935 -0.111553
 -0.741416 0.002677 -0.085558
 -0.728849 0.001812 -0.052643
 -0.716283 0.001322 -0.026798
 -0.703717 0.001101 -0.009351
 -0.691150 0.001073 0.005017
 -0.678584 0.001232 0.020330
 -0.666018 0.001569 0.031813
 -0.653451 0.001958 0.026365
 -0.640885 0.002138 -0.000557
 -0.628319 0.001920 -0.033043
 -0.615752 0.001381 -0.048641
 -0.603186 0.000794 -0.041758
 -0.590619 0.000374 -0.024596
 -0.578053 0.000165 -0.009785
 -0.565487 0.000102 -0.001221
 -0.552920 0.000113 0.002431
 -0.540354 0.000149 0.002781
 -0.527788 0.000174 0.000965
 -0.515221 0.000170 -0.001619
 -0.502655 0.000137 -0.003351
 -0.490088 0.000092 -0.003515
 -0.477522 0.000053 -0.002527
 -0.464956 0.000029 -0.001307
 -0.452389 0.000019 -0.000419
 -0.439823 0.000018 0.000216
 -0.427257 0.000025 0.001044
 -0.414690 0.000046 0.002273
 -0.402124 0.000082 0.003315
 -0.389557 0.000123 0.002962
 -0.376991 0.000148 0.000764
 -0.364425 0.000140 -0.002015
 -0.351858 0.000103 -0.003507
 -0.339292 0.000060 -0.003164
 -0.326726 0.000027 -0.001926
 -0.314159 0.000010 -0.000857
 -0.301593 0.000004 -0.000300
 -0.289027 0.000001 -0.000094
 -0.276460 0.000001 -0.000031
 -0.263894 0.000000 -0.000008
 -0.251327 0.000000 0.000001
 -0.238761 0.000000 0.000005
 -0.226195 0.000000 0.000003
 -0.213628 0.000001 -0.000002
 -0.201062 0.000000 -0.000005
 -0.188496 0.000000 0.000000
 -0.175929 0.000000 0.000014
 -0.163363 0.000001 0.000032
 -0.150796 0.000001 0.000042
 -0.138230 0.000002 0.000038
 -0.125664 0.000002 0.000022
 -0.113097 0.000002 0.000007
 -0.100531 0.000002 0.000003
 -0.087965 0.000002 0.000009
 -0.075398 0.000003 0.000012
 -0.062832 0.000003 0.000001
 -0.050265 0.000003 -0.000017
 -0.037699 0.000002 -0.000017
 -0.025133 0.000002 0.000009
 -0.012566 0.000003 0.000038
 0.000000 0.000003 0.000037
 0.012566 0.000003 0.000004
 0.025133 0.000003 -0.000030
 0.037699 0.000003 -0.000041
 0.050265 0.000002 -0.000034
 0.062832 0.000002 -0.000028
 0.075398 0.000002 -0.000027
 0.087965 0.000001 -0.000021
 0.100531 0.000001 -0.000006
 0.113097 0.000001 0.000018
 0.125664 0.000002 0.000048
 0.138230 0.000002 0.000077
 0.150796 0.000003 0.000081
 0.163363 0.000004 0.000043
 0.175929 0.000004 -0.000018
 0.188496 0.000004 -0.000060
 0.201062 0.000003 -0.000062
 0.213628 0.000002 -0.000046
 0.226195 0.000002 -0.000037
 0.238761 0.000001 -0.000029
 0.251327 0.000001 -0.000011
 0.263894 0.000001 0.000020
 0.276460 0.000002 0.000049
 0.289027 0.000002 0.000059
 0.301593 0.000003 0.000061
 0.314159 0.000004 0.000116
 0.326726 0.000007 0.000324
 0.339292 0.000013 0.000733
 0.351858 0.000025 0.001177
 0.364425 0.000041 0.001254
 0.376991 0.000054 0.000675
 0.389557 0.000056 -0.000284
 0.402124 0.000048 -0.000890
 0.414690 0.000039 -0.000407
 0.427257 0.000045 0.001763
 0.439823 0.000092 0.006107
 0.452389 0.000205 0.011872
 0.464956 0.000382 0.015470
 0.477522 0.000565 0.012245
 0.490088 0.000661 0.002579
 0.502655 0.000640 -0.004615
 0.515221 0.000609 0.003134
 0.527788 0.000819 0.034709
 0.540354 0.001587 0.091187
 0.552920 0.003169 0.160842
 0.565487 0.005562 0.213840
 0.578053 0.008302 0.209650
 0.590619 0.010485 0.124676
 0.603186 0.011186 -0.018082
 0.615752 0.010067 -0.152283
 0.628319 0.007670 -0.213993
 0.640885 0.005063 -0.188279
 0.653451 0.003160 -0.110096
 0.666018 0.002318 -0.025890
 0.678584 0.002416 0.036786
 0.691150 0.003111 0.068319
 0.703717 0.003998 0.068513
 0.716283 0.004768 0.054333
 0.728849 0.005453 0.061409
 0.741416 0.006509 0.114246
 0.753982 0.008449 0.195845
 0.766549 0.011360 0.260870
 0.779115 0.014786 0.274417
 0.791681 0.018012 0.230323
 0.804248 0.020412 0.148232
 0.816814 0.021751 0.069462
 0.829380 0.022352 0.035447
 0.841947 0.022870 0.054692
 0.854513 0.023880 0.111220
 0.867080 0.025817 0.204891
 0.879646 0.029259 0.352117
 0.892212 0.034740 0.513950
 0.904779 0.041682 0.555440
 0.917345 0.047597 0.341169
 0.929911 0.049504 -0.040201
 0.942478 0.047516 -0.197472
 0.955044 0.047285 0.282886
 0.967611 0.057077 1.320875
 0.980177 0.079482 2.112358
 0.992743 0.104959 1.695212
 1.005310 0.116641 0.025649
 1.017876 0.105138 -1.751058
 1.030442 0.077433 -2.422063
 1.043009 0.049795 -1.799936
 1.055575 0.035081 -0.484884
 1.068142 0.037783 0.875524
 1.080708 0.054883 1.708780
 1.093274 0.076259 1.494018
 1.105841 0.087945 0.241682
 1.118407 0.081437 -1.217331
 1.130973 0.060614 -1.923147
 1.143540 0.037301 -1.651667
 1.156106 0.021242 -0.868276
 1.168672 0.015446 -0.082315
 1.181239 0.018059 0.441331
 1.193805 0.024873 0.570489
 1.206372 0.030611 0.288218
 1.218938 0.031141 -0.208856
 1.231504 0.025909 -0.578173
 1.244071 0.017968 -0.633257
 1.256637 0.010962 -0.460703
 1.269203 0.006502 -0.257303
 1.281770 0.004143 -0.133395
 1.294336 0.002844 -0.081234
 1.306903 0.001996 -0.055186
 1.319469 0.001439 -0.033716
 1.332035 0.001111 -0.019749
 1.344602 0.000898 -0.015221
 1.357168 0.000708 -0.015193
 1.369734 0.000519 -0.014686
 1.382301 0.000347 -0.012318
 1.394867 0.000212 -0.008994
 1.407434 0.000121 -0.005470
 1.420000 0.000071 -0.002682
 1.432566 0.000048 -0.001124
 1.445133 0.000038 -0.000643
 1.457699 0.000030 -0.000674
 1.470265 0.000021 -0.000707
 1.482832 0.000013 -0.000553
 1.495398 0.000008 -0.000293
 1.507964 0.000006 -0.000038
 1.520531 0.000006 0.000129
 1.533097 0.000008 0.000153
 1.545664 0.000010 0.000033
 1.558230 0.000009 -0.000132
 1.570796 0.000007 -0.000222
 1.583363 0.000004 -0.000200
 1.595929 0.000002 -0.000122
 1.608495 0.000001 -0.000055
 1.621062 0.000000 -0.000020
 1.633628 0.000000 -0.000007
 1.646195 0.000000 -0.000003
 1.658761 0.000000 -0.000002
 1.671327 0.000000 -0.000001
 1.683894 0.000000 -0.000000
 1.696460 0.000000 -0.000000
 1.709026 0.000000 -0.000000
 1.721593 0.000000 -0.000000
 1.734159 0.000000 -0.000000
 1.746726 0.000000 0.000000
 1.759292 0.000000 0.000000
 1.771858 0.000000 0.000000
 1.784425 0.000000 0.000000
 1.796991 0.000000 -0.000000
 1.809557 0.000000 -0.000000
 1.822124 0.000000 -0.000000
 1.834690 0.000000 -0.000000
 1.847256 0.000000 -0.000000
 1.859823 0.000000 -0.000000
 1.872389 0.000000 -0.000000
 1.884956 0.000000 -0.000000
 1.897522 0.000000 -0.000000
 1.910088 0.000000 -0.000000
 1.922655 0.000000 -0.000000
 1.935221 0.000000 -0.000000
 1.947787 0.000000 -0.000000
 1.960354 0.000000 -0.000000
 1.972920 0.000000 -0.000000
 1.985487 0.000000 -0.000000
 1.998053 0.000000 -0.000000
 2.010619 0.000000 -0.000000
 2.023186 0.000000 -0.000000
 2.035752 0.000000 -0.000000
 2.048318 0.000000 -0.000000
 2.060885 0.000000 -0.000000
 2.073451 0.000000 -0.000000
 2.086018 0.000000 -0.000000
 2.098584 0.000000 -0.000000
 2.111150 0.000000 -0.000000
 2.123717 0.000000 0.000000
 2.136283 0.000000 0.000000
 2.148849 0.000000 -0.000000
 2.161416 0.000000 -0.000000
 2.173982 0.000000 -0.000000
 2.186548 0.000000 -0.000000
 2.199115 0.000000 -0.000000
 2.211681 0.000000 -0.000000
 2.224248 0.000000 -0.000000
 2.236814 0.000000 -0.000000
 2.249380 0.000000 -0.000000
 2.261947 0.000000 -0.000000
 2.274513 0.000000 -0.000000
 2.287079 0.000000 -0.000000
 2.299646 0.000000 -0.000000
 2.312212 0.000000 0.000000
 2.324779 0.000000 0.000000
 2.337345 0.000000 0.000000
 2.349911 0.000000 0.000000
 2.362478 0.000000 0.000000
 2.375044 0.000000 0.000000
 2.387610 0.000000 0.000000
 2.400177 0.000000 0.000000
 2.412743 0.000000 0.000000
 2.425310 0.000000 0.000000
 2.437876 0.000000 0.000000
 2.450442 0.000000 0.000000
 2.463009 0.000000 0.000000
 2.475575 0.000000 0.000000
 2.488141 0.000000 0.000000
 2.500708 0.000000 0.000000
 2.513274 0.000000 0.000000
 2.525840 0.000000 -0.000000
 2.538407 0.000000 -0.000000
 2.550973 0.000000 -0.000000
 2.563540 0.000000 0.000000
 2.576106 0.000000 0.000000
 2.588672 0.000000 0.000000
 2.601239 0.000000 0.000000
 2.613805 0.000000 0.000001
 2.626371 0.000000 0.000001
 2.638938 0.000000 0.000002
 2.651504 0.000000 0.000002
 2.664071 0.000000 0.000001
 2.676637 0.000000 -0.000001
 2.689203 0.000000 -0.000002
 2.701770 0.000000 -0.000002
 2.714336 0.000000 -0.000001
 2.726902 0.000000 -0.000001
 2.739469 0.000000 -0.000000
 2.752035 0.000000 -0.000000
 2.764602 0.000000 0.000000
 2.777168 0.000000 0.000001
 2.789734 0.000000 0.000003
 2.802301 0.000000 0.000010
 2.814867 0.000000 0.000024
 2.827433 0.000001 0.000046
 2.840000 0.000001 0.000061
 2.852566 0.000002 0.000052
 2.865133 0.000003 0.000025
 2.877699 0.000003 0.000028
 2.890265 0.000004 0.000129
 2.902832 0.000007 0.000368
 2.915398 0.000013 0.000703
 2.927964 0.000024 0.000970
 2.940531 0.000037 0.000934
 2.953097 0.000046 0.000490
 2.965663 0.000048 -0.000136
 2.978230 0.000043 -0.000537
 2.990796 0.000036 -0.000570
 3.003363 0.000030 -0.000471
 3.015929 0.000024 -0.000459
 3.028495 0.000018 -0.000450
 3.041062 0.000014 -0.000216
 3.053628 0.000015 0.000558
 3.066194 0.000032 0.002517
 3.078761 0.000094 0.008277
 3.091327 0.000287 0.025286
 3.103894 0.000832 0.066590
 3.116460 0.002091 0.137810
 3.129026 0.004300 0.208614
