#! FIELDS psi3 ffpsi3 dffpsi3_psi3
#! SET min_psi3 -pi
#! SET max_psi3 pi
#! SET nbins_psi3  100
#! SET periodic_psi3 true
 -3.141593 8.607995 15.075915
 -3.078761 9.612038 17.082866
 -3.015929 10.762606 18.919111
 -2.953097 11.969865 20.294008
 -2.890265 13.491695 28.646019
 -2.827433 15.408544 28.545021
 -2.764602 16.642986 10.989845
 -2.701770 17.439920 18.664470
 -2.638938 18.934119 24.994333
 -2.576106 20.381324 21.168322
 -2.513274 21.396382 9.507031
 -2.450442 21.626417 -2.388291
 -2.387610 21.416955 1.441830
 -2.324779 22.121566 16.766454
 -2.261947 22.657127 -1.385525
 -2.199115 22.371918 -5.494374
 -2.136283 21.976660 -7.088227
 -2.073451 21.658761 -1.843409
 -2.010619 21.534474 -5.568244
 -1.947787 21.058086 -4.650930
 -1.884956 21.173971 4.673906
 -1.822124 21.171447 -3.936469
 -1.759292 21.046329 1.186725
 -1.696460 21.059000 -4.875224
 -1.633628 20.338284 -14.799228
 -1.570796 19.580718 -7.960439
 -1.507964 19.303033 -3.157053
 -1.445133 18.866886 -10.495789
 -1.382301 18.224341 -10.383142
 -1.319469 17.225627 -22.214505
 -1.256637 15.726422 -23.323187
 -1.193805 14.351335 -20.943972
 -1.130973 12.999409 -22.902828
 -1.068142 11.468438 -24.757390
 -1.005310 10.051598 -19.888426
 -0.942478 8.865275 -19.311901
 -0.879646 7.559883 -21.287297
 -0.816814 6.354400 -16.732299
 -0.753982 5.371132 -15.275842
 -0.691150 4.428747 -14.692224
 -0.628319 3.498616 -14.914686
 -0.565487 2.599454 -13.424281
 -0.502655 1.827941 -10.986961
 -0.439823 1.233167 -8.144411
 -0.376991 0.759802 -7.060563
 -0.314159 0.370513 -5.220090
 -0.251327 0.099577 -3.387859
 -0.188496 -0.027380 -0.482230
 -0.125664 0.033314 2.158628
 -0.062832 0.222792 3.685737
 0.000000 0.481738 4.570517
 0.062832 0.824826 6.283829
 0.125664 1.223943 6.009653
 0.188496 1.586193 5.693990
 0.251327 1.971131 6.720598
 0.314159 2.429818 7.476690
 0.376991 2.875071 6.609327
 0.439823 3.281443 6.377142
 0.502655 3.670572 5.775972
 0.565487 4.010371 5.217758
 0.628319 4.353124 5.714146
 0.691150 4.721833 5.601665
 0.753982 5.008123 3.552558
 0.816814 5.243277 4.271227
 0.879646 5.535472 4.794736
 0.942478 5.847584 5.081198
 1.005310 6.151754 4.314672
 1.068142 6.404364 4.045373
 1.130973 6.649786 2.898049
 1.193805 6.717464 -0.075620
 1.256637 6.783595 2.832759
 1.319469 7.041652 4.209244
 1.382301 7.218457 1.666249
 1.445133 7.313767 1.229980
 1.507964 7.343852 0.017643
 1.570796 7.376845 0.743769
 1.633628 7.371114 -1.046579
 1.696460 7.250226 -2.863752
 1.759292 7.076254 -1.993608
 1.822124 7.002872 -0.701362
 1.884956 6.968257 -0.974927
 1.947787 6.767703 -5.712645
 2.010619 6.382941 -5.000054
 2.073451 6.217740 -0.779226
 2.136283 6.187064 -0.931160
 2.199115 6.042473 -3.632170
 2.261947 5.797967 -3.755070
 2.324779 5.575320 -3.511788
 2.387610 5.355414 -3.332599
 2.450442 5.184031 -2.091839
 2.513274 5.079214 -1.479715
 2.576106 4.974460 -1.935565
 2.638938 4.872337 -0.903989
 2.701770 4.881477 1.061171
 2.764602 5.013567 3.354405
 2.827433 5.306072 5.557228
 2.890265 5.683720 6.585745
 2.953097 6.184994 9.653909
 3.015929 6.890815 12.308654
 3.078761 7.703252 13.564750
