#! FIELDS psi4 ffpsi4 dffpsi4_psi4
#! SET min_psi4 -pi
#! SET max_psi4 pi
#! SET nbins_psi4  100
#! SET periodic_psi4 true
 -3.141593 4.653667 20.426192
 -3.078761 5.960254 20.942683
 -3.015929 7.348499 23.660606
 -2.953097 8.974941 28.196710
 -2.890265 10.888552 31.120732
 -2.827433 12.693564 25.682656
 -2.764602 14.163130 21.062024
 -2.701770 15.401625 18.013659
 -2.638938 16.388825 13.705782
 -2.576106 17.363178 19.247285
 -2.513274 18.778867 22.971251
 -2.450442 19.997771 16.168324
 -2.387610 20.888067 10.490636
 -2.324779 21.247101 3.926229
 -2.261947 21.770534 13.502308
 -2.199115 22.785710 14.451689
 -2.136283 22.980462 -7.275006
 -2.073451 22.310840 -13.296443
 -2.010619 21.458467 -11.557091
 -1.947787 20.919115 -6.508454
 -1.884956 20.602758 -3.688903
 -1.822124 20.417842 -2.928707
 -1.759292 19.965635 -13.325078
 -1.696460 18.944171 -16.076173
 -1.633628 18.113275 -11.008318
 -1.570796 17.395923 -12.853392
 -1.507964 16.479292 -15.755269
 -1.445133 15.512944 -14.793955
 -1.382301 14.547202 -16.487527
 -1.319469 13.489074 -16.327376
 -1.256637 12.571102 -12.932247
 -1.193805 11.756153 -14.143327
 -1.130973 10.784167 -15.891169
 -1.068142 9.828253 -14.657349
 -1.005310 8.942927 -13.417639
 -0.942478 8.101865 -13.968012
 -0.879646 7.148900 -16.315530
 -0.816814 6.098530 -16.472500
 -0.753982 5.153623 -13.421564
 -0.691150 4.386226 -11.364060
 -0.628319 3.712324 -9.937195
 -0.565487 3.150467 -8.008620
 -0.502655 2.707237 -6.039468
 -0.439823 2.406324 -3.431274
 -0.376991 2.275874 -0.911787
 -0.314159 2.277814 0.890972
 -0.251327 2.368163 1.744334
 -0.188496 2.507799 2.911942
 -0.125664 2.730229 3.793630
 -0.062832 2.968712 3.839947
 0.000000 3.219468 4.178419
 0.062832 3.526641 5.674271
 0.125664 3.904785 5.906591
 0.188496 4.244937 4.878787
 0.251327 4.517426 3.696932
 0.314159 4.715659 2.452487
 0.376991 4.806045 0.479396
 0.439823 4.807525 -0.413491
 0.502655 4.757864 -1.054439
 0.565487 4.700944 -0.598104
 0.628319 4.704895 0.572096
 0.691150 4.723545 -0.218106
 0.753982 4.697397 -0.596683
 0.816814 4.647855 -0.661713
 0.879646 4.682270 1.898685
 0.942478 4.827974 1.857396
 1.005310 4.897103 1.071102
 1.068142 5.043100 3.475360
 1.130973 5.307212 4.923133
 1.193805 5.659738 5.907907
 1.256637 6.014706 5.352806
 1.319469 6.354895 5.624303
 1.382301 6.756683 7.063663
 1.445133 7.163188 5.163526
 1.507964 7.399102 2.657693
 1.570796 7.588320 3.928853
 1.633628 7.859640 3.740275
 1.696460 8.000795 0.809886
 1.759292 7.971778 -1.806764
 1.822124 7.792328 -3.938631
 1.884956 7.454604 -6.845065
 1.947787 6.977384 -7.674962
 2.010619 6.543626 -6.836384
 2.073451 5.982087 -11.039041
 2.136283 5.295127 -9.966790
 2.199115 4.709102 -9.643784
 2.261947 3.992057 -13.028636
 2.324779 3.183976 -11.908502
 2.387610 2.509558 -9.945367
 2.450442 1.903220 -9.261997
 2.513274 1.392219 -6.705115
 2.576106 1.050760 -4.558199
 2.638938 0.788564 -3.830404
 2.701770 0.600118 -1.695847
 2.764602 0.625870 2.441946
 2.827433 0.865924 4.947181
 2.890265 1.255174 7.474730
 2.953097 1.806550 10.029638
 3.015929 2.525518 12.892738
 3.078761 3.457919 16.978212
