#! FIELDS phi4 ffphi4 dffphi4_phi4
#! SET min_phi4 -pi
#! SET max_phi4 pi
#! SET nbins_phi4  100
#! SET periodic_phi4 true
 -3.141593 13.324960 -47.278703
 -3.078761 10.527329 -42.005765
 -3.015929 8.030712 -37.331763
 -2.953097 5.864417 -31.449439
 -2.890265 4.084830 -25.277138
 -2.827433 2.667945 -19.948648
 -2.764602 1.582512 -14.494047
 -2.701770 0.847285 -9.026908
 -2.638938 0.436061 -4.140397
 -2.576106 0.309802 -0.129840
 -2.513274 0.396459 2.809235
 -2.450442 0.673148 5.976219
 -2.387610 1.121886 7.943209
 -2.324779 1.643778 8.438788
 -2.261947 2.159001 7.604797
 -2.199115 2.576884 5.712324
 -2.136283 2.907981 4.870665
 -2.073451 3.166742 2.920917
 -2.010619 3.259131 0.266973
 -1.947787 3.246927 -0.773713
 -1.884956 3.116340 -3.478915
 -1.822124 2.856823 -4.584851
 -1.759292 2.525534 -6.094423
 -1.696460 2.108906 -6.985725
 -1.633628 1.671719 -6.801657
 -1.570796 1.261384 -6.288540
 -1.507964 0.899094 -4.934841
 -1.445133 0.683432 -1.849658
 -1.382301 0.653634 0.812421
 -1.319469 0.807693 4.311406
 -1.256637 1.216673 8.739669
 -1.193805 1.903847 12.923123
 -1.130973 2.825029 16.282039
 -1.068142 3.957634 19.737134
 -1.005310 5.319888 23.444442
 -0.942478 6.872185 25.526042
 -0.879646 8.548331 27.949229
 -0.816814 10.410258 31.008507
 -0.753982 12.441618 33.282586
 -0.691150 14.606007 35.374623
 -0.628319 16.900497 37.075234
 -0.565487 19.257314 37.404705
 -0.502655 21.610745 37.061117
 -0.439823 23.944206 36.668641
 -0.376991 26.211237 34.993714
 -0.314159 28.378841 33.681957
 -0.251327 30.450229 31.552973
 -0.188496 32.316572 27.292578
 -0.125664 33.886731 22.332954
 -0.062832 35.111484 16.108034
 0.000000 35.871527 7.522621
 0.062832 36.003913 -3.734702
 0.125664 35.411948 -14.920728
 0.188496 34.158138 -24.697057
 0.251327 32.366641 -31.955356
 0.314159 30.167439 -37.814208
 0.376991 27.667058 -41.275098
 0.439823 25.026623 -42.602636
 0.502655 22.329819 -42.992777
 0.565487 19.653645 -42.037978
 0.628319 17.069621 -39.925458
 0.691150 14.677069 -35.981367
 0.753982 12.559409 -31.431938
 0.816814 10.736493 -26.356192
 0.879646 9.289983 -19.411878
 0.942478 8.307178 -11.936707
 1.005310 7.783082 -4.755806
 1.068142 7.719527 2.869963
 1.130973 8.163365 11.300543
 1.193805 9.141843 19.833542
 1.256637 10.670997 28.818791
 1.319469 12.762689 37.458686
 1.382301 15.380416 45.474884
 1.445133 18.478544 52.456584
 1.507964 22.008918 59.033312
 1.570796 25.940255 64.608631
 1.633628 30.170559 67.766506
 1.696460 34.515927 67.800632
 1.759292 38.778932 65.313175
 1.822124 42.842813 61.721038
 1.884956 46.623565 56.405472
 1.947787 49.990157 49.127467
 2.010619 52.869544 41.455476
 2.073451 55.201160 31.513580
 2.136283 56.834046 19.911184
 2.199115 57.671397 6.133864
 2.261947 57.631521 -7.106907
 2.324779 56.790795 -19.902593
 2.387610 55.131781 -32.590677
 2.450442 52.762035 -42.341378
 2.513274 49.841993 -50.378247
 2.576106 46.483800 -55.970008
 2.638938 42.852316 -59.436916
 2.701770 39.026998 -62.106742
 2.764602 35.078981 -63.254039
 2.827433 31.112309 -62.636252
 2.890265 27.240518 -60.547280
 2.953097 23.490083 -58.803633
 3.015929 19.874204 -56.040961
 3.078761 16.465056 -52.360530
