#! FIELDS phi2 ffphi2 dffphi2_phi2
#! SET min_phi2 -pi
#! SET max_phi2 pi
#! SET nbins_phi2  100
#! SET periodic_phi2 true
 -3.141593 16.767641 -46.579624
 -3.078761 14.001305 -41.388243
 -3.015929 11.548410 -36.887947
 -2.953097 9.379960 -31.921328
 -2.890265 7.529702 -27.184004
 -2.827433 5.957250 -22.726065
 -2.764602 4.694671 -17.434289
 -2.701770 3.756537 -12.573933
 -2.638938 3.068704 -9.900573
 -2.576106 2.483842 -8.411654
 -2.513274 2.059525 -5.087209
 -2.450442 1.805763 -3.351014
 -2.387610 1.637714 -1.805880
 -2.324779 1.591126 0.281511
 -2.261947 1.687918 2.885553
 -2.199115 1.922466 3.941374
 -2.136283 2.147504 3.315562
 -2.073451 2.351707 3.078416
 -2.010619 2.533402 2.600223
 -1.947787 2.659918 1.285519
 -1.884956 2.722801 1.017287
 -1.822124 2.799017 1.148411
 -1.759292 2.824126 -0.746445
 -1.696460 2.688326 -3.570667
 -1.633628 2.393636 -5.604506
 -1.570796 2.015120 -6.393999
 -1.507964 1.594661 -6.828906
 -1.445133 1.186895 -6.084745
 -1.382301 0.829452 -5.297246
 -1.319469 0.541894 -3.661182
 -1.256637 0.382493 -1.409614
 -1.193805 0.374914 1.169236
 -1.130973 0.533368 4.072482
 -1.068142 0.941680 9.179458
 -1.005310 1.676177 13.717027
 -0.942478 2.621670 16.334976
 -0.879646 3.768628 20.112658
 -0.816814 5.114365 22.420773
 -0.753982 6.627763 25.979921
 -0.691150 8.378458 28.996001
 -0.628319 10.221982 29.447908
 -0.565487 12.117088 30.557035
 -0.502655 14.044756 30.416090
 -0.439823 15.943486 29.407768
 -0.376991 17.700679 26.224767
 -0.314159 19.288679 24.126024
 -0.251327 20.710376 20.735966
 -0.188496 21.918979 17.711077
 -0.125664 22.895323 12.298660
 -0.062832 23.401286 3.960680
 0.000000 23.470988 -1.515636
 0.062832 23.196616 -7.445863
 0.125664 22.542786 -13.307381
 0.188496 21.527889 -18.893584
 0.251327 20.198235 -23.202961
 0.314159 18.638995 -26.451796
 0.376991 16.842604 -30.636731
 0.439823 14.887402 -30.801927
 0.502655 12.999846 -29.331802
 0.565487 11.196269 -28.094593
 0.628319 9.501388 -25.448269
 0.691150 8.015143 -21.901444
 0.753982 6.775010 -17.166437
 0.816814 5.884787 -11.331163
 0.879646 5.316651 -6.806257
 0.942478 5.062746 -1.018687
 1.005310 5.199000 5.279001
 1.068142 5.716417 11.200025
 1.130973 6.643360 18.536054
 1.193805 8.054891 26.169961
 1.256637 9.923560 33.106268
 1.319469 12.228686 40.123742
 1.382301 15.009627 48.208802
 1.445133 18.318200 56.273177
 1.507964 22.094845 62.720039
 1.570796 26.276299 68.923350
 1.633628 30.847779 73.886163
 1.696460 35.646207 75.715816
 1.759292 40.508229 75.118052
 1.822124 45.217563 71.030435
 1.884956 49.627626 66.271784
 1.947787 53.654694 58.653712
 2.010619 57.036756 47.278440
 2.073451 59.679504 35.283474
 2.136283 61.449246 20.073276
 2.199115 62.183336 2.845296
 2.261947 61.842549 -13.022556
 2.324779 60.651395 -24.425285
 2.387610 58.814556 -33.953380
 2.450442 56.369626 -43.908303
 2.513274 53.339251 -51.937576
 2.576106 49.905703 -57.005369
 2.638938 46.207648 -60.319806
 2.701770 42.359877 -62.047670
 2.764602 38.415273 -63.308166
 2.827433 34.434661 -63.060585
 2.890265 30.533138 -60.794859
 2.953097 26.806252 -57.953598
 3.015929 23.233747 -55.659159
 3.078761 19.851195 -51.617766
