#! FIELDS phi2 ffphi2 dffphi2_phi2
#! SET min_phi2 -pi
#! SET max_phi2 pi
#! SET nbins_phi2  100
#! SET periodic_phi2 true
 -3.141593 16.477781 -47.041772
 -3.078761 13.649407 -42.783333
 -3.015929 11.132698 -37.229126
 -2.953097 8.955113 -32.298665
 -2.890265 7.067210 -27.665312
 -2.827433 5.484952 -22.809679
 -2.764602 4.188357 -18.527924
 -2.701770 3.151736 -14.369946
 -2.638938 2.407185 -9.401871
 -2.576106 1.904812 -7.185547
 -2.513274 1.499919 -5.343701
 -2.450442 1.263610 -2.260214
 -2.387610 1.180169 -0.785961
 -2.324779 1.161173 0.527811
 -2.261947 1.286796 3.279276
 -2.199115 1.504124 3.086677
 -2.136283 1.667938 2.335316
 -2.073451 1.828391 2.766072
 -2.010619 2.011159 3.103904
 -1.947787 2.246272 4.279821
 -1.884956 2.479814 2.523727
 -1.822124 2.575320 0.836757
 -1.759292 2.591150 -0.491977
 -1.696460 2.526908 -1.361968
 -1.633628 2.414502 -2.741600
 -1.570796 2.139470 -5.826246
 -1.507964 1.750677 -6.142940
 -1.445133 1.387125 -5.502599
 -1.382301 1.050218 -5.217186
 -1.319469 0.757459 -3.875085
 -1.256637 0.583087 -1.657473
 -1.193805 0.551773 0.679177
 -1.130973 0.693417 4.108445
 -1.068142 1.100427 8.846708
 -1.005310 1.792521 13.070615
 -0.942478 2.735857 16.519967
 -0.879646 3.840753 18.951912
 -0.816814 5.203216 24.443083
 -0.753982 6.865930 27.726877
 -0.691150 8.637653 28.170237
 -0.628319 10.429345 29.162159
 -0.565487 12.363842 31.995624
 -0.502655 14.413131 32.525082
 -0.439823 16.414646 30.535236
 -0.376991 18.259355 28.061043
 -0.314159 19.993242 26.998078
 -0.251327 21.636325 24.607663
 -0.188496 23.063325 20.643873
 -0.125664 24.245539 16.694480
 -0.062832 25.178427 13.214510
 0.000000 25.929853 9.768278
 0.062832 26.240101 -0.129669
 0.125664 26.053962 -5.238229
 0.188496 25.599744 -8.868979
 0.251327 24.957194 -12.125327
 0.314159 24.038967 -16.736913
 0.376991 22.937762 -17.665035
 0.439823 21.874045 -16.153109
 0.502655 20.905548 -14.503170
 0.565487 20.079932 -11.739257
 0.628319 19.418832 -9.313305
 0.691150 18.945086 -5.440933
 0.753982 18.745432 -1.095070
 0.816814 18.798922 3.020324
 0.879646 19.179958 9.282241
 0.942478 19.943867 14.743371
 1.005310 21.048089 20.644490
 1.068142 22.568183 27.561891
 1.130973 24.445741 31.221908
 1.193805 26.537992 36.686210
 1.256637 29.217129 47.774739
 1.319469 32.319211 48.686614
 1.382301 35.342718 46.511240
 1.445133 38.313316 51.314983
 1.507964 42.543411 86.635408
 1.570796 49.711744 138.511854
 1.633628 inf nan
 1.696460 inf nan
 1.759292 inf nan
 1.822124 inf nan
 1.884956 inf nan
 1.947787 inf nan
 2.010619 inf nan
 2.073451 inf nan
 2.136283 inf nan
 2.199115 inf nan
 2.261947 inf nan
 2.324779 inf nan
 2.387610 inf nan
 2.450442 inf nan
 2.513274 inf nan
 2.576106 61.659141 -204.124061
 2.638938 50.796666 -141.672758
 2.701770 43.792493 -82.538467
 2.764602 39.745092 -59.011040
 2.827433 35.088100 -83.210152
 2.890265 30.230781 -69.833690
 2.953097 26.234903 -58.291641
 3.015929 22.781109 -52.630519
 3.078761 19.545733 -50.390410
