#! FIELDS phi3 ffphi3 dffphi3_phi3
#! SET min_phi3 -pi
#! SET max_phi3 pi
#! SET nbins_phi3  100
#! SET periodic_phi3 true
 -3.141593 21.659017 -52.593881
 -3.078761 18.496713 -47.874448
 -3.015929 15.672535 -41.870060
 -2.953097 13.228979 -36.047424
 -2.890265 11.136560 -30.531869
 -2.827433 9.401457 -24.609395
 -2.764602 8.030302 -19.402728
 -2.701770 6.916965 -16.202493
 -2.638938 6.000074 -12.939812
 -2.576106 5.271337 -10.593841
 -2.513274 4.633294 -9.838508
 -2.450442 4.035424 -9.270687
 -2.387610 3.469914 -8.473120
 -2.324779 3.001835 -6.496000
 -2.261947 2.641830 -4.911580
 -2.199115 2.399063 -2.846907
 -2.136283 2.262975 -1.783404
 -2.073451 2.158099 -1.533075
 -2.010619 2.076249 -1.209680
 -1.947787 1.984881 -1.948535
 -1.884956 1.802738 -3.937333
 -1.822124 1.527836 -4.517155
 -1.759292 1.235803 -4.984837
 -1.696460 0.904476 -5.316424
 -1.633628 0.603731 -4.239414
 -1.570796 0.351413 -3.979720
 -1.507964 0.099230 -4.047986
 -1.445133 -0.140844 -3.362257
 -1.382301 -0.292136 -1.435097
 -1.319469 -0.331686 0.165119
 -1.256637 -0.235891 3.222969
 -1.193805 0.109947 7.905744
 -1.130973 0.763597 12.784035
 -1.068142 1.705225 17.012619
 -1.005310 2.894882 20.714273
 -0.942478 4.323933 24.886343
 -0.879646 6.049460 29.684795
 -0.816814 8.010189 32.234164
 -0.753982 10.138475 35.581104
 -0.691150 12.495512 38.766066
 -0.628319 15.002118 40.577944
 -0.565487 17.615387 41.990871
 -0.502655 20.275759 41.760098
 -0.439823 22.877610 40.678724
 -0.376991 25.476194 41.902972
 -0.314159 28.165752 42.290833
 -0.251327 30.641923 35.375519
 -0.188496 32.814631 34.686752
 -0.125664 34.972203 33.814215
 -0.062832 37.484780 49.269021
 0.000000 40.837486 43.407447
 0.062832 41.463244 -13.795950
 0.125664 41.048632 8.946644
 0.188496 43.146694 59.746008
 0.251327 47.038249 -2.305344
 0.314159 42.755861 -69.233879
 0.376991 39.827196 -25.615467
 0.439823 39.051591 -6.943410
 0.502655 37.787095 -34.462086
 0.565487 35.612148 -29.941513
 0.628319 33.881720 -28.139631
 0.691150 32.098215 -26.844887
 0.753982 30.619337 -19.900392
 0.816814 29.561139 -14.679099
 0.879646 28.741433 -10.759240
 0.942478 28.287944 -3.527463
 1.005310 28.285431 3.267642
 1.068142 28.708309 10.508713
 1.130973 29.606255 17.245904
 1.193805 30.779098 20.135921
 1.256637 32.239572 26.849401
 1.319469 34.274914 39.780057
 1.382301 37.489358 60.342365
 1.445133 40.113916 9.189247
 1.507964 40.565290 17.243216
 1.570796 42.441077 42.005364
 1.633628 46.262752 83.997026
 1.696460 53.363115 141.598233
 1.759292 inf nan
 1.822124 inf nan
 1.884956 inf nan
 1.947787 inf nan
 2.010619 inf nan
 2.073451 inf nan
 2.136283 inf nan
 2.199115 inf nan
 2.261947 inf nan
 2.324779 inf nan
 2.387610 inf nan
 2.450442 inf nan
 2.513274 inf nan
 2.576106 inf nan
 2.638938 inf nan
 2.701770 67.335896 -232.317129
 2.764602 54.209678 -175.557589
 2.827433 44.893413 -122.040730
 2.890265 38.494837 -86.021818
 2.953097 33.500969 -75.383250
 3.015929 29.018676 -66.642174
 3.078761 25.118850 -57.978897
