#! FIELDS psi4 ffpsi4 dffpsi4_psi4
#! SET min_psi4 -pi
#! SET max_psi4 pi
#! SET nbins_psi4  100
#! SET periodic_psi4 true
 -3.141593 4.423505 11.789865
 -3.078761 5.571329 24.477780
 -3.015929 6.984569 16.980300
 -2.953097 8.059346 22.033040
 -2.890265 9.977565 37.464835
 -2.827433 12.182022 24.509164
 -2.764602 13.023752 13.620527
 -2.701770 15.050210 53.182009
 -2.638938 19.053709 57.784831
 -2.576106 20.665180 0.934504
 -2.513274 20.997319 18.396735
 -2.450442 22.814085 21.749734
 -2.387610 22.260914 -19.061872
 -2.324779 22.126339 14.810066
 -2.261947 23.603461 27.011370
 -2.199115 24.730339 -2.919239
 -2.136283 22.907364 -36.802229
 -2.073451 21.656629 -3.238765
 -2.010619 21.592767 -4.326473
 -1.947787 21.425417 0.036931
 -1.884956 21.295481 -2.718325
 -1.822124 21.341583 -1.119112
 -1.759292 20.263574 -30.668147
 -1.696460 18.263319 -29.293365
 -1.633628 16.886398 -13.197308
 -1.570796 16.473085 -4.616606
 -1.507964 15.720944 -18.063911
 -1.445133 14.590842 -17.986619
 -1.382301 13.493309 -14.880266
 -1.319469 12.816647 -8.118534
 -1.256637 12.182328 -13.601640
 -1.193805 11.257184 -13.355756
 -1.130973 10.532340 -12.404825
 -1.068142 9.414532 -21.909329
 -1.005310 8.158940 -17.022034
 -0.942478 7.137594 -15.925591
 -0.879646 6.238539 -12.935383
 -0.816814 5.444480 -11.998474
 -0.753982 4.769990 -9.960380
 -0.691150 4.093909 -12.020190
 -0.628319 3.312753 -12.066000
 -0.565487 2.658750 -7.905156
 -0.502655 2.372373 -2.118847
 -0.439823 2.215290 -3.347788
 -0.376991 2.058475 -0.638138
 -0.314159 2.161853 3.425703
 -0.251327 2.460706 6.010497
 -0.188496 2.787077 2.773915
 -0.125664 2.842679 0.984345
 -0.062832 3.102472 6.854178
 0.000000 3.442699 2.549533
 0.062832 3.569279 2.756410
 0.125664 3.819934 5.828550
 0.188496 4.390203 11.269126
 0.251327 5.006462 7.898718
 0.314159 5.417865 3.869135
 0.376991 5.386496 -2.992985
 0.439823 5.308043 0.088545
 0.502655 5.194003 -3.850188
 0.565487 4.979546 -2.753915
 0.628319 4.766480 -4.234744
 0.691150 4.535298 -2.217919
 0.753982 4.534689 2.201089
 0.816814 4.813288 5.459258
 0.879646 4.873440 -4.587140
 0.942478 4.587819 -1.857469
 1.005310 4.681296 4.396584
 1.068142 5.080329 6.665876
 1.130973 5.349174 2.814766
 1.193805 5.665562 7.060150
 1.256637 5.967180 1.376295
 1.319469 6.069334 4.352680
 1.382301 6.579550 10.291322
 1.445133 7.121690 6.112618
 1.507964 7.385015 2.227298
 1.570796 7.355309 -2.667874
 1.633628 7.276789 1.615536
 1.696460 7.575946 7.563278
 1.759292 8.109864 6.632820
 1.822124 8.112282 -6.788596
 1.884956 7.370591 -14.421448
 1.947787 6.702805 -5.794849
 2.010619 6.330770 -9.935815
 2.073451 5.437412 -14.886323
 2.136283 4.793138 -5.961313
 2.199115 4.407508 -8.022851
 2.261947 3.809464 -10.204926
 2.324779 3.206857 -8.647337
 2.387610 2.663035 -9.760454
 2.450442 1.965719 -11.241189
 2.513274 1.394403 -6.619553
 2.576106 1.087257 -3.944278
 2.638938 0.852873 -3.134565
 2.701770 0.772128 0.801913
 2.764602 0.929821 3.572836
 2.827433 1.132826 2.638639
 2.890265 1.332967 4.395445
 2.953097 1.735443 8.864191
 3.015929 2.540077 16.831470
 3.078761 3.657537 15.728925
