#! FIELDS phi4 ffphi4 dffphi4_phi4
#! SET min_phi4 -pi
#! SET max_phi4 pi
#! SET nbins_phi4  100
#! SET periodic_phi4 true
 -3.141593 13.152658 -47.925614
 -3.078761 10.278468 -43.108807
 -3.015929 7.760675 -37.083126
 -2.953097 5.613436 -31.206042
 -2.890265 3.846683 -25.068827
 -2.827433 2.443509 -19.773627
 -2.764602 1.354515 -14.853122
 -2.701770 0.595637 -9.079838
 -2.638938 0.215688 -3.319194
 -2.576106 0.142582 0.753030
 -2.513274 0.270154 3.032792
 -2.450442 0.545311 6.011047
 -2.387610 1.021136 8.625514
 -2.324779 1.567715 8.410275
 -2.261947 2.072368 7.617132
 -2.199115 2.525414 6.634906
 -2.136283 2.898755 5.289107
 -2.073451 3.200688 4.012288
 -2.010619 3.375024 1.584044
 -1.947787 3.416517 -0.491310
 -1.884956 3.294995 -3.262209
 -1.822124 3.043736 -4.620366
 -1.759292 2.711877 -5.995506
 -1.696460 2.305749 -6.824408
 -1.633628 1.865533 -7.105061
 -1.570796 1.427761 -6.716000
 -1.507964 1.063306 -4.522769
 -1.445133 0.868279 -1.920600
 -1.382301 0.815521 0.434191
 -1.319469 0.962882 4.433441
 -1.256637 1.376321 8.620812
 -1.193805 2.039570 12.279832
 -1.130973 2.905839 15.325293
 -1.068142 3.992765 19.185341
 -1.005310 5.306486 22.493063
 -0.942478 6.835835 26.123298
 -0.879646 8.598412 29.650137
 -0.816814 10.537595 31.579707
 -0.753982 12.575053 33.134600
 -0.691150 14.732063 35.193699
 -0.628319 17.003837 36.692341
 -0.565487 19.352435 37.522844
 -0.502655 21.718215 37.158970
 -0.439823 24.030329 36.019259
 -0.376991 26.285435 35.431169
 -0.314159 28.487420 33.913777
 -0.251327 30.526938 30.450890
 -0.188496 32.327969 26.564276
 -0.125664 33.873816 22.251200
 -0.062832 35.109646 16.479662
 0.000000 35.883930 7.535173
 0.062832 36.030533 -3.166916
 0.125664 35.459074 -15.130726
 0.188496 34.176639 -25.070288
 0.251327 32.377645 -31.925774
 0.314159 30.189696 -37.380018
 0.376991 27.717837 -41.141259
 0.439823 25.064008 -42.733919
 0.502655 22.388179 -42.566658
 0.565487 19.700962 -42.624429
 0.628319 17.110015 -39.405823
 0.691150 14.753291 -35.751780
 0.753982 12.624126 -31.706377
 0.816814 10.810804 -25.862903
 0.879646 9.380965 -19.523065
 0.942478 8.373130 -12.582666
 1.005310 7.797738 -5.566303
 1.068142 7.708738 2.904260
 1.130973 8.173688 11.943463
 1.193805 9.211732 20.874656
 1.256637 10.768858 28.529243
 1.319469 12.830565 37.145804
 1.382301 15.436553 45.191048
 1.445133 18.520623 52.592866
 1.507964 22.092607 60.020217
 1.570796 26.066894 64.607162
 1.633628 30.278034 67.544574
 1.696460 34.651593 69.004204
 1.759292 38.995971 66.110683
 1.822124 43.068864 61.296685
 1.884956 46.814589 55.878266
 1.947787 50.175222 49.510660
 2.010619 53.066894 41.149782
 2.073451 55.367512 31.165208
 2.136283 56.987185 19.645255
 2.199115 57.799496 5.554750
 2.261947 57.692709 -8.629047
 2.324779 56.763503 -20.816163
 2.387610 55.094139 -32.373553
 2.450442 52.697436 -43.404823
 2.513274 49.746780 -49.859820
 2.576106 46.441563 -55.429285
 2.638938 42.811203 -59.649340
 2.701770 38.971864 -62.433958
 2.764602 34.997897 -63.595502
 2.827433 31.025482 -62.640707
 2.890265 27.117124 -61.844728
 2.953097 23.274381 -60.037855
 3.015929 19.621766 -55.909191
 3.078761 16.263100 -51.167691
