#! FIELDS phi2 ffphi2 dffphi2_phi2
#! SET min_phi2 -pi
#! SET max_phi2 pi
#! SET nbins_phi2  100
#! SET periodic_phi2 true
 -3.141593 17.865622 -48.829943
 -3.078761 15.036045 -41.353465
 -3.015929 12.431038 -42.340388
 -2.953097 9.972580 -33.460112
 -2.890265 8.241580 -23.642203
 -2.827433 6.738103 -24.803146
 -2.764602 5.315144 -18.295845
 -2.701770 4.436073 -12.417193
 -2.638938 3.460127 -18.110962
 -2.576106 2.493970 -10.283911
 -2.513274 2.147427 -3.438581
 -2.450442 1.785249 -7.322033
 -2.387610 1.479081 -2.206977
 -2.324779 1.341344 -2.776649
 -2.261947 1.287605 2.922122
 -2.199115 1.752793 9.435515
 -2.136283 2.049592 -0.581749
 -2.073451 1.999233 1.365832
 -2.010619 2.277606 6.012085
 -1.947787 2.543184 2.279384
 -1.884956 2.697727 2.530578
 -1.822124 2.688153 -3.003464
 -1.759292 2.566274 0.484281
 -1.696460 2.614765 -1.378920
 -1.633628 2.347554 -4.778677
 -1.570796 2.159166 -3.851615
 -1.507964 1.519472 -14.994621
 -1.445133 0.726908 -8.259625
 -1.382301 0.448036 -2.133119
 -1.319469 0.348661 -0.807570
 -1.256637 0.368216 0.723563
 -1.193805 0.339682 -1.557232
 -1.130973 0.305583 1.509663
 -1.068142 0.612062 8.526183
 -1.005310 1.340995 13.750012
 -0.942478 2.316698 17.936550
 -0.879646 3.588572 21.281340
 -0.816814 4.979743 24.078584
 -0.753982 6.661954 28.159129
 -0.691150 8.438170 28.837922
 -0.628319 10.405124 33.383512
 -0.565487 12.535444 33.526183
 -0.502655 14.639142 33.111390
 -0.439823 16.709649 32.267366
 -0.376991 18.684466 30.014154
 -0.314159 20.449015 25.733049
 -0.251327 22.008298 24.138611
 -0.188496 23.431878 20.156501
 -0.125664 24.530125 15.079233
 -0.062832 25.361711 11.158110
 0.000000 25.943596 7.180204
 0.062832 26.138990 -1.936612
 0.125664 25.823565 -6.420225
 0.188496 25.404025 -7.673454
 0.251327 24.725707 -14.431239
 0.314159 23.677167 -17.805254
 0.376991 22.563724 -17.421255
 0.439823 21.524690 -15.655218
 0.502655 20.556676 -15.279606
 0.565487 19.627814 -14.081108
 0.628319 18.822322 -11.219451
 0.691150 18.256091 -6.670379
 0.753982 17.964826 -2.929897
 0.816814 17.887299 0.740642
 0.879646 18.103795 6.507114
 0.942478 18.772186 15.189236
 1.005310 19.950572 20.614688
 1.068142 21.246949 21.220576
 1.130973 22.735467 26.163533
 1.193805 24.555169 32.152558
 1.256637 26.809977 38.755887
 1.319469 29.364276 42.345865
 1.382301 32.226435 48.482408
 1.445133 35.432243 51.912025
 1.507964 38.758399 53.635217
 1.570796 42.252884 55.573594
 1.633628 45.660615 51.434379
 1.696460 48.831915 48.467088
 1.759292 51.797344 45.075726
 1.822124 54.567307 42.390509
 1.884956 57.104665 37.010368
 1.947787 59.214572 30.283409
 2.010619 61.063194 28.536752
 2.073451 62.673703 20.678153
 2.136283 63.628860 10.075293
 2.199115 63.892705 -2.884489
 2.261947 63.268626 -15.911702
 2.324779 61.979974 -24.981736
 2.387610 60.177196 -32.665906
 2.450442 57.738892 -45.171177
 2.513274 54.608296 -53.740210
 2.576106 51.050930 -58.799747
 2.638938 47.287607 -60.639265
 2.701770 43.410520 -63.101807
 2.764602 39.400271 -63.566259
 2.827433 35.463430 -62.243208
 2.890265 31.510141 -63.363727
 2.953097 27.622152 -59.367069
 3.015929 24.108295 -52.426678
 3.078761 20.966555 -48.849858
