#! FIELDS psi2 ffpsi2 dffpsi2_psi2
#! SET min_psi2 -pi
#! SET max_psi2 pi
#! SET nbins_psi2  500
#! SET periodic_psi2 true
 -3.141593 5.017816 15.714279
 -3.129026 5.220175 16.426770
 -3.116460 5.432261 17.242257
 -3.103894 5.654941 18.107108
 -3.091327 5.888447 18.943059
 -3.078761 6.132053 19.674273
 -3.066194 6.384010 20.270143
 -3.053628 6.642204 20.728340
 -3.041062 6.905182 21.036239
 -3.028495 7.171641 21.203535
 -3.015929 7.439442 21.303037
 -3.003363 7.707824 21.289855
 -2.990796 7.975458 21.116582
 -2.978230 8.239821 20.804738
 -2.965663 8.499448 20.351023
 -2.953097 8.752860 19.868545
 -2.940531 9.000807 19.479525
 -2.927964 9.245408 19.365637
 -2.915398 9.491150 19.635467
 -2.902832 9.742943 20.362665
 -2.890265 10.006274 21.480798
 -2.877699 10.285300 22.844279
 -2.865133 10.582119 24.259260
 -2.852566 10.896276 25.533038
 -2.840000 11.224728 26.532214
 -2.827433 11.563479 27.152209
 -2.814867 11.907601 27.392783
 -2.802301 12.252496 27.329216
 -2.789734 12.595367 27.030248
 -2.777168 12.933623 26.638346
 -2.764602 13.266640 26.210602
 -2.752035 13.594353 25.769260
 -2.739469 13.916692 25.321884
 -2.726902 14.233417 24.874861
 -2.714336 14.544561 24.413284
 -2.701770 14.849819 23.949377
 -2.689203 15.149507 23.455708
 -2.676637 15.442496 22.999459
 -2.664071 15.729546 22.500964
 -2.651504 16.010058 21.950162
 -2.638938 16.283153 21.341379
 -2.626371 16.548279 20.616265
 -2.613805 16.803271 19.793779
 -2.601239 17.046812 18.793500
 -2.588672 17.276539 17.549739
 -2.576106 17.488792 16.046420
 -2.563540 17.680218 14.236892
 -2.550973 17.847132 12.141179
 -2.538407 17.986107 9.856031
 -2.525840 18.095735 7.475480
 -2.513274 18.175661 5.164918
 -2.500708 18.227648 3.070810
 -2.488141 18.255308 1.295229
 -2.475575 18.262883 -0.083448
 -2.463009 18.255386 -1.104953
 -2.450442 18.236782 -1.855177
 -2.437876 18.209838 -2.466180
 -2.425310 18.175171 -3.097913
 -2.412743 18.131719 -3.871315
 -2.400177 18.077176 -4.858650
 -2.387610 18.008926 -6.034577
 -2.375044 17.925129 -7.314850
 -2.362478 17.825094 -8.589797
 -2.349911 17.709660 -9.752928
 -2.337345 17.580613 -10.740681
 -2.324779 17.440435 -11.528208
 -2.312212 17.291451 -12.137691
 -2.299646 17.135881 -12.592523
 -2.287079 16.975218 -12.942289
 -2.274513 16.810583 -13.231581
 -2.261947 16.642540 -13.498238
 -2.249380 16.471190 -13.751757
 -2.236814 16.296827 -13.987596
 -2.224248 16.119611 -14.184081
 -2.211681 15.940447 -14.289005
 -2.199115 15.760803 -14.260460
 -2.186548 15.582466 -14.071602
 -2.173982 15.407471 -13.726714
 -2.161416 15.237800 -13.243098
 -2.148849 15.074846 -12.674648
 -2.136283 14.919066 -12.102637
 -2.123717 14.770134 -11.606941
 -2.111150 14.626508 -11.266685
 -2.098584 14.485930 -11.131486
 -2.086018 14.345650 -11.210342
 -2.073451 14.203298 -11.450354
 -2.060885 14.057361 -11.755575
 -2.048318 13.907906 -11.997390
 -2.035752 13.756146 -12.094530
 -2.023186 13.604500 -11.989592
 -2.010619 13.455354 -11.709136
 -1.998053 13.310473 -11.327125
 -1.985487 13.170548 -10.946128
 -1.972920 13.034771 -10.677893
 -1.960354 12.901360 -10.580648
 -1.947787 12.767925 -10.670448
 -1.935221 12.632502 -10.879000
 -1.922655 12.494269 -11.093380
 -1.910088 12.354168 -11.161415
 -1.897522 12.214687 -10.978649
 -1.884956 12.079371 -10.497094
 -1.872389 11.951811 -9.758348
 -1.859823 11.834418 -8.895381
 -1.847256 11.727930 -8.069009
 -1.834690 11.630608 -7.468263
 -1.822124 11.538700 -7.216339
 -1.809557 11.447616 -7.330731
 -1.796991 11.353005 -7.738792
 -1.784425 11.252484 -8.258618
 -1.771858 11.145573 -8.708929
 -1.759292 11.034164 -8.966506
 -1.746726 10.920976 -9.011232
 -1.734159 10.808136 -8.921995
 -1.721593 10.696561 -8.846356
 -1.709026 10.584930 -8.949077
 -1.696460 10.470286 -9.347476
 -1.683894 10.348582 -10.069606
 -1.671327 10.216159 -11.031532
 -1.658761 10.071149 -12.026928
 -1.646195 9.914699 -12.801147
 -1.633628 9.751372 -13.086208
 -1.621062 9.588450 -12.729647
 -1.608495 9.434155 -11.722937
 -1.595929 9.295888 -10.205293
 -1.583363 9.178719 -8.418432
 -1.570796 9.084244 -6.643095
 -1.558230 9.010530 -5.160106
 -1.545664 8.952466 -4.169300
 -1.533097 8.903274 -3.753619
 -1.520531 8.855885 -3.858202
 -1.507964 8.804813 -4.303460
 -1.495398 8.747311 -4.840723
 -1.482832 8.683741 -5.240814
 -1.470265 8.616854 -5.357928
 -1.457699 8.550411 -5.164870
 -1.445133 8.487952 -4.747642
 -1.432566 8.431496 -4.243641
 -1.420000 8.381100 -3.794472
 -1.407434 8.335551 -3.500017
 -1.394867 8.292583 -3.374095
 -1.382301 8.250369 -3.381859
 -1.369734 8.207622 -3.423602
 -1.357168 8.164679 -3.402847
 -1.344602 8.122763 -3.247446
 -1.332035 8.083870 -2.926397
 -1.319469 8.049925 -2.470620
 -1.306903 8.022202 -1.941490
 -1.294336 8.001191 -1.419815
 -1.281770 7.986257 -0.988779
 -1.269203 7.975848 -0.702305
 -1.256637 7.968051 -0.591731
 -1.244071 7.960681 -0.619225
 -1.231504 7.952337 -0.733112
 -1.218938 7.942419 -0.849213
 -1.206372 7.931520 -0.893022
 -1.193805 7.920783 -0.807182
 -1.181239 7.911964 -0.587353
 -1.168672 7.906466 -0.281973
 -1.156106 7.905188 0.062339
 -1.143540 7.908200 0.392776
 -1.130973 7.915057 0.664513
 -1.118407 7.924860 0.860346
 -1.105841 7.936496 0.953871
 -1.093274 7.948561 0.918072
 -1.080708 7.959188 0.721205
 -1.068142 7.966191 0.336533
 -1.055575 7.967281 -0.203450
 -1.043009 7.960966 -0.815859
 -1.030442 7.947238 -1.367432
 -1.017876 7.927829 -1.695179
 -1.005310 7.906269 -1.692085
 -0.992743 7.887031 -1.328346
 -0.980177 7.874351 -0.680152
 -0.967611 7.870907 0.122818
 -0.955044 7.877574 0.895769
 -0.942478 7.892889 1.492669
 -0.929911 7.913974 1.791995
 -0.917345 7.936728 1.753088
 -0.904779 7.956934 1.397829
 -0.892212 7.971006 0.789911
 -0.879646 7.976359 0.021257
 -0.867080 7.971523 -0.816350
 -0.854513 7.956114 -1.634503
 -0.841947 7.930877 -2.368613
 -0.829380 7.897302 -2.960788
 -0.816814 7.857328 -3.381121
 -0.804248 7.813244 -3.625275
 -0.791681 7.766974 -3.725414
 -0.779115 7.720102 -3.753297
 -0.766549 7.672931 -3.772675
 -0.753982 7.625096 -3.867411
 -0.741416 7.575246 -4.098174
 -0.728849 7.521496 -4.486162
 -0.716283 7.461968 -5.017424
 -0.703717 7.395149 -5.630914
 -0.691150 7.320441 -6.252006
 -0.678584 7.238379 -6.797571
 -0.666018 7.150210 -7.200988
 -0.653451 7.058104 -7.429557
 -0.640885 6.964151 -7.494675
 -0.628319 6.870180 -7.437980
 -0.615752 6.777424 -7.327704
 -0.603186 6.686012 -7.228140
 -0.590619 6.595384 -7.210938
 -0.578053 6.504181 -7.323091
 -0.565487 6.410573 -7.591368
 -0.552920 6.312764 -7.993023
 -0.540354 6.209139 -8.494963
 -0.527788 6.099067 -9.015963
 -0.515221 5.982728 -9.479358
 -0.502655 5.861270 -9.818766
 -0.490088 5.736551 -9.995846
 -0.477522 5.610580 -10.020344
 -0.464956 5.485111 -9.928184
 -0.452389 5.361103 -9.784901
 -0.439823 5.239195 -9.618927
 -0.427257 5.119255 -9.469485
 -0.414690 5.001111 -9.333006
 -0.402124 4.884680 -9.194245
 -0.389557 4.770107 -9.034328
 -0.376991 4.657692 -8.847464
 -0.364425 4.547848 -8.626975
 -0.351858 4.441015 -8.367952
 -0.339292 4.337769 -8.052504
 -0.326726 4.239018 -7.644950
 -0.314159 4.146234 -7.096338
 -0.301593 4.061313 -6.384696
 -0.289027 3.986418 -5.506979
 -0.276460 3.923399 -4.521427
 -0.263894 3.872921 -3.521868
 -0.251327 3.834448 -2.635520
 -0.238761 3.805797 -1.972412
 -0.226195 3.783690 -1.599567
 -0.213628 3.764331 -1.529827
 -0.201062 3.744175 -1.719890
 -0.188496 3.720465 -2.083865
 -0.175929 3.691567 -2.532391
 -0.163363 3.656919 -2.976154
 -0.150796 3.617194 -3.348746
 -0.138230 3.573420 -3.598438
 -0.125664 3.527415 -3.710775
 -0.113097 3.480836 -3.693396
 -0.100531 3.435150 -3.570917
 -0.087965 3.391525 -3.382086
 -0.075398 3.350557 -3.144636
 -0.062832 3.312864 -2.884323
 -0.050265 3.278517 -2.582529
 -0.037699 3.248127 -2.265630
 -0.025133 3.221715 -1.952196
 -0.012566 3.199117 -1.662796
 0.000000 3.179878 -1.420811
 0.012566 3.163394 -1.226435
 0.025133 3.149207 -1.051716
 0.037699 3.137257 -0.856995
 0.050265 3.128020 -0.613239
 0.062832 3.122230 -0.313169
 0.075398 3.120437 0.027359
 0.087965 3.123116 0.367697
 0.100531 3.129915 0.685228
 0.113097 3.140358 0.950668
 0.125664 3.153627 1.134899
 0.138230 3.168652 1.225255
 0.150796 3.184128 1.195614
 0.163363 3.198379 1.021168
 0.175929 3.209442 0.686382
 0.188496 3.215369 0.213378
 0.201062 3.214761 -0.326597
 0.213628 3.207527 -0.827718
 0.226195 3.194957 -1.157366
 0.238761 3.179855 -1.216658
 0.251327 3.165944 -0.975567
 0.263894 3.156832 -0.460926
 0.276460 3.155371 0.228543
 0.289027 3.163071 0.978425
 0.301593 3.180021 1.681067
 0.314159 3.205058 2.261705
 0.326726 3.236293 2.664046
 0.339292 3.271367 2.859023
 0.351858 3.307443 2.825406
 0.364425 3.341455 2.520000
 0.376991 3.369861 1.928016
 0.389557 3.388925 1.039465
 0.402124 3.395074 -0.112916
 0.414690 3.385561 -1.434825
 0.427257 3.359066 -2.788556
 0.439823 3.316298 -4.005117
 0.452389 3.259919 -4.927140
 0.464956 3.194367 -5.458376
 0.477522 3.124834 -5.557672
 0.490088 3.056518 -5.278444
 0.502655 2.993516 -4.725056
 0.515221 2.938470 -4.043387
 0.527788 2.892155 -3.358001
 0.540354 2.853940 -2.765644
 0.552920 2.822182 -2.320283
 0.565487 2.795139 -2.019294
 0.578053 2.771236 -1.803857
 0.590619 2.749870 -1.602768
 0.603186 2.731383 -1.341238
 0.615752 2.716738 -0.978092
 0.628319 2.707376 -0.513286
 0.640885 2.704292 0.009505
 0.653451 2.707660 0.509931
 0.666018 2.716830 0.904319
 0.678584 2.729924 1.134841
 0.691150 2.744806 1.187427
 0.703717 2.759417 1.102926
 0.716283 2.772481 0.949866
 0.728849 2.783549 0.799407
 0.741416 2.792974 0.693874
 0.753982 2.801361 0.626749
 0.766549 2.808965 0.560865
 0.779115 2.815459 0.435499
 0.791681 2.819748 0.196183
 0.804248 2.820098 -0.176678
 0.816814 2.815048 -0.678272
 0.829380 2.802999 -1.261638
 0.841947 2.783433 -1.866604
 0.854513 2.756725 -2.396123
 0.867080 2.724319 -2.746287
 0.879646 2.689052 -2.836857
 0.892212 2.654547 -2.620312
 0.904779 2.624727 -2.104450
 0.917345 2.602970 -1.351935
 0.929911 2.591552 -0.466092
 0.942478 2.591501 0.424696
 0.955044 2.602149 1.230683
 0.967611 2.622065 1.899791
 0.980177 2.649606 2.443189
 0.992743 2.683416 2.914905
 1.005310 2.722984 3.353438
 1.017876 2.768067 3.797667
 1.030442 2.818503 4.201821
 1.043009 2.873399 4.472604
 1.055575 2.930248 4.513003
 1.068142 2.985736 4.233381
 1.080708 3.035678 3.636348
 1.093274 3.076600 2.820415
 1.105841 3.106780 1.965598
 1.118407 3.127132 1.275207
 1.130973 3.140859 0.938059
 1.143540 3.153031 1.041842
 1.156106 3.169271 1.583155
 1.168672 3.194705 2.494512
 1.181239 3.233365 3.656400
 1.193805 3.287613 4.942408
 1.206372 3.358012 6.221544
 1.218938 3.443680 7.334408
 1.231504 3.541530 8.137092
 1.244071 3.646826 8.509653
 1.256637 3.753735 8.379111
 1.269203 3.856033 7.799587
 1.281770 3.949027 6.937692
 1.294336 4.030718 6.060297
 1.306903 4.102776 5.429903
 1.319469 4.169557 5.243923
 1.332035 4.237168 5.555586
 1.344602 4.311523 6.288579
 1.357168 4.397023 7.282998
 1.369734 4.495587 8.360325
 1.382301 4.607160 9.331700
 1.394867 4.729657 10.045320
 1.407434 4.858971 10.423734
 1.420000 4.990638 10.382413
 1.432566 5.118923 9.923980
 1.445133 5.238934 9.058881
 1.457699 5.346008 7.912898
 1.470265 5.437774 6.653692
 1.482832 5.514120 5.497122
 1.495398 5.577622 4.616524
 1.507964 5.632455 4.114986
 1.520531 5.683275 3.972469
 1.533097 5.733902 4.061837
 1.545664 5.786285 4.210095
 1.558230 5.840094 4.273591
 1.570796 5.893558 4.160690
 1.583363 5.944422 3.870033
 1.595929 5.990966 3.492535
 1.608495 6.032862 3.161547
 1.621062 6.071632 2.987651
 1.633628 6.109527 3.048267
 1.646195 6.149425 3.308153
 1.658761 6.193388 3.672653
 1.671327 6.241979 4.019904
 1.683894 6.294258 4.240445
 1.696460 6.348078 4.260656
 1.709026 6.400835 4.066842
 1.721593 6.449984 3.689459
 1.734159 6.493507 3.186660
 1.746726 6.530108 2.609925
 1.759292 6.559235 1.994628
 1.771858 6.580491 1.354386
 1.784425 6.593495 0.691849
 1.796991 6.597997 0.001318
 1.809557 6.593698 -0.707628
 1.822124 6.580567 -1.405509
 1.834690 6.558978 -2.041627
 1.847256 6.530084 -2.561356
 1.859823 6.495571 -2.919439
 1.872389 6.457647 -3.105445
 1.884956 6.418373 -3.140796
 1.897522 6.379291 -3.077833
 1.910088 6.341284 -2.984877
 1.922655 6.304276 -2.929677
 1.935221 6.267477 -2.958065
 1.947787 6.229575 -3.101718
 1.960354 6.189043 -3.379536
 1.972920 6.144251 -3.778258
 1.985487 6.093765 -4.270035
 1.998053 6.036806 -4.807091
 2.010619 5.973121 -5.328671
 2.023186 5.903231 -5.777036
 2.035752 5.828441 -6.108450
 2.048318 5.750324 -6.301394
 2.060885 5.670592 -6.374267
 2.073451 5.590449 -6.373135
 2.086018 5.510471 -6.361479
 2.098584 5.430452 -6.385794
 2.111150 5.349635 -6.486561
 2.123717 5.267025 -6.673627
 2.136283 5.181641 -6.927054
 2.148849 5.092795 -7.213350
 2.161416 5.000303 -7.501522
 2.173982 4.904413 -7.755892
 2.186548 4.805624 -7.954635
 2.199115 4.704743 -8.082633
 2.211681 4.602748 -8.130161
 2.224248 4.500726 -8.090047
 2.236814 4.399678 -7.965611
 2.249380 4.300762 -7.762533
 2.261947 4.204770 -7.505644
 2.274513 4.112129 -7.234745
 2.287079 4.022640 -7.012131
 2.299646 3.935364 -6.896440
 2.312212 3.848568 -6.951384
 2.324779 3.759745 -7.214407
 2.337345 3.666323 -7.676684
 2.349911 3.566127 -8.278979
 2.362478 3.458047 -8.910077
 2.375044 3.342551 -9.441561
 2.387610 3.221651 -9.751364
 2.400177 3.098622 -9.773204
 2.412743 2.977196 -9.500636
 2.425310 2.860834 -8.985631
 2.437876 2.752042 -8.320541
 2.450442 2.651821 -7.624889
 2.463009 2.560068 -6.999677
 2.475575 2.475311 -6.521363
 2.488141 2.395447 -6.216320
 2.500708 2.318423 -6.062525
 2.513274 2.242799 -5.981522
 2.525840 2.168208 -5.879870
 2.538407 2.095505 -5.672050
 2.550973 2.026358 -5.311568
 2.563540 1.962669 -4.802632
 2.576106 1.906072 -4.198931
 2.588672 1.857210 -3.583978
 2.601239 1.815757 -3.034037
 2.613805 1.780453 -2.608808
 2.626371 1.749713 -2.319761
 2.638938 1.721793 -2.148283
 2.651504 1.695504 -2.059054
 2.664071 1.669968 -2.030814
 2.676637 1.644407 -2.069343
 2.689203 1.617725 -2.206245
 2.701770 1.588535 -2.469304
 2.714336 1.555313 -2.848959
 2.726902 1.517038 -3.249895
 2.739469 1.474376 -3.513353
 2.752035 1.430320 -3.447107
 2.764602 1.390039 -2.900693
 2.777168 1.360003 -1.810907
 2.789734 1.346808 -0.245745
 2.802301 1.355437 1.632031
 2.814867 1.388399 3.586977
 2.827433 1.445134 5.378427
 2.840000 1.522311 6.798315
 2.852566 1.614331 7.738481
 2.865133 1.715017 8.185968
 2.877699 1.818811 8.254156
 2.890265 1.922085 8.123626
 2.902832 2.023493 7.999979
 2.915398 2.124204 8.031428
 2.927964 2.226702 8.292071
 2.940531 2.334001 8.780988
 2.953097 2.448686 9.455557
 2.965663 2.572733 10.254298
 2.978230 2.707416 11.112405
 2.990796 2.853032 11.993330
 3.003363 3.009688 12.825163
 3.015929 3.176037 13.577500
 3.028495 3.350977 14.146025
 3.041062 3.531685 14.517166
 3.053628 3.715654 14.675253
 3.066194 3.900487 14.665079
 3.078761 4.084706 14.570298
 3.091327 4.267780 14.507665
 3.103894 4.450738 14.551269
 3.116460 4.635199 14.762983
 3.129026 4.823650 15.141058
