#! FIELDS psi2 ffpsi2 dffpsi2_psi2
#! SET min_psi2 -pi
#! SET max_psi2 pi
#! SET nbins_psi2  100
#! SET periodic_psi2 true
 -3.141593 4.723582 29.188355
 -3.078761 6.477028 23.486299
 -3.015929 7.645365 18.968007
 -2.953097 9.283547 31.419479
 -2.890265 11.155464 26.583494
 -2.827433 12.835996 28.295069
 -2.764602 14.585835 23.578227
 -2.701770 15.576524 10.614238
 -2.638938 16.494709 19.994405
 -2.576106 17.721415 14.882079
 -2.513274 18.355819 6.679498
 -2.450442 18.244122 -13.573927
 -2.387610 17.208445 -12.647073
 -2.324779 16.667813 -10.121401
 -2.261947 15.681568 -16.443288
 -2.199115 15.079434 -3.851094
 -2.136283 14.714673 -10.152993
 -2.073451 14.028334 -8.233220
 -2.010619 13.862078 1.352390
 -1.947787 13.647708 -12.992919
 -1.884956 12.315788 -24.193498
 -1.822124 11.084290 -14.006776
 -1.759292 10.412607 -9.222840
 -1.696460 9.823767 -9.963466
 -1.633628 9.117294 -11.361020
 -1.570796 8.716068 -0.101325
 -1.507964 8.824441 -0.175667
 -1.445133 8.644888 -3.369838
 -1.382301 8.582863 1.082666
 -1.319469 8.498589 -6.894494
 -1.256637 7.769451 -12.043598
 -1.193805 7.358103 -1.451555
 -1.130973 7.383727 2.047432
 -1.068142 7.689051 5.993761
 -1.005310 7.773347 -2.690377
 -0.942478 7.790362 4.348438
 -0.879646 8.092820 3.001028
 -0.816814 7.941407 -8.913435
 -0.753982 7.079153 -16.440810
 -0.691150 6.267012 -6.377125
 -0.628319 6.218036 0.087471
 -0.565487 5.909786 -7.320662
 -0.502655 5.609180 -3.062045
 -0.439823 5.326974 -6.538365
 -0.376991 4.770824 -11.295848
 -0.314159 3.982388 -12.290646
 -0.251327 3.434410 -4.227346
 -0.188496 3.412415 2.175495
 -0.125664 3.545682 1.518729
 -0.062832 3.633240 1.586133
 0.000000 3.663671 -3.487131
 0.062832 2.852614 -19.173956
 0.125664 2.150100 1.220600
 0.188496 2.938244 19.261091
 0.251327 3.753770 1.591863
 0.314159 3.272256 -11.913878
 0.376991 2.369572 -22.773271
 0.439823 0.472265 -25.991927
 0.502655 0.154910 17.626454
 0.565487 2.138980 34.551433
 0.628319 3.495704 11.600267
 0.691150 3.963748 2.461960
 0.753982 3.979204 0.013911
 0.816814 3.830154 -6.687370
 0.879646 3.389954 -3.992996
 0.942478 3.374934 1.145821
 1.005310 3.258594 -4.120387
 1.068142 3.322562 8.223588
 1.130973 3.823635 1.808952
 1.193805 3.727182 0.721350
 1.256637 4.095701 8.369408
 1.319469 4.573680 7.408136
 1.382301 4.963305 2.610151
 1.445133 4.946185 1.018191
 1.507964 5.442185 13.399887
 1.570796 6.201252 8.570385
 1.633628 6.521279 2.232296
 1.696460 6.591215 0.631541
 1.759292 6.658596 1.835936
 1.822124 6.815507 2.857980
 1.884956 6.993344 1.513033
 1.947787 6.747479 -9.565916
 2.010619 6.173550 -5.263174
 2.073451 6.139959 1.450620
 2.136283 5.976132 -7.549716
 2.199115 5.433283 -7.052986
 2.261947 5.160904 -3.157005
 2.324779 4.857855 -7.330904
 2.387610 4.206880 -12.015342
 2.450442 3.644410 -5.215776
 2.513274 3.296397 -8.241866
 2.576106 2.712146 -7.759638
 2.638938 2.424327 -2.006584
 2.701770 2.434574 0.614285
 2.764602 1.940332 -16.631693
 2.827433 1.244568 0.080798
 2.890265 1.740633 9.399529
 2.953097 2.071983 1.532185
 3.015929 2.056614 2.596632
 3.078761 2.944075 24.977425
