#! FIELDS phi4 ffphi4 dffphi4_phi4
#! SET min_phi4 -pi
#! SET max_phi4 pi
#! SET nbins_phi4  100
#! SET periodic_phi4 true
 -3.141593 13.421400 -47.589497
 -3.078761 10.605986 -41.987756
 -3.015929 8.124288 -37.006786
 -2.953097 5.982319 -31.095750
 -2.890265 4.191780 -26.056549
 -2.827433 2.730630 -20.153663
 -2.764602 1.671727 -13.617041
 -2.701770 0.992849 -8.425452
 -2.638938 0.569079 -5.125309
 -2.576106 0.370550 -0.980634
 -2.513274 0.455327 3.436224
 -2.450442 0.759259 5.912704
 -2.387610 1.172294 6.938614
 -2.324779 1.614137 7.123815
 -2.261947 2.084520 7.767703
 -2.199115 2.562899 7.005706
 -2.136283 2.926604 4.403608
 -2.073451 3.130542 2.206680
 -2.010619 3.227529 0.946018
 -1.947787 3.239238 -0.915055
 -1.884956 3.095718 -3.495814
 -1.822124 2.838179 -4.654364
 -1.759292 2.498064 -6.210906
 -1.696460 2.086825 -6.643818
 -1.633628 1.674496 -6.562688
 -1.570796 1.265167 -6.323998
 -1.507964 0.896843 -5.388388
 -1.445133 0.610955 -3.382307
 -1.382301 0.508675 0.255671
 -1.319469 0.661510 4.767170
 -1.256637 1.125630 9.835030
 -1.193805 1.852379 12.990630
 -1.130973 2.772511 16.396896
 -1.068142 3.915648 19.754515
 -1.005310 5.249081 22.586885
 -0.942478 6.759435 25.257709
 -0.879646 8.443181 28.487762
 -0.816814 10.377972 32.722989
 -0.753982 12.507529 34.262184
 -0.691150 14.679194 34.745645
 -0.628319 16.931674 36.672422
 -0.565487 19.291538 37.825414
 -0.502655 21.684129 37.705378
 -0.439823 24.033673 36.538338
 -0.376991 26.293994 35.004472
 -0.314159 28.463322 33.524432
 -0.251327 30.499883 30.872903
 -0.188496 32.351307 27.389011
 -0.125664 33.913301 21.986372
 -0.062832 35.135701 16.517284
 0.000000 35.912058 7.240817
 0.062832 36.011737 -4.155821
 0.125664 35.388244 -15.666244
 0.188496 34.096516 -24.920795
 0.251327 32.296858 -32.204410
 0.314159 30.094042 -37.431529
 0.376991 27.638161 -40.518641
 0.439823 25.014982 -42.894407
 0.502655 22.286925 -43.442309
 0.565487 19.603713 -41.717650
 0.628319 17.063835 -39.127539
 0.691150 14.680744 -36.568978
 0.753982 12.523552 -31.635128
 0.816814 10.724946 -25.725537
 0.879646 9.284182 -19.951255
 0.942478 8.257042 -12.573636
 1.005310 7.704066 -4.990559
 1.068142 7.650980 3.406838
 1.130973 8.132129 11.838838
 1.193805 9.139121 20.171935
 1.256637 10.675288 28.683167
 1.319469 12.745045 36.897085
 1.382301 15.323490 45.060086
 1.445133 18.450279 53.823109
 1.507964 22.069750 59.899825
 1.570796 25.999942 63.699432
 1.633628 30.159624 66.725273
 1.696460 34.466700 67.970816
 1.759292 38.773449 66.329642
 1.822124 42.889278 62.138706
 1.884956 46.680935 56.371093
 1.947787 50.059518 49.553469
 2.010619 52.964391 41.655144
 2.073451 55.308875 31.874140
 2.136283 56.945147 19.505344
 2.199115 57.792695 7.211971
 2.261947 57.809535 -7.097963
 2.324779 56.923742 -20.634737
 2.387610 55.259154 -32.331738
 2.450442 52.897082 -42.273009
 2.513274 49.999987 -49.704785
 2.576106 46.673264 -55.882933
 2.638938 43.029523 -59.615387
 2.701770 39.220250 -61.463409
 2.764602 35.306486 -63.017164
 2.827433 31.330485 -63.194336
 2.890265 27.391905 -61.946327
 2.953097 23.575021 -59.363394
 3.015929 19.942246 -56.075220
 3.078761 16.551637 -51.849430
