#! FIELDS phi4 ffphi4 dffphi4_phi4
#! SET min_phi4 -pi
#! SET max_phi4 pi
#! SET nbins_phi4  100
#! SET periodic_phi4 true
 -3.141593 13.359927 -47.701716
 -3.078761 10.542289 -41.962191
 -3.015929 8.062839 -36.975290
 -2.953097 5.923012 -31.051648
 -2.890265 4.136714 -25.954930
 -2.827433 2.685335 -19.934202
 -2.764602 1.645777 -13.230229
 -2.701770 0.989115 -8.184433
 -2.638938 0.567378 -5.290660
 -2.576106 0.352858 -1.285746
 -2.513274 0.414945 3.037460
 -2.450442 0.702125 5.845908
 -2.387610 1.117304 6.994290
 -2.324779 1.567107 7.372911
 -2.261947 2.054031 7.964688
 -2.199115 2.544324 7.258915
 -2.136283 2.925387 4.643778
 -2.073451 3.141531 2.372018
 -2.010619 3.250219 1.173146
 -1.947787 3.273874 -0.815145
 -1.884956 3.134331 -3.430997
 -1.822124 2.878761 -4.672945
 -1.759292 2.534855 -6.306427
 -1.696460 2.120360 -6.596104
 -1.633628 1.714833 -6.487204
 -1.570796 1.303567 -6.412604
 -1.507964 0.928762 -5.534573
 -1.445133 0.634060 -3.435827
 -1.382301 0.534364 0.305665
 -1.319469 0.685183 4.682944
 -1.256637 1.144128 9.758091
 -1.193805 1.869516 13.052521
 -1.130973 2.792374 16.310612
 -1.068142 3.919268 19.433746
 -1.005310 5.240522 22.503445
 -0.942478 6.745969 25.184805
 -0.879646 8.429594 28.570808
 -0.816814 10.367899 32.680556
 -0.753982 12.493990 34.319376
 -0.691150 14.677841 34.968245
 -0.628319 16.939982 36.770109
 -0.565487 19.298646 37.619646
 -0.502655 21.672778 37.449940
 -0.439823 24.015990 36.569058
 -0.376991 26.280722 35.061498
 -0.314159 28.449849 33.474818
 -0.251327 30.484050 30.847144
 -0.188496 32.332448 27.321343
 -0.125664 33.892460 22.009981
 -0.062832 35.120842 16.688006
 0.000000 35.907087 7.328724
 0.062832 36.012098 -4.015438
 0.125664 35.400386 -15.454985
 0.188496 34.119444 -24.838406
 0.251327 32.319944 -32.214060
 0.314159 30.122233 -37.284951
 0.376991 27.667975 -40.666225
 0.439823 25.033887 -42.987475
 0.502655 22.304859 -43.455741
 0.565487 19.618807 -41.733041
 0.628319 17.086853 -38.888091
 0.691150 14.710033 -36.709459
 0.753982 12.538283 -31.799299
 0.816814 10.738441 -25.675514
 0.879646 9.300569 -19.878928
 0.942478 8.280131 -12.480690
 1.005310 7.729484 -4.965103
 1.068142 7.682807 3.561612
 1.130973 8.166551 11.710536
 1.193805 9.161493 20.012536
 1.256637 10.690587 28.552552
 1.319469 12.749466 36.743657
 1.382301 15.325010 45.102721
 1.445133 18.453257 53.790469
 1.507964 22.068231 59.845642
 1.570796 26.003200 63.935933
 1.633628 30.179827 66.962743
 1.696460 34.499886 68.166091
 1.759292 38.821611 66.552240
 1.822124 42.945170 62.123273
 1.884956 46.734845 56.367459
 1.947787 50.114014 49.500910
 2.010619 53.007098 41.379819
 2.073451 55.339179 31.827507
 2.136283 56.985553 19.832635
 2.199115 57.852179 7.419322
 2.261947 57.865987 -7.453688
 2.324779 56.950841 -21.050734
 2.387610 55.269878 -32.491195
 2.450442 52.898133 -42.409733
 2.513274 49.995896 -49.751665
 2.576106 46.666115 -55.916319
 2.638938 43.022351 -59.600059
 2.701770 39.213717 -61.465625
 2.764602 35.295461 -63.180136
 2.827433 31.306112 -63.412537
 2.890265 27.356047 -62.089094
 2.953097 23.532952 -59.421557
 3.015929 19.897964 -56.113990
 3.078761 16.500562 -52.026284
