#! FIELDS psi3 ffpsi3 dffpsi3_psi3
#! SET min_psi3 -pi
#! SET max_psi3 pi
#! SET nbins_psi3  100
#! SET periodic_psi3 true
 -3.141593 8.359977 14.156902
 -3.078761 9.324773 17.405622
 -3.015929 10.698506 25.866815
 -2.953097 12.388067 26.797957
 -2.890265 14.069384 26.281930
 -2.827433 15.697274 26.713250
 -2.764602 17.539853 29.297135
 -2.701770 19.084570 22.053370
 -2.638938 20.734849 29.183911
 -2.576106 22.282293 19.739965
 -2.513274 23.716460 27.285648
 -2.450442 24.914126 2.365645
 -2.387610 24.790458 4.121407
 -2.324779 25.325822 1.977089
 -2.261947 24.756293 -9.106068
 -2.199115 25.019613 16.681903
 -2.136283 26.319715 19.552404
 -2.073451 27.029045 2.052205
 -2.010619 26.931638 -1.935436
 -1.947787 26.775263 -3.995972
 -1.884956 26.634497 1.486859
 -1.822124 26.929340 5.634925
 -1.759292 27.023148 -3.142313
 -1.696460 26.852745 -0.082354
 -1.633628 26.834205 -4.563215
 -1.570796 26.124491 -16.050765
 -1.507964 24.772230 -28.042419
 -1.445133 23.201481 -16.750697
 -1.382301 22.128263 -28.185974
 -1.319469 19.817261 -35.449592
 -1.256637 18.214620 -16.994988
 -1.193805 16.932179 -30.363307
 -1.130973 14.573731 -39.746010
 -1.068142 12.182575 -35.290716
 -1.005310 10.342199 -22.735585
 -0.942478 9.159986 -16.924662
 -0.879646 8.054361 -18.733104
 -0.816814 6.825305 -19.913699
 -0.753982 5.596096 -19.071441
 -0.691150 4.447360 -17.185393
 -0.628319 3.462805 -14.403356
 -0.565487 2.589933 -13.366561
 -0.502655 1.830456 -10.638961
 -0.439823 1.221669 -9.073337
 -0.376991 0.705499 -6.992152
 -0.314159 0.341750 -4.894946
 -0.251327 0.112192 -1.991413
 -0.188496 0.068186 -0.210070
 -0.125664 0.047555 -0.065972
 -0.062832 0.119886 2.562025
 0.000000 0.375266 5.291338
 0.062832 0.744131 6.353998
 0.125664 1.187612 7.451977
 0.188496 1.609977 5.618433
 0.251327 1.953509 6.179025
 0.314159 2.445260 9.014917
 0.376991 2.994314 7.902522
 0.439823 3.439503 6.427150
 0.502655 3.808807 5.057942
 0.565487 4.084298 4.103667
 0.628319 4.386302 5.641204
 0.691150 4.758589 5.603773
 0.753982 5.061953 4.128345
 0.816814 5.289296 3.113939
 0.879646 5.511997 4.479205
 0.942478 5.826737 4.515411
 1.005310 6.030847 2.767598
 1.068142 6.305063 6.196812
 1.130973 6.736425 6.344557
 1.193805 6.990602 1.625299
 1.256637 7.061141 1.839644
 1.319469 7.260818 3.753072
 1.382301 7.430793 1.101173
 1.445133 7.438239 0.280002
 1.507964 7.541615 2.008916
 1.570796 7.562245 -1.191362
 1.633628 7.458117 -2.043807
 1.696460 7.337675 -1.583828
 1.759292 7.235093 -2.066823
 1.822124 7.058071 -3.738269
 1.884956 6.798791 -3.623271
 1.947787 6.660190 -1.465186
 2.010619 6.517200 -3.107594
 2.073451 6.340573 -2.261797
 2.136283 6.192083 -2.962909
 2.199115 5.966696 -3.946090
 2.261947 5.733577 -3.465336
 2.324779 5.505565 -3.797005
 2.387610 5.303464 -2.517103
 2.450442 5.165619 -2.068800
 2.513274 5.019937 -2.890808
 2.576106 4.827766 -2.542991
 2.638938 4.752783 0.080493
 2.701770 4.831439 2.292190
 2.764602 5.004859 2.951446
 2.827433 5.217135 4.054481
 2.890265 5.541073 6.300760
 2.953097 6.027834 9.347624
 3.015929 6.730214 12.675826
 3.078761 7.534722 12.443860
