#! FIELDS psi3 ffpsi3 dffpsi3_psi3
#! SET min_psi3 -pi
#! SET max_psi3 pi
#! SET nbins_psi3  100
#! SET periodic_psi3 true
 -3.141593 7.951027 18.206854
 -3.078761 9.167736 19.589375
 -3.015929 10.425210 20.751647
 -2.953097 11.782810 21.927157
 -2.890265 13.111607 19.953075
 -2.827433 14.400528 22.081366
 -2.764602 15.889281 24.015334
 -2.701770 17.326743 21.504060
 -2.638938 18.625299 20.067204
 -2.576106 19.917439 20.845949
 -2.513274 21.156801 17.673337
 -2.450442 22.126941 13.522611
 -2.387610 22.949417 12.957486
 -2.324779 23.731674 11.429569
 -2.261947 24.382315 9.202783
 -2.199115 24.861705 5.795343
 -2.136283 25.152551 4.027176
 -2.073451 25.418705 4.495273
 -2.010619 25.744151 5.997464
 -1.947787 26.155689 6.745241
 -1.884956 26.463608 0.363721
 -1.822124 26.076506 -9.005065
 -1.759292 25.778575 -1.143937
 -1.696460 25.658011 -2.377968
 -1.633628 25.724766 3.968960
 -1.570796 25.643307 -10.315016
 -1.507964 24.513762 -22.394969
 -1.445133 23.188112 -18.767929
 -1.382301 21.994874 -21.654239
 -1.319469 20.279576 -32.775537
 -1.256637 18.140970 -32.451933
 -1.193805 16.256534 -30.355875
 -1.130973 14.113590 -35.023274
 -1.068142 12.088142 -33.140812
 -1.005310 9.677367 -37.838685
 -0.942478 8.093263 -10.986040
 -0.879646 7.901392 -2.651923
 -0.816814 7.148554 -17.562915
 -0.753982 6.125808 -18.264749
 -0.691150 4.446945 -31.156447
 -0.628319 3.031973 -10.361861
 -0.565487 2.996104 2.853819
 -0.502655 2.341442 -24.146455
 -0.439823 1.018444 -11.935705
 -0.376991 0.835624 2.765176
 -0.314159 0.897306 -3.691660
 -0.251327 0.534255 -3.415074
 -0.188496 0.741479 8.653001
 -0.125664 1.052884 -5.129582
 -0.062832 0.127265 -15.888626
 0.000000 -0.142228 7.581695
 0.062832 0.465911 6.411406
 0.125664 0.791165 7.356503
 0.188496 1.495272 14.415823
 0.251327 2.327337 7.622742
 0.314159 2.431674 1.233566
 0.376991 2.935099 13.568463
 0.439823 3.705088 8.399084
 0.502655 3.997236 2.142398
 0.565487 4.139456 2.970578
 0.628319 4.369624 4.516859
 0.691150 4.757682 7.027410
 0.753982 5.028800 0.534608
 0.816814 4.991387 0.683480
 0.879646 5.210632 4.502876
 0.942478 5.314906 -0.579555
 1.005310 5.478997 7.535834
 1.068142 6.126872 10.222843
 1.130973 6.547527 2.785122
 1.193805 6.467056 -4.891249
 1.256637 6.241257 0.825186
 1.319469 6.612070 7.453930
 1.382301 6.793143 -0.681041
 1.445133 6.857682 3.556690
 1.507964 7.116815 3.337149
 1.570796 7.215439 -0.198628
 1.633628 7.137943 -1.891534
 1.696460 6.882597 -8.046574
 1.759292 6.192815 -10.750714
 1.822124 5.851180 0.281632
 1.884956 5.993295 1.493223
 1.947787 6.001242 0.550501
 2.010619 6.140854 2.425548
 2.073451 6.111805 -3.495016
 2.136283 5.860200 -3.419574
 2.199115 5.682248 -2.786402
 2.261947 5.449091 -5.272621
 2.324779 5.039316 -6.478496
 2.387610 4.763994 -2.727737
 2.450442 4.521524 -5.725988
 2.513274 4.201752 -2.397002
 2.576106 4.308058 4.392370
 2.638938 4.513583 1.673292
 2.701770 4.658625 3.762906
 2.764602 4.929290 3.502759
 2.827433 5.023013 0.621336
 2.890265 5.217021 5.963497
 2.953097 5.703523 8.836098
 3.015929 6.285514 9.634933
 3.078761 6.973603 12.808918
