#! FIELDS psi4 hhpsi4 dhhpsi4_psi4
#! SET min_psi4 -pi
#! SET max_psi4 pi
#! SET nbins_psi4  100
#! SET periodic_psi4 true
 -3.141593 0.158952 -0.906333
 -3.078761 0.107626 -0.726550
 -3.015929 0.067837 -0.531009
 -2.953097 0.042098 -0.282281
 -2.890265 0.028691 -0.188602
 -2.827433 0.016541 -0.171596
 -2.764602 0.009965 -0.046035
 -2.701770 0.007201 -0.057681
 -2.638938 0.003595 -0.043500
 -2.576106 0.002013 -0.011738
 -2.513274 0.001686 0.000676
 -2.450442 0.001906 0.003223
 -2.387610 0.001880 -0.003217
 -2.324779 0.001498 -0.009244
 -2.261947 0.001059 -0.001052
 -2.199115 0.001267 0.003375
 -2.136283 0.001255 -0.000999
 -2.073451 0.001467 0.007538
 -2.010619 0.002151 0.015368
 -1.947787 0.003469 0.025092
 -1.884956 0.005048 0.023835
 -1.822124 0.006267 0.013071
 -1.759292 0.006772 0.008403
 -1.696460 0.008086 0.034302
 -1.633628 0.010942 0.065072
 -1.570796 0.018220 0.168607
 -1.507964 0.029203 0.155840
 -1.445133 0.038314 0.156127
 -1.382301 0.049309 0.183677
 -1.319469 0.063742 0.327376
 -1.256637 0.092734 0.552655
 -1.193805 0.126366 0.495998
 -1.130973 0.156225 0.482626
 -1.068142 0.190934 0.636372
 -1.005310 0.233030 0.658890
 -0.942478 0.269525 0.500571
 -0.879646 0.298090 0.431205
 -0.816814 0.323618 0.365272
 -0.753982 0.340929 0.174354
 -0.691150 0.344526 -0.049498
 -0.628319 0.339433 -0.058152
 -0.565487 0.337532 -0.028310
 -0.502655 0.332362 -0.155698
 -0.439823 0.316189 -0.322626
 -0.376991 0.298205 -0.232949
 -0.314159 0.281130 -0.348337
 -0.251327 0.256759 -0.367953
 -0.188496 0.236650 -0.282610
 -0.125664 0.220825 -0.224983
 -0.062832 0.205572 -0.257497
 0.000000 0.190369 -0.205158
 0.062832 0.182714 -0.020139
 0.125664 0.184675 0.041723
 0.188496 0.185229 -0.018786
 0.251327 0.182381 -0.075372
 0.314159 0.177036 -0.057462
 0.376991 0.175462 -0.032101
 0.439823 0.171036 -0.069959
 0.502655 0.170293 0.043243
 0.565487 0.172082 -0.025527
 0.628319 0.166302 -0.118360
 0.691150 0.160550 -0.070011
 0.753982 0.156307 -0.050058
 0.816814 0.154864 -0.009796
 0.879646 0.153230 -0.040692
 0.942478 0.148952 -0.103294
 1.005310 0.140261 -0.161038
 1.068142 0.130252 -0.141709
 1.130973 0.122391 -0.126020
 1.193805 0.111428 -0.223679
 1.256637 0.097508 -0.183764
 1.319469 0.088797 -0.119983
 1.382301 0.078854 -0.195968
 1.445133 0.067664 -0.123216
 1.507964 0.063729 -0.032463
 1.570796 0.060232 -0.078901
 1.633628 0.055550 -0.051454
 1.696460 0.054271 0.002064
 1.759292 0.055881 0.068852
 1.822124 0.063967 0.172639
 1.884956 0.075033 0.174861
 1.947787 0.086312 0.191917
 2.010619 0.099385 0.213115
 2.073451 0.113243 0.268673
 2.136283 0.138458 0.531780
 2.199115 0.174226 0.574451
 2.261947 0.212431 0.670529
 2.324779 0.256417 0.683759
 2.387610 0.296621 0.637596
 2.450442 0.343859 0.909311
 2.513274 0.405238 0.927262
 2.576106 0.452123 0.619954
 2.638938 0.491251 0.616400
 2.701770 0.521719 0.323098
 2.764602 0.529269 -0.108910
 2.827433 0.506507 -0.570981
 2.890265 0.460881 -0.885510
 2.953097 0.394225 -1.207459
 3.015929 0.310883 -1.413684
 3.078761 0.225135 -1.226665
