#! FIELDS phi9 ffphi9 dffphi9_phi9
#! SET min_phi9 -pi
#! SET max_phi9 pi
#! SET nbins_phi9  100
#! SET periodic_phi9 true
 -3.141593 22.800328 39.586653
 -3.078761 24.280673 -7.028857
 -3.015929 23.529958 -0.340983
 -2.953097 24.853927 38.800483
 -2.890265 26.701808 6.521441
 -2.827433 26.668773 2.782990
 -2.764602 27.140395 9.871935
 -2.701770 28.027263 17.817951
 -2.638938 27.858453 -31.463158
 -2.576106 26.095286 -11.124980
 -2.513274 26.812469 29.497953
 -2.450442 28.155524 1.297474
 -2.387610 27.898445 -2.118957
 -2.324779 27.520892 -14.253210
 -2.261947 26.220032 -23.759758
 -2.199115 24.875089 -18.475709
 -2.136283 23.262591 -43.536234
 -2.073451 19.680073 -56.761548
 -2.010619 16.719781 -40.714273
 -1.947787 14.130487 -44.004203
 -1.884956 11.299529 -40.062273
 -1.822124 9.624692 -15.629806
 -1.759292 8.425406 -25.505683
 -1.696460 6.824672 -31.873014
 -1.633628 3.023347 -74.232742
 -1.570796 -0.407428 -30.481266
 -1.507964 -0.917823 10.350829
 -1.445133 0.239093 20.828168
 -1.382301 0.805681 -8.560479
 -1.319469 -0.358687 -20.742854
 -1.256637 -1.332460 -9.520540
 -1.193805 -1.477484 5.594965
 -1.130973 -0.755650 14.210705
 -1.068142 -0.044211 7.495052
 -1.005310 -0.031375 -11.838100
 -0.942478 -1.191999 -13.012959
 -0.879646 -0.576643 35.664812
 -0.816814 3.271354 83.739656
 -0.753982 9.147265 94.123360
 -0.691150 14.442291 68.232568
 -0.628319 18.584725 63.566933
 -0.565487 22.907509 72.444211
 -0.502655 28.079038 93.436610
 -0.439823 34.805575 108.039389
 -0.376991 41.985635 105.266106
 -0.314159 49.969601 139.784986
 -0.251327 61.276166 180.183716
 -0.188496 inf nan
 -0.125664 inf nan
 -0.062832 inf nan
 0.000000 inf nan
 0.062832 inf nan
 0.125664 inf nan
 0.188496 inf nan
 0.251327 inf nan
 0.314159 inf nan
 0.376991 inf nan
 0.439823 inf nan
 0.502655 inf nan
 0.565487 inf nan
 0.628319 inf nan
 0.691150 inf nan
 0.753982 inf nan
 0.816814 inf nan
 0.879646 inf nan
 0.942478 inf nan
 1.005310 inf nan
 1.068142 inf nan
 1.130973 inf nan
 1.193805 inf nan
 1.256637 inf nan
 1.319469 inf nan
 1.382301 inf nan
 1.445133 inf nan
 1.507964 inf nan
 1.570796 inf nan
 1.633628 inf nan
 1.696460 inf nan
 1.759292 inf nan
 1.822124 inf nan
 1.884956 inf nan
 1.947787 inf nan
 2.010619 inf nan
 2.073451 inf nan
 2.136283 inf nan
 2.199115 inf nan
 2.261947 67.277908 -210.813850
 2.324779 56.001535 -148.124248
 2.387610 47.129357 -142.430312
 2.450442 37.750640 -140.694010
 2.513274 30.616343 -83.846355
 2.576106 27.302407 -21.555844
 2.638938 27.893554 39.904310
 2.701770 31.773300 61.760508
 2.764602 30.542524 -67.425358
 2.827433 27.057373 -40.069894
 2.890265 25.328027 -19.795137
 2.953097 23.738178 -33.575373
 3.015929 21.739534 -23.755304
 3.078761 21.179549 7.964262
