#! FIELDS phi2 ffphi2 dffphi2_phi2
#! SET min_phi2 -pi
#! SET max_phi2 pi
#! SET nbins_phi2  100
#! SET periodic_phi2 true
 -3.141593 16.533256 -53.684691
 -3.078761 13.530037 -41.947446
 -3.015929 11.195993 -32.801189
 -2.953097 9.334685 -27.288217
 -2.890265 7.677869 -25.951266
 -2.827433 6.062417 -24.834014
 -2.764602 4.647559 -19.953031
 -2.701770 3.531078 -16.303198
 -2.638938 2.546387 -14.208513
 -2.576106 1.848881 -8.543734
 -2.513274 1.382514 -5.993595
 -2.450442 1.138132 -2.145249
 -2.387610 1.089481 0.531702
 -2.324779 1.141676 0.479266
 -2.261947 1.139001 -0.247469
 -2.199115 1.168685 1.668034
 -2.136283 1.395065 5.158943
 -2.073451 1.690354 3.456117
 -2.010619 1.869505 2.723489
 -1.947787 2.010644 1.388244
 -1.884956 2.113420 2.787220
 -1.822124 2.388897 5.302448
 -1.759292 2.615045 0.467864
 -1.696460 2.457829 -4.157611
 -1.633628 2.240461 -2.304610
 -1.570796 2.145624 -1.674478
 -1.507964 1.904850 -6.269552
 -1.445133 1.451837 -6.916551
 -1.382301 1.131631 -3.616299
 -1.319469 0.914384 -3.348777
 -1.256637 0.767993 -1.145952
 -1.193805 0.774413 1.628351
 -1.130973 1.005044 5.448936
 -1.068142 1.416584 7.616432
 -1.005310 2.036502 12.770798
 -0.942478 2.967096 15.223302
 -0.879646 3.902280 15.893521
 -0.816814 5.145958 23.762194
 -0.753982 6.776827 26.887760
 -0.691150 8.537294 29.925183
 -0.628319 10.560272 32.734748
 -0.565487 12.458797 27.500837
 -0.502655 14.202379 28.609645
 -0.439823 16.052900 29.745877
 -0.376991 17.963425 30.789107
 -0.314159 19.851891 28.047590
 -0.251327 21.474040 24.088191
 -0.188496 22.930298 21.244417
 -0.125664 24.071921 15.431842
 -0.062832 24.952438 12.135149
 0.000000 25.524446 5.769096
 0.062832 25.674751 -1.200593
 0.125664 25.357467 -9.097562
 0.188496 24.569104 -15.340339
 0.251327 23.479576 -19.503686
 0.314159 22.103912 -23.701055
 0.376991 20.609789 -23.833327
 0.439823 19.001542 -28.024300
 0.502655 17.118919 -31.205993
 0.565487 15.201694 -28.607011
 0.628319 13.574580 -23.932288
 0.691150 12.172037 -19.327463
 0.753982 11.304367 -8.949104
 0.816814 10.744587 -10.628891
 0.879646 10.103626 -7.583304
 0.942478 9.899812 0.497455
 1.005310 10.059063 4.450547
 1.068142 10.578645 13.100374
 1.130973 11.687364 20.728638
 1.193805 13.061237 23.553624
 1.256637 14.846754 33.950337
 1.319469 17.287320 42.654920
 1.382301 20.154572 48.069026
 1.445133 23.426187 56.356240
 1.507964 27.272299 63.591246
 1.570796 31.308137 62.935190
 1.633628 35.511652 71.217654
 1.696460 40.377965 78.471340
 1.759292 45.207332 71.524363
 1.822124 49.644509 66.356799
 1.884956 53.511701 53.878027
 1.947787 56.705507 47.135813
 2.010619 59.348999 34.704549
 2.073451 61.115390 21.868990
 2.136283 62.170701 11.010413
 2.199115 62.442548 -2.428123
 2.261947 61.969409 -12.363720
 2.324779 60.780456 -26.078915
 2.387610 58.777234 -36.917012
 2.450442 56.216200 -43.949389
 2.513274 53.231865 -52.013466
 2.576106 49.705706 -58.398113
 2.638938 46.010769 -60.150470
 2.701770 42.011121 -66.128554
 2.764602 37.972697 -61.408336
 2.827433 34.206893 -59.545423
 2.890265 30.426587 -60.431959
 2.953097 26.755194 -55.111067
 3.015929 23.496711 -50.577622
 3.078761 20.108406 -57.512013
