#! FIELDS phi3 ffphi3 dffphi3_phi3
#! SET min_phi3 -pi
#! SET max_phi3 pi
#! SET nbins_phi3  100
#! SET periodic_phi3 true
 -3.141593 21.548652 -52.614640
 -3.078761 18.392065 -47.878131
 -3.015929 15.568691 -41.575322
 -2.953097 13.154543 -35.775813
 -2.890265 11.057602 -30.734100
 -2.827433 9.282803 -26.019630
 -2.764602 7.805800 -20.719919
 -2.701770 6.636282 -17.317034
 -2.638938 5.616965 -14.246348
 -2.576106 4.925083 -8.180826
 -2.513274 4.456003 -7.946717
 -2.450442 3.838986 -11.275550
 -2.387610 3.233221 -6.689312
 -2.324779 2.959666 -3.567519
 -2.261947 2.676512 -4.963751
 -2.199115 2.445820 -2.147895
 -2.136283 2.339618 -2.051921
 -2.073451 2.173574 -2.858016
 -2.010619 2.000928 -2.638086
 -1.947787 1.863222 -1.880602
 -1.884956 1.692279 -4.178622
 -1.822124 1.352809 -5.984317
 -1.759292 1.025413 -3.849323
 -1.696460 0.902722 -0.755670
 -1.633628 0.775035 -3.999124
 -1.570796 0.464081 -4.999562
 -1.507964 0.196743 -3.757983
 -1.445133 -0.054060 -4.398856
 -1.382301 -0.306728 -2.881229
 -1.319469 -0.342089 1.667536
 -1.256637 -0.178003 3.064093
 -1.193805 0.121569 7.549959
 -1.130973 0.811562 13.722309
 -1.068142 1.769058 16.710938
 -1.005310 2.957834 21.163032
 -0.942478 4.430523 25.628014
 -0.879646 6.173826 29.345344
 -0.816814 8.080505 30.991692
 -0.753982 10.138131 34.958894
 -0.691150 12.500491 39.057658
 -0.628319 14.942819 38.438979
 -0.565487 17.469617 42.033026
 -0.502655 20.230345 44.995968
 -0.439823 23.029056 42.060876
 -0.376991 25.519399 37.920962
 -0.314159 27.960920 39.225678
 -0.251327 30.494837 41.420519
 -0.188496 33.093215 38.724310
 -0.125664 35.262294 30.720239
 -0.062832 37.118233 27.526771
 0.000000 38.538411 16.949383
 0.062832 39.372144 10.060773
 0.125664 39.797815 2.842317
 0.188496 39.667804 -7.476736
 0.251327 38.837970 -18.371837
 0.314159 37.554207 -21.127175
 0.376991 36.140666 -25.546025
 0.439823 34.278180 -32.435529
 0.502655 32.243035 -31.693678
 0.565487 30.292841 -30.686877
 0.628319 28.393150 -29.436091
 0.691150 26.614520 -27.037649
 0.753982 25.056920 -21.998241
 0.816814 23.852052 -16.808596
 0.879646 22.908777 -13.139249
 0.942478 22.240190 -7.668441
 1.005310 22.002528 0.209693
 1.068142 22.226027 6.407234
 1.130973 22.795844 12.012054
 1.193805 23.785018 19.617770
 1.256637 25.270309 27.433135
 1.319469 27.157377 31.509247
 1.382301 29.250927 36.278411
 1.445133 31.842261 45.351601
 1.507964 34.833583 48.441143
 1.570796 37.925515 49.708891
 1.633628 41.226313 55.089953
 1.696460 44.887524 59.382392
 1.759292 48.727598 62.057597
 1.822124 52.733248 62.734871
 1.884956 56.653734 60.680799
 1.947787 60.542434 61.802779
 2.010619 64.518736 62.269608
 2.073451 68.279920 54.885517
 2.136283 71.536783 48.122769
 2.199115 74.404660 42.434928
 2.261947 76.912464 33.943113
 2.324779 77.407979 -29.954591
 2.387610 74.254065 -58.384930
 2.450442 70.334263 -67.295058
 2.513274 65.862711 -74.116842
 2.576106 61.097758 -76.637167
 2.638938 56.304115 -75.966044
 2.701770 51.464555 -78.224373
 2.764602 46.560274 -76.858254
 2.827433 41.843717 -73.415456
 2.890265 37.300675 -71.108553
 2.953097 32.941499 -67.412560
 3.015929 28.828534 -63.346408
 3.078761 25.016161 -57.856225
