#! FIELDS psi3 ffpsi3 dffpsi3_psi3
#! SET min_psi3 -pi
#! SET max_psi3 pi
#! SET nbins_psi3  100
#! SET periodic_psi3 true
 -3.141593 8.053521 13.458308
 -3.078761 9.316147 27.302643
 -3.015929 11.141926 26.443707
 -2.953097 12.491893 18.252258
 -2.890265 13.705169 20.892142
 -2.827433 15.232023 29.660985
 -2.764602 17.511532 37.450199
 -2.701770 18.832534 4.464372
 -2.638938 19.056734 8.687418
 -2.576106 20.345907 33.651698
 -2.513274 23.199235 52.822189
 -2.450442 25.655687 16.555058
 -2.387610 26.186133 7.182696
 -2.324779 26.484414 0.307137
 -2.261947 26.400355 0.241702
 -2.199115 26.806030 12.489182
 -2.136283 27.569669 7.444250
 -2.073451 27.718932 1.200958
 -2.010619 28.032824 7.887726
 -1.947787 28.501458 6.828468
 -1.884956 28.995666 9.401452
 -1.822124 29.783971 17.110638
 -1.759292 31.091821 19.067655
 -1.696460 31.382899 -8.816688
 -1.633628 30.624163 -12.133653
 -1.570796 30.114046 -4.958352
 -1.507964 28.874393 -43.972003
 -1.445133 25.635699 -46.896369
 -1.382301 23.452664 -24.309832
 -1.319469 21.954682 -31.238358
 -1.256637 19.101041 -54.501106
 -1.193805 15.881492 -43.792209
 -1.130973 13.775223 -24.966523
 -1.068142 12.387149 -20.768807
 -1.005310 11.101530 -21.688641
 -0.942478 9.449817 -30.344127
 -0.879646 7.559804 -27.786367
 -0.816814 6.140397 -16.657600
 -0.753982 5.328939 -12.161016
 -0.691150 4.361021 -18.235077
 -0.628319 3.223021 -16.325008
 -0.565487 2.443791 -8.571602
 -0.502655 2.024401 -6.212616
 -0.439823 1.502242 -10.787971
 -0.376991 0.793818 -10.199693
 -0.314159 0.359236 -3.303996
 -0.251327 0.288942 -0.658410
 -0.188496 0.146505 -3.062343
 -0.125664 0.081707 1.476325
 -0.062832 0.307307 5.399908
 0.000000 0.705993 6.233049
 0.062832 0.955262 1.776014
 0.125664 1.170220 7.179680
 0.188496 1.856831 12.099115
 0.251327 2.378767 4.293642
 0.314159 2.623353 5.405844
 0.376991 3.136867 9.281677
 0.439823 3.498872 2.270566
 0.502655 3.743647 7.068529
 0.565487 4.158547 2.335241
 0.628319 3.965745 -4.971264
 0.691150 4.005901 7.695333
 0.753982 4.721173 11.630165
 0.816814 5.310297 7.828413
 0.879646 5.753486 6.155802
 0.942478 6.008557 1.249374
 1.005310 5.978156 -1.565364
 1.068142 5.907290 0.921755
 1.130973 6.315028 12.295272
 1.193805 7.003586 3.471572
 1.256637 6.711722 -7.516361
 1.319469 6.565372 4.395524
 1.382301 7.086015 7.503728
 1.445133 7.046471 -8.417172
 1.507964 6.417954 -7.366426
 1.570796 6.458033 8.338048
 1.633628 7.227640 13.306949
 1.696460 7.561442 -6.029213
 1.759292 6.955762 -7.256397
 1.822124 6.732813 -3.164596
 1.884956 6.435246 -3.743556
 1.947787 6.480597 3.670876
 2.010619 6.435948 -7.231711
 2.073451 5.847299 -8.620165
 2.136283 5.400141 -5.766653
 2.199115 5.245889 1.264625
 2.261947 5.390482 1.371763
 2.324779 5.385573 -0.657727
 2.387610 5.345638 -0.952629
 2.450442 5.163135 -6.027397
 2.513274 4.618740 -9.385909
 2.576106 4.246735 -1.273572
 2.638938 4.385817 3.497840
 2.701770 4.517347 1.101566
 2.764602 4.601914 1.487009
 2.827433 4.715348 2.873553
 2.890265 5.064967 8.158604
 2.953097 5.634142 9.250147
 3.015929 6.292354 12.775139
 3.078761 7.229010 14.990003
