#! FIELDS phi4 ffphi4 dffphi4_phi4
#! SET min_phi4 -pi
#! SET max_phi4 pi
#! SET nbins_phi4  100
#! SET periodic_phi4 true
 -3.141593 13.365009 -46.817939
 -3.078761 10.632142 -40.468637
 -3.015929 8.303379 -34.061243
 -2.953097 6.192588 -33.993001
 -2.890265 4.147524 -29.123334
 -2.827433 2.681338 -17.567019
 -2.764602 1.839010 -10.535863
 -2.701770 1.201344 -10.310981
 -2.638938 0.597796 -8.131223
 -2.576106 0.268306 -1.620071
 -2.513274 0.428265 5.946733
 -2.450442 0.839391 5.787263
 -2.387610 1.124023 4.107685
 -2.324779 1.493749 7.929558
 -2.261947 2.034363 8.147880
 -2.199115 2.497350 7.335818
 -2.136283 3.015538 8.480184
 -2.073451 3.412493 3.137336
 -2.010619 3.474496 0.244982
 -1.947787 3.506917 0.109557
 -1.884956 3.451219 -1.860944
 -1.822124 3.242325 -4.933164
 -1.759292 2.889937 -5.883720
 -1.696460 2.497202 -7.137698
 -1.633628 1.929808 -10.843732
 -1.570796 1.262024 -9.152242
 -1.507964 0.834175 -4.955150
 -1.445133 0.576543 -3.627265
 -1.382301 0.383571 -1.349590
 -1.319469 0.585341 7.502088
 -1.256637 1.072782 6.594637
 -1.193805 1.590910 12.018375
 -1.130973 2.584108 17.724970
 -1.068142 3.697684 18.247167
 -1.005310 5.003832 23.703637
 -0.942478 6.661273 28.049677
 -0.879646 8.449199 28.897095
 -0.816814 10.397634 33.032022
 -0.753982 12.534088 34.183839
 -0.691150 14.739576 36.248121
 -0.628319 17.100142 37.958476
 -0.565487 19.512991 39.024068
 -0.502655 22.074646 41.292268
 -0.439823 24.555663 36.510180
 -0.376991 26.677100 31.133121
 -0.314159 28.656289 32.562433
 -0.251327 30.714262 31.037505
 -0.188496 32.479558 25.150229
 -0.125664 33.900850 20.009275
 -0.062832 34.973894 12.491844
 0.000000 35.354181 -0.101928
 0.062832 35.023352 -10.265269
 0.125664 34.104698 -18.380253
 0.188496 32.856766 -20.890189
 0.251327 31.239305 -32.995233
 0.314159 28.925534 -36.734275
 0.376991 26.728043 -35.378107
 0.439823 24.259344 -43.564750
 0.502655 21.352252 -46.846068
 0.565487 18.612100 -39.995519
 0.628319 16.236087 -36.391561
 0.691150 13.976684 -35.804027
 0.753982 11.819333 -31.445142
 0.816814 10.079208 -25.191412
 0.879646 8.493490 -24.769214
 0.942478 7.212073 -14.473629
 1.005310 6.651360 -4.770741
 1.068142 6.511800 0.701529
 1.130973 6.816995 9.198392
 1.193805 7.717579 20.280952
 1.256637 9.401613 32.299577
 1.319469 11.631394 38.281177
 1.382301 14.295885 46.482854
 1.445133 17.466890 53.438498
 1.507964 21.016107 58.566099
 1.570796 24.970529 67.008254
 1.633628 29.417109 70.007018
 1.696460 33.619570 62.235322
 1.759292 37.673780 65.332903
 1.822124 41.790040 62.039222
 1.884956 45.563722 56.560879
 1.947787 49.022869 51.619163
 2.010619 52.089703 45.574313
 2.073451 54.760685 34.791453
 2.136283 56.316410 17.014323
 2.199115 56.797269 -2.609908
 2.261947 56.573210 -1.562795
 2.324779 56.316429 -12.247376
 2.387610 54.854638 -30.299696
 2.450442 52.788833 -36.673475
 2.513274 50.074777 -49.107695
 2.576106 46.771402 -55.644361
 2.638938 43.127132 -59.091783
 2.701770 39.470066 -57.671455
 2.764602 35.700228 -63.359390
 2.827433 31.583760 -65.818731
 2.890265 27.605902 -60.326791
 2.953097 23.937420 -57.674787
 3.015929 20.245275 -59.510001
 3.078761 16.590270 -55.677404
