#! FIELDS psi2 ffpsi2 dffpsi2_psi2
#! SET min_psi2 -pi
#! SET max_psi2 pi
#! SET nbins_psi2  100
#! SET periodic_psi2 true
 -3.141593 15.778127 38.819771
 -3.078761 17.865282 38.695090
 -3.015929 21.461759 75.266376
 -2.953097 27.162981 103.911268
 -2.890265 33.546755 69.332420
 -2.827433 37.087446 61.537704
 -2.764602 42.906507 123.806402
 -2.701770 52.654918 186.495141
 -2.638938 inf nan
 -2.576106 inf nan
 -2.513274 inf nan
 -2.450442 inf nan
 -2.387610 inf nan
 -2.324779 inf nan
 -2.261947 inf nan
 -2.199115 inf nan
 -2.136283 inf nan
 -2.073451 inf nan
 -2.010619 inf nan
 -1.947787 inf nan
 -1.884956 inf nan
 -1.822124 inf nan
 -1.759292 inf nan
 -1.696460 inf nan
 -1.633628 inf nan
 -1.570796 inf nan
 -1.507964 inf nan
 -1.445133 inf nan
 -1.382301 inf nan
 -1.319469 inf nan
 -1.256637 inf nan
 -1.193805 inf nan
 -1.130973 inf nan
 -1.068142 inf nan
 -1.005310 inf nan
 -0.942478 inf nan
 -0.879646 inf nan
 -0.816814 inf nan
 -0.753982 inf nan
 -0.691150 inf nan
 -0.628319 inf nan
 -0.565487 inf nan
 -0.502655 48.532098 -216.943686
 -0.439823 36.812189 -155.866355
 -0.376991 28.847802 -99.030203
 -0.314159 24.010489 -59.328135
 -0.251327 20.818500 -45.472591
 -0.188496 18.160842 -37.769326
 -0.125664 16.312550 -22.300814
 -0.062832 14.819604 -25.571202
 0.000000 13.644969 -9.631834
 0.062832 13.526490 4.449725
 0.125664 13.637849 -8.089097
 0.188496 12.587387 -17.792940
 0.251327 11.909594 -5.167632
 0.314159 11.466265 -10.468745
 0.376991 10.922585 -3.986266
 0.439823 11.045908 6.599756
 0.502655 11.392736 1.643191
 0.565487 11.212382 -6.974278
 0.628319 10.523910 -13.233596
 0.691150 9.955938 -3.075548
 0.753982 9.948070 -0.726100
 0.816814 9.658464 -7.379171
 0.879646 9.225581 -5.090257
 0.942478 9.035791 -3.048570
 1.005310 8.624248 -8.940409
 1.068142 8.069548 -9.521914
 1.130973 7.409008 -9.677608
 1.193805 6.955864 -6.430296
 1.256637 6.425309 -9.688955
 1.319469 5.877240 -7.644784
 1.382301 5.453972 -6.009295
 1.445133 5.041738 -7.600738
 1.507964 4.536553 -8.346627
 1.570796 3.950099 -10.110375
 1.633628 3.391814 -7.099655
 1.696460 2.980326 -7.275359
 1.759292 2.386550 -11.399672
 1.822124 1.672386 -10.120277
 1.884956 1.229263 -3.788976
 1.947787 1.095314 -1.957743
 2.010619 0.897843 -3.870975
 2.073451 0.685327 -2.642419
 2.136283 0.578012 -1.042097
 2.199115 0.496077 -1.981027
 2.261947 0.273010 -5.573021
 2.324779 -0.142995 -6.478936
 2.387610 -0.457147 -3.590260
 2.450442 -0.572312 0.298948
 2.513274 -0.455442 2.552479
 2.576106 -0.241637 5.360041
 2.638938 0.329868 12.773491
 2.701770 1.302064 17.564986
 2.764602 2.478371 19.441051
 2.827433 3.818587 24.466949
 2.890265 5.682052 33.995670
 2.953097 7.681793 26.331624
 3.015929 9.400730 34.603677
 3.078761 12.409578 58.610357
