#! FIELDS phi3 ffphi3 dffphi3_phi3
#! SET min_phi3 -pi
#! SET max_phi3 pi
#! SET nbins_phi3  100
#! SET periodic_phi3 true
 -3.141593 21.227451 -50.903293
 -3.078761 18.214059 -46.024058
 -3.015929 15.382650 -43.708433
 -2.953097 12.802971 -37.992162
 -2.890265 10.649766 -30.291912
 -2.827433 8.956600 -24.306686
 -2.764602 7.586001 -18.735921
 -2.701770 6.610038 -13.302490
 -2.638938 5.779566 -13.339814
 -2.576106 4.994033 -11.180386
 -2.513274 4.419501 -7.064796
 -2.450442 4.011524 -7.202452
 -2.387610 3.450401 -10.159327
 -2.324779 2.838004 -8.779663
 -2.261947 2.377055 -5.754482
 -2.199115 2.119682 -2.926907
 -2.136283 1.940486 -2.603122
 -2.073451 1.876205 0.548013
 -2.010619 1.870611 -2.032101
 -1.947787 1.602936 -5.686407
 -1.884956 1.333048 -1.694810
 -1.822124 1.356181 0.958088
 -1.759292 1.349466 -1.298727
 -1.696460 1.150723 -5.239671
 -1.633628 0.807595 -4.494483
 -1.570796 0.587801 -3.625693
 -1.507964 0.272321 -5.902625
 -1.445133 -0.055476 -4.304262
 -1.382301 -0.234262 -1.004868
 -1.319469 -0.235611 -0.154126
 -1.256637 -0.237215 1.597925
 -1.193805 0.124716 10.239588
 -1.130973 1.009766 16.951786
 -1.068142 2.086087 16.029892
 -1.005310 3.056608 16.220250
 -0.942478 4.262818 22.182242
 -0.879646 5.810367 26.901052
 -0.816814 7.742470 35.422530
 -0.753982 10.216584 40.985739
 -0.691150 12.747911 39.795644
 -0.628319 15.277926 39.176059
 -0.565487 17.658685 37.311420
 -0.502655 20.116794 40.927606
 -0.439823 22.820228 43.340947
 -0.376991 25.428020 39.628334
 -0.314159 28.084483 44.716146
 -0.251327 30.726558 35.224990
 -0.188496 32.655083 29.526309
 -0.125664 34.756874 36.193300
 -0.062832 36.869769 28.278765
 0.000000 38.198261 13.560078
 0.062832 38.681372 2.768226
 0.125664 38.570548 -6.718514
 0.188496 37.858378 -15.596495
 0.251327 36.632420 -23.626837
 0.314159 34.895742 -30.841127
 0.376991 32.860835 -34.180699
 0.439823 30.507967 -40.429175
 0.502655 27.925235 -40.844678
 0.565487 25.413237 -39.466691
 0.628319 22.897372 -40.448165
 0.691150 20.462817 -36.109713
 0.753982 18.347965 -31.653904
 0.816814 16.551238 -24.427863
 0.879646 15.286485 -17.045437
 0.942478 14.275444 -15.062804
 1.005310 13.535694 -7.116956
 1.068142 13.458695 4.324853
 1.130973 14.015919 13.687344
 1.193805 15.303951 27.324692
 1.256637 17.177310 29.441522
 1.319469 19.087316 34.271060
 1.382301 21.692621 47.589327
 1.445133 24.900734 53.237961
 1.507964 28.454763 59.555249
 1.570796 32.495857 67.096480
 1.633628 36.803707 67.449026
 1.696460 41.151209 69.922547
 1.759292 45.704219 70.883772
 1.822124 49.983032 62.816493
 1.884956 53.962147 62.884176
 1.947787 57.921485 59.196419
 2.010619 61.278363 46.592164
 2.073451 64.087243 41.991424
 2.136283 66.352291 27.646613
 2.199115 67.671924 14.536021
 2.261947 68.202648 5.218200
 2.324779 68.644463 4.440792
 2.387610 67.830535 -29.723027
 2.450442 65.602143 -38.722255
 2.513274 62.878348 -49.534670
 2.576106 59.335791 -62.481517
 2.638938 55.147587 -69.731279
 2.701770 50.655550 -72.853425
 2.764602 46.000207 -75.073422
 2.827433 41.312043 -73.157190
 2.890265 36.860368 -68.614072
 2.953097 32.637908 -66.055386
 3.015929 28.566066 -63.403784
 3.078761 24.692274 -59.202150
