#! FIELDS phi3 ffphi3 dffphi3_phi3
#! SET min_phi3 -pi
#! SET max_phi3 pi
#! SET nbins_phi3  100
#! SET periodic_phi3 true
 -3.141593 22.570436 -50.737444
 -3.078761 19.513536 -47.140461
 -3.015929 16.625596 -44.564055
 -2.953097 13.886140 -42.499923
 -2.890265 11.455757 -33.495652
 -2.827433 9.664204 -24.552969
 -2.764602 8.308763 -18.302516
 -2.701770 7.401871 -10.934080
 -2.638938 6.776153 -10.661198
 -2.576106 5.964260 -14.528261
 -2.513274 5.114185 -11.658979
 -2.450442 4.430366 -11.816873
 -2.387610 3.583238 -13.370427
 -2.324779 2.969517 -6.043664
 -2.261947 2.672653 -4.540587
 -2.199115 2.413273 -3.187900
 -2.136283 2.231240 -3.353051
 -2.073451 2.042453 -1.815657
 -2.010619 1.927593 -3.322809
 -1.947787 1.604905 -6.083734
 -1.884956 1.326560 -1.386250
 -1.822124 1.396173 1.002033
 -1.759292 1.167904 -7.909223
 -1.696460 0.731999 -3.524407
 -1.633628 0.711311 -0.055016
 -1.570796 0.336380 -11.715021
 -1.507964 -0.275260 -4.003325
 -1.445133 -0.158702 4.255881
 -1.382301 -0.051253 0.268514
 -1.319469 0.060693 2.476643
 -1.256637 0.083967 -1.532879
 -1.193805 0.108514 4.172957
 -1.130973 0.691979 13.979530
 -1.068142 1.719362 17.046548
 -1.005310 2.768873 17.164148
 -0.942478 4.005216 22.605114
 -0.879646 5.645742 29.264208
 -0.816814 7.599782 32.417149
 -0.753982 9.808908 37.989979
 -0.691150 12.248232 37.897734
 -0.628319 14.634246 39.023064
 -0.565487 17.261709 43.327433
 -0.502655 19.916319 40.441311
 -0.439823 22.548229 44.216073
 -0.376991 25.478644 46.642662
 -0.314159 28.179143 38.685588
 -0.251327 30.582335 37.565711
 -0.188496 32.840570 34.090510
 -0.125664 35.028604 34.224649
 -0.062832 36.861854 23.495985
 0.000000 38.337380 24.874294
 0.062832 39.769932 17.689712
 0.125664 40.515587 7.160028
 0.188496 40.746248 -0.329605
 0.251327 40.367264 -12.734653
 0.314159 39.133630 -25.177358
 0.376991 37.416571 -28.629627
 0.439823 35.574782 -29.891470
 0.502655 33.610291 -33.374943
 0.565487 31.401870 -35.490077
 0.628319 29.305497 -31.190178
 0.691150 27.391400 -30.292002
 0.753982 25.563398 -26.754062
 0.816814 24.059289 -21.787408
 0.879646 22.825617 -16.704753
 0.942478 22.005712 -9.600285
 1.005310 21.576368 -4.476189
 1.068142 21.486078 3.116664
 1.130973 22.115540 16.314701
 1.193805 23.302226 19.835859
 1.256637 24.633881 23.820970
 1.319469 26.435882 33.356112
 1.382301 28.725975 38.435680
 1.445133 31.267783 42.428416
 1.507964 34.130733 48.469672
 1.570796 37.416391 55.280416
 1.633628 41.004639 56.490482
 1.696460 44.522117 54.772553
 1.759292 48.119244 59.429250
 1.822124 52.057526 63.849056
 1.884956 56.145956 64.547002
 1.947787 60.269990 63.881534
 2.010619 64.199215 58.464404
 2.073451 67.675743 50.128471
 2.136283 70.677834 44.900892
 2.199115 73.526366 46.602482
 2.261947 76.423573 42.418813
 2.324779 77.716635 -23.414355
 2.387610 74.832379 -51.296562
 2.450442 71.178085 -65.716969
 2.513274 66.916200 -69.846127
 2.576106 62.152321 -81.270375
 2.638938 57.069303 -78.667460
 2.701770 52.202571 -76.904297
 2.764602 47.399346 -75.958697
 2.827433 42.637270 -75.123407
 2.890265 37.983333 -73.767882
 2.953097 33.336879 -72.142746
 3.015929 29.226529 -57.944942
 3.078761 25.842609 -52.325368
