#! FIELDS phi4 ffphi4 dffphi4_phi4
#! SET min_phi4 -pi
#! SET max_phi4 pi
#! SET nbins_phi4  100
#! SET periodic_phi4 true
 -3.141593 12.521751 -50.222044
 -3.078761 9.669321 -40.478051
 -3.015929 7.304414 -36.095515
 -2.953097 5.152285 -30.968485
 -2.890265 3.509461 -21.924878
 -2.827433 2.236385 -19.764119
 -2.764602 1.020440 -17.641052
 -2.701770 0.187485 -8.624827
 -2.638938 -0.148086 -2.531252
 -2.576106 -0.036812 7.163089
 -2.513274 0.656802 11.463973
 -2.450442 0.965010 -1.250606
 -2.387610 0.975251 4.040767
 -2.324779 1.446354 9.683324
 -2.261947 2.044640 8.128793
 -2.199115 2.464789 6.167536
 -2.136283 2.846984 5.111361
 -2.073451 3.058399 2.314426
 -2.010619 3.238856 3.151516
 -1.947787 3.394640 1.548027
 -1.884956 3.331578 -4.558443
 -1.822124 2.955877 -5.136171
 -1.759292 2.747779 -3.205016
 -1.696460 2.371215 -8.498549
 -1.633628 1.856830 -6.653427
 -1.570796 1.560915 -3.470530
 -1.507964 1.341347 -3.556803
 -1.445133 1.181993 -1.168864
 -1.382301 1.142976 -0.756196
 -1.319469 1.138765 1.989402
 -1.256637 1.524563 10.097529
 -1.193805 2.242788 11.399346
 -1.130973 3.016147 14.830891
 -1.068142 4.216506 22.714701
 -1.005310 5.685584 22.608082
 -0.942478 7.109960 23.898465
 -0.879646 8.762470 28.069821
 -0.816814 10.606321 30.402202
 -0.753982 12.614811 33.530817
 -0.691150 14.832337 36.072935
 -0.628319 17.073153 34.971167
 -0.565487 19.329514 36.524830
 -0.502655 21.576573 34.000661
 -0.439823 23.737848 35.892667
 -0.376991 26.142604 39.074179
 -0.314159 28.474342 33.832697
 -0.251327 30.438763 28.897743
 -0.188496 32.168334 25.795697
 -0.125664 33.683096 22.258264
 -0.062832 34.960817 17.419958
 0.000000 35.740779 6.421573
 0.062832 35.764545 -5.043511
 0.125664 35.164632 -14.455387
 0.188496 33.914155 -25.225200
 0.251327 32.030935 -34.266904
 0.314159 29.702937 -38.966121
 0.376991 27.223337 -39.772599
 0.439823 24.622668 -43.549700
 0.502655 21.854106 -43.319666
 0.565487 19.207334 -41.347426
 0.628319 16.630871 -40.589688
 0.691150 14.169925 -36.759282
 0.753982 12.081536 -30.156894
 0.816814 10.319191 -25.517022
 0.879646 8.953343 -18.200472
 0.942478 7.936626 -14.416587
 1.005310 7.201808 -8.276952
 1.068142 6.981379 1.760610
 1.130973 7.435846 12.504678
 1.193805 8.528135 21.760851
 1.256637 10.084185 27.575990
 1.319469 12.130082 38.362550
 1.382301 14.877133 47.672292
 1.445133 18.072576 53.249590
 1.507964 21.602528 58.268484
 1.570796 25.493067 64.507819
 1.633628 29.752163 68.531503
 1.696460 34.149112 69.074569
 1.759292 38.546556 67.491097
 1.822124 42.746162 63.879247
 1.884956 46.700712 59.305840
 1.947787 50.164221 48.439669
 2.010619 52.895775 38.283847
 2.073451 55.128355 32.852148
 2.136283 57.036205 26.116105
 2.199115 58.086671 4.088535
 2.261947 57.665058 -14.054825
 2.324779 56.591688 -20.238081
 2.387610 54.931175 -33.646911
 2.450442 52.451716 -44.149416
 2.513274 49.446982 -51.309640
 2.576106 46.025352 -57.218648
 2.638938 42.301821 -61.051412
 2.701770 38.394019 -62.690307
 2.764602 34.480407 -62.077878
 2.827433 30.494217 -65.028225
 2.890265 26.445785 -62.185485
 2.953097 22.755353 -55.906257
 3.015929 19.294541 -54.818657
 3.078761 15.853066 -54.570169
