#! FIELDS phi2 ffphi2 dffphi2_phi2
#! SET min_phi2 -pi
#! SET max_phi2 pi
#! SET nbins_phi2  100
#! SET periodic_phi2 true
 -3.141593 16.474770 -50.407746
 -3.078761 13.444015 -44.246119
 -3.015929 10.922486 -37.045899
 -2.953097 8.699020 -33.631664
 -2.890265 6.786666 -26.418066
 -2.827433 5.401473 -18.175551
 -2.764602 4.389372 -15.486874
 -2.701770 3.310688 -18.173799
 -2.638938 2.367206 -10.516113
 -2.576106 1.912514 -5.548759
 -2.513274 1.573403 -5.082731
 -2.450442 1.320869 -2.705253
 -2.387610 1.268682 1.199075
 -2.324779 1.433684 3.312978
 -2.261947 1.600935 1.680653
 -2.199115 1.684121 1.306392
 -2.136283 1.789698 2.359855
 -2.073451 2.004035 4.288711
 -2.010619 2.341113 6.270176
 -1.947787 2.632039 1.337054
 -1.884956 2.517083 -3.836590
 -1.822124 2.289300 -2.395259
 -1.759292 2.288331 1.893578
 -1.696460 2.414173 1.325504
 -1.633628 2.363170 -3.733019
 -1.570796 1.968314 -7.788900
 -1.507964 1.505378 -6.501800
 -1.445133 1.154304 -4.885891
 -1.382301 0.907607 -2.730268
 -1.319469 0.767495 -2.546574
 -1.256637 0.571699 -3.089020
 -1.193805 0.464772 0.003350
 -1.130973 0.566293 3.144337
 -1.068142 0.904445 8.096335
 -1.005310 1.644240 15.499255
 -0.942478 2.753634 18.696913
 -0.879646 3.998679 21.364185
 -0.816814 5.433702 23.608559
 -0.753982 6.923260 23.791972
 -0.691150 8.539814 28.503016
 -0.628319 10.506325 32.521917
 -0.565487 12.478878 30.201761
 -0.502655 14.456244 32.882425
 -0.439823 16.505252 30.651223
 -0.376991 18.310935 27.576153
 -0.314159 20.065166 27.637889
 -0.251327 21.712737 24.291302
 -0.188496 23.147509 21.446898
 -0.125664 24.419879 18.434928
 -0.062832 25.401322 12.264319
 0.000000 25.979023 6.478376
 0.062832 26.216436 0.371219
 0.125664 26.028041 -5.685373
 0.188496 25.571986 -8.651091
 0.251327 24.921226 -12.683188
 0.314159 23.986262 -15.905900
 0.376991 23.017570 -15.637440
 0.439823 21.921832 -18.677201
 0.502655 20.853229 -14.204071
 0.565487 20.147914 -9.136009
 0.628319 19.572309 -9.837442
 0.691150 18.931906 -9.496582
 0.753982 18.590351 -0.058632
 0.816814 18.876099 7.227031
 0.879646 19.332880 7.564014
 0.942478 19.971861 13.816356
 1.005310 21.132441 22.685187
 1.068142 22.699074 26.190398
 1.130973 24.433759 29.441474
 1.193805 26.491615 36.404398
 1.256637 29.029343 43.350877
 1.319469 31.829661 44.529861
 1.382301 34.611049 43.358340
 1.445133 37.339778 43.138641
 1.507964 40.070098 43.252409
 1.570796 42.884579 46.197109
 1.633628 45.781270 43.346692
 1.696460 48.362075 40.172731
 1.759292 50.993266 42.358993
 1.822124 53.626532 40.810194
 1.884956 56.140252 38.383502
 1.947787 58.412038 31.855196
 2.010619 59.931758 16.759390
 2.073451 61.050285 22.548729
 2.136283 62.468659 13.709536
 2.199115 62.509741 -7.334938
 2.261947 61.668250 -20.500476
 2.324779 60.181034 -25.034790
 2.387610 58.368131 -34.774068
 2.450442 55.862405 -43.151815
 2.513274 53.006866 -48.635721
 2.576106 49.680148 -56.514924
 2.638938 46.014463 -60.144579
 2.701770 42.095365 -64.098680
 2.764602 38.041030 -64.474974
 2.827433 34.040968 -62.820828
 2.890265 30.070037 -63.965133
 2.953097 26.057579 -62.458350
 3.015929 22.441768 -51.403753
 3.078761 19.493334 -45.240041
