#! FIELDS phi ffphi dffphi_phi
#! SET min_phi -pi
#! SET max_phi pi
#! SET nbins_phi  100
#! SET periodic_phi true
 -3.141593 13.967626 -51.071771
 -3.078761 11.029545 -39.355743
 -3.015929 8.763839 -36.732134
 -2.953097 6.475331 -32.706729
 -2.890265 4.735895 -23.599243
 -2.827433 3.461485 -17.290772
 -2.764602 2.550600 -12.037303
 -2.701770 1.735988 -13.103590
 -2.638938 1.173810 -4.321928
 -2.576106 1.122573 -0.659680
 -2.513274 1.065244 0.729641
 -2.450442 1.149821 0.355989
 -2.387610 1.207122 4.532610
 -2.324779 1.727840 7.674349
 -2.261947 2.080774 6.220315
 -2.199115 2.757716 14.686036
 -2.136283 3.398195 3.726876
 -2.073451 3.606691 4.746285
 -2.010619 3.967767 4.682934
 -1.947787 4.192988 3.971059
 -1.884956 4.332126 -2.482321
 -1.822124 4.044665 -5.339026
 -1.759292 3.445826 -12.495846
 -1.696460 2.770221 -10.158719
 -1.633628 1.947665 -16.484318
 -1.570796 0.946069 -12.351464
 -1.507964 0.377223 -8.382498
 -1.445133 -0.197948 -8.442913
 -1.382301 -0.444921 1.802237
 -1.319469 -0.177821 4.272616
 -1.256637 0.152239 6.905809
 -1.193805 0.793345 15.144140
 -1.130973 2.113216 25.701468
 -1.068142 3.780367 25.632344
 -1.005310 5.526570 31.461148
 -0.942478 7.672504 35.219584
 -0.879646 9.933748 35.904316
 -0.816814 12.267333 38.755693
 -0.753982 14.782884 40.273674
 -0.691150 17.378377 40.701389
 -0.628319 19.907264 40.648460
 -0.565487 22.520935 41.084195
 -0.502655 25.040612 36.810101
 -0.439823 27.334011 37.149486
 -0.376991 29.550488 31.102756
 -0.314159 31.364907 27.761380
 -0.251327 33.033100 23.451478
 -0.188496 34.269636 16.049476
 -0.125664 35.043731 9.530441
 -0.062832 35.442569 0.259605
 0.000000 35.199409 -5.729107
 0.062832 35.012736 -2.138850
 0.125664 34.165672 -24.418323
 0.188496 32.588739 -23.825538
 0.251327 31.004411 -29.692940
 0.314159 28.903676 -36.004903
 0.376991 26.414775 -43.088289
 0.439823 23.801519 -37.578303
 0.502655 21.343096 -43.531043
 0.565487 18.619002 -41.584399
 0.628319 15.981449 -43.806606
 0.691150 13.417147 -35.058518
 0.753982 11.302247 -33.817848
 0.816814 9.378295 -26.380107
 0.879646 8.071655 -15.912126
 0.942478 7.119087 -14.614086
 1.005310 6.463596 -4.890417
 1.068142 6.527899 5.894059
 1.130973 7.149225 13.265345
 1.193805 8.110496 18.567361
 1.256637 9.710407 31.360792
 1.319469 11.913622 39.167471
 1.382301 14.810453 52.407420
 1.445133 18.350819 58.437741
 1.507964 22.115435 60.389809
 1.570796 26.189258 70.556194
 1.633628 30.927431 73.163053
 1.696460 35.600793 74.096610
 1.759292 39.979112 63.146694
 1.822124 44.758986 93.204076
 1.884956 52.585380 160.891063
 1.947787 58.838681 -187.409254
 2.010619 51.082700 -59.471291
 2.073451 51.365298 68.466672
 2.136283 59.686475 196.404634
 2.199115 inf nan
 2.261947 inf nan
 2.324779 inf nan
 2.387610 76.791344 -330.731121
 2.450442 59.964296 -205.199780
 2.513274 50.661338 -97.562478
 2.576106 46.303633 -49.283337
 2.638938 43.957588 -40.560283
 2.701770 40.090314 -70.587214
 2.764602 35.817616 -65.076930
 2.827433 31.736552 -64.674440
 2.890265 27.775270 -60.338891
 2.953097 24.008369 -61.102124
 3.015929 20.311564 -55.612681
 3.078761 17.033313 -48.501383
