#! FIELDS psi3 ffpsi3 dffpsi3_psi3
#! SET min_psi3 -pi
#! SET max_psi3 pi
#! SET nbins_psi3  100
#! SET periodic_psi3 true
 -3.141593 8.440398 16.214674
 -3.078761 9.594881 19.909554
 -3.015929 10.847850 19.227068
 -2.953097 11.982984 17.061592
 -2.890265 13.118077 20.186696
 -2.827433 14.687733 30.302275
 -2.764602 16.601473 24.820945
 -2.701770 17.695676 14.527565
 -2.638938 18.804780 20.149575
 -2.576106 19.927291 13.166796
 -2.513274 20.799606 20.027290
 -2.450442 22.549485 30.249458
 -2.387610 24.075463 19.598269
 -2.324779 25.046556 8.172018
 -2.261947 25.371892 8.168561
 -2.199115 26.323671 18.544339
 -2.136283 27.161691 7.005515
 -2.073451 27.484292 5.822140
 -2.010619 28.024694 10.446339
 -1.947787 28.659633 8.918252
 -1.884956 28.915557 -5.968448
 -1.822124 27.626209 -25.639800
 -1.759292 27.077458 13.168820
 -1.696460 28.909101 23.796371
 -1.633628 26.084142 -81.894641
 -1.570796 22.166487 -37.511763
 -1.507964 21.512997 15.789067
 -1.445133 23.287572 21.899300
 -1.382301 22.762411 -27.495926
 -1.319469 20.447488 -46.889126
 -1.256637 17.517296 -39.817462
 -1.193805 15.612042 -24.567187
 -1.130973 13.864646 -32.169816
 -1.068142 11.883191 -28.171812
 -1.005310 10.401240 -20.177737
 -0.942478 9.153088 -20.305598
 -0.879646 7.894975 -19.334525
 -0.816814 6.696175 -18.871697
 -0.753982 5.585817 -16.308135
 -0.691150 4.598067 -15.457737
 -0.628319 3.628563 -15.507680
 -0.565487 2.684622 -13.914861
 -0.502655 1.927399 -10.273155
 -0.439823 1.352663 -8.452847
 -0.376991 0.834862 -7.952490
 -0.314159 0.394947 -5.763827
 -0.251327 0.135666 -2.446166
 -0.188496 0.052558 -0.696697
 -0.125664 0.048017 0.969024
 -0.062832 0.204415 3.726452
 0.000000 0.463630 4.213903
 0.062832 0.743948 4.944678
 0.125664 1.112562 6.707324
 0.188496 1.557153 7.116764
 0.251327 2.004952 7.179291
 0.314159 2.456121 6.959241
 0.376991 2.878660 6.644394
 0.439823 3.322928 7.304161
 0.502655 3.730369 5.147987
 0.565487 4.007034 4.332531
 0.628319 4.310415 5.074692
 0.691150 4.658875 6.279446
 0.753982 5.068194 5.870389
 0.816814 5.340495 3.025237
 0.879646 5.530242 3.495174
 0.942478 5.784139 3.899537
 1.005310 5.961961 2.119789
 1.068142 6.127760 3.234699
 1.130973 6.369513 4.493097
 1.193805 6.668792 4.506442
 1.256637 6.894098 2.556097
 1.319469 7.033276 2.332764
 1.382301 7.176259 1.547939
 1.445133 7.252896 1.784804
 1.507964 7.421781 2.649852
 1.570796 7.476488 -1.058499
 1.633628 7.357384 -2.269144
 1.696460 7.209041 -2.373569
 1.759292 7.076315 -2.023496
 1.822124 6.932918 -2.633678
 1.884956 6.727614 -3.985053
 1.947787 6.478456 -3.583618
 2.010619 6.268878 -3.588943
 2.073451 6.004615 -4.193626
 2.136283 5.849428 -0.825725
 2.199115 5.778631 -2.395543
 2.261947 5.553266 -4.017785
 2.324779 5.361608 -1.955251
 2.387610 5.269987 -1.420563
 2.450442 5.148881 -2.598288
 2.513274 4.961580 -2.999395
 2.576106 4.822883 -1.251981
 2.638938 4.786968 -0.199643
 2.701770 4.805256 1.031289
 2.764602 4.927899 2.750095
 2.827433 5.153005 4.429376
 2.890265 5.505685 7.103557
 2.953097 6.080682 10.959205
 3.015929 6.804263 11.457231
 3.078761 7.544272 12.571445
