#! FIELDS phi2 ffphi2 dffphi2_phi2
#! SET min_phi2 -pi
#! SET max_phi2 pi
#! SET nbins_phi2  100
#! SET periodic_phi2 true
 -3.141593 16.744636 -43.940307
 -3.078761 14.065263 -42.039377
 -3.015929 11.510112 -38.506177
 -2.953097 9.301376 -31.654374
 -2.890265 7.491089 -26.316250
 -2.827433 5.968742 -22.618889
 -2.764602 4.605179 -20.214652
 -2.701770 3.561473 -12.476008
 -2.638938 2.970528 -7.688760
 -2.576106 2.468654 -8.189811
 -2.513274 2.006762 -6.477388
 -2.450442 1.652521 -4.452722
 -2.387610 1.484645 -1.188837
 -2.324779 1.451711 0.338478
 -2.261947 1.569983 2.947542
 -2.199115 1.777466 3.823385
 -2.136283 2.016186 3.083777
 -2.073451 2.133169 0.370135
 -2.010619 2.061032 -1.874832
 -1.947787 2.059878 2.322343
 -1.884956 2.245557 2.494701
 -1.822124 2.366999 1.229545
 -1.759292 2.318980 -2.718880
 -1.696460 2.178017 -1.020118
 -1.633628 2.086923 -3.321430
 -1.570796 1.757068 -6.053499
 -1.507964 1.434433 -4.199561
 -1.445133 1.186012 -3.950718
 -1.382301 0.913174 -5.274113
 -1.319469 0.508100 -6.906602
 -1.256637 0.167965 -3.223551
 -1.193805 0.154904 2.890940
 -1.130973 0.494720 7.352789
 -1.068142 1.082229 11.836113
 -1.005310 1.928778 13.457719
 -0.942478 2.729346 13.562140
 -0.879646 3.823726 21.246557
 -0.816814 5.316599 25.677410
 -0.753982 7.027824 28.233178
 -0.691150 8.838855 29.220177
 -0.628319 10.719519 30.437339
 -0.565487 12.674777 31.136455
 -0.502655 14.595668 30.056939
 -0.439823 16.586327 33.224833
 -0.376991 18.577573 27.821868
 -0.314159 20.210104 26.975900
 -0.251327 22.109247 30.787557
 -0.188496 23.720721 19.436448
 -0.125664 24.687769 12.496349
 -0.062832 25.435153 11.317419
 0.000000 25.989973 5.259132
 0.062832 26.175740 1.994360
 0.125664 26.268478 -0.239907
 0.188496 25.988597 -9.228789
 0.251327 25.196820 -14.553905
 0.314159 24.303583 -13.557913
 0.376991 23.439047 -14.728593
 0.439823 22.438536 -16.354529
 0.502655 21.483171 -13.956008
 0.565487 20.580846 -15.968504
 0.628319 19.561345 -13.957459
 0.691150 19.024228 -3.217169
 0.753982 19.075876 3.910794
 0.816814 19.362153 4.408254
 0.879646 19.690651 6.970196
 0.942478 20.280491 11.569679
 1.005310 21.185512 17.951019
 1.068142 22.525535 23.431377
 1.130973 24.065795 26.031889
 1.193805 25.911106 33.332775
 1.256637 28.329932 43.077384
 1.319469 31.231699 47.845103
 1.382301 34.311582 49.531287
 1.445133 37.607560 55.733969
 1.507964 41.409649 62.493793
 1.570796 45.300577 62.367275
 1.633628 50.201176 97.200515
 1.696460 58.104924 152.062141
 1.759292 inf nan
 1.822124 inf nan
 1.884956 inf nan
 1.947787 inf nan
 2.010619 inf nan
 2.073451 inf nan
 2.136283 inf nan
 2.199115 inf nan
 2.261947 inf nan
 2.324779 inf nan
 2.387610 77.121156 -242.888200
 2.450442 63.504301 -184.725194
 2.513274 53.692954 -128.176560
 2.576106 47.270901 -77.380190
 2.638938 43.775683 -36.482172
 2.701770 41.863913 -35.725856
 2.764602 38.614723 -62.425402
 2.827433 34.614435 -63.213968
 2.890265 30.732157 -60.221894
 2.953097 27.015258 -58.688687
 3.015929 23.319252 -58.579575
 3.078761 19.768196 -53.064410
