#! FIELDS phi4 ffphi4 dffphi4_phi4
#! SET min_phi4 -pi
#! SET max_phi4 pi
#! SET nbins_phi4  100
#! SET periodic_phi4 true
 -3.141593 12.796012 -52.044822
 -3.078761 9.786341 -43.747751
 -3.015929 7.257065 -37.254367
 -2.953097 5.069684 -31.994891
 -2.890265 3.284575 -25.195236
 -2.827433 1.843651 -20.393638
 -2.764602 0.790755 -12.995601
 -2.701770 0.178915 -6.894256
 -2.638938 -0.132053 -3.418136
 -2.576106 -0.264911 -0.658600
 -2.513274 -0.168743 4.113347
 -2.450442 0.218300 7.062848
 -2.387610 0.650956 7.185232
 -2.324779 1.187065 9.620055
 -2.261947 1.754407 7.493962
 -2.199115 2.158643 6.505945
 -2.136283 2.677924 9.534453
 -2.073451 3.218225 6.876016
 -2.010619 3.515096 2.288303
 -1.947787 3.577545 0.817615
 -1.884956 3.650748 0.863743
 -1.822124 3.618541 -2.201631
 -1.759292 3.341257 -7.258605
 -1.696460 2.753974 -9.739898
 -1.633628 2.218110 -7.999476
 -1.570796 1.746177 -6.043111
 -1.507964 1.491687 -2.802110
 -1.445133 1.354571 -1.128070
 -1.382301 1.417559 3.370750
 -1.319469 1.736169 5.651658
 -1.256637 2.075290 6.087437
 -1.193805 2.615563 11.112440
 -1.130973 3.478691 16.403478
 -1.068142 4.613900 18.720340
 -1.005310 5.799985 19.980953
 -0.942478 7.337146 29.505925
 -0.879646 9.359083 32.631809
 -0.816814 11.373202 31.788593
 -0.753982 13.415871 32.749447
 -0.691150 15.451168 31.582314
 -0.628319 17.515685 34.940915
 -0.565487 19.848636 38.137392
 -0.502655 22.288834 39.254724
 -0.439823 24.793075 39.139977
 -0.376991 27.099230 33.644111
 -0.314159 29.185439 33.101409
 -0.251327 31.249532 31.889342
 -0.188496 33.143891 27.458413
 -0.125664 34.685171 21.513612
 -0.062832 35.895748 16.316204
 0.000000 36.565351 4.177524
 0.062832 36.550627 -3.914762
 0.125664 35.997766 -14.559187
 0.188496 34.785266 -22.855509
 0.251327 33.194310 -28.065077
 0.314159 31.118550 -39.222097
 0.376991 28.381531 -45.308632
 0.439823 25.643208 -41.480081
 0.502655 23.072966 -41.683250
 0.565487 20.396291 -41.910192
 0.628319 17.945047 -36.571333
 0.691150 15.673026 -36.190664
 0.753982 13.452679 -33.500811
 0.816814 11.542338 -27.598864
 0.879646 9.979637 -20.772520
 0.942478 9.092001 -8.166347
 1.005310 8.679408 -6.247179
 1.068142 8.452101 0.858804
 1.130973 8.854018 11.291907
 1.193805 9.828038 20.167592
 1.256637 11.470360 31.860733
 1.319469 13.740349 39.552209
 1.382301 16.438318 46.025430
 1.445133 19.551761 52.815967
 1.507964 23.143864 60.291316
 1.570796 27.098382 64.561341
 1.633628 31.408304 70.285213
 1.696460 35.891776 68.668611
 1.759292 40.231660 67.866800
 1.822124 44.533239 65.088401
 1.884956 48.352222 54.870672
 1.947787 51.693610 49.880350
 2.010619 54.630399 42.377145
 2.073451 57.043380 32.987263
 2.136283 58.688502 17.960595
 2.199115 59.331041 3.164932
 2.261947 59.160254 -9.109824
 2.324779 58.078738 -25.329225
 2.387610 56.078933 -38.073604
 2.450442 53.316737 -48.779838
 2.513274 50.058952 -55.079102
 2.576106 46.421699 -59.113036
 2.638938 42.804314 -56.434143
 2.701770 39.005534 -66.278601
 2.764602 34.751023 -65.688131
 2.827433 30.811727 -61.578268
 2.890265 26.846059 -64.152237
 2.953097 22.910445 -59.899720
 3.015929 19.404029 -51.972442
 3.078761 16.167995 -53.003908
