#! FIELDS psi3 ffpsi3 dffpsi3_psi3
#! SET min_psi3 -pi
#! SET max_psi3 pi
#! SET nbins_psi3  100
#! SET periodic_psi3 true
 -3.141593 9.125824 18.331327
 -3.078761 10.307741 17.552570
 -3.015929 11.198952 11.115977
 -2.953097 11.910969 13.695489
 -2.890265 13.219055 29.502832
 -2.827433 15.545957 40.493787
 -2.764602 17.288248 5.755739
 -2.701770 16.887866 -4.910293
 -2.638938 17.702144 33.744193
 -2.576106 21.125430 70.587165
 -2.513274 24.765693 28.719716
 -2.450442 25.599210 6.950393
 -2.387610 26.000698 5.730557
 -2.324779 26.374479 5.812166
 -2.261947 26.475268 -6.630579
 -2.199115 25.546525 -15.478528
 -2.136283 25.458441 15.124794
 -2.073451 27.007370 25.804029
 -2.010619 28.074844 10.586951
 -1.947787 28.758795 12.074162
 -1.884956 29.628288 15.974538
 -1.822124 30.756603 18.255250
 -1.759292 31.595306 6.366881
 -1.696460 31.564211 -7.448012
 -1.633628 30.364942 -30.182169
 -1.570796 28.804940 -11.917125
 -1.507964 28.799633 3.560404
 -1.445133 28.029834 -33.845660
 -1.382301 25.156596 -47.131328
 -1.319469 22.414705 -44.255100
 -1.256637 19.341891 -51.371066
 -1.193805 16.252145 -46.073245
 -1.130973 13.621056 -36.602247
 -1.068142 11.764938 -22.523693
 -1.005310 10.639715 -15.970308
 -0.942478 9.365266 -25.448593
 -0.879646 7.740301 -23.128177
 -0.816814 6.608423 -14.266321
 -0.753982 5.652287 -17.299756
 -0.691150 4.537829 -16.846086
 -0.628319 3.566517 -14.926356
 -0.565487 2.597403 -15.500802
 -0.502655 1.693980 -13.006808
 -0.439823 0.990545 -9.059977
 -0.376991 0.559949 -5.182952
 -0.314159 0.233510 -5.924258
 -0.251327 -0.140826 -4.636943
 -0.188496 -0.222258 1.793289
 -0.125664 -0.043117 3.119135
 -0.062832 0.183850 4.409714
 0.000000 0.482264 4.476981
 0.062832 0.749411 4.542112
 0.125664 1.118493 7.366251
 0.188496 1.620531 7.600680
 0.251327 2.033219 5.955569
 0.314159 2.447304 7.548707
 0.376991 2.943257 7.235312
 0.439823 3.336739 5.995132
 0.502655 3.735785 6.416278
 0.565487 4.168679 7.829099
 0.628319 4.710038 7.987842
 0.691150 5.008767 2.245334
 0.753982 5.199362 3.674162
 0.816814 5.299223 -0.712594
 0.879646 5.343765 3.948825
 0.942478 5.795447 9.054656
 1.005310 6.336876 7.456278
 1.068142 6.698800 3.845238
 1.130973 6.758295 -2.630630
 1.193805 6.473429 -3.752704
 1.256637 6.592901 7.559505
 1.319469 7.061439 3.903423
 1.382301 7.080937 -0.870194
 1.445133 7.175738 4.002708
 1.507964 7.483152 4.731519
 1.570796 7.618028 -1.548601
 1.633628 7.390646 -3.613689
 1.696460 7.325739 1.681440
 1.759292 7.514921 2.762563
 1.822124 7.519682 -2.543877
 1.884956 7.323258 -3.089003
 1.947787 7.100262 -4.306378
 2.010619 6.821694 -4.569700
 2.073451 6.471898 -6.385659
 2.136283 6.180051 -1.733324
 2.199115 6.196607 0.329235
 2.261947 6.100045 -2.613098
 2.324779 5.968409 -1.799499
 2.387610 5.816242 -3.271635
 2.450442 5.579271 -3.681291
 2.513274 5.453150 -0.375964
 2.576106 5.365756 -3.620574
 2.638938 5.137928 -1.511131
 2.701770 5.261529 4.654404
 2.764602 5.598450 5.337723
 2.827433 5.905602 4.521007
 2.890265 6.211935 5.474063
 2.953097 6.594423 6.744103
 3.015929 7.163494 12.115397
 3.078761 8.069415 15.667260
