#! FIELDS phi2 ffphi2 dffphi2_phi2
#! SET min_phi2 -pi
#! SET max_phi2 pi
#! SET nbins_phi2  100
#! SET periodic_phi2 true
 -3.141593 16.100483 -47.149684
 -3.078761 13.292442 -42.028105
 -3.015929 10.832969 -36.365379
 -2.953097 8.699813 -31.535414
 -2.890265 6.884381 -26.299886
 -2.827433 5.357069 -22.526821
 -2.764602 4.106451 -16.626941
 -2.701770 3.227333 -12.582004
 -2.638938 2.451860 -11.617968
 -2.576106 1.867008 -6.465649
 -2.513274 1.614412 -2.627248
 -2.450442 1.437871 -2.771136
 -2.387610 1.320647 -1.111779
 -2.324779 1.287846 0.310625
 -2.261947 1.370101 1.854827
 -2.199115 1.477098 1.649170
 -2.136283 1.624694 3.243337
 -2.073451 1.883385 4.690523
 -2.010619 2.175594 4.276813
 -1.947787 2.377959 1.795126
 -1.884956 2.440733 0.888015
 -1.822124 2.502003 0.511140
 -1.759292 2.492150 -0.714835
 -1.696460 2.395780 -2.483092
 -1.633628 2.196629 -3.991059
 -1.570796 1.877330 -5.883045
 -1.507964 1.536887 -4.474417
 -1.445133 1.328708 -2.653511
 -1.382301 1.109773 -4.720966
 -1.319469 0.764361 -5.697379
 -1.256637 0.496898 -2.233857
 -1.193805 0.473900 1.108960
 -1.130973 0.659295 5.268651
 -1.068142 1.142080 9.616417
 -1.005310 1.849494 13.046350
 -0.942478 2.789073 16.709921
 -0.879646 3.972508 21.000094
 -0.816814 5.413304 24.479021
 -0.753982 7.030759 26.632035
 -0.691150 8.755903 28.249823
 -0.628319 10.628820 31.179903
 -0.565487 12.627028 31.445866
 -0.502655 14.544780 29.438346
 -0.439823 16.409419 30.122901
 -0.376991 18.311020 29.248161
 -0.314159 20.032257 25.402595
 -0.251327 21.581724 24.255445
 -0.188496 23.100970 23.308136
 -0.125664 24.413890 17.603682
 -0.062832 25.288689 10.298336
 0.000000 25.789514 5.954252
 0.062832 26.015149 0.775635
 0.125664 25.882031 -4.784366
 0.188496 25.489097 -7.313613
 0.251327 24.929357 -11.317723
 0.314159 24.035041 -16.399553
 0.376991 23.010396 -15.722840
 0.439823 21.995132 -17.312828
 0.502655 20.881406 -17.103303
 0.565487 19.897205 -14.436263
 0.628319 19.072315 -11.478062
 0.691150 18.467246 -8.128137
 0.753982 18.028111 -5.506665
 0.816814 17.827972 -0.941471
 0.879646 17.866095 1.990175
 0.942478 18.115910 6.315855
 1.005310 18.666953 10.939133
 1.068142 19.483262 15.222064
 1.130973 20.628925 21.478849
 1.193805 22.185382 27.501173
 1.256637 24.066743 32.737801
 1.319469 26.399050 41.349129
 1.382301 29.217163 47.371197
 1.445133 32.364948 52.587228
 1.507964 35.909354 59.007819
 1.570796 39.715877 59.587322
 1.633628 43.318103 53.105364
 1.696460 46.500119 47.276932
 1.759292 49.337203 42.180003
 1.822124 51.829487 36.491472
 1.884956 54.052784 34.702556
 1.947787 56.209272 32.657751
 2.010619 58.167103 29.871618
 2.073451 59.915485 24.097652
 2.136283 61.148669 15.495580
 2.199115 61.830630 3.441445
 2.261947 61.341955 -17.710829
 2.324779 59.864188 -28.329700
 2.387610 57.869102 -34.668878
 2.450442 55.519773 -40.447535
 2.513274 52.700552 -49.814556
 2.576106 49.320388 -56.776732
 2.638938 45.617511 -60.841221
 2.701770 41.721941 -62.642736
 2.764602 37.806752 -61.742600
 2.827433 33.929916 -61.938282
 2.890265 30.019191 -62.287126
 2.953097 26.159830 -59.977940
 3.015929 22.530359 -55.368088
 3.078761 19.192282 -51.102400
