#! FIELDS psi4 ffpsi4 dffpsi4_psi4
#! SET min_psi4 -pi
#! SET max_psi4 pi
#! SET nbins_psi4  100
#! SET periodic_psi4 true
 -3.141593 4.775559 17.994345
 -3.078761 5.947394 19.563350
 -3.015929 7.211819 20.293243
 -2.953097 8.580843 24.183050
 -2.890265 10.306804 29.938929
 -2.827433 12.072325 22.472901
 -2.764602 13.075511 13.634242
 -2.701770 14.328505 27.071645
 -2.638938 16.119595 23.795587
 -2.576106 17.001443 9.155260
 -2.513274 17.844871 15.719562
 -2.450442 18.487564 6.594432
 -2.387610 19.434123 26.236341
 -2.324779 21.378603 28.059114
 -2.261947 22.436574 7.195895
 -2.199115 22.640836 0.703201
 -2.136283 22.412672 -10.002850
 -2.073451 21.421908 -17.983877
 -2.010619 20.638157 -6.445293
 -1.947787 20.256277 -7.765891
 -1.884956 19.741563 -8.357227
 -1.822124 19.129023 -10.676453
 -1.759292 18.582594 -6.495756
 -1.696460 18.134085 -8.898590
 -1.633628 17.443393 -13.257395
 -1.570796 16.555033 -13.647619
 -1.507964 15.742810 -13.251896
 -1.445133 14.870537 -13.754697
 -1.382301 14.018224 -14.089493
 -1.319469 13.088558 -15.158352
 -1.256637 12.135675 -15.006156
 -1.193805 11.233736 -13.459927
 -1.130973 10.430308 -12.944800
 -1.068142 9.520937 -15.726591
 -1.005310 8.534624 -15.613196
 -0.942478 7.541198 -15.737510
 -0.879646 6.586130 -14.898576
 -0.816814 5.657784 -14.320741
 -0.753982 4.815934 -12.657555
 -0.691150 4.051919 -11.430600
 -0.628319 3.411232 -9.061483
 -0.565487 2.897174 -7.159446
 -0.502655 2.539428 -4.305038
 -0.439823 2.326690 -2.656321
 -0.376991 2.200950 -1.376180
 -0.314159 2.162236 0.237843
 -0.251327 2.239605 2.142068
 -0.188496 2.420602 3.432618
 -0.125664 2.654555 3.998852
 -0.062832 2.953291 5.629459
 0.000000 3.340487 6.170937
 0.062832 3.687004 4.826161
 0.125664 3.987414 4.958771
 0.188496 4.307003 4.852864
 0.251327 4.574549 3.721114
 0.314159 4.801662 3.399092
 0.376991 4.957407 1.257193
 0.439823 4.989079 0.122227
 0.502655 4.994518 -0.083151
 0.565487 4.973271 -0.657248
 0.628319 4.898316 -1.740418
 0.691150 4.796689 -1.366785
 0.753982 4.702866 -1.661002
 0.816814 4.636253 -0.287681
 0.879646 4.638756 0.207731
 0.942478 4.714783 2.565171
 1.005310 4.920343 3.212840
 1.068142 5.085167 2.250032
 1.130973 5.259873 3.618521
 1.193805 5.549388 5.373312
 1.256637 5.910615 5.872219
 1.319469 6.271014 5.620507
 1.382301 6.658635 6.920218
 1.445133 7.119281 7.104611
 1.507964 7.501018 4.931511
 1.570796 7.749159 2.960258
 1.633628 7.887239 1.498170
 1.696460 7.955963 0.653322
 1.759292 7.941883 -1.402407
 1.822124 7.776281 -3.756518
 1.884956 7.496731 -5.133556
 1.947787 7.096372 -7.874925
 2.010619 6.546158 -9.166420
 2.073451 5.969523 -9.223961
 2.136283 5.365858 -10.332303
 2.199115 4.674777 -11.229000
 2.261947 3.981354 -11.049004
 2.324779 3.273376 -11.406320
 2.387610 2.570342 -10.750267
 2.450442 1.952767 -8.807089
 2.513274 1.457873 -7.027970
 2.576106 1.074191 -5.216950
 2.638938 0.797362 -3.513142
 2.701770 0.654691 -0.983398
 2.764602 0.687184 2.201847
 2.827433 0.940947 5.639689
 2.890265 1.366696 7.698118
 2.953097 1.905590 9.625668
 3.015929 2.633261 13.820792
 3.078761 3.640701 17.687745
