#! FIELDS phi3 ffphi3 dffphi3_phi3
#! SET min_phi3 -pi
#! SET max_phi3 pi
#! SET nbins_phi3  100
#! SET periodic_phi3 true
 -3.141593 21.565145 -52.764667
 -3.078761 18.426789 -47.340051
 -3.015929 15.626841 -41.596214
 -2.953097 13.190251 -36.235083
 -2.890265 11.064944 -31.213997
 -2.827433 9.293044 -25.147640
 -2.764602 7.885415 -19.892333
 -2.701770 6.781128 -15.237498
 -2.638938 5.955219 -11.477975
 -2.576106 5.271234 -10.706970
 -2.513274 4.601932 -10.345368
 -2.450442 4.012717 -8.295030
 -2.387610 3.545110 -6.884805
 -2.324779 3.120494 -6.573656
 -2.261947 2.769502 -4.248083
 -2.199115 2.580398 -2.212252
 -2.136283 2.441182 -2.422344
 -2.073451 2.286568 -2.379016
 -2.010619 2.147291 -2.168327
 -1.947787 1.998763 -2.742114
 -1.884956 1.796638 -3.592874
 -1.822124 1.565962 -3.885346
 -1.759292 1.288222 -4.837716
 -1.696460 0.989077 -4.779998
 -1.633628 0.672029 -5.191345
 -1.570796 0.364787 -4.612743
 -1.507964 0.083920 -4.278774
 -1.445133 -0.153812 -3.272656
 -1.382301 -0.324503 -2.078043
 -1.319469 -0.395700 -0.097716
 -1.256637 -0.312693 3.072699
 -1.193805 0.042435 8.276701
 -1.130973 0.691104 12.099651
 -1.068142 1.598528 17.106611
 -1.005310 2.823837 21.140841
 -0.942478 4.224354 23.816782
 -0.879646 5.905373 29.598892
 -0.816814 7.884787 32.606961
 -0.753982 10.018270 35.406934
 -0.691150 12.371911 38.973941
 -0.628319 14.900231 40.818065
 -0.565487 17.508514 41.591862
 -0.502655 20.129148 41.210303
 -0.439823 22.749580 42.118402
 -0.376991 25.481784 43.808933
 -0.314159 28.142661 39.446397
 -0.251327 30.498851 35.529229
 -0.188496 32.631517 32.249377
 -0.125664 34.781046 38.266065
 -0.062832 37.601820 47.712383
 0.000000 39.598855 11.402031
 0.062832 40.162182 15.751539
 0.125664 42.420431 60.228747
 0.188496 48.051327 118.568841
 0.251327 56.704656 81.818802
 0.314159 49.742947 -132.415490
 0.376991 43.349453 -71.716358
 0.439823 40.513964 -22.254884
 0.502655 39.796506 -6.185203
 0.565487 39.717931 7.567793
 0.628319 41.280041 46.002990
 0.691150 45.852297 101.110946
 0.753982 51.932067 -24.860813
 0.816814 45.405502 -93.695786
 0.879646 41.487874 -31.006184
 0.942478 41.509150 31.683418
 1.005310 45.469330 94.373019
 1.068142 53.368414 157.062621
 1.130973 inf nan
 1.193805 inf nan
 1.256637 inf nan
 1.319469 inf nan
 1.382301 inf nan
 1.445133 inf nan
 1.507964 inf nan
 1.570796 inf nan
 1.633628 inf nan
 1.696460 inf nan
 1.759292 inf nan
 1.822124 inf nan
 1.884956 inf nan
 1.947787 inf nan
 2.010619 inf nan
 2.073451 inf nan
 2.136283 inf nan
 2.199115 inf nan
 2.261947 inf nan
 2.324779 inf nan
 2.387610 inf nan
 2.450442 inf nan
 2.513274 inf nan
 2.576106 inf nan
 2.638938 66.866356 -227.163891
 2.701770 54.299563 -167.519258
 2.764602 45.630520 -108.898688
 2.827433 40.381958 -62.403362
 2.890265 36.754295 -61.153499
 2.953097 32.774982 -61.650881
 3.015929 28.961142 -61.473190
 3.078761 25.100215 -59.765457
