#! FIELDS psi4 ffpsi4 dffpsi4_psi4
#! SET min_psi4 -pi
#! SET max_psi4 pi
#! SET nbins_psi4  100
#! SET periodic_psi4 true
 -3.141593 4.795559 18.485564
 -3.078761 5.997888 20.114881
 -3.015929 7.364630 22.841297
 -2.953097 8.764941 20.907137
 -2.890265 10.005793 19.262034
 -2.827433 11.391988 26.299565
 -2.764602 13.256496 29.709502
 -2.701770 14.795054 19.667655
 -2.638938 16.048247 21.618060
 -2.576106 17.286640 12.700096
 -2.513274 17.662516 5.858958
 -2.450442 18.452149 16.006415
 -2.387610 19.149643 6.228259
 -2.324779 19.704526 14.453198
 -2.261947 20.892038 20.772092
 -2.199115 22.174898 18.556220
 -2.136283 22.856410 1.610713
 -2.073451 22.658894 -3.968244
 -2.010619 22.627978 1.085705
 -1.947787 22.279761 -13.277598
 -1.884956 21.340339 -14.125848
 -1.822124 20.551321 -11.329882
 -1.759292 19.814146 -13.247662
 -1.696460 18.964034 -12.160665
 -1.633628 18.253175 -12.480472
 -1.570796 17.296210 -16.908499
 -1.507964 16.319916 -13.155560
 -1.445133 15.601959 -11.270088
 -1.382301 14.756536 -15.512225
 -1.319469 13.759921 -15.626748
 -1.256637 12.798317 -15.046952
 -1.193805 11.902657 -13.289633
 -1.130973 11.053476 -14.647846
 -1.068142 10.047919 -17.028391
 -1.005310 8.944203 -17.562093
 -0.942478 7.945854 -14.011537
 -0.879646 7.065786 -15.160633
 -0.816814 6.049158 -16.313851
 -0.753982 5.098063 -13.695984
 -0.691150 4.323237 -11.293242
 -0.628319 3.650865 -10.066939
 -0.565487 3.090014 -7.493925
 -0.502655 2.716097 -4.784034
 -0.439823 2.447633 -3.692094
 -0.376991 2.291640 -1.190806
 -0.314159 2.281002 0.700239
 -0.251327 2.376526 2.179777
 -0.188496 2.519407 2.056391
 -0.125664 2.646669 2.275056
 -0.062832 2.824038 3.300746
 0.000000 3.061356 4.124440
 0.062832 3.333478 4.541143
 0.125664 3.635723 4.785192
 0.188496 3.892062 3.228186
 0.251327 4.085507 3.344611
 0.314159 4.321470 3.677875
 0.376991 4.496848 1.811258
 0.439823 4.570262 0.564218
 0.502655 4.566309 -0.694727
 0.565487 4.517436 -0.561542
 0.628319 4.504663 -0.153895
 0.691150 4.469772 -0.874457
 0.753982 4.443074 0.273856
 0.816814 4.494668 0.935709
 0.879646 4.523773 -0.039561
 0.942478 4.515963 0.038131
 1.005310 4.582794 2.463744
 1.068142 4.824630 4.686590
 1.130973 5.112221 4.322227
 1.193805 5.387010 4.540380
 1.256637 5.718884 6.224543
 1.319469 6.150562 7.017806
 1.382301 6.566350 6.005279
 1.445133 6.898954 4.691022
 1.507964 7.202606 5.178178
 1.570796 7.526501 4.396030
 1.633628 7.694995 1.130685
 1.696460 7.752720 1.159284
 1.759292 7.816485 -0.054496
 1.822124 7.667400 -4.450134
 1.884956 7.351537 -5.294455
 1.947787 6.977159 -6.881320
 2.010619 6.498962 -8.183794
 2.073451 5.953985 -9.219054
 2.136283 5.347728 -9.933646
 2.199115 4.714555 -10.399512
 2.261947 4.034649 -10.995668
 2.324779 3.363899 -10.463025
 2.387610 2.693744 -10.829212
 2.450442 2.052072 -9.187116
 2.513274 1.555161 -6.863324
 2.576106 1.160891 -5.651825
 2.638938 0.885939 -2.871531
 2.701770 0.787871 -0.554833
 2.764602 0.809755 1.394956
 2.827433 0.990655 4.533338
 2.890265 1.396344 8.217058
 2.953097 1.987501 10.380096
 3.015929 2.724122 13.280679
 3.078761 3.673192 16.750452
