#! FIELDS phi2 ffphi2 dffphi2_phi2
#! SET min_phi2 -pi
#! SET max_phi2 pi
#! SET nbins_phi2  100
#! SET periodic_phi2 true
 -3.141593 16.581930 -47.457492
 -3.078761 13.747557 -42.462829
 -3.015929 11.260606 -36.889000
 -2.953097 9.088135 -32.146194
 -2.890265 7.254216 -26.207206
 -2.827433 5.753352 -21.980965
 -2.764602 4.472800 -18.635291
 -2.701770 3.440210 -14.161521
 -2.638938 2.672348 -10.604840
 -2.576106 2.070825 -8.711095
 -2.513274 1.598742 -5.897363
 -2.450442 1.356743 -2.077824
 -2.387610 1.287352 -0.380601
 -2.324779 1.311873 1.210380
 -2.261947 1.428768 2.234355
 -2.199115 1.574087 2.218817
 -2.136283 1.693629 1.681680
 -2.073451 1.833350 2.951385
 -2.010619 2.054247 3.742631
 -1.947787 2.258711 2.394054
 -1.884956 2.358031 1.101658
 -1.822124 2.437474 1.266932
 -1.759292 2.470641 -0.536948
 -1.696460 2.361023 -2.858012
 -1.633628 2.164986 -3.035740
 -1.570796 1.966564 -3.674437
 -1.507964 1.702009 -4.620708
 -1.445133 1.369209 -6.184480
 -1.382301 0.968653 -5.888835
 -1.319469 0.681653 -3.300718
 -1.256637 0.543605 -1.118056
 -1.193805 0.528491 0.563738
 -1.130973 0.675997 4.765629
 -1.068142 1.133655 9.207716
 -1.005310 1.790480 11.844800
 -0.942478 2.680428 16.616326
 -0.879646 3.847448 20.036254
 -0.816814 5.203153 23.256163
 -0.753982 6.777929 26.440265
 -0.691150 8.517205 28.745502
 -0.628319 10.386324 30.254325
 -0.565487 12.313974 30.749526
 -0.502655 14.250420 30.596992
 -0.439823 16.167148 29.775742
 -0.376991 17.978413 27.826865
 -0.314159 19.699234 26.409703
 -0.251327 21.279680 23.810586
 -0.188496 22.711537 21.212911
 -0.125664 23.913571 16.820567
 -0.062832 24.831122 12.051219
 0.000000 25.394607 5.520844
 0.062832 25.540230 -0.721911
 0.125664 25.296384 -7.351388
 0.188496 24.636689 -13.151441
 0.251327 23.697266 -16.668246
 0.314159 22.533667 -20.350410
 0.376991 21.151177 -23.801444
 0.439823 19.542394 -26.752903
 0.502655 17.920099 -24.267699
 0.565487 16.465038 -22.524691
 0.628319 15.105155 -20.358788
 0.691150 13.903798 -18.153250
 0.753982 12.822337 -16.053018
 0.816814 11.945119 -11.232006
 0.879646 11.439171 -5.261301
 0.942478 11.258696 -0.176836
 1.005310 11.465710 6.944226
 1.068142 12.128013 13.742237
 1.130973 13.144567 18.481272
 1.193805 14.498128 25.047509
 1.256637 16.347544 33.623623
 1.319469 18.693318 40.604545
 1.382301 21.492597 48.457278
 1.445133 24.831844 56.871052
 1.507964 28.615253 62.239838
 1.570796 32.756874 68.250856
 1.633628 37.261252 72.239812
 1.696460 41.823926 68.942903
 1.759292 45.912895 56.797781
 1.822124 49.075794 43.564440
 1.884956 51.637767 37.853944
 1.947787 53.962918 36.205788
 2.010619 56.252265 36.108435
 2.073451 58.450270 32.511968
 2.136283 60.269775 24.631196
 2.199115 61.459035 11.553334
 2.261947 61.586550 -7.715364
 2.324779 60.584565 -23.691064
 2.387610 58.692319 -35.452218
 2.450442 56.198100 -44.027341
 2.513274 53.173076 -51.772359
 2.576106 49.753693 -56.766053
 2.638938 46.051365 -60.852451
 2.701770 42.157901 -62.584289
 2.764602 38.205738 -63.201525
 2.827433 34.241486 -62.649623
 2.890265 30.340902 -61.414995
 2.953097 26.560880 -58.505074
 3.015929 23.011901 -54.529708
 3.078761 19.687877 -51.283575
