#! FIELDS psi2 ffpsi2 dffpsi2_psi2
#! SET min_psi2 -pi
#! SET max_psi2 pi
#! SET nbins_psi2  100
#! SET periodic_psi2 true
 -3.141593 12.259224 26.451396
 -3.078761 13.794685 20.700165
 -3.015929 14.975920 19.948675
 -2.953097 16.328313 18.367612
 -2.890265 17.081716 10.446254
 -2.827433 18.190929 24.279232
 -2.764602 19.563564 13.835943
 -2.701770 19.759553 -5.009050
 -2.638938 19.270278 -9.704178
 -2.576106 18.569850 -12.801108
 -2.513274 17.561462 -19.385622
 -2.450442 16.269144 -21.149036
 -2.387610 14.880506 -22.837284
 -2.324779 13.510148 -19.612473
 -2.261947 12.577343 -10.015909
 -2.199115 11.870797 -16.755634
 -2.136283 10.374095 -28.100256
 -2.073451 8.819311 -18.718497
 -2.010619 7.994801 -9.653737
 -1.947787 7.498322 -5.495945
 -1.884956 7.162799 -7.953424
 -1.822124 6.618114 -5.421796
 -1.759292 6.632005 3.314568
 -1.696460 6.463388 -11.967505
 -1.633628 5.514564 -13.583746
 -1.570796 4.891918 -5.270979
 -1.507964 5.135096 13.081752
 -1.445133 6.066619 11.464445
 -1.382301 6.362906 -0.083305
 -1.319469 6.214974 -5.793691
 -1.256637 5.707204 -6.735201
 -1.193805 5.754414 8.218216
 -1.130973 6.240761 2.014560
 -1.068142 6.039417 -4.030540
 -1.005310 6.119524 7.236286
 -0.942478 6.714816 8.000726
 -0.879646 6.896959 -1.434250
 -0.816814 6.754414 -1.274194
 -0.753982 6.783279 1.118286
 -0.691150 6.812381 -1.291481
 -0.628319 6.463722 -8.764570
 -0.565487 5.978841 -6.010404
 -0.502655 5.754308 -0.388936
 -0.439823 5.809027 -1.161812
 -0.376991 5.389438 -10.036609
 -0.314159 4.965398 -1.771882
 -0.251327 5.043847 1.350414
 -0.188496 4.971595 -1.589740
 -0.125664 5.208528 9.731349
 -0.062832 5.860697 7.226388
 0.000000 6.011984 -0.669434
 0.062832 6.052562 3.566689
 0.125664 6.519001 9.967743
 0.188496 6.912064 -0.331656
 0.251327 6.599598 -6.475867
 0.314159 6.382623 0.379181
 0.376991 6.655292 8.201305
 0.439823 7.314391 10.070590
 0.502655 7.342351 -13.614118
 0.565487 5.935154 -22.486639
 0.628319 5.197194 -1.059748
 0.691150 5.287746 -2.078231
 0.753982 4.691268 -13.848411
 0.816814 3.819894 -12.749182
 0.879646 3.497144 5.302790
 0.942478 4.215697 11.321813
 1.005310 4.650896 5.845127
 1.068142 5.077577 5.037028
 1.130973 5.233926 2.698429
 1.193805 5.661922 10.500922
 1.256637 6.206182 2.004129
 1.319469 5.607069 -17.437068
 1.382301 4.934597 1.514663
 1.445133 5.743068 16.709591
 1.507964 5.683216 -21.827099
 1.570796 4.020834 -21.461610
 1.633628 3.635778 9.085638
 1.696460 4.368661 5.144657
 1.759292 4.257913 -4.062397
 1.822124 3.821217 -10.698779
 1.884956 3.268203 -5.269293
 1.947787 2.909282 -7.846051
 2.010619 2.471665 -4.755905
 2.073451 2.209658 -4.629080
 2.136283 1.943236 -3.257297
 2.199115 1.751713 -3.352938
 2.261947 1.499258 -5.818711
 2.324779 0.897047 -11.469721
 2.387610 0.416742 -4.224724
 2.450442 -0.151730 -15.198427
 2.513274 -0.697956 4.050967
 2.576106 0.295099 21.239642
 2.638938 1.340750 13.321607
 2.701770 2.522377 27.467060
 2.764602 4.562258 26.465536
 2.827433 4.893868 -5.373180
 2.890265 5.367799 24.455631
 2.953097 7.745062 43.142987
 3.015929 9.638458 17.026043
 3.078761 10.712972 20.581386
