#! FIELDS psi4 hhpsi4 dhhpsi4_psi4
#! SET min_psi4 -pi
#! SET max_psi4 pi
#! SET nbins_psi4  100
#! SET periodic_psi4 true
 -3.141593 0.193411 -1.228080
 -3.078761 0.126183 -0.910294
 -3.015929 0.077921 -0.626127
 -2.953097 0.046486 -0.384145
 -2.890265 0.027454 -0.233296
 -2.827433 0.016003 -0.136494
 -2.764602 0.009369 -0.079887
 -2.701770 0.005434 -0.047324
 -2.638938 0.003239 -0.023368
 -2.576106 0.002257 -0.009405
 -2.513274 0.001951 -0.001125
 -2.450442 0.001909 -0.001544
 -2.387610 0.001754 -0.002346
 -2.324779 0.001686 -0.000107
 -2.261947 0.001699 0.000847
 -2.199115 0.001851 0.004161
 -2.136283 0.002207 0.007101
 -2.073451 0.002766 0.011161
 -2.010619 0.003615 0.015174
 -1.947787 0.004585 0.015650
 -1.884956 0.005578 0.015566
 -1.822124 0.006533 0.016225
 -1.759292 0.007977 0.032609
 -1.696460 0.010533 0.044709
 -1.633628 0.013316 0.046338
 -1.570796 0.016835 0.067700
 -1.507964 0.021913 0.095864
 -1.445133 0.029206 0.138076
 -1.382301 0.039138 0.176571
 -1.319469 0.051635 0.225920
 -1.256637 0.067719 0.286302
 -1.193805 0.087489 0.338707
 -1.130973 0.109447 0.356759
 -1.068142 0.131531 0.336978
 -1.005310 0.151455 0.308614
 -0.942478 0.171360 0.322073
 -0.879646 0.190341 0.275262
 -0.816814 0.205208 0.193650
 -0.753982 0.214835 0.131508
 -0.691150 0.223259 0.131577
 -0.628319 0.228691 0.035197
 -0.565487 0.229510 0.015790
 -0.502655 0.230171 -0.013831
 -0.439823 0.226558 -0.086671
 -0.376991 0.220728 -0.089397
 -0.314159 0.214991 -0.099647
 -0.251327 0.206731 -0.163266
 -0.188496 0.195044 -0.194635
 -0.125664 0.183047 -0.184640
 -0.062832 0.171259 -0.189834
 0.000000 0.158797 -0.203813
 0.062832 0.146212 -0.186901
 0.125664 0.135364 -0.160103
 0.188496 0.125471 -0.151558
 0.251327 0.117152 -0.103495
 0.314159 0.112437 -0.046411
 0.376991 0.111112 0.001486
 0.439823 0.111816 0.022463
 0.502655 0.114398 0.065646
 0.565487 0.120128 0.114375
 0.628319 0.127740 0.124260
 0.691150 0.136036 0.149011
 0.753982 0.146532 0.175562
 0.816814 0.155849 0.112303
 0.879646 0.160777 0.050882
 0.942478 0.161985 -0.010825
 1.005310 0.160237 -0.034970
 1.068142 0.157154 -0.072008
 1.130973 0.150003 -0.153123
 1.193805 0.138582 -0.202557
 1.256637 0.125181 -0.213594
 1.319469 0.111861 -0.212866
 1.382301 0.098450 -0.204985
 1.445133 0.086416 -0.176312
 1.507964 0.076537 -0.132272
 1.570796 0.069827 -0.082727
 1.633628 0.065569 -0.053402
 1.696460 0.063448 -0.008473
 1.759292 0.064530 0.041806
 1.822124 0.068427 0.084011
 1.884956 0.075805 0.159613
 1.947787 0.088641 0.246387
 2.010619 0.106733 0.334421
 2.073451 0.130794 0.432137
 2.136283 0.161962 0.574717
 2.199115 0.203462 0.742526
 2.261947 0.255072 0.905427
 2.324779 0.317620 1.091985
 2.387610 0.392009 1.266090
 2.450442 0.474287 1.334542
 2.513274 0.556989 1.290222
 2.576106 0.634434 1.145666
 2.638938 0.694520 0.729205
 2.701770 0.722484 0.158746
 2.764602 0.714466 -0.402048
 2.827433 0.670186 -1.006780
 2.890265 0.590318 -1.477921
 2.953097 0.489653 -1.679463
 3.015929 0.382520 -1.692469
 3.078761 0.280375 -1.520989
