#! FIELDS phi4 hhphi4 dhhphi4_phi4
#! SET min_phi4 -pi
#! SET max_phi4 pi
#! SET nbins_phi4  100
#! SET periodic_phi4 true
 -3.141593 0.064767 0.278343
 -3.078761 0.086239 0.405353
 -3.015929 0.116107 0.550094
 -2.953097 0.155458 0.704725
 -2.890265 0.204789 0.862306
 -2.827433 0.262648 0.969345
 -2.764602 0.324540 0.983206
 -2.701770 0.383400 0.870684
 -2.638938 0.431672 0.655808
 -2.576106 0.463335 0.333527
 -2.513274 0.471746 -0.053809
 -2.450442 0.459288 -0.306332
 -2.387610 0.436907 -0.371628
 -2.324779 0.414874 -0.304533
 -2.261947 0.399676 -0.176309
 -2.199115 0.391100 -0.102402
 -2.136283 0.384187 -0.136417
 -2.073451 0.371223 -0.275424
 -2.010619 0.350312 -0.370515
 -1.947787 0.327484 -0.315995
 -1.884956 0.313058 -0.138790
 -1.822124 0.308926 0.012288
 -1.759292 0.315226 0.204322
 -1.696460 0.334973 0.413941
 -1.633628 0.363966 0.504205
 -1.570796 0.399495 0.638872
 -1.507964 0.442069 0.684366
 -1.445133 0.479888 0.488269
 -1.382301 0.499822 0.121519
 -1.319469 0.491281 -0.389085
 -1.256637 0.454887 -0.720619
 -1.193805 0.403124 -0.908370
 -1.130973 0.342715 -0.987942
 -1.068142 0.280343 -0.976404
 -1.005310 0.222170 -0.850874
 -0.942478 0.173920 -0.684256
 -0.879646 0.135412 -0.535613
 -0.816814 0.106626 -0.383215
 -0.753982 0.085457 -0.300319
 -0.691150 0.068061 -0.251677
 -0.628319 0.053816 -0.198311
 -0.565487 0.043419 -0.131259
 -0.502655 0.036600 -0.092354
 -0.439823 0.031148 -0.080983
 -0.376991 0.026575 -0.064003
 -0.314159 0.022898 -0.051707
 -0.251327 0.020162 -0.037366
 -0.188496 0.017914 -0.032254
 -0.125664 0.016358 -0.016887
 -0.062832 0.015678 -0.005482
 0.000000 0.015370 -0.005649
 0.062832 0.015318 0.009090
 0.125664 0.016521 0.025917
 0.188496 0.018663 0.048503
 0.251327 0.023174 0.095280
 0.314159 0.030414 0.135454
 0.376991 0.040404 0.182725
 0.439823 0.052831 0.206874
 0.502655 0.065938 0.212570
 0.565487 0.080361 0.252509
 0.628319 0.097115 0.270369
 0.691150 0.113900 0.274873
 0.753982 0.133228 0.344495
 0.816814 0.155800 0.359664
 0.879646 0.177429 0.332366
 0.942478 0.197487 0.296827
 1.005310 0.212476 0.168939
 1.068142 0.217635 -0.008183
 1.130973 0.211039 -0.196641
 1.193805 0.193396 -0.354329
 1.256637 0.167644 -0.454167
 1.319469 0.136625 -0.526396
 1.382301 0.102825 -0.526595
 1.445133 0.072614 -0.422058
 1.507964 0.050138 -0.290159
 1.570796 0.035755 -0.175473
 1.633628 0.026187 -0.140488
 1.696460 0.017664 -0.125440
 1.759292 0.010892 -0.089244
 1.822124 0.006189 -0.061704
 1.884956 0.003057 -0.037829
 1.947787 0.001323 -0.018627
 2.010619 0.000515 -0.008115
 2.073451 0.000207 -0.002346
 2.136283 0.000137 -0.000274
 2.199115 0.000138 0.000127
 2.261947 0.000150 0.000433
 2.324779 0.000199 0.001082
 2.387610 0.000313 0.003051
 2.450442 0.000656 0.008535
 2.513274 0.001486 0.018616
 2.576106 0.003080 0.033291
 2.638938 0.005870 0.056406
 2.701770 0.010056 0.074415
 2.764602 0.014897 0.079206
 2.827433 0.020285 0.093865
 2.890265 0.026441 0.099189
 2.953097 0.032858 0.110727
 3.015929 0.040899 0.144771
 3.078761 0.050847 0.177293
