#! FIELDS phi2 ffphi2 dffphi2_phi2
#! SET min_phi2 -pi
#! SET max_phi2 pi
#! SET nbins_phi2  100
#! SET periodic_phi2 true
 -3.141593 20.059438 -54.160628
 -3.078761 17.588040 -29.171494
 -3.015929 15.660811 -38.475330
 -2.953097 12.457244 -58.405499
 -2.890265 9.012246 -49.320730
 -2.827433 6.474654 -28.671007
 -2.764602 5.451936 -8.927207
 -2.701770 4.330906 -28.233692
 -2.638938 2.662329 -20.978733
 -2.576106 1.786148 -7.098898
 -2.513274 1.326974 -12.567963
 -2.450442 0.692343 0.303380
 -2.387610 1.354446 12.083647
 -2.324779 1.637740 2.919921
 -2.261947 2.145289 9.081503
 -2.199115 2.383928 0.810995
 -2.136283 2.546932 2.310968
 -2.073451 1.967236 -23.148872
 -2.010619 0.500683 -15.937724
 -1.947787 0.079822 -0.333023
 -1.884956 0.476463 15.234000
 -1.822124 1.730183 18.042810
 -1.759292 2.443390 8.255471
 -1.696460 2.874023 0.999705
 -1.633628 2.367336 -12.673962
 -1.570796 1.662653 -10.134437
 -1.507964 1.141850 -4.888200
 -1.445133 1.018686 -0.949426
 -1.382301 0.976030 0.712892
 -1.319469 1.104036 1.332757
 -1.256637 0.993040 -3.000027
 -1.193805 1.085522 7.028853
 -1.130973 1.698456 9.268728
 -1.068142 2.030985 2.828854
 -1.005310 2.421186 11.258503
 -0.942478 3.300772 13.265361
 -0.879646 4.052620 15.330689
 -0.816814 5.686798 34.650876
 -0.753982 7.633311 25.843882
 -0.691150 9.782796 47.771205
 -0.628319 13.074821 42.807659
 -0.565487 15.143511 36.965011
 -0.502655 18.422959 58.229722
 -0.439823 20.675006 11.954882
 -0.376991 21.266574 15.396260
 -0.314159 23.051094 40.559200
 -0.251327 26.335275 65.472816
 -0.188496 30.884717 58.906998
 -0.125664 33.307327 35.540890
 -0.062832 34.328731 -54.656088
 0.000000 29.019963 -73.724043
 0.062832 26.215211 -14.888452
 0.125664 27.052362 38.440397
 0.188496 29.479662 13.719321
 0.251327 28.398415 -31.318298
 0.314159 26.635943 -19.163471
 0.376991 26.308415 5.696057
 0.439823 26.322984 -12.412685
 0.502655 24.845293 -32.600348
 0.565487 22.573401 -33.210995
 0.628319 21.114660 -15.256231
 0.691150 20.174124 -16.320112
 0.753982 19.208232 -13.095809
 0.816814 18.459152 -12.250053
 0.879646 17.730192 -8.698706
 0.942478 17.485320 -0.240068
 1.005310 17.585298 3.975944
 1.068142 18.045681 10.088073
 1.130973 18.833201 15.464931
 1.193805 19.926626 17.785969
 1.256637 21.124747 23.110947
 1.319469 23.163425 42.822637
 1.382301 26.625061 68.430005
 1.445133 31.888669 96.853791
 1.507964 38.646490 112.057414
 1.570796 46.286790 118.270242
 1.633628 54.116349 101.600172
 1.696460 59.079654 41.636171
 1.759292 61.274734 28.563329
 1.822124 62.256067 6.354663
 1.884956 63.216057 30.406094
 1.947787 66.175295 58.309646
 2.010619 69.585642 48.283575
 2.073451 73.067116 67.538170
 2.136283 78.689578 112.415240
 2.199115 87.731919 165.173875
 2.261947 inf nan
 2.324779 inf nan
 2.387610 inf nan
 2.450442 inf nan
 2.513274 inf nan
 2.576106 inf nan
 2.638938 inf nan
 2.701770 80.490842 -215.932311
 2.764602 66.853371 -205.242003
 2.827433 54.550747 -178.921178
 2.890265 44.722773 -131.588906
 2.953097 37.537007 -102.948640
 3.015929 31.076137 -104.997418
 3.078761 24.682338 -92.127631
