#! FIELDS psi2 ffpsi2 dffpsi2_psi2
#! SET min_psi2 -pi
#! SET max_psi2 pi
#! SET nbins_psi2  100
#! SET periodic_psi2 true
 -3.141593 15.145551 28.573381
 -3.078761 17.021520 30.611189
 -3.015929 18.825552 26.753396
 -2.953097 20.641962 30.757729
 -2.890265 22.429554 24.473171
 -2.827433 23.730193 14.994600
 -2.764602 23.884872 -9.621407
 -2.701770 23.281424 -6.343081
 -2.638938 22.695399 -16.686990
 -2.576106 21.230981 -27.607522
 -2.513274 19.432337 -28.356955
 -2.450442 17.883609 -19.158672
 -2.387610 16.961029 -12.795347
 -2.324779 16.202251 -10.420691
 -2.261947 15.358626 -19.333101
 -2.199115 14.167035 -14.386800
 -2.136283 13.399825 -14.876367
 -2.073451 11.799674 -35.483615
 -2.010619 9.722918 -25.048035
 -1.947787 8.652602 -12.598821
 -1.884956 7.955852 -8.232824
 -1.822124 7.620411 -3.835612
 -1.759292 7.572258 4.754071
 -1.696460 8.198388 10.203972
 -1.633628 8.121746 -11.999575
 -1.570796 7.367300 -8.191011
 -1.507964 7.181102 0.126019
 -1.445133 7.091560 -1.973762
 -1.382301 7.217315 5.424045
 -1.319469 7.511658 3.189008
 -1.256637 7.618517 -0.342317
 -1.193805 7.642872 4.394771
 -1.130973 8.323803 15.198208
 -1.068142 9.150621 8.872459
 -1.005310 9.477296 2.481904
 -0.942478 9.510226 -0.744476
 -0.879646 9.555528 1.909850
 -0.816814 9.090366 -24.054430
 -0.753982 7.217832 -22.248493
 -0.691150 7.176763 21.676703
 -0.628319 9.381285 39.088101
 -0.565487 11.093752 11.888626
 -0.502655 10.875307 -12.990189
 -0.439823 10.300901 -2.247262
 -0.376991 10.493014 4.549992
 -0.314159 10.444633 -7.105124
 -0.251327 9.769166 -11.152124
 -0.188496 9.566705 6.581038
 -0.125664 10.228196 9.598808
 -0.062832 10.777351 10.537967
 0.000000 11.221703 -3.528313
 0.062832 10.618403 -6.092358
 0.125664 10.880586 11.127842
 0.188496 11.420141 3.433334
 0.251327 11.301128 -6.257492
 0.314159 11.004396 0.519086
 0.376991 11.470265 10.579774
 0.439823 11.490107 -16.348008
 0.502655 9.211283 -48.475662
 0.565487 6.898533 -17.388805
 0.628319 7.316241 28.504772
 0.691150 9.312269 18.112127
 0.753982 9.120766 -12.990952
 0.816814 8.039685 -24.217609
 0.879646 6.621694 -13.006784
 0.942478 6.757642 14.473674
 1.005310 7.669743 8.747785
 1.068142 7.777283 -2.558300
 1.130973 7.424453 -9.579117
 1.193805 6.816326 -6.779283
 1.256637 6.692805 2.372523
 1.319469 6.978022 4.198528
 1.382301 6.788807 -11.463144
 1.445133 5.841816 -15.790369
 1.507964 5.046814 -8.320102
 1.570796 4.772297 -2.327129
 1.633628 4.432370 -9.147493
 1.696460 3.883586 -7.462878
 1.759292 3.266492 -13.410065
 1.822124 2.247094 -19.196368
 1.884956 0.955931 -19.295835
 1.947787 0.119169 -5.570108
 2.010619 0.316219 8.934737
 2.073451 0.449153 -8.593272
 2.136283 -0.319326 -10.464903
 2.199115 -0.703773 -4.907559
 2.261947 -1.306414 -12.623039
 2.324779 -1.678461 5.063795
 2.387610 -0.516068 29.457678
 2.450442 1.473127 31.301857
 2.513274 3.406358 26.840926
 2.576106 3.783658 -18.150733
 2.638938 2.576543 -7.759580
 2.701770 3.437529 34.141796
 2.764602 5.995414 35.314227
 2.827433 7.422689 16.816219
 2.890265 8.572813 19.103538
 2.953097 9.873102 24.065040
 3.015929 11.617460 28.905604
 3.078761 13.362363 27.557504
