#! FIELDS psi4 ffpsi4 dffpsi4_psi4
#! SET min_psi4 -pi
#! SET max_psi4 pi
#! SET nbins_psi4  100
#! SET periodic_psi4 true
 -3.141593 4.516357 16.533088
 -3.078761 5.647002 20.575759
 -3.015929 7.117715 24.791407
 -2.953097 8.670609 25.544357
 -2.890265 10.541222 33.817538
 -2.827433 12.490042 22.574597
 -2.764602 13.435531 13.274797
 -2.701770 14.724231 28.644804
 -2.638938 16.756123 30.409456
 -2.576106 17.862413 2.520411
 -2.513274 17.660252 -0.627193
 -2.450442 18.317538 19.248009
 -2.387610 19.524111 18.140993
 -2.324779 20.915680 27.441160
 -2.261947 22.380486 7.639557
 -2.199115 21.586070 -20.004652
 -2.136283 21.224353 11.023297
 -2.073451 22.186661 6.762965
 -2.010619 21.799905 -10.194305
 -1.947787 21.405407 -3.313554
 -1.884956 21.293186 -0.969009
 -1.822124 21.001614 -10.843995
 -1.759292 19.995890 -17.435511
 -1.696460 19.186819 -8.698335
 -1.633628 18.442103 -18.633746
 -1.570796 17.031117 -21.525751
 -1.507964 16.069552 -9.837653
 -1.445133 15.462358 -11.558759
 -1.382301 14.651105 -13.388287
 -1.319469 13.750241 -15.815221
 -1.256637 12.678927 -17.681777
 -1.193805 11.659859 -13.882088
 -1.130973 10.870581 -12.981820
 -1.068142 9.923418 -16.289677
 -1.005310 8.964950 -14.101250
 -0.942478 8.033268 -16.519544
 -0.879646 6.946604 -16.749405
 -0.816814 5.977283 -14.878416
 -0.753982 5.013699 -15.308381
 -0.691150 4.166511 -11.265457
 -0.628319 3.539887 -9.328363
 -0.565487 3.006768 -7.223486
 -0.502655 2.633847 -4.912736
 -0.439823 2.379061 -3.182271
 -0.376991 2.247486 -0.810919
 -0.314159 2.289248 1.763369
 -0.251327 2.398660 1.453550
 -0.188496 2.516924 2.739834
 -0.125664 2.754485 4.473667
 -0.062832 3.039372 4.544061
 0.000000 3.362165 5.813850
 0.062832 3.738667 5.785910
 0.125664 4.094534 5.609558
 0.188496 4.422318 4.519986
 0.251327 4.681912 4.109008
 0.314159 4.967171 4.597546
 0.376991 5.166818 1.154469
 0.439823 5.150549 -0.877256
 0.502655 5.138769 0.531509
 0.565487 5.152079 -0.666707
 0.628319 5.080516 -1.274750
 0.691150 4.982748 -1.940859
 0.753982 4.881907 -0.983769
 0.816814 4.844493 -0.461924
 0.879646 4.835919 0.302581
 0.942478 4.886974 1.423953
 1.005310 5.030363 2.737161
 1.068142 5.166435 1.612177
 1.130973 5.314398 3.605278
 1.193805 5.632179 6.262779
 1.256637 6.067880 7.085309
 1.319469 6.442183 4.394945
 1.382301 6.684000 4.423376
 1.445133 7.096049 8.260830
 1.507964 7.566696 5.457575
 1.570796 7.760347 1.148665
 1.633628 7.772538 -0.310882
 1.696460 7.797508 1.266817
 1.759292 7.834461 -1.414692
 1.822124 7.590684 -5.627254
 1.884956 7.235077 -4.950607
 1.947787 6.961768 -5.099668
 2.010619 6.474757 -9.710652
 2.073451 5.895769 -8.417441
 2.136283 5.342210 -10.134713
 2.199115 4.584861 -13.375442
 2.261947 3.744226 -13.086860
 2.324779 3.004993 -9.906629
 2.387610 2.479332 -7.624448
 2.450442 1.967193 -8.810156
 2.513274 1.415569 -8.269712
 2.576106 0.967387 -5.969459
 2.638938 0.659050 -3.832876
 2.701770 0.508113 -0.884493
 2.764602 0.550118 2.330525
 2.827433 0.822709 6.125659
 2.890265 1.268362 7.874337
 2.953097 1.841108 10.396725
 3.015929 2.565574 12.682164
 3.078761 3.473455 16.113375
