#! FIELDS phi4 ffphi4 dffphi4_phi4
#! SET min_phi4 -pi
#! SET max_phi4 pi
#! SET nbins_phi4  100
#! SET periodic_phi4 true
 -3.141593 13.297970 -47.732075
 -3.078761 10.294028 -47.370413
 -3.015929 7.528764 -39.529151
 -2.953097 5.331144 -30.999976
 -2.890265 3.574866 -25.041196
 -2.827433 2.205085 -18.434936
 -2.764602 1.225470 -13.094022
 -2.701770 0.585781 -6.832707
 -2.638938 0.317911 -2.811175
 -2.576106 0.162676 -1.895627
 -2.513274 0.174325 3.066089
 -2.450442 0.538284 7.430875
 -2.387610 1.002323 7.154079
 -2.324779 1.475036 8.039591
 -2.261947 1.985577 7.817927
 -2.199115 2.471614 7.796804
 -2.136283 2.896533 4.629083
 -2.073451 3.076769 2.314770
 -2.010619 3.250142 2.531517
 -1.947787 3.314296 -0.710558
 -1.884956 3.213084 -1.744188
 -1.822124 3.123618 -1.981471
 -1.759292 2.873104 -5.956060
 -1.696460 2.392183 -9.255297
 -1.633628 1.828300 -7.497932
 -1.570796 1.507179 -2.926699
 -1.507964 1.366945 -2.805500
 -1.445133 1.100451 -4.780414
 -1.382301 0.922825 -0.281242
 -1.319469 1.028109 2.885303
 -1.256637 1.282081 5.804578
 -1.193805 1.817501 11.364433
 -1.130973 2.754438 18.691286
 -1.068142 4.090637 22.383400
 -1.005310 5.491509 22.426856
 -0.942478 6.949727 23.774615
 -0.879646 8.529283 26.993984
 -0.816814 10.399200 32.397428
 -0.753982 12.584305 36.135963
 -0.691150 14.789748 32.962645
 -0.628319 16.858819 34.039084
 -0.565487 19.132984 37.550396
 -0.502655 21.578238 39.445283
 -0.439823 23.979407 36.072889
 -0.376991 26.241372 36.013838
 -0.314159 28.482267 34.594609
 -0.251327 30.539429 29.830927
 -0.188496 32.282406 26.188533
 -0.125664 33.856298 22.868548
 -0.062832 35.117094 17.117808
 0.000000 35.922759 6.819081
 0.062832 35.925945 -5.702850
 0.125664 35.336670 -13.215935
 0.188496 34.159541 -24.807763
 0.251327 32.318147 -32.024983
 0.314159 30.279322 -33.326902
 0.376991 27.951151 -41.427206
 0.439823 25.231477 -43.468552
 0.502655 22.530238 -42.835919
 0.565487 19.866345 -41.582965
 0.628319 17.349425 -37.985832
 0.691150 15.128336 -33.284891
 0.753982 13.048032 -33.043476
 0.816814 11.124808 -26.776182
 0.879646 9.710406 -19.123183
 0.942478 8.644619 -14.364994
 1.005310 8.040557 -4.098630
 1.068142 8.095906 4.860644
 1.130973 8.570319 10.216540
 1.193805 9.415125 16.864908
 1.256637 10.735870 25.640249
 1.319469 12.692570 36.528308
 1.382301 15.285148 45.226674
 1.445133 18.373377 52.773118
 1.507964 21.991132 61.717349
 1.570796 26.132779 67.454476
 1.633628 30.449732 66.792890
 1.696460 34.739667 68.203490
 1.759292 39.133612 68.746999
 1.822124 43.356349 62.170618
 1.884956 47.105784 55.981778
 1.947787 50.485142 49.815016
 2.010619 53.425180 41.841114
 2.073451 55.667374 28.551171
 2.136283 57.102830 17.055092
 2.199115 57.786554 3.882476
 2.261947 57.624560 -8.696842
 2.324779 56.648059 -22.501245
 2.387610 54.901937 -32.448912
 2.450442 52.584239 -41.391180
 2.513274 49.700943 -49.924702
 2.576106 46.420968 -53.800279
 2.638938 42.922997 -58.020909
 2.701770 39.121418 -62.471700
 2.764602 35.118634 -64.707112
 2.827433 31.026557 -65.121917
 2.890265 26.993887 -62.664873
 2.953097 23.210546 -57.614205
 3.015929 19.702000 -54.486983
 3.078761 16.376562 -50.964601
