#! FIELDS phi2 ffphi2 dffphi2_phi2
#! SET min_phi2 -pi
#! SET max_phi2 pi
#! SET nbins_phi2  100
#! SET periodic_phi2 true
 -3.141593 16.336561 -47.443111
 -3.078761 13.443269 -43.977130
 -3.015929 10.899314 -36.744934
 -2.953097 8.772898 -31.492905
 -2.890265 6.936512 -26.786453
 -2.827433 5.406008 -21.991877
 -2.764602 4.164452 -17.657842
 -2.701770 3.173925 -13.995331
 -2.638938 2.383044 -11.275829
 -2.576106 1.785863 -7.407630
 -2.513274 1.449645 -3.670515
 -2.450442 1.287655 -1.626502
 -2.387610 1.237081 -0.043511
 -2.324779 1.280906 1.138173
 -2.261947 1.325199 0.190250
 -2.199115 1.384514 2.338639
 -2.136283 1.596568 3.439724
 -2.073451 1.763405 2.284906
 -2.010619 1.941082 3.182294
 -1.947787 2.133060 3.000146
 -1.884956 2.343718 3.455598
 -1.822124 2.502990 1.221165
 -1.759292 2.510708 -0.807659
 -1.696460 2.428338 -1.422333
 -1.633628 2.373996 -0.756247
 -1.570796 2.218473 -4.704977
 -1.507964 1.839217 -6.681444
 -1.445133 1.425783 -6.384120
 -1.382301 1.058017 -5.151281
 -1.319469 0.788246 -3.525996
 -1.256637 0.615017 -1.833802
 -1.193805 0.590326 1.199403
 -1.130973 0.781343 4.948192
 -1.068142 1.231974 9.444906
 -1.005310 1.943784 12.813344
 -0.942478 2.843784 15.971946
 -0.879646 3.957809 19.349346
 -0.816814 5.299394 23.402024
 -0.753982 6.885940 26.625095
 -0.691150 8.646120 29.319721
 -0.628319 10.558898 30.895211
 -0.565487 12.500426 30.487765
 -0.502655 14.423705 30.759479
 -0.439823 16.400110 31.713219
 -0.376991 18.369865 30.035502
 -0.314159 20.138792 25.943761
 -0.251327 21.656327 22.197547
 -0.188496 22.954814 18.984966
 -0.125664 24.044251 15.406464
 -0.062832 24.887026 11.209599
 0.000000 25.440557 6.155492
 0.062832 25.647642 0.169545
 0.125664 25.444630 -6.664682
 0.188496 24.833780 -12.529057
 0.251327 23.925757 -15.987349
 0.314159 22.826583 -19.268337
 0.376991 21.520599 -21.711190
 0.439823 20.141443 -22.417686
 0.502655 18.689854 -23.458654
 0.565487 17.211042 -23.838793
 0.628319 15.738216 -21.988179
 0.691150 14.528497 -16.770282
 0.753982 13.551967 -14.724377
 0.816814 12.701967 -11.766580
 0.879646 12.139895 -5.861530
 0.942478 11.949920 -0.538978
 1.005310 12.074351 4.840284
 1.068142 12.590846 11.605391
 1.130973 13.532027 18.251511
 1.193805 14.897837 25.467278
 1.256637 16.777782 34.170881
 1.319469 19.147520 40.513849
 1.382301 21.880870 46.615512
 1.445133 25.132011 56.540203
 1.507964 28.972292 63.860587
 1.570796 33.150018 67.132030
 1.633628 37.534939 70.392364
 1.696460 42.077126 70.770561
 1.759292 46.439304 64.467242
 1.822124 50.259044 54.056714
 1.884956 53.328987 43.023344
 1.947787 55.855712 37.374278
 2.010619 58.097757 33.221502
 2.073451 60.005501 26.800359
 2.136283 61.400382 15.986895
 2.199115 61.896618 -0.393833
 2.261947 61.446436 -13.178331
 2.324779 60.286352 -24.073445
 2.387610 58.389712 -35.906905
 2.450442 55.851311 -44.718008
 2.513274 52.782728 -52.270065
 2.576106 49.368885 -56.198392
 2.638938 45.722502 -59.674954
 2.701770 41.868570 -62.987983
 2.764602 37.868829 -63.611550
 2.827433 33.905131 -62.379752
 2.890265 30.064789 -59.849356
 2.953097 26.337226 -58.907146
 3.015929 22.717514 -55.640718
 3.078761 19.391803 -50.288086
