#! FIELDS phi3 ffphi3 dffphi3_phi3
#! SET min_phi3 -pi
#! SET max_phi3 pi
#! SET nbins_phi3  100
#! SET periodic_phi3 true
 -3.141593 21.682771 -52.156414
 -3.078761 18.570747 -47.423280
 -3.015929 15.701390 -43.407617
 -2.953097 13.200767 -36.025409
 -2.890265 11.119341 -30.537558
 -2.827433 9.391157 -24.406065
 -2.764602 7.961371 -21.942534
 -2.701770 6.697122 -16.832156
 -2.638938 5.885854 -10.327738
 -2.576106 5.218486 -11.340202
 -2.513274 4.539977 -9.341649
 -2.450442 4.082250 -5.696543
 -2.387610 3.731561 -6.068943
 -2.324779 3.317369 -6.666217
 -2.261947 2.966389 -4.200973
 -2.199115 2.756851 -3.136051
 -2.136283 2.553675 -3.024091
 -2.073451 2.362351 -3.615571
 -2.010619 2.136290 -2.882459
 -1.947787 1.932913 -4.853572
 -1.884956 1.588062 -4.329891
 -1.822124 1.470080 -0.669445
 -1.759292 1.247261 -7.472324
 -1.696460 0.732267 -6.467705
 -1.633628 0.504924 -1.810161
 -1.570796 0.434115 -0.572793
 -1.507964 0.332767 -3.715545
 -1.445133 0.028538 -4.440420
 -1.382301 -0.162165 -2.436967
 -1.319469 -0.339522 -2.671141
 -1.256637 -0.359989 2.626181
 -1.193805 -0.070525 5.649055
 -1.130973 0.420822 11.690831
 -1.068142 1.446494 19.390347
 -1.005310 2.718175 21.368570
 -0.942478 4.232670 26.877741
 -0.879646 6.082819 31.440359
 -0.816814 8.131432 33.233708
 -0.753982 10.265859 34.199683
 -0.691150 12.456001 36.179186
 -0.628319 14.928298 41.741634
 -0.565487 17.577055 41.432682
 -0.502655 20.194551 41.684518
 -0.439823 22.834983 41.626602
 -0.376991 25.476031 41.842426
 -0.314159 28.098498 40.899273
 -0.251327 30.655713 39.719035
 -0.188496 33.097004 37.312749
 -0.125664 35.322774 32.564504
 -0.062832 37.181554 26.234229
 0.000000 38.629181 19.254125
 0.062832 39.570071 10.545242
 0.125664 39.993766 2.774964
 0.188496 39.861845 -7.347612
 0.251327 39.119004 -15.767017
 0.314159 37.908447 -22.750850
 0.376991 36.291026 -28.411496
 0.439823 34.383270 -31.689819
 0.502655 32.386585 -31.695460
 0.565487 30.393764 -31.564063
 0.628319 28.478132 -28.979817
 0.691150 26.763245 -25.781792
 0.753982 25.227682 -22.976310
 0.816814 23.908632 -18.702439
 0.879646 22.911760 -12.872755
 0.942478 22.292375 -6.878485
 1.005310 22.067700 -0.055793
 1.068142 22.282060 6.578680
 1.130973 22.868036 12.056248
 1.193805 23.831630 18.808395
 1.256637 25.231163 25.381863
 1.319469 27.006542 31.010268
 1.382301 29.156343 37.334079
 1.445133 31.703394 43.006462
 1.507964 34.529553 46.306473
 1.570796 37.580018 50.284915
 1.633628 40.862903 53.165161
 1.696460 44.372382 58.233444
 1.759292 48.236902 62.328480
 1.822124 52.162517 60.920375
 1.884956 55.967195 55.943245
 1.947787 58.931340 40.632406
 2.010619 62.218995 70.050478
 2.073451 68.284650 122.959164
 2.136283 78.465601 178.412555
 2.199115 inf nan
 2.261947 inf nan
 2.324779 inf nan
 2.387610 82.331545 -209.811773
 2.450442 71.013512 -150.568791
 2.513274 63.351995 -94.033699
 2.576106 58.863004 -54.900092
 2.638938 55.341513 -61.983311
 2.701770 51.259152 -67.305445
 2.764602 46.766486 -75.221257
 2.827433 41.990734 -75.036622
 2.890265 37.416373 -70.930685
 2.953097 33.051117 -67.633175
 3.015929 28.951763 -62.816060
 3.078761 25.151483 -58.060237
