#! FIELDS phi3 ffphi3 dffphi3_phi3
#! SET min_phi3 -pi
#! SET max_phi3 pi
#! SET nbins_phi3  100
#! SET periodic_phi3 true
 -3.141593 21.452305 -53.140097
 -3.078761 18.277822 -47.649758
 -3.015929 15.478379 -41.483123
 -2.953097 13.055754 -35.688403
 -2.890265 10.990564 -30.085740
 -2.827433 9.262439 -25.034169
 -2.764602 7.845883 -19.935375
 -2.701770 6.755390 -15.091358
 -2.638938 5.896179 -12.561258
 -2.576106 5.158793 -11.052816
 -2.513274 4.487290 -10.441398
 -2.450442 3.858869 -9.318775
 -2.387610 3.340243 -7.225764
 -2.324779 2.927845 -6.103976
 -2.261947 2.577623 -4.848180
 -2.199115 2.338516 -2.874768
 -2.136283 2.193352 -1.792035
 -2.073451 2.127702 -0.368988
 -2.010619 2.109132 -0.707916
 -1.947787 1.993276 -3.130542
 -1.884956 1.751855 -4.179380
 -1.822124 1.483732 -4.464547
 -1.759292 1.198582 -4.423155
 -1.696460 0.947531 -3.718785
 -1.633628 0.696090 -4.465339
 -1.570796 0.400042 -4.793164
 -1.507964 0.111289 -4.310782
 -1.445133 -0.116559 -2.818927
 -1.382301 -0.249218 -1.572649
 -1.319469 -0.307283 -0.031101
 -1.256637 -0.213733 3.179382
 -1.193805 0.118548 7.585456
 -1.130973 0.751975 12.489308
 -1.068142 1.701616 17.786033
 -1.005310 2.951222 21.308235
 -0.942478 4.383010 24.668048
 -0.879646 6.083039 28.971234
 -0.816814 8.006814 32.122622
 -0.753982 10.136575 35.204935
 -0.691150 12.423166 37.228974
 -0.628319 14.846752 39.502745
 -0.565487 17.400921 41.268101
 -0.502655 20.048467 42.372451
 -0.439823 22.737767 42.530498
 -0.376991 25.433595 42.682563
 -0.314159 28.104506 41.442116
 -0.251327 30.650367 38.798840
 -0.188496 32.987810 35.081432
 -0.125664 35.110719 32.093039
 -0.062832 36.998151 27.155746
 0.000000 38.502911 20.303046
 0.062832 39.532947 11.862703
 0.125664 39.950296 1.110923
 0.188496 39.694376 -8.939012
 0.251327 38.877089 -16.894873
 0.314159 37.601899 -23.354108
 0.376991 35.988826 -27.661413
 0.439823 34.158050 -30.399997
 0.502655 32.219450 -30.882575
 0.565487 30.285289 -30.847613
 0.628319 28.354188 -30.185398
 0.691150 26.554194 -26.805452
 0.753982 25.000386 -22.579301
 0.816814 23.729762 -17.744448
 0.879646 22.800040 -11.586714
 0.942478 22.277195 -5.269166
 1.005310 22.121790 0.311689
 1.068142 22.319881 6.009108
 1.130973 22.892606 12.349472
 1.193805 23.892084 19.431834
 1.256637 25.317063 25.574203
 1.319469 27.093048 30.801663
 1.382301 29.212453 36.539314
 1.445133 31.694894 41.986427
 1.507964 34.496923 46.737390
 1.570796 37.614193 51.915473
 1.633628 41.038140 55.848777
 1.696460 44.668882 58.467711
 1.759292 48.421827 59.338658
 1.822124 52.226143 60.514482
 1.884956 56.042405 56.958715
 1.947787 59.327496 49.722272
 2.010619 63.061490 71.656969
 2.073451 68.725717 108.807061
 2.136283 77.239726 155.478980
 2.199115 inf nan
 2.261947 inf nan
 2.324779 93.890073 -234.917524
 2.387610 80.966626 -174.540491
 2.450442 71.794728 -118.277454
 2.513274 65.745090 -78.958639
 2.576106 61.028514 -76.792620
 2.638938 56.059792 -78.302134
 2.701770 51.269138 -75.571685
 2.764602 46.471832 -76.495398
 2.827433 41.727794 -74.141399
 2.890265 37.173837 -70.659069
 2.953097 32.845965 -67.140629
 3.015929 28.742457 -63.195835
 3.078761 24.936787 -57.862791
