#! FIELDS psi3 ffpsi3 dffpsi3_psi3
#! SET min_psi3 -pi
#! SET max_psi3 pi
#! SET nbins_psi3  100
#! SET periodic_psi3 true
 -3.141593 8.978723 16.824242
 -3.078761 9.886434 13.839091
 -3.015929 10.966866 20.073753
 -2.953097 12.180482 17.822490
 -2.890265 13.430487 24.037575
 -2.827433 15.225057 29.517698
 -2.764602 16.475768 9.304366
 -2.701770 17.111614 15.585119
 -2.638938 18.434703 23.857912
 -2.576106 20.075601 29.363412
 -2.513274 21.940994 27.475747
 -2.450442 23.662831 29.054732
 -2.387610 25.386959 22.297769
 -2.324779 26.409846 11.111026
 -2.261947 26.857082 3.896468
 -2.199115 27.095360 4.713847
 -2.136283 27.464584 6.433978
 -2.073451 27.865317 6.195070
 -2.010619 27.985926 -9.020840
 -1.947787 26.141453 -40.337993
 -1.884956 24.590820 -1.985263
 -1.822124 26.145265 50.030266
 -1.759292 29.899202 50.923132
 -1.696460 31.312729 8.572370
 -1.633628 32.198013 16.251141
 -1.570796 32.128967 -24.824631
 -1.507964 29.455191 -53.192320
 -1.445133 26.329552 -41.953239
 -1.382301 23.893513 -43.959060
 -1.319469 20.608032 -52.479678
 -1.256637 17.879061 -35.964721
 -1.193805 15.709998 -33.387960
 -1.130973 13.924558 -23.187015
 -1.068142 12.450839 -26.007856
 -1.005310 10.767746 -26.324037
 -0.942478 9.130044 -25.655087
 -0.879646 7.662972 -20.389364
 -0.816814 6.554084 -15.457972
 -0.753982 5.632667 -14.522367
 -0.691150 4.692715 -15.291603
 -0.628319 3.733101 -15.391209
 -0.565487 2.749253 -15.545440
 -0.502655 1.858155 -12.316226
 -0.439823 1.229751 -7.871435
 -0.376991 0.802426 -6.306785
 -0.314159 0.420673 -5.658202
 -0.251327 0.118501 -3.815840
 -0.188496 -0.041288 -1.233409
 -0.125664 -0.034589 1.407545
 -0.062832 0.130981 3.728925
 0.000000 0.423964 5.444949
 0.062832 0.795739 6.233638
 0.125664 1.194475 6.132498
 0.188496 1.564699 6.000679
 0.251327 1.984847 7.210976
 0.314159 2.441547 6.940761
 0.376991 2.837081 5.783693
 0.439823 3.197441 5.626758
 0.502655 3.555369 5.765553
 0.565487 3.910754 5.586626
 0.628319 4.290104 6.163363
 0.691150 4.594541 3.241687
 0.753982 4.811065 4.784261
 0.816814 5.228370 7.527910
 0.879646 5.597223 3.692761
 0.942478 5.794120 3.372059
 1.005310 6.019740 3.467431
 1.068142 6.266385 4.809570
 1.130973 6.586546 4.250166
 1.193805 6.745681 1.449736
 1.256637 6.861964 2.557047
 1.319469 7.096235 4.643410
 1.382301 7.311397 0.962329
 1.445133 7.272994 -0.450579
 1.507964 7.348888 1.700060
 1.570796 7.364960 -0.692988
 1.633628 7.341879 -0.355762
 1.696460 7.275037 -1.819136
 1.759292 7.136598 -2.379286
 1.822124 6.971937 -3.166004
 1.884956 6.762470 -3.067848
 1.947787 6.593475 -2.500150
 2.010619 6.436551 -2.755211
 2.073451 6.246557 -2.936309
 2.136283 6.092315 -2.151091
 2.199115 5.957154 -2.316846
 2.261947 5.786244 -3.304715
 2.324779 5.544955 -3.966137
 2.387610 5.342095 -2.476597
 2.450442 5.225957 -1.382157
 2.513274 5.121544 -2.189004
 2.576106 5.006096 -1.052397
 2.638938 4.960181 -0.907500
 2.701770 4.933315 0.856512
 2.764602 5.094374 3.781473
 2.827433 5.386708 5.666642
 2.890265 5.800418 7.103355
 2.953097 6.271288 8.208237
 3.015929 6.900785 12.197470
 3.078761 7.839201 17.512022
