#! FIELDS psi3 ffpsi3 dffpsi3_psi3
#! SET min_psi3 -pi
#! SET max_psi3 pi
#! SET nbins_psi3  100
#! SET periodic_psi3 true
 -3.141593 8.763243 16.681340
 -3.078761 9.998507 23.055698
 -3.015929 11.589114 25.653294
 -2.953097 12.860577 9.627899
 -2.890265 12.727092 -4.816226
 -2.827433 13.459914 32.573254
 -2.764602 16.736444 64.158082
 -2.701770 19.625155 21.269875
 -2.638938 20.910831 28.507192
 -2.576106 23.268417 39.599181
 -2.513274 24.964306 13.500475
 -2.450442 25.433586 4.741809
 -2.387610 25.869330 9.242470
 -2.324779 26.385002 6.067662
 -2.261947 26.749206 6.351609
 -2.199115 27.144991 5.791724
 -2.136283 27.544368 7.820748
 -2.073451 28.167100 11.270894
 -2.010619 28.859212 10.526336
 -1.947787 29.545584 11.640359
 -1.884956 30.337155 13.242679
 -1.822124 31.148600 11.957836
 -1.759292 31.589631 -1.957808
 -1.696460 31.174694 -1.795609
 -1.633628 32.186909 34.373816
 -1.570796 34.302302 5.705722
 -1.507964 30.580998 -96.002152
 -1.445133 25.275460 -65.574440
 -1.382301 22.388543 -29.965137
 -1.319469 20.783057 -26.609548
 -1.256637 18.811752 -35.501772
 -1.193805 16.426469 -38.958068
 -1.130973 14.218806 -29.689158
 -1.068142 12.491908 -28.923391
 -1.005310 10.548419 -29.634431
 -0.942478 9.036120 -18.783581
 -0.879646 7.975285 -17.056155
 -0.816814 6.789320 -19.806096
 -0.753982 5.626726 -17.004630
 -0.691150 4.628017 -14.695133
 -0.628319 3.773346 -13.084067
 -0.565487 2.932710 -13.437376
 -0.502655 2.151349 -11.204738
 -0.439823 1.496687 -10.147802
 -0.376991 0.878280 -8.749997
 -0.314159 0.452279 -5.250665
 -0.251327 0.186622 -2.905455
 -0.188496 0.113183 0.278328
 -0.125664 0.157084 0.635628
 -0.062832 0.218062 2.149007
 0.000000 0.499652 6.283460
 0.062832 0.872182 4.999000
 0.125664 1.184287 5.284708
 0.188496 1.477750 3.241913
 0.251327 1.629124 2.776882
 0.314159 1.955151 7.890579
 0.376991 2.588162 11.238153
 0.439823 3.169553 5.902069
 0.502655 3.399851 3.326708
 0.565487 3.725868 6.256866
 0.628319 4.019678 2.893324
 0.691150 4.249295 5.355861
 0.753982 4.643368 5.848260
 0.816814 4.915371 3.539522
 0.879646 5.224104 6.610034
 0.942478 5.678781 6.704672
 1.005310 5.981476 2.999743
 1.068142 6.128011 2.383843
 1.130973 6.328310 3.505650
 1.193805 6.500851 2.110507
 1.256637 6.694468 4.380668
 1.319469 6.937984 1.972729
 1.382301 6.986450 1.282195
 1.445133 7.248133 6.968152
 1.507964 7.691900 4.876796
 1.570796 7.713059 -3.751472
 1.633628 7.376746 -5.404749
 1.696460 7.195383 -0.654597
 1.759292 7.073077 -4.332978
 1.822124 6.847424 -0.790638
 1.884956 6.911956 0.022618
 1.947787 6.658813 -6.650705
 2.010619 6.328875 -3.381636
 2.073451 6.160550 -2.607628
 2.136283 5.996856 -2.494783
 2.199115 5.807102 -4.040477
 2.261947 5.533403 -3.660863
 2.324779 5.411711 -0.734083
 2.387610 5.348279 -1.573358
 2.450442 5.251745 -1.339077
 2.513274 5.122758 -3.357059
 2.576106 4.887354 -3.035296
 2.638938 4.816689 0.629742
 2.701770 4.914072 1.958827
 2.764602 5.062702 3.330082
 2.827433 5.362714 5.528143
 2.890265 5.678352 4.538390
 2.953097 6.022743 7.511872
 3.015929 6.737709 15.075118
 3.078761 7.762312 16.104202
