#! FIELDS psi2 ffpsi2 dffpsi2_psi2
#! SET min_psi2 -pi
#! SET max_psi2 pi
#! SET nbins_psi2  100
#! SET periodic_psi2 true
 -3.141593 15.047569 46.363433
 -3.078761 18.474742 63.437796
 -3.015929 22.994481 75.499303
 -2.953097 26.034297 8.678369
 -2.890265 27.055319 37.678021
 -2.827433 31.341504 99.021981
 -2.764602 39.348241 145.920938
 -2.701770 43.230903 -20.092915
 -2.638938 43.773101 34.574698
 -2.576106 43.184149 -92.790152
 -2.513274 37.690384 -63.882038
 -2.450442 35.403335 -11.321204
 -2.387610 35.294318 -5.196254
 -2.324779 34.402953 -15.222418
 -2.261947 33.620282 -13.501714
 -2.199115 32.444312 -22.446175
 -2.136283 31.085299 -19.119061
 -2.073451 30.147006 -11.905079
 -2.010619 29.359242 -12.775377
 -1.947787 28.761756 -6.419579
 -1.884956 28.189532 -13.889009
 -1.822124 27.319895 -10.240987
 -1.759292 26.927676 -4.748531
 -1.696460 26.520314 -7.826645
 -1.633628 26.078455 -5.732967
 -1.570796 25.737255 -5.832243
 -1.507964 25.455542 -1.200220
 -1.445133 25.668709 6.696614
 -1.382301 26.039550 3.041293
 -1.319469 25.951327 -4.335562
 -1.256637 25.792976 0.160608
 -1.193805 25.937940 4.451952
 -1.130973 26.378224 8.794614
 -1.068142 26.855639 5.301944
 -1.005310 27.049759 1.468669
 -0.942478 27.126979 1.153190
 -0.879646 27.219914 2.283656
 -0.816814 27.416424 3.694020
 -0.753982 27.732883 6.647651
 -0.691150 28.277771 10.987057
 -0.628319 29.035843 9.387599
 -0.565487 27.548145 -76.467319
 -0.502655 21.690497 -86.370993
 -0.439823 17.564196 -44.299860
 -0.376991 16.212906 2.472847
 -0.314159 17.938128 50.503592
 -0.251327 20.904204 11.822011
 -0.188496 19.080337 -39.996327
 -0.125664 17.243000 -21.377197
 -0.062832 15.868974 -21.863867
 0.000000 14.909239 -6.487939
 0.062832 15.053152 8.739113
 0.125664 15.509730 2.328158
 0.188496 15.289001 -8.448231
 0.251327 14.395555 -19.731936
 0.314159 13.102839 -20.541800
 0.376991 11.737024 -21.774725
 0.439823 10.721868 -8.132380
 0.502655 10.680888 2.245189
 0.565487 10.299596 -13.735741
 0.628319 9.652397 -3.880667
 0.691150 9.585884 -1.421474
 0.753982 9.496380 -0.016007
 0.816814 9.416998 -4.347182
 0.879646 9.115837 -3.633008
 0.942478 8.857763 -5.596574
 1.005310 8.486331 -5.742362
 1.068142 8.173985 -3.584930
 1.130973 7.999313 -3.122249
 1.193805 7.807795 -1.961021
 1.256637 7.699057 -2.900947
 1.319469 7.419317 -5.181616
 1.382301 7.102032 -5.454371
 1.445133 6.658830 -8.503721
 1.507964 6.096345 -9.633543
 1.570796 5.365912 -13.552079
 1.633628 4.534360 -11.664588
 1.696460 3.948067 -7.857438
 1.759292 3.389054 -10.465553
 1.822124 2.665837 -12.265750
 1.884956 1.926164 -10.180009
 1.947787 1.473236 -4.395948
 2.010619 1.301692 -1.847828
 2.073451 1.129690 -4.493604
 2.136283 0.718705 -7.805343
 2.199115 0.277312 -6.052091
 2.261947 -0.133172 -7.608890
 2.324779 -0.598696 -6.204942
 2.387610 -0.885115 -3.237873
 2.450442 -0.996374 0.117098
 2.513274 -0.842509 4.519523
 2.576106 -0.462504 7.587033
 2.638938 0.143481 11.723771
 2.701770 1.025187 16.760677
 2.764602 2.295051 23.064945
 2.827433 3.834619 25.929105
 2.890265 5.618151 30.117883
 2.953097 7.537006 30.940944
 3.015929 9.628035 36.395021
 3.078761 12.219095 44.573708
