#! FIELDS phi3 ffphi3 dffphi3_phi3
#! SET min_phi3 -pi
#! SET max_phi3 pi
#! SET nbins_phi3  100
#! SET periodic_phi3 true
 -3.141593 21.625685 -53.363430
 -3.078761 18.457761 -47.477139
 -3.015929 15.643727 -42.156638
 -2.953097 13.169376 -36.471506
 -2.890265 11.067223 -30.464972
 -2.827433 9.337642 -24.634844
 -2.764602 7.957746 -19.449450
 -2.701770 6.866281 -15.582922
 -2.638938 5.973345 -12.904787
 -2.576106 5.240362 -10.566989
 -2.513274 4.615904 -9.596091
 -2.450442 4.022351 -9.178557
 -2.387610 3.485426 -7.836534
 -2.324779 3.043723 -6.222391
 -2.261947 2.697482 -4.907966
 -2.199115 2.432226 -3.428994
 -2.136283 2.265184 -2.090366
 -2.073451 2.153829 -1.573865
 -2.010619 2.046030 -2.076036
 -1.947787 1.894559 -2.664882
 -1.884956 1.709736 -3.395177
 -1.822124 1.460401 -4.501839
 -1.759292 1.164681 -4.765927
 -1.696460 0.874506 -4.466626
 -1.633628 0.608179 -4.027979
 -1.570796 0.360993 -3.981881
 -1.507964 0.108210 -3.936230
 -1.445133 -0.114012 -3.123356
 -1.382301 -0.276312 -1.917373
 -1.319469 -0.330305 0.337554
 -1.256637 -0.210822 3.639699
 -1.193805 0.151318 7.946565
 -1.130973 0.793324 12.433902
 -1.068142 1.715297 16.838218
 -1.005310 2.913238 21.197734
 -0.942478 4.380173 25.291372
 -0.879646 6.093024 29.095932
 -0.816814 8.050284 32.850079
 -0.753982 10.201724 35.170791
 -0.691150 12.497345 37.716517
 -0.628319 14.955409 39.874016
 -0.565487 17.523436 41.535304
 -0.502655 20.197152 42.768756
 -0.439823 22.904068 42.613626
 -0.376991 25.572360 42.018102
 -0.314159 28.249213 42.045662
 -0.251327 30.751856 36.639400
 -0.188496 33.030108 36.989436
 -0.125664 35.424205 36.676574
 -0.062832 37.257059 19.477751
 0.000000 38.321762 20.175093
 0.062832 40.300764 42.936466
 0.125664 42.551715 6.835213
 0.188496 41.200245 -30.756708
 0.251327 39.459236 -26.457848
 0.314159 37.643687 -31.053971
 0.376991 35.685805 -31.654786
 0.439823 33.528939 -36.821299
 0.502655 31.227582 -35.302513
 0.565487 29.109870 -32.815759
 0.628319 27.024158 -33.533417
 0.691150 24.944499 -32.307412
 0.753982 23.023672 -28.295922
 0.816814 21.421324 -22.677156
 0.879646 20.178320 -16.841988
 0.942478 19.319373 -10.300416
 1.005310 18.903863 -2.894008
 1.068142 18.961342 4.806857
 1.130973 19.518439 12.901189
 1.193805 20.577883 20.667438
 1.256637 22.109344 27.959824
 1.319469 24.099190 35.149851
 1.382301 26.519205 41.526498
 1.445133 29.363415 48.816985
 1.507964 32.616478 52.652763
 1.570796 35.994657 56.094535
 1.633628 40.009342 69.379353
 1.696460 43.854667 45.629946
 1.759292 47.039896 66.290660
 1.822124 53.045137 125.173999
 1.884956 62.879503 187.863601
 1.947787 inf nan
 2.010619 inf nan
 2.073451 inf nan
 2.136283 inf nan
 2.199115 inf nan
 2.261947 inf nan
 2.324779 inf nan
 2.387610 inf nan
 2.450442 inf nan
 2.513274 inf nan
 2.576106 inf nan
 2.638938 inf nan
 2.701770 63.237986 -210.048698
 2.764602 51.685214 -155.835795
 2.827433 43.422495 -108.899378
 2.890265 37.634923 -78.886491
 2.953097 33.075298 -68.458333
 3.015929 28.940293 -63.070233
 3.078761 25.137913 -58.180537
