#! FIELDS phi2 ffphi2 dffphi2_phi2
#! SET min_phi2 -pi
#! SET max_phi2 pi
#! SET nbins_phi2  100
#! SET periodic_phi2 true
 -3.141593 16.414796 -49.713890
 -3.078761 13.373621 -45.732608
 -3.015929 10.805369 -35.894309
 -2.953097 8.790287 -28.981443
 -2.890265 7.093808 -25.617523
 -2.827433 5.520095 -24.014876
 -2.764602 4.211620 -16.957881
 -2.701770 3.355482 -11.078495
 -2.638938 2.723390 -9.698703
 -2.576106 2.122742 -8.856980
 -2.513274 1.704100 -4.096188
 -2.450442 1.580330 -0.579375
 -2.387610 1.535101 -1.311435
 -2.324779 1.437635 -1.185077
 -2.261947 1.472389 2.428400
 -2.199115 1.651373 2.235291
 -2.136283 1.762463 2.234021
 -2.073451 2.008463 5.289409
 -2.010619 2.308425 2.998222
 -1.947787 2.352432 -0.352785
 -1.884956 2.455980 3.624182
 -1.822124 2.625231 0.575895
 -1.759292 2.560435 -2.103262
 -1.696460 2.410485 -2.263749
 -1.633628 2.279381 -2.604719
 -1.570796 2.014946 -5.746511
 -1.507964 1.605436 -7.024383
 -1.445133 1.162560 -6.882663
 -1.382301 0.775522 -5.136040
 -1.319469 0.525277 -3.058617
 -1.256637 0.382345 -1.448977
 -1.193805 0.358777 0.976667
 -1.130973 0.554659 5.336776
 -1.068142 1.004280 8.702006
 -1.005310 1.662336 12.556158
 -0.942478 2.605626 17.169895
 -0.879646 3.770340 19.510249
 -0.816814 5.070426 22.018600
 -0.753982 6.569701 25.708519
 -0.691150 8.333491 30.275463
 -0.628319 10.324560 32.015534
 -0.565487 12.293185 30.297719
 -0.502655 14.186306 29.965922
 -0.439823 16.101354 30.865466
 -0.376991 18.043493 29.952641
 -0.314159 19.846055 27.385489
 -0.251327 21.464017 23.448307
 -0.188496 22.883446 22.467367
 -0.125664 24.258732 19.635880
 -0.062832 25.194018 10.151839
 0.000000 25.717520 7.239424
 0.062832 26.030292 1.529592
 0.125664 25.875746 -6.054726
 0.188496 25.355302 -9.907979
 0.251327 24.672823 -11.930310
 0.314159 23.829400 -14.873804
 0.376991 22.853355 -15.909501
 0.439823 21.830993 -16.535184
 0.502655 20.819917 -15.655360
 0.565487 19.850065 -14.425714
 0.628319 19.152110 -7.719325
 0.691150 18.764264 -5.414638
 0.753982 18.477314 -3.036252
 0.816814 18.485639 3.450269
 0.879646 18.831521 7.139799
 0.942478 19.490154 14.850134
 1.005310 20.670602 21.603626
 1.068142 22.195359 27.437552
 1.130973 24.104441 32.262815
 1.193805 26.247914 36.376216
 1.256637 28.714593 41.302132
 1.319469 31.399934 43.441610
 1.382301 34.169171 43.864920
 1.445133 36.942994 44.033061
 1.507964 39.770906 45.399851
 1.570796 42.676312 46.209093
 1.633628 45.472270 39.812124
 1.696460 47.663767 32.163078
 1.759292 49.918695 40.557239
 1.822124 52.818800 51.769650
 1.884956 56.728096 75.747375
 1.947787 62.852162 118.374443
 2.010619 71.337834 36.795231
 2.073451 65.323305 -101.877861
 2.136283 60.873062 -40.230522
 2.199115 59.981033 4.850132
 2.261947 59.881397 -13.025438
 2.324779 59.147703 -10.534464
 2.387610 57.708987 -39.110508
 2.450442 54.771202 -46.048148
 2.513274 52.288755 -37.053952
 2.576106 49.454323 -53.456465
 2.638938 45.888642 -58.860720
 2.701770 42.068074 -62.531082
 2.764602 38.080592 -63.929194
 2.827433 34.068249 -63.529640
 2.890265 30.137386 -61.301074
 2.953097 26.362473 -58.791804
 3.015929 22.814017 -53.716379
 3.078761 19.561385 -50.561109
