#! FIELDS phi2 ffphi2 dffphi2_phi2
#! SET min_phi2 -pi
#! SET max_phi2 pi
#! SET nbins_phi2  100
#! SET periodic_phi2 true
 -3.141593 16.884539 -48.746127
 -3.078761 14.027690 -41.920726
 -3.015929 11.506038 -39.218239
 -2.953097 9.188652 -32.839896
 -2.890265 7.404583 -25.615150
 -2.827433 5.806982 -24.752942
 -2.764602 4.483748 -16.312260
 -2.701770 3.728793 -8.799144
 -2.638938 3.207916 -8.941094
 -2.576106 2.647458 -7.566698
 -2.513274 2.274533 -5.399066
 -2.450442 1.958303 -3.469933
 -2.387610 1.926214 1.981358
 -2.324779 2.087743 1.918376
 -2.261947 2.045284 -3.342920
 -2.199115 1.802898 -2.729456
 -2.136283 1.849585 4.029155
 -2.073451 2.189324 6.106452
 -2.010619 2.559037 4.676889
 -1.947787 2.730755 1.246187
 -1.884956 2.737309 -1.130545
 -1.822124 2.645384 -1.518792
 -1.759292 2.516173 -2.963027
 -1.696460 2.301860 -3.397713
 -1.633628 2.100706 -3.402706
 -1.570796 1.812794 -5.885629
 -1.507964 1.419262 -6.527454
 -1.445133 0.954366 -8.251843
 -1.382301 0.469315 -6.241857
 -1.319469 0.221520 -2.264540
 -1.256637 0.069088 -2.946660
 -1.193805 -0.043163 0.818225
 -1.130973 0.246509 7.539031
 -1.068142 0.755274 8.489368
 -1.005310 1.456654 14.405351
 -0.942478 2.426375 15.037278
 -0.879646 3.459827 19.842749
 -0.816814 5.007103 27.955317
 -0.753982 6.687507 23.889379
 -0.691150 8.195602 26.524879
 -0.628319 10.080051 31.583231
 -0.565487 12.039878 30.939742
 -0.502655 14.062774 32.931051
 -0.439823 16.052486 29.433615
 -0.376991 17.944253 32.127756
 -0.314159 20.032247 31.362731
 -0.251327 21.683882 22.283827
 -0.188496 23.101091 22.117271
 -0.125664 24.211732 12.547259
 -0.062832 24.888577 10.357116
 0.000000 25.533959 8.890161
 0.062832 25.811921 -0.595707
 0.125664 25.564776 -6.487245
 0.188496 25.059973 -9.246913
 0.251327 24.353433 -14.476097
 0.314159 23.231105 -19.674809
 0.376991 22.079377 -16.088501
 0.439823 21.241267 -11.360358
 0.502655 20.439542 -15.566528
 0.565487 19.368596 -16.291843
 0.628319 18.563386 -9.903577
 0.691150 17.952075 -9.945216
 0.753982 17.464652 -4.332313
 0.816814 17.395405 1.268745
 0.879646 17.554095 3.160760
 0.942478 17.726451 2.760215
 1.005310 18.050729 8.185948
 1.068142 18.767940 14.700842
 1.130973 19.926478 22.153016
 1.193805 21.545635 29.088874
 1.256637 23.538217 33.792144
 1.319469 25.877239 41.322192
 1.382301 28.744900 48.380821
 1.445133 31.906808 52.000037
 1.507964 35.466891 61.066441
 1.570796 39.528749 64.906392
 1.633628 43.616911 63.521529
 1.696460 47.613940 60.683625
 1.759292 51.172889 49.470692
 1.822124 53.850369 36.031607
 1.884956 56.024236 33.513252
 1.947787 58.196023 35.249251
 2.010619 60.324626 30.606455
 2.073451 62.021430 23.011406
 2.136283 63.110637 10.032807
 2.199115 63.263574 -4.260595
 2.261947 62.708261 -13.047560
 2.324779 61.533479 -26.138426
 2.387610 59.351759 -41.403867
 2.450442 56.664667 -42.998262
 2.513274 53.803350 -50.013383
 2.576106 50.254238 -62.598061
 2.638938 46.167279 -64.804572
 2.701770 42.308514 -58.478134
 2.764602 38.537617 -63.675621
 2.827433 34.327094 -67.748857
 2.890265 30.347314 -58.443717
 2.953097 26.752600 -57.716428
 3.015929 23.180265 -54.189657
 3.078761 19.982319 -49.027195
