#! FIELDS psi4 ffpsi4 dffpsi4_psi4
#! SET min_psi4 -pi
#! SET max_psi4 pi
#! SET nbins_psi4  100
#! SET periodic_psi4 true
 -3.141593 4.753344 19.233011
 -3.078761 5.997361 20.379771
 -3.015929 7.298122 20.951668
 -2.953097 8.727774 25.077797
 -2.890265 10.461703 29.361044
 -2.827433 12.330362 29.444152
 -2.764602 14.102234 24.187405
 -2.701770 15.114612 9.731508
 -2.638938 15.876514 17.231952
 -2.576106 17.091040 16.321381
 -2.513274 17.742095 8.861773
 -2.450442 18.884867 29.797740
 -2.387610 21.150957 34.685122
 -2.324779 22.273524 -3.882536
 -2.261947 21.289114 -15.271055
 -2.199115 21.260751 14.628981
 -2.136283 22.454261 14.589529
 -2.073451 22.798744 1.227326
 -2.010619 22.953510 2.941096
 -1.947787 22.965713 -5.175039
 -1.884956 22.200252 -15.147273
 -1.822124 21.591543 -4.337896
 -1.759292 21.134980 -15.139608
 -1.696460 19.772786 -22.602664
 -1.633628 18.785886 -8.538189
 -1.570796 18.354909 -9.250830
 -1.507964 17.520745 -14.765649
 -1.445133 16.539784 -18.790410
 -1.382301 15.161690 -22.846259
 -1.319469 13.870861 -16.742899
 -1.256637 13.150295 -8.172677
 -1.193805 12.443648 -15.125126
 -1.130973 11.389882 -17.909593
 -1.068142 10.277998 -16.182064
 -1.005310 9.351972 -14.953038
 -0.942478 8.264437 -19.375705
 -0.879646 7.042955 -18.240777
 -0.816814 6.061417 -13.439438
 -0.753982 5.222003 -13.848858
 -0.691150 4.392164 -11.729161
 -0.628319 3.759134 -8.970931
 -0.565487 3.195258 -9.189950
 -0.502655 2.666155 -6.878500
 -0.439823 2.361570 -3.142925
 -0.376991 2.228133 -1.372013
 -0.314159 2.192384 0.514355
 -0.251327 2.307592 2.714401
 -0.188496 2.482398 2.964562
 -0.125664 2.730305 4.797917
 -0.062832 3.043082 5.113760
 0.000000 3.393469 5.798468
 0.062832 3.749408 5.615924
 0.125664 4.099262 5.061986
 0.188496 4.367704 3.798434
 0.251327 4.636282 4.760521
 0.314159 4.904187 2.916670
 0.376991 4.970810 -0.299053
 0.439823 4.961084 0.271180
 0.502655 4.985138 0.099509
 0.565487 4.936777 -1.886946
 0.628319 4.771239 -2.701769
 0.691150 4.701609 0.699049
 0.753982 4.759368 -0.025960
 0.816814 4.681878 -1.766036
 0.879646 4.625541 0.312898
 0.942478 4.697598 1.286615
 1.005310 4.756812 1.028461
 1.068142 4.896440 3.447607
 1.130973 5.153072 4.336197
 1.193805 5.408284 3.627346
 1.256637 5.668083 5.412442
 1.319469 6.118322 8.178256
 1.382301 6.586775 6.426884
 1.445133 6.960449 5.457331
 1.507964 7.268505 4.554260
 1.570796 7.584279 5.462309
 1.633628 7.875989 2.840925
 1.696460 7.912660 -1.040251
 1.759292 7.849289 -0.931398
 1.822124 7.723627 -3.401944
 1.884956 7.450948 -5.348340
 1.947787 7.043312 -7.130986
 2.010619 6.584870 -8.161849
 2.073451 5.961524 -11.123291
 2.136283 5.292649 -9.900988
 2.199115 4.661724 -11.136250
 2.261947 3.851196 -13.795947
 2.324779 3.063363 -10.974495
 2.387610 2.451926 -8.629528
 2.450442 1.958600 -7.426205
 2.513274 1.487636 -7.612216
 2.576106 1.034276 -6.373608
 2.638938 0.727131 -3.405439
 2.701770 0.601883 -0.575432
 2.764602 0.654551 2.114527
 2.827433 0.851533 4.052977
 2.890265 1.187169 6.933808
 2.953097 1.743241 10.585986
 3.015929 2.518394 14.295230
 3.078761 3.558268 18.357174
