#! FIELDS phi3 ffphi3 dffphi3_phi3
#! SET min_phi3 -pi
#! SET max_phi3 pi
#! SET nbins_phi3  100
#! SET periodic_phi3 true
 -3.141593 21.555409 -52.299205
 -3.078761 18.416511 -47.763399
 -3.015929 15.577342 -42.193472
 -2.953097 13.139566 -35.455141
 -2.890265 11.102384 -29.712124
 -2.827433 9.360732 -25.684018
 -2.764602 7.923476 -19.961427
 -2.701770 6.809251 -15.826088
 -2.638938 5.924274 -12.468048
 -2.576106 5.213474 -10.358532
 -2.513274 4.603656 -9.275485
 -2.450442 4.035793 -8.703838
 -2.387610 3.524808 -7.571733
 -2.324779 3.084180 -6.411923
 -2.261947 2.740074 -4.379120
 -2.199115 2.529308 -2.614116
 -2.136283 2.394861 -1.702682
 -2.073451 2.294280 -1.854899
 -2.010619 2.148733 -2.631642
 -1.947787 1.985576 -2.538339
 -1.884956 1.836566 -2.336551
 -1.822124 1.639490 -4.391046
 -1.759292 1.297722 -6.004029
 -1.696460 0.948129 -4.923539
 -1.633628 0.671349 -4.107029
 -1.570796 0.413239 -4.223164
 -1.507964 0.135426 -4.697685
 -1.445133 -0.169230 -4.763671
 -1.382301 -0.412784 -2.631439
 -1.319469 -0.460945 1.233384
 -1.256637 -0.263822 4.858994
 -1.193805 0.143015 8.021613
 -1.130973 0.739966 10.921873
 -1.068142 1.550062 15.329202
 -1.005310 2.716963 21.596637
 -0.942478 4.204363 25.290878
 -0.879646 5.935398 30.118403
 -0.816814 7.997917 34.704978
 -0.753982 10.205441 34.773166
 -0.691150 12.445431 36.916393
 -0.628319 14.850335 38.685840
 -0.565487 17.380816 42.336182
 -0.502655 20.182173 45.172105
 -0.439823 22.988485 43.193243
 -0.376991 25.614926 39.282407
 -0.314159 27.976487 36.857453
 -0.251327 30.444545 41.059551
 -0.188496 32.999068 38.552434
 -0.125664 35.282969 33.655301
 -0.062832 37.206985 27.181426
 0.000000 38.749273 21.253373
 0.062832 39.817403 12.432864
 0.125664 40.342899 4.435289
 0.188496 40.373167 -4.179558
 0.251327 39.735325 -16.216174
 0.314159 38.425416 -24.531999
 0.376991 36.739277 -28.769416
 0.439823 34.859318 -30.580758
 0.502655 32.953097 -29.866834
 0.565487 31.103066 -29.082916
 0.628319 29.302330 -28.234240
 0.691150 27.573237 -26.322870
 0.753982 26.064439 -21.380302
 0.816814 24.890113 -16.256611
 0.879646 23.977138 -12.801830
 0.942478 23.382140 -5.067834
 1.005310 23.365593 3.732184
 1.068142 23.756251 8.462476
 1.130973 24.426745 12.803746
 1.193805 25.422509 19.653110
 1.256637 26.947692 28.548988
 1.319469 28.962145 34.948099
 1.382301 31.303929 39.209890
 1.445133 33.968831 45.944882
 1.507964 37.116808 52.755749
 1.570796 40.562096 56.500724
 1.633628 44.253097 57.935092
 1.696460 47.900173 60.944451
 1.759292 52.560743 85.327019
 1.822124 57.276331 51.285175
 1.884956 60.891176 75.546253
 1.947787 67.584789 137.641953
 2.010619 inf nan
 2.073451 inf nan
 2.136283 inf nan
 2.199115 inf nan
 2.261947 inf nan
 2.324779 inf nan
 2.387610 inf nan
 2.450442 82.215718 -222.283986
 2.513274 69.969406 -164.197682
 2.576106 61.403788 -109.239514
 2.638938 55.955203 -68.746417
 2.701770 51.757470 -72.172033
 2.764602 46.908053 -78.577740
 2.827433 42.046765 -75.955694
 2.890265 37.365287 -72.879447
 2.953097 32.927852 -67.984774
 3.015929 28.821854 -62.913078
 3.078761 25.017321 -57.962015
