#! FIELDS phi2 ffphi2 dffphi2_phi2
#! SET min_phi2 -pi
#! SET max_phi2 pi
#! SET nbins_phi2  100
#! SET periodic_phi2 true
 -3.141593 16.437393 -44.109691
 -3.078761 13.738626 -42.413766
 -3.015929 11.164463 -38.530061
 -2.953097 9.002649 -29.990650
 -2.890265 7.330347 -24.263004
 -2.827433 5.859486 -22.766861
 -2.764602 4.512236 -19.461822
 -2.701770 3.444043 -14.922482
 -2.638938 2.593955 -12.118786
 -2.576106 1.940051 -8.510154
 -2.513274 1.553297 -3.879018
 -2.450442 1.385014 -2.206292
 -2.387610 1.263682 -0.923976
 -2.324779 1.332092 2.238011
 -2.261947 1.397501 0.033214
 -2.199115 1.481071 2.904864
 -2.136283 1.673889 2.589023
 -2.073451 1.845134 3.428770
 -2.010619 2.103606 4.171072
 -1.947787 2.316007 2.583095
 -1.884956 2.463033 2.101623
 -1.822124 2.545760 0.171642
 -1.759292 2.494266 -1.549000
 -1.696460 2.359046 -2.897171
 -1.633628 2.153881 -3.384877
 -1.570796 1.926664 -4.183465
 -1.507964 1.614610 -5.554328
 -1.445133 1.273809 -5.225449
 -1.382301 0.935723 -5.479060
 -1.319469 0.654377 -3.048319
 -1.256637 0.557470 -0.179177
 -1.193805 0.624392 2.194619
 -1.130973 0.830733 4.440607
 -1.068142 1.195449 7.192706
 -1.005310 1.767459 11.354545
 -0.942478 2.656571 16.907373
 -0.879646 3.866607 21.159836
 -0.816814 5.308610 24.715245
 -0.753982 6.966620 27.552926
 -0.691150 8.722769 27.821501
 -0.628319 10.509737 29.438146
 -0.565487 12.451424 31.720008
 -0.502655 14.442282 30.863753
 -0.439823 16.320481 28.927812
 -0.376991 18.159331 29.368670
 -0.314159 19.922793 25.739849
 -0.251327 21.448425 23.273690
 -0.188496 22.840182 20.057455
 -0.125664 23.940783 15.153056
 -0.062832 24.802297 12.131323
 0.000000 25.419754 6.850634
 0.062832 25.602134 -1.370287
 0.125664 25.286191 -8.036960
 0.188496 24.652305 -12.419713
 0.251327 23.666671 -18.750253
 0.314159 22.393811 -21.362528
 0.376991 20.968817 -24.119112
 0.439823 19.386043 -25.835959
 0.502655 17.786280 -24.831865
 0.565487 16.235211 -24.906406
 0.628319 14.682603 -23.801110
 0.691150 13.332502 -18.825735
 0.753982 12.270301 -15.880029
 0.816814 11.308700 -14.030537
 0.879646 10.592278 -8.487186
 0.942478 10.270678 -1.494940
 1.005310 10.440284 7.009734
 1.068142 11.091105 12.696822
 1.130973 12.013030 17.470262
 1.193805 13.382464 25.959774
 1.256637 15.232650 32.669509
 1.319469 17.526057 40.319383
 1.382301 20.325960 48.544545
 1.445133 23.661728 56.624510
 1.507964 27.440418 62.919925
 1.570796 31.687813 69.899911
 1.633628 36.195210 71.263365
 1.696460 40.872847 75.219829
 1.759292 45.711014 73.813743
 1.822124 50.116720 62.156006
 1.884956 53.697729 50.120497
 1.947787 56.562848 40.646538
 2.010619 58.934184 33.937502
 2.073451 60.791840 24.331053
 2.136283 61.979873 12.942138
 2.199115 62.399325 0.126038
 2.261947 61.975194 -13.898670
 2.324779 60.683019 -26.467534
 2.387610 58.761611 -34.197421
 2.450442 56.363221 -42.722117
 2.513274 53.334692 -53.552955
 2.576106 49.800954 -57.319489
 2.638938 46.146519 -59.514911
 2.701770 42.337717 -61.391435
 2.764602 38.421692 -63.165718
 2.827433 34.423263 -64.187688
 2.890265 30.394902 -62.718801
 2.953097 26.641422 -57.412622
 3.015929 23.017667 -58.371948
 3.078761 19.458000 -53.019464
