#! FIELDS phi4 ffphi4 dffphi4_phi4
#! SET min_phi4 -pi
#! SET max_phi4 pi
#! SET nbins_phi4  100
#! SET periodic_phi4 true
 -3.141593 13.222410 -48.245935
 -3.078761 10.343589 -43.179796
 -3.015929 7.808005 -37.818689
 -2.953097 5.573177 -32.814057
 -2.890265 3.762860 -24.695186
 -2.827433 2.432115 -17.957759
 -2.764602 1.486099 -12.401947
 -2.701770 0.828916 -8.779439
 -2.638938 0.378525 -5.456827
 -2.576106 0.174156 -0.885168
 -2.513274 0.246456 2.974318
 -2.450442 0.594051 8.510882
 -2.387610 1.245030 10.596259
 -2.324779 1.815150 7.759949
 -2.261947 2.247142 5.641955
 -2.199115 2.567668 5.330196
 -2.136283 2.923025 5.108543
 -2.073451 3.145698 2.127992
 -2.010619 3.224800 0.088885
 -1.947787 3.102818 -3.860472
 -1.884956 2.872838 -2.515909
 -1.822124 2.740462 -2.903971
 -1.759292 2.493470 -4.160371
 -1.696460 2.247712 -4.093853
 -1.633628 1.950226 -5.574494
 -1.570796 1.512385 -8.341983
 -1.507964 1.008153 -6.465571
 -1.445133 0.778328 -1.288208
 -1.382301 0.735744 -0.630427
 -1.319469 0.767957 2.877275
 -1.256637 1.194623 10.448432
 -1.193805 1.964267 13.005031
 -1.130973 2.812813 14.496365
 -1.068142 3.837251 18.013036
 -1.005310 5.090673 22.045213
 -0.942478 6.636734 27.037672
 -0.879646 8.423215 28.461671
 -0.816814 10.195418 28.796644
 -0.753982 12.133275 32.316946
 -0.691150 14.271359 35.925462
 -0.628319 16.645474 37.978580
 -0.565487 18.927945 34.832307
 -0.502655 21.195432 37.323310
 -0.439823 23.625906 39.238237
 -0.376991 26.030708 35.898095
 -0.314159 28.208985 34.168949
 -0.251327 30.354180 32.539188
 -0.188496 32.238156 27.711837
 -0.125664 33.898858 24.135282
 -0.062832 35.159653 15.327032
 0.000000 35.830396 6.047800
 0.062832 35.968383 -1.515654
 0.125664 35.580402 -11.711288
 0.188496 34.512947 -21.663685
 0.251327 32.870952 -30.823029
 0.314159 30.676032 -38.007018
 0.376991 28.217684 -40.015983
 0.439823 25.609373 -43.060242
 0.502655 22.892196 -42.554808
 0.565487 20.283588 -40.803944
 0.628319 17.768467 -38.799334
 0.691150 15.458444 -34.517977
 0.753982 13.419617 -30.781429
 0.816814 11.560271 -28.089878
 0.879646 9.984588 -21.330142
 0.942478 8.921646 -12.451233
 1.005310 8.420514 -3.643670
 1.068142 8.430913 3.749202
 1.130973 8.887630 10.995477
 1.193805 9.869299 20.375919
 1.256637 11.414678 28.489143
 1.319469 13.470196 36.805514
 1.382301 16.038732 44.716611
 1.445133 19.130586 53.067569
 1.507964 22.706878 59.531520
 1.570796 26.647185 64.247372
 1.633628 30.820915 66.427868
 1.696460 35.092907 67.101432
 1.759292 39.255474 61.835211
 1.822124 43.073121 60.199087
 1.884956 46.869529 53.791261
 1.947787 49.221031 15.354232
 2.010619 49.353375 4.849092
 2.073451 51.167639 51.677540
 2.136283 51.675578 -62.926596
 2.199115 48.317333 -28.593170
 2.261947 48.383210 30.759115
 2.324779 52.066985 79.065924
 2.387610 52.506846 -66.248406
 2.450442 49.669093 -16.126773
 2.513274 50.396505 27.999035
 2.576106 47.995516 -94.747893
 2.638938 42.784041 -69.492383
 2.701770 38.732999 -61.969402
 2.764602 34.962751 -58.770078
 2.827433 31.159734 -62.675885
 2.890265 27.209753 -61.818883
 2.953097 23.434182 -58.663874
 3.015929 19.817029 -56.227027
 3.078761 16.395224 -52.605955
