#! FIELDS psi3 ffpsi3 dffpsi3_psi3
#! SET min_psi3 -pi
#! SET max_psi3 pi
#! SET nbins_psi3  100
#! SET periodic_psi3 true
 -3.141593 8.434081 17.457284
 -3.078761 9.442085 12.593963
 -3.015929 10.128963 13.022838
 -2.953097 11.430399 27.932008
 -2.890265 13.338573 30.386535
 -2.827433 15.038337 20.900144
 -2.764602 15.931649 11.441954
 -2.701770 16.943702 20.553578
 -2.638938 18.385643 26.680093
 -2.576106 20.415704 30.654011
 -2.513274 20.561265 -21.808371
 -2.450442 19.778853 5.314366
 -2.387610 21.144294 29.566024
 -2.324779 22.404985 11.371312
 -2.261947 23.315382 21.253218
 -2.199115 24.946499 22.150525
 -2.136283 25.353393 -4.678538
 -2.073451 25.020454 -6.162021
 -2.010619 24.292813 -14.643357
 -1.947787 24.013621 9.513235
 -1.884956 24.992928 8.778019
 -1.822124 24.166514 -24.408578
 -1.759292 23.022082 -14.595399
 -1.696460 21.835255 -18.578552
 -1.633628 21.581283 12.797052
 -1.570796 23.075044 29.434237
 -1.507964 24.772820 17.637728
 -1.445133 24.116899 -34.473169
 -1.382301 21.626211 -41.776576
 -1.319469 19.063119 -36.471552
 -1.256637 17.312827 -21.437411
 -1.193805 15.806122 -27.812011
 -1.130973 14.069885 -26.534691
 -1.068142 12.355696 -28.698155
 -1.005310 10.626491 -24.410278
 -0.942478 9.298794 -19.611580
 -0.879646 7.992315 -21.548381
 -0.816814 6.728417 -18.456017
 -0.753982 5.618595 -17.072827
 -0.691150 4.596654 -15.495927
 -0.628319 3.632320 -15.520214
 -0.565487 2.665449 -14.796792
 -0.502655 1.823228 -11.588453
 -0.439823 1.242055 -7.326795
 -0.376991 0.789370 -7.655016
 -0.314159 0.337045 -5.952222
 -0.251327 0.082749 -2.067561
 -0.188496 0.078312 1.488185
 -0.125664 0.194397 1.838255
 -0.062832 0.318711 2.341648
 0.000000 0.528703 4.464860
 0.062832 0.844372 5.067063
 0.125664 1.170001 5.705459
 0.188496 1.612856 8.275829
 0.251327 2.141749 7.974649
 0.314159 2.626413 7.609561
 0.376991 3.060481 5.533619
 0.439823 3.283620 1.655389
 0.502655 3.407760 3.964943
 0.565487 3.858253 9.085647
 0.628319 4.322104 5.101565
 0.691150 4.661670 6.988362
 0.753982 5.139688 6.184714
 0.816814 5.350165 1.913933
 0.879646 5.548772 4.474144
 0.942478 5.868338 5.213331
 1.005310 6.128630 2.391660
 1.068142 6.208839 1.579315
 1.130973 6.489599 7.216059
 1.193805 6.949133 5.943107
 1.256637 7.262060 5.458536
 1.319469 7.646766 4.589499
 1.382301 7.643726 -3.540727
 1.445133 7.512501 0.643597
 1.507964 7.641785 1.705144
 1.570796 7.497141 -7.829217
 1.633628 6.800887 -10.709679
 1.696460 6.497450 1.305676
 1.759292 6.701486 2.195750
 1.822124 6.667317 -2.093463
 1.884956 6.566137 -0.960947
 1.947787 6.475367 -3.281682
 2.010619 6.105755 -7.004561
 2.073451 5.824177 -1.482881
 2.136283 5.809012 -0.211363
 2.199115 5.736821 -2.148337
 2.261947 5.551957 -3.575455
 2.324779 5.306967 -4.057648
 2.387610 5.067796 -3.655349
 2.450442 4.871990 -1.959000
 2.513274 4.810759 -1.100707
 2.576106 4.689690 -1.871562
 2.638938 4.667051 0.601086
 2.701770 4.611186 -2.704883
 2.764602 4.533933 2.183550
 2.827433 4.914224 8.602241
 2.890265 5.474880 8.859781
 2.953097 6.040328 9.312726
 3.015929 6.686933 11.287985
 3.078761 7.451915 13.361787
