#! FIELDS phi3 ffphi3 dffphi3_phi3
#! SET min_phi3 -pi
#! SET max_phi3 pi
#! SET nbins_phi3  100
#! SET periodic_phi3 true
 -3.141593 21.555491 -53.180281
 -3.078761 18.377257 -47.821036
 -3.015929 15.518956 -43.322256
 -2.953097 12.983002 -36.872410
 -2.890265 10.890929 -30.013003
 -2.827433 9.177209 -24.652317
 -2.764602 7.787212 -19.890185
 -2.701770 6.613204 -17.693179
 -2.638938 5.610342 -13.633378
 -2.576106 4.932904 -8.343404
 -2.513274 4.451049 -7.689606
 -2.450442 3.964742 -7.558795
 -2.387610 3.507436 -7.172661
 -2.324779 3.035926 -7.916479
 -2.261947 2.584191 -5.430166
 -2.199115 2.410463 -0.863240
 -2.136283 2.324579 -2.334396
 -2.073451 2.209722 -0.660142
 -2.010619 2.167373 -1.950535
 -1.947787 1.967263 -3.254885
 -1.884956 1.803266 -2.975926
 -1.822124 1.516172 -5.667095
 -1.759292 1.164470 -5.586842
 -1.696460 0.823061 -4.703543
 -1.633628 0.610344 -2.796914
 -1.570796 0.360763 -5.166452
 -1.507964 0.043046 -4.501520
 -1.445133 -0.175020 -2.334334
 -1.382301 -0.271739 -1.100803
 -1.319469 -0.310251 0.189063
 -1.256637 -0.201026 3.513041
 -1.193805 0.161998 8.263545
 -1.130973 0.847390 13.261581
 -1.068142 1.788754 16.482576
 -1.005310 2.951224 20.888291
 -0.942478 4.433474 25.631770
 -0.879646 6.104183 27.484980
 -0.816814 7.970182 31.865249
 -0.753982 10.081405 34.738259
 -0.691150 12.379206 38.646482
 -0.628319 14.936430 40.913613
 -0.565487 17.437035 39.332232
 -0.502655 20.059919 43.140091
 -0.439823 22.758739 42.560124
 -0.376991 25.549708 45.351207
 -0.314159 28.338645 41.740907
 -0.251327 30.787007 35.640686
 -0.188496 32.920508 32.668795
 -0.125664 34.971844 32.007805
 -0.062832 36.865892 26.960798
 0.000000 38.289196 17.997881
 0.062832 39.180446 10.241512
 0.125664 39.530465 0.458244
 0.188496 39.269918 -8.317055
 0.251327 38.534703 -15.211535
 0.314159 37.311148 -23.686094
 0.376991 35.650582 -28.444193
 0.439823 33.784526 -30.714925
 0.502655 31.825862 -31.369587
 0.565487 29.859086 -31.272187
 0.628319 27.899273 -30.754696
 0.691150 26.053567 -27.788345
 0.753982 24.424446 -23.734915
 0.816814 23.103555 -18.383178
 0.879646 22.086792 -14.071428
 0.942478 21.363736 -8.549773
 1.005310 21.043543 -1.683205
 1.068142 21.140623 4.782704
 1.130973 21.661597 11.916478
 1.193805 22.668685 20.336200
 1.256637 24.219868 28.607905
 1.319469 26.218645 34.636525
 1.382301 28.600130 41.119091
 1.445133 31.396509 47.078581
 1.507964 34.502110 50.872404
 1.570796 37.802281 53.214616
 1.633628 41.264669 56.191665
 1.696460 44.942851 59.713782
 1.759292 48.836118 62.528854
 1.822124 52.859418 63.879021
 1.884956 56.946644 63.690143
 1.947787 60.907968 60.570410
 2.010619 64.705407 58.369537
 2.073451 68.246967 51.991765
 2.136283 71.251948 42.513753
 2.199115 73.694224 34.276798
 2.261947 75.364032 15.581429
 2.324779 75.548931 -9.529054
 2.387610 73.917364 -44.740301
 2.450442 70.287937 -65.949985
 2.513274 65.906146 -72.711190
 2.576106 61.238038 -75.422503
 2.638938 56.421003 -77.597244
 2.701770 51.531200 -77.712507
 2.764602 46.661593 -77.100216
 2.827433 41.870186 -75.050127
 2.890265 37.240077 -72.180825
 2.953097 32.847771 -67.196298
 3.015929 28.790496 -62.146340
 3.078761 25.032004 -57.473723
