#! FIELDS psi2 ffpsi2 dffpsi2_psi2
#! SET min_psi2 -pi
#! SET max_psi2 pi
#! SET nbins_psi2  100
#! SET periodic_psi2 true
 -3.141593 15.040210 49.142446
 -3.078761 18.188615 47.528430
 -3.015929 21.107032 46.453221
 -2.953097 23.891716 38.567148
 -2.890265 26.288380 41.336088
 -2.827433 28.846132 33.138558
 -2.764602 30.094563 2.242204
 -2.701770 29.138175 -28.932409
 -2.638938 26.852724 -35.311948
 -2.576106 25.565549 -5.561889
 -2.513274 25.228823 -16.301695
 -2.450442 23.528300 -28.897582
 -2.387610 22.089667 -18.075322
 -2.324779 20.998987 -18.163465
 -2.261947 19.735776 -21.142664
 -2.199115 18.540138 -16.461132
 -2.136283 17.517184 -17.217088
 -2.073451 16.466456 -15.098298
 -2.010619 15.583270 -13.873014
 -1.947787 14.764207 -11.147102
 -1.884956 14.194054 -8.086719
 -1.822124 13.647395 -9.036392
 -1.759292 13.158318 -6.241859
 -1.696460 12.803686 -5.641055
 -1.633628 12.465892 -4.553215
 -1.570796 12.282090 -1.128596
 -1.507964 12.309836 1.269014
 -1.445133 12.337724 -0.587678
 -1.382301 12.313865 0.474185
 -1.319469 12.412750 2.355554
 -1.256637 12.572177 2.346982
 -1.193805 12.678952 1.138204
 -1.130973 12.773010 2.095635
 -1.068142 12.931783 2.735948
 -1.005310 13.109912 2.826951
 -0.942478 13.293087 3.213714
 -0.879646 13.543058 4.609592
 -0.816814 13.822623 3.869996
 -0.753982 14.040238 3.068109
 -0.691150 14.125159 -1.462787
 -0.628319 13.836655 -6.668124
 -0.565487 13.450424 -5.484777
 -0.502655 13.040369 -8.051307
 -0.439823 12.544402 -6.301177
 -0.376991 12.326530 -1.394815
 -0.314159 12.235045 -2.004078
 -0.251327 12.098714 -2.270240
 -0.188496 11.882996 -5.099879
 -0.125664 11.517186 -5.492805
 -0.062832 11.324106 -0.152263
 0.000000 11.418291 1.261229
 0.062832 11.272621 -5.592183
 0.125664 11.030772 0.382311
 0.188496 11.339660 6.838471
 0.251327 11.446884 -5.044388
 0.314159 10.948567 -8.048081
 0.376991 10.547622 -5.120895
 0.439823 10.266164 -4.273075
 0.502655 9.992123 -3.806726
 0.565487 9.848761 -1.604851
 0.628319 9.589269 -7.042112
 0.691150 9.135665 -6.361875
 0.753982 8.793009 -4.875737
 0.816814 8.493999 -4.579190
 0.879646 8.261226 -2.754271
 0.942478 8.151864 -0.473094
 1.005310 8.183542 0.440082
 1.068142 8.100468 -2.884012
 1.130973 7.923420 -2.595179
 1.193805 7.698562 -4.950838
 1.256637 7.376099 -4.507339
 1.319469 7.146895 -3.471671
 1.382301 6.847514 -6.328329
 1.445133 6.414107 -6.734078
 1.507964 6.022805 -6.241547
 1.570796 5.576243 -8.023249
 1.633628 5.020480 -9.873366
 1.696460 4.337089 -11.364517
 1.759292 3.635717 -11.321226
 1.822124 2.892769 -11.736921
 1.884956 2.251527 -8.422280
 1.947787 1.832523 -4.971657
 2.010619 1.602164 -2.932518
 2.073451 1.387762 -4.291198
 2.136283 1.049266 -6.478524
 2.199115 0.577428 -8.541484
 2.261947 0.013311 -8.890396
 2.324779 -0.483072 -6.713064
 2.387610 -0.818326 -3.969889
 2.450442 -0.989930 -1.563457
 2.513274 -0.991517 1.893399
 2.576106 -0.702419 7.436638
 2.638938 -0.065355 12.612306
 2.701770 0.868844 17.008160
 2.764602 2.073431 21.226741
 2.827433 3.542499 25.468212
 2.890265 5.311666 31.136770
 2.953097 7.504345 38.032816
 3.015929 9.935597 37.571953
 3.078761 12.278271 38.537255
