#! FIELDS psi4 ffpsi4 dffpsi4_psi4
#! SET min_psi4 -pi
#! SET max_psi4 pi
#! SET nbins_psi4  100
#! SET periodic_psi4 true
 -3.141593 4.626089 17.695482
 -3.078761 5.959094 25.094915
 -3.015929 7.740969 30.073109
 -2.953097 9.425058 21.024509
 -2.890265 10.491986 15.524697
 -2.827433 11.624335 21.512783
 -2.764602 13.331044 32.761730
 -2.701770 15.401226 28.093309
 -2.638938 16.687121 15.490875
 -2.576106 17.509296 8.907444
 -2.513274 18.048964 14.132941
 -2.450442 19.609483 30.396850
 -2.387610 20.317416 -13.540070
 -2.324779 19.313837 -7.257785
 -2.261947 19.815406 18.659748
 -2.199115 20.567761 4.351916
 -2.136283 21.196673 15.786769
 -2.073451 21.701207 -1.280070
 -2.010619 21.778822 6.257727
 -1.947787 22.069504 -1.132520
 -1.884956 21.605073 -11.521977
 -1.822124 20.876198 -11.751801
 -1.759292 19.743264 -25.493500
 -1.696460 18.303449 -15.250926
 -1.633628 17.803487 -4.818312
 -1.570796 17.240778 -13.699276
 -1.507964 16.276160 -15.530234
 -1.445133 15.323329 -15.642167
 -1.382301 14.177446 -20.637829
 -1.319469 12.994772 -14.899144
 -1.256637 12.321628 -8.239256
 -1.193805 11.722702 -11.318887
 -1.130973 10.987764 -11.957859
 -1.068142 10.140868 -15.215795
 -1.005310 9.132591 -16.552203
 -0.942478 8.054167 -17.850452
 -0.879646 6.955800 -16.357746
 -0.816814 5.990205 -15.011531
 -0.753982 5.087081 -13.129593
 -0.691150 4.325573 -11.630933
 -0.628319 3.629367 -10.319839
 -0.565487 3.022181 -8.930665
 -0.502655 2.588519 -4.233880
 -0.439823 2.446060 -1.531808
 -0.376991 2.320844 -2.012477
 -0.314159 2.261515 0.144786
 -0.251327 2.328827 1.958632
 -0.188496 2.499183 3.252159
 -0.125664 2.737804 4.433742
 -0.062832 3.050120 5.197252
 0.000000 3.366933 4.737462
 0.062832 3.656097 4.640402
 0.125664 3.955685 4.550563
 0.188496 4.214001 3.955195
 0.251327 4.507825 5.366549
 0.314159 4.811243 3.334373
 0.376991 4.901425 0.134275
 0.439823 4.929274 1.083340
 0.502655 5.006477 0.698685
 0.565487 4.992222 -0.760710
 0.628319 4.973451 0.171118
 0.691150 4.944064 -1.892274
 0.753982 4.755437 -3.045823
 0.816814 4.658940 -0.227809
 0.879646 4.683606 1.125633
 0.942478 4.823920 3.025786
 1.005310 5.027846 3.399125
 1.068142 5.237188 2.874323
 1.130973 5.393556 2.685869
 1.193805 5.650027 5.579220
 1.256637 6.075817 7.316082
 1.319469 6.455470 4.369901
 1.382301 6.706261 4.454589
 1.445133 7.081463 7.333576
 1.507964 7.523377 5.583399
 1.570796 7.753872 2.384870
 1.633628 7.920968 3.053386
 1.696460 8.067410 0.834758
 1.759292 8.029898 -1.337589
 1.822124 7.932239 -2.810588
 1.884956 7.560210 -8.490391
 1.947787 6.999122 -9.249999
 2.010619 6.382031 -9.838127
 2.073451 5.843731 -7.578683
 2.136283 5.308132 -10.086533
 2.199115 4.614230 -11.607504
 2.261947 3.865586 -12.028659
 2.324779 3.140184 -10.965947
 2.387610 2.495294 -9.368510
 2.450442 1.968707 -7.828458
 2.513274 1.471058 -7.802203
 2.576106 1.037284 -5.828274
 2.638938 0.745006 -3.608731
 2.701770 0.564386 -2.106639
 2.764602 0.526788 1.347288
 2.827433 0.757585 5.658880
 2.890265 1.176151 7.387308
 2.953097 1.723323 10.604061
 3.015929 2.563428 15.808834
 3.078761 3.596271 16.133134
