#! FIELDS psi2 file.free der_psi2
#! SET min_psi2 -pi
#! SET max_psi2 pi
#! SET nbins_psi2  500
#! SET periodic_psi2 true
   -3.141592654   48.345160134  -20.476739544
   -3.129026283   48.075450180  -22.425918643
   -3.116459912   47.782028609  -24.232817647
   -3.103893542   47.466962538  -25.881403611
   -3.091327171   47.131913528  -27.414244715
   -3.078760801   46.778871722  -28.743309730
   -3.066194430   46.410092717  -29.906533459
   -3.053628059   46.027646523  -30.925460650
   -3.041061689   45.633536947  -31.769623330
   -3.028495318   45.229742221  -32.461784479
   -3.015928947   44.817931253  -33.045604458
   -3.003362577   44.399895672  -33.478952643
   -2.990796206   43.976861947  -33.848500082
   -2.978229836   43.550095927  -34.035418735
   -2.965663465   43.121946411  -34.103486633
   -2.953097094   42.693851224  -34.007907130
   -2.940530724   42.267566846  -33.811882448
   -2.927964353   41.844351404  -33.531544237
   -2.915397983   41.424679704  -33.248229488
   -2.902831612   41.009273974  -32.864508680
   -2.890265241   40.599204465  -32.401281542
   -2.877698871   40.194994782  -31.956156331
   -2.865132500   39.796399978  -31.460710381
   -2.852566129   39.404355835  -30.934660950
   -2.839999759   39.019347936  -30.340964595
   -2.827433388   38.641800825  -29.755723933
   -2.814867018   38.271599961  -29.169965775
   -2.802300647   37.908742741  -28.599845287
   -2.789734276   37.552867730  -28.066767125
   -2.777167906   37.203428032  -27.571688587
   -2.764601535   36.860311691  -27.047081585
   -2.752035165   36.522950883  -26.635788334
   -2.739468794   36.191095038  -26.199871677
   -2.726902423   35.864375381  -25.806078938
   -2.714336053   35.542349357  -25.471166756
   -2.701769682   35.224759227  -25.075073774
   -2.689203311   34.911566426  -24.778808798
   -2.676636941   34.601718496  -24.544195203
   -2.664070570   34.295177536  -24.248959726
   -2.651504200   33.992291302  -23.956182790
   -2.638937829   33.692763288  -23.706925423
   -2.626371458   33.396139316  -23.526400038
   -2.613805088   33.101857131  -23.296246486
   -2.601238717   32.810710157  -23.047424383
   -2.588672347   32.522638969  -22.837815390
   -2.576105976   32.237171449  -22.585293989
   -2.563539605   31.954828144  -22.363247535
   -2.550973235   31.675432084  -22.099878906
   -2.538406864   31.399834274  -21.773346521
   -2.525840493   31.128129196  -21.460538093
   -2.513274123   30.860562747  -21.113595389
   -2.500707752   30.597514843  -20.743592141
   -2.488141382   30.339272593  -20.351658372
   -2.475575011   30.086120511  -19.938156760
   -2.463008640   29.838577385  -19.473907734
   -2.450442270   29.596971013  -18.987644899
   -2.437875899   29.361705784  -18.450785585
   -2.425309529   29.133235326  -17.906378528
   -2.412743158   28.911907868  -17.338881843
   -2.400176787   28.697986904  -16.694255714
   -2.387610417   28.492248718  -16.071495734
   -2.375044046   28.294097310  -15.469124030
   -2.362477675   28.103894729  -14.850109981
   -2.349911305   27.921644917  -14.156221261
   -2.337344934   27.748425001  -13.396234934
   -2.324778564   27.584866953  -12.636149951
   -2.312212193   27.430457175  -11.938955562
   -2.299645822   27.284737655  -11.270047078
   -2.287079452   27.147753693  -10.543565627
   -2.274513081   27.019215962   -9.893626929
   -2.261946711   26.899201187   -9.216458127
   -2.249380340   26.787691020   -8.553723766
   -2.236813969   26.684095697   -7.922777078
   -2.224247599   26.588341571   -7.314204879
   -2.211681228   26.500175415   -6.702339081
   -2.199114858   26.419258968   -6.161206359
   -2.186548487   26.345192903   -5.646254907
   -2.173982116   26.277443491   -5.154250186
   -2.161415746   26.215357106   -4.723154240
   -2.148849375   26.158887031   -4.281798705
   -2.136283004   26.107655340   -3.877280650
   -2.123716634   26.060984669   -3.541822314
   -2.111150263   26.018279775   -3.306553696
   -2.098583893   25.978507996   -3.014837382
   -2.086017522   25.942190898   -2.759845714
   -2.073451151   25.908233768   -2.612959511
   -2.060884781   25.876193117   -2.461133284
   -2.048318410   25.846166470   -2.320111375
   -2.035752040   25.818108941   -2.152322373
   -2.023185669   25.791901919   -2.026624253
   -2.010619298   25.767199643   -1.918368579
   -1.998052928   25.743393275   -1.847650003
   -1.985486557   25.720445537   -1.800390456
   -1.972920186   25.698623727   -1.680371446
   -1.960353816   25.678555837   -1.515981764
   -1.947787445   25.660275754   -1.400233062
   -1.935221075   25.643260987   -1.288208071
   -1.922654704   25.627826592   -1.155808259
   -1.910088333   25.613996617   -1.029609804
   -1.897521963   25.602131827   -0.858716988
   -1.884955592   25.592172712   -0.735386502
   -1.872389222   25.584284554   -0.529944797
   -1.859822851   25.578958945   -0.301459170
   -1.847256480   25.576020220   -0.140606365
   -1.834690110   25.575759746    0.102293079
   -1.822123739   25.578121762    0.285317680
   -1.809557368   25.583231057    0.521629725
   -1.796990998   25.590819903    0.700149788
   -1.784424627   25.600660454    0.861338357
   -1.771858257   25.612472135    1.020099157
   -1.759291886   25.625873646    1.093773518
   -1.746725515   25.639929573    1.125838552
   -1.734159145   25.654278163    1.147765517
   -1.721592774   25.668603341    1.115609444
   -1.709026404   25.681754173    0.959908788
   -1.696460033   25.692279788    0.711203662
   -1.683893662   25.699108347    0.328533488
   -1.671327292   25.700268362   -0.178805118
   -1.658760921   25.694891121   -0.696571180
   -1.646194550   25.681778685   -1.408327308
   -1.633628180   25.658858431   -2.275882167
   -1.621061809   25.623448160   -3.347793409
   -1.608495439   25.574476277   -4.504291259
   -1.595929068   25.509786762   -5.800172224
   -1.583362697   25.428172089   -7.216120797
   -1.570796327   25.327614638   -8.823966709
   -1.558229956   25.206223713  -10.509452314
   -1.545663586   25.062465380  -12.410599259
   -1.533097215   24.894334463  -14.410697684
   -1.520530844   24.700199709  -16.528210701
   -1.507964474   24.478399301  -18.765468811
   -1.495398103   24.228330849  -21.028806705
   -1.482831732   23.949137521  -23.444848527
   -1.470265362   23.639698222  -25.819962616
   -1.457698991   23.299908817  -28.255615796
   -1.445132621   22.929334651  -30.746449965
   -1.432566250   22.527895171  -33.140864318
   -1.419999879   22.096270244  -35.566196668
   -1.407433509   21.634101385  -37.953568160
   -1.394867138   21.142326651  -40.280767739
   -1.382300768   20.621736938  -42.561836951
   -1.369734397   20.073698778  -44.645485340
   -1.357168026   19.500058890  -46.622132484
   -1.344601656   18.902619530  -48.445965838
   -1.332035285   18.283180909  -50.125898299
   -1.319468915   17.643757074  -51.628282697
   -1.306902544   16.986856435  -52.910084144
   -1.294336173   16.314916777  -53.998877232
   -1.281769803   15.630572964  -54.864474297
   -1.269203432   14.936977455  -55.491483515
   -1.256637061   14.236575756  -55.967228048
   -1.244070691   13.531559569  -56.225765417
   -1.231504320   12.824628846  -56.237322407
   -1.218937950   12.118669005  -56.073278571
   -1.206371579   11.416598394  -55.634326603
   -1.193805208   10.721596993  -54.956433755
   -1.181238838   10.036251505  -54.119000305
   -1.168672467    9.362497783  -53.070441061
   -1.156106097    8.703083435  -51.857964662
   -1.143539726    8.059641285  -50.538595537
   -1.130973355    7.433382903  -49.053150428
   -1.118406985    6.827439911  -47.374288883
   -1.105840614    6.242687272  -45.643960324
   -1.093274243    5.680667663  -43.773386972
   -1.080707873    5.142371934  -41.860530601
   -1.068141502    4.629076443  -39.828172334
   -1.055575132    4.141618033  -37.736003792
   -1.043008761    3.680959609  -35.573118438
   -1.030442390    3.247551451  -33.378748534
   -1.017876020    2.841913679  -31.189556727
   -1.005309649    2.463786747  -28.978965956
   -0.992743279    2.113809789  -26.754652369
   -0.980176908    1.791715454  -24.537212013
   -0.967610537    1.497068351  -22.352320442
   -0.955044167    1.229945485  -20.157627205
   -0.942477796    0.989983935  -18.014207351
   -0.929911425    0.777143531  -15.872691854
   -0.917345055    0.591003993  -13.753526907
   -0.904778684    0.430978730  -11.687146102
   -0.892212314    0.296907045   -9.644120276
   -0.879645943    0.188564209   -7.614159555
   -0.867079572    0.105005756   -5.692376307
   -0.854513202    0.045665281   -3.761814089
   -0.841946831    0.010770525   -1.810982437
   -0.829380461    0.000000000    0.083732230
   -0.816814090    0.012565792    1.871382210
   -0.804247719    0.047556421    3.696747715
   -0.791681349    0.104600545    5.362232233
   -0.779114978    0.183099857    7.132781379
   -0.766548607    0.283384905    8.811408706
   -0.753982237    0.404424229   10.442817189
   -0.741415866    0.546052052   12.068331345
   -0.728849496    0.707778717   13.664294030
   -0.716283125    0.889036300   15.197638335
   -0.703716754    1.089265084   16.657341387
   -0.691150384    1.307669607   18.077017971
   -0.678584013    1.543386028   19.449304188
   -0.666017643    1.796173743   20.764322001
   -0.653451272    2.065026044   21.997327500
   -0.640884901    2.348900152   23.180328401
   -0.628318531    2.647156645   24.302198744
   -0.615752160    2.959060693   25.338575061
   -0.603185789    3.283742013   26.314235512
   -0.590619419    3.619952508   27.205265211
   -0.578053048    3.967016916   28.022946445
   -0.565486678    4.324227332   28.810738863
   -0.552920307    4.690618731   29.492661538
   -0.540353936    5.064939375   30.078815364
   -0.527787566    5.445823244   30.521484872
   -0.515221195    5.831631335   30.887654894
   -0.502654825    6.221645726   31.180633497
   -0.490088454    6.615099131   31.432974972
   -0.477522083    7.011069812   31.575124997
   -0.464955713    7.408732345   31.702262095
   -0.452389342    7.807505329   31.724849823
   -0.439822972    8.206209494   31.722265963
   -0.427256601    8.604683277   31.684832426
   -0.414690230    9.001994814   31.537454470
   -0.402123860    9.397368562   31.379646690
   -0.389557489    9.790712146   31.202624630
   -0.376991118   10.181781679   31.034070072
   -0.364424748   10.570782063   30.861809268
   -0.351858377   10.957511589   30.676299401
   -0.339292007   11.341461501   30.431964359
   -0.326725636   11.723124329   30.311473447
   -0.314159265   12.102819396   30.112781154
   -0.301592895   12.480489371   29.996551313
   -0.289026524   12.857154987   29.952951095
   -0.276460154   13.233205827   29.923907493
   -0.263893783   13.609800219   30.023132564
   -0.251327412   13.987727159   30.128366115
   -0.238761042   14.366929133   30.162177592
   -0.226194671   14.747458581   30.391195983
   -0.213628300   15.130648843   30.619142502
   -0.201061930   15.517262031   30.911657423
   -0.188495559   15.907720171   31.232854363
   -0.175929189   16.302194228   31.571031548
   -0.163362818   16.701417831   31.961795332
   -0.150796447   17.105352098   32.317797668
   -0.138230077   17.514429579   32.796190170
   -0.125663706   17.929653185   33.296754240
   -0.113097336   18.350993038   33.763192338
   -0.100530965   18.777956626   34.198190438
   -0.087964594   19.210464437   34.626429399
   -0.075398224   19.648044078   35.035704107
   -0.062831853   20.090770333   35.427231863
   -0.050265482   20.538039982   35.735144886
   -0.037699112   20.988826858   36.010796098
   -0.025132741   21.442639871   36.195480715
   -0.012566371   21.898405513   36.322134241
    0.000000000   22.354896166   36.323732857
    0.012566371   22.810778080   36.211447014
    0.025132741   23.264942184   36.057518158
    0.037699112   23.716164134   35.744548093
    0.050265482   24.162874523   35.308951945
    0.062831853   24.603302605   34.734109565
    0.075398224   25.035167514   33.988475961
    0.087964594   25.456805164   33.093555670
    0.100530965   25.866669003   32.122928269
    0.113097336   26.263391843   30.993530947
    0.125663706   26.644796568   29.696436374
    0.138230077   27.008823195   28.184408435
    0.150796447   27.353254465   26.621696526
    0.163362818   27.677440820   24.946575655
    0.175929189   27.978892292   23.054005096
    0.188495559   28.256245079   21.074959981
    0.201061930   28.508477717   19.055115509
    0.213628300   28.734510003   16.902888416
    0.226194671   28.932844284   14.670418065
    0.238761042   29.103028340   12.391409375
    0.251327412   29.244076652   10.060484902
    0.263893783   29.355734973    7.700791237
    0.276460154   29.437765771    5.330100756
    0.289026524   29.489191111    2.871629704
    0.301592895   29.510195704    0.459925571
    0.314159265   29.500889925   -1.925628366
    0.326725636   29.461728181   -4.288822427
    0.339292007   29.393651579   -6.535515597
    0.351858377   29.297208679   -8.770864701
    0.364424748   29.173628657  -10.890623909
    0.376991118   29.023804027  -12.907875413
    0.389557489   28.849102605  -14.858566798
    0.402123860   28.650861073  -16.668485803
    0.414690230   28.430864419  -18.318729612
    0.427256601   28.190853812  -19.833371183
    0.439822972   27.932626065  -21.240221320
    0.452389342   27.658018855  -22.435224673
    0.464955713   27.369243004  -23.500915323
    0.477522083   27.068017764  -24.432475635
    0.490088454   26.756389955  -25.123149083
    0.502654825   26.437161778  -25.659558402
    0.515221195   26.111827872  -26.108097175
    0.527787566   25.781816118  -26.378050560
    0.540353936   25.449436403  -26.483559271
    0.552920307   25.117057318  -26.413541816
    0.565486678   24.786601551  -26.160582966
    0.578053048   24.459985404  -25.822858207
    0.590619419   24.138375449  -25.350352462
    0.603185789   23.823571915  -24.728031303
    0.615752160   23.517057708  -24.034562806
    0.628318531   23.220198084  -23.233437795
    0.640884901   22.934381422  -22.224027958
    0.653451272   22.661939778  -21.119379862
    0.666017643   22.403872273  -19.922335080
    0.678584013   22.161406878  -18.656269841
    0.691150384   21.934562714  -17.379371643
    0.703716754   21.725030412  -15.960991496
    0.716283125   21.533997506  -14.430304171
    0.728849496   21.362443535  -12.870131493
    0.741415866   21.211123660  -11.198982240
    0.753982237   21.080964943   -9.498726883
    0.766548607   20.972374500   -7.764832572
    0.779114978   20.886053094   -5.976002078
    0.791681349   20.822197422   -4.183349326
    0.804247719   20.781198109   -2.335844729
    0.816814090   20.763864375   -0.414423197
    0.829380461   20.771157365    1.584015352
    0.841946831   20.803927826    3.646133484
    0.854513202   20.862775757    5.709632995
    0.867079572   20.947415378    7.790732298
    0.879645943   21.058483935    9.913196788
    0.892212314   21.196368490   12.041149797
    0.904778684   21.360708440   14.145841046
    0.917345055   21.552056305   16.327378588
    0.929911425   21.771116078   18.524698688
    0.942477796   22.017545481   20.684859867
    0.955044167   22.290766554   22.798379322
    0.967610537   22.590769996   24.926540254
    0.980176908   22.917012822   26.996678004
    0.992743279   23.269409920   29.072774381
    1.005309649   23.647543961   31.118463740
    1.017876020   24.051162363   33.096917831
    1.030442390   24.479268230   35.005110734
    1.043008761   24.930718950   36.828312103
    1.055575132   25.404835857   38.622862596
    1.068141502   25.900400585   40.247117215
    1.080707873   26.415441125   41.705407396
    1.093274243   26.948776095   43.140847066
    1.105840614   27.499286457   44.448847125
    1.118406985   28.065283269   45.601470928
    1.130973355   28.644956484   46.621889310
    1.143539726   29.236751922   47.536448891
    1.156106097   29.838572720   48.244994572
    1.168672467   30.448509483   48.805055994
    1.181238838   31.064326560   49.147987097
    1.193805208   31.683312205   49.337427692
    1.206371579   32.303610520   49.335212291
    1.218937950   32.923133038   49.228362276
    1.231504320   33.539960542   48.903878672
    1.244070691   34.151261973   48.347590149
    1.256637061   34.754918791   47.671078013
    1.269203432   35.349115809   46.862236813
    1.281769803   35.932188069   45.911908845
    1.294336173   36.501986841   44.763534623
    1.306902544   37.056759971   43.524367390
    1.319468915   37.594643653   42.088212603
    1.332035285   38.113704878   40.526127205
    1.344601656   38.613058417   38.909285760
    1.357168026   39.091336876   37.199551432
    1.369734397   39.547553656   35.379117403
    1.382300768   39.980359081   33.484887746
    1.394867138   40.389044705   31.553133495
    1.407433509   40.773089393   29.581050327
    1.419999879   41.132031063   27.541874750
    1.432566250   41.465160638   25.499265138
    1.445132621   41.772882046   23.438357239
    1.457698991   42.054934374   21.430420050
    1.470265362   42.311888196   19.462037484
    1.482831732   42.543986630   17.493013731
    1.495398103   42.751775538   15.586693795
    1.507964474   42.935961636   13.734797754
    1.520530844   43.097081270   11.915418574
    1.533097215   43.234780829   10.045232170
    1.545663586   43.350391536    8.338584359
    1.558229956   43.444838979    6.712989672
    1.570796327   43.519431097    5.171302741
    1.583362697   43.575214884    3.689982999
    1.595929068   43.612849653    2.290462616
    1.608495439   43.633224837    0.977111091
    1.621061809   43.636867211   -0.329915506
    1.633628180   43.625370691   -1.476820808
    1.646194550   43.599864541   -2.561658061
    1.658760921   43.561195297   -3.594810449
    1.671327292   43.509875819   -4.566283948
    1.683893662   43.447096602   -5.418879302
    1.696460033   43.373664387   -6.261903937
    1.709026404   43.290378428   -6.989890732
    1.721592774   43.197831399   -7.745867938
    1.734159145   43.096583597   -8.363577831
    1.746725515   42.987733875   -8.946807187
    1.759291886   42.871663300   -9.530826517
    1.771858257   42.748118220  -10.101925714
    1.784424627   42.617619945  -10.633007880
    1.796990998   42.480681396  -11.177070684
    1.809557368   42.336924743  -11.670543873
    1.822123739   42.187564647  -12.094254595
    1.834690110   42.032317677  -12.610259124
    1.847256480   41.870545960  -13.106947950
    1.859822851   41.703130025  -13.529661920
    1.872389222   41.530579560  -13.931116407
    1.884955592   41.352946895  -14.348761339
    1.897521963   41.169981728  -14.762750283
    1.910088333   40.981978302  -15.164351728
    1.922654704   40.789206990  -15.507148278
    1.935221075   40.591766015  -15.925599113
    1.947787445   40.389401493  -16.288028344
    1.960353816   40.182836945  -16.577962964
    1.972920186   39.972817795  -16.855653758
    1.985486557   39.759558402  -17.070053776
    1.998052928   39.543648545  -17.287487590
    2.010619298   39.325427565  -17.453253081
    2.023185669   39.105338919  -17.569241513
    2.035752040   38.883956672  -17.638973309
    2.048318410   38.661714367  -17.720015026
    2.060884781   38.438611494  -17.764726640
    2.073451151   38.215508722  -17.736296610
    2.086017522   37.993215857  -17.650617848
    2.098583893   37.772586579  -17.460241471
    2.111150263   37.554310217  -17.257679925
    2.123716634   37.339502880  -16.919187485
    2.136283004   37.128664732  -16.630485742
    2.148849375   36.921901941  -16.252970520
    2.161415746   36.719910261  -15.869917655
    2.173982116   36.523421085  -15.382752959
    2.186548487   36.333749716  -14.797682259
    2.199114858   36.151669009  -14.173688648
    2.211681228   35.977547342  -13.523458278
    2.224247599   35.812251875  -12.784711256
    2.236813969   35.656517236  -12.010498923
    2.249380340   35.510860122  -11.167962557
    2.261946711   35.376212088  -10.238690229
    2.274513081   35.253581285   -9.286939544
    2.287079452   35.142854645   -8.329911181
    2.299645822   35.044586885   -7.305795766
    2.312212193   34.959406464   -6.250374490
    2.324778564   34.888044492   -5.099024358
    2.337344934   34.831347683   -3.918222744
    2.349911305   34.789418099   -2.747062154
    2.362477675   34.762625064   -1.508911712
    2.375044046   34.751847546   -0.217747739
    2.387610417   34.757319814    1.092360100
    2.400176787   34.779579899    2.448395389
    2.412743158   34.818886235    3.822899084
    2.425309529   34.875798564    5.223027124
    2.437875899   34.950560546    6.657926060
    2.450442270   35.043476397    8.111567346
    2.463008640   35.154729156    9.603010871
    2.475575011   35.285073569   11.146390340
    2.488141382   35.434604193   12.672473824
    2.500707752   35.603288685   14.182072304
    2.513274123   35.791147266   15.724516120
    2.525840493   35.998136903   17.182262999
    2.538406864   36.223724863   18.716088587
    2.550973235   36.468463394   20.239130435
    2.563539605   36.732602233   21.792233206
    2.576105976   37.015435840   23.246532804
    2.588672347   37.317056988   24.745916541
    2.601238717   37.637168561   26.186854320
    2.613805088   37.975129112   27.595838155
    2.626371458   38.329928965   28.871945100
    2.638937829   38.700910942   30.154526405
    2.651504200   39.087401901   31.347502838
    2.664070570   39.488498882   32.463135768
    2.676636941   39.902722768   33.455785459
    2.689203311   40.328978968   34.363166567
    2.701769682   40.765796926   35.145510902
    2.714336053   41.211461997   35.782050308
    2.726902423   41.664527164   36.296776293
    2.739468794   42.123174094   36.677695146
    2.752035165   42.585596121   36.883502420
    2.764601535   43.049254984   36.915993417
    2.777167906   43.512592036   36.814829581
    2.789734276   43.973740143   36.564890886
    2.802300647   44.430499792   36.105860204
    2.814867018   44.880129407   35.446617658
    2.827433388   45.320968455   34.680091609
    2.839999759   45.750425964   33.632220979
    2.852566129   46.165466072   32.425341946
    2.865132500   46.564638824   31.079713500
    2.877698871   46.945995691   29.585408711
    2.890265241   47.307149652   27.877855533
    2.902831612   47.646072045   26.057391124
    2.915397983   47.960874484   24.007020169
    2.927964353   48.249642097   21.934532563
    2.940530724   48.511565475   19.694413007
    2.953097094   48.744243458   17.322063090
    2.965663465   48.946602181   14.884698125
    2.978229836   49.117532430   12.349015917
    2.990796206   49.256464420    9.759912979
    3.003362577   49.361906375    7.025848484
    3.015928947   49.433221180    4.329143886
    3.028495318   49.470773932    1.612416369
    3.041061689   49.473994945   -1.079738124
    3.053628059   49.443623788   -3.770618304
    3.066194430   49.379864687   -6.380332235
    3.078760801   49.283427735   -8.958165452
    3.091327171   49.155225666  -11.452847226
    3.103893542   48.995960838  -13.885222144
    3.116459912   48.806967340  -16.199860478
    3.129026283   48.589513515  -18.397641611
