#! FIELDS phi4 ffphi4 dffphi4_phi4
#! SET min_phi4 -pi
#! SET max_phi4 pi
#! SET nbins_phi4  100
#! SET periodic_phi4 true
 -3.141593 13.280371 -45.688565
 -3.078761 10.505464 -42.794523
 -3.015929 7.974876 -37.489072
 -2.953097 5.736832 -33.784742
 -2.890265 3.863568 -24.764033
 -2.827433 2.574005 -18.046861
 -2.764602 1.437491 -17.755061
 -2.701770 0.509830 -10.687137
 -2.638938 0.096728 -3.351148
 -2.576106 0.013552 0.866202
 -2.513274 0.245594 6.294426
 -2.450442 0.684295 6.453270
 -2.387610 1.060548 6.561599
 -2.324779 1.574669 9.089840
 -2.261947 2.085937 6.921018
 -2.199115 2.545134 8.196588
 -2.136283 3.041850 6.586899
 -2.073451 3.371123 4.220633
 -2.010619 3.567607 1.627635
 -1.947787 3.539937 -2.800375
 -1.884956 3.223249 -6.403774
 -1.822124 2.946396 -1.347914
 -1.759292 2.930509 -1.446014
 -1.696460 2.623684 -8.031280
 -1.633628 2.035733 -9.478430
 -1.570796 1.556800 -5.685113
 -1.507964 1.245357 -4.713840
 -1.445133 0.973803 -3.679855
 -1.382301 0.840407 -0.293311
 -1.319469 0.894726 1.768923
 -1.256637 1.123392 5.672196
 -1.193805 1.590493 10.077959
 -1.130973 2.582555 21.346150
 -1.068142 3.936361 18.703123
 -1.005310 5.036886 19.964099
 -0.942478 6.760870 34.247532
 -0.879646 8.987089 33.119264
 -0.816814 10.787251 25.093476
 -0.753982 12.446709 29.182692
 -0.691150 14.509534 35.332122
 -0.628319 16.721220 34.016036
 -0.565487 18.938580 37.668328
 -0.502655 21.458035 40.429632
 -0.439823 23.868638 35.755650
 -0.376991 26.053290 33.745706
 -0.314159 28.136415 31.969843
 -0.251327 30.100688 30.475438
 -0.188496 31.957066 27.702573
 -0.125664 33.550407 22.618661
 -0.062832 34.771916 15.122010
 0.000000 35.364885 3.967488
 0.062832 35.365986 -3.764583
 0.125664 34.887434 -11.991598
 0.188496 33.783623 -23.102672
 0.251327 32.062357 -31.218747
 0.314159 29.905799 -36.887610
 0.376991 27.487370 -39.891114
 0.439823 24.913400 -41.761326
 0.502655 22.253755 -42.918530
 0.565487 19.567857 -41.895665
 0.628319 17.013375 -39.699059
 0.691150 14.569881 -37.495736
 0.753982 12.423266 -30.411212
 0.816814 10.670914 -25.981739
 0.879646 9.219221 -19.486851
 0.942478 8.224599 -12.286589
 1.005310 7.691277 -5.027728
 1.068142 7.530778 0.397112
 1.130973 7.901078 12.158464
 1.193805 9.007527 21.771819
 1.256637 10.537800 27.220650
 1.319469 12.562968 37.561055
 1.382301 15.185557 44.752198
 1.445133 18.227071 52.262082
 1.507964 21.813202 60.647135
 1.570796 25.823050 65.155463
 1.633628 30.086213 68.747925
 1.696460 34.565395 70.878486
 1.759292 39.039712 68.154625
 1.822124 43.274815 63.904674
 1.884956 47.154017 56.642419
 1.947787 50.464589 47.612895
 2.010619 53.245168 39.932097
 2.073451 55.515314 31.340608
 2.136283 57.154674 19.855380
 2.199115 57.950832 4.852682
 2.261947 57.803642 -9.027902
 2.324779 56.842416 -21.778310
 2.387610 55.078728 -33.638340
 2.450442 52.734923 -40.748847
 2.513274 49.885639 -50.192556
 2.576106 46.524507 -55.730006
 2.638938 42.926516 -58.880924
 2.701770 39.105522 -62.734558
 2.764602 35.119588 -63.079160
 2.827433 31.178718 -63.216743
 2.890265 27.160526 -63.720272
 2.953097 23.289559 -59.089964
 3.015929 19.706381 -55.382085
 3.078761 16.329205 -51.575991
