#! FIELDS phi2 ffphi2 dffphi2_phi2
#! SET min_phi2 -pi
#! SET max_phi2 pi
#! SET nbins_phi2  100
#! SET periodic_phi2 true
 -3.141593 20.189394 -47.262938
 -3.078761 18.456035 -14.616729
 -3.015929 16.802468 -42.383697
 -2.953097 14.154495 -35.705595
 -2.890265 12.313975 -26.592313
 -2.827433 10.088020 -49.214091
 -2.764602 6.612191 -52.704595
 -2.701770 4.149112 -23.147153
 -2.638938 3.696433 4.754970
 -2.576106 3.869426 -2.787644
 -2.513274 3.793142 3.904935
 -2.450442 4.181596 3.675442
 -2.387610 4.058705 -3.923495
 -2.324779 4.012225 2.230205
 -2.261947 4.359277 8.884904
 -2.199115 4.911843 6.189026
 -2.136283 4.496657 -28.845358
 -2.073451 1.880648 -37.514879
 -2.010619 0.876961 6.688767
 -1.947787 2.348828 33.860112
 -1.884956 4.310421 23.875677
 -1.822124 5.013792 0.587013
 -1.759292 5.065973 2.800960
 -1.696460 5.180730 -0.538684
 -1.633628 4.882111 -12.238965
 -1.570796 3.536556 -24.320346
 -1.507964 2.581981 -4.987850
 -1.445133 2.578192 1.554897
 -1.382301 2.602128 -3.016011
 -1.319469 1.022335 -54.780644
 -1.256637 -2.524218 -41.987488
 -1.193805 -3.473404 12.756704
 -1.130973 -1.136193 55.882140
 -1.068142 1.958143 28.723273
 -1.005310 2.723983 6.654713
 -0.942478 3.768835 26.789812
 -0.879646 5.616872 26.568913
 -0.816814 6.589266 4.076887
 -0.753982 6.967033 15.287725
 -0.691150 8.721498 36.011499
 -0.628319 10.560101 18.393716
 -0.565487 11.753014 29.325011
 -0.502655 15.029912 76.276209
 -0.439823 20.054659 47.121285
 -0.376991 20.255346 -4.976356
 -0.314159 21.296223 37.749818
 -0.251327 24.843266 74.480408
 -0.188496 30.592854 105.385998
 -0.125664 36.381997 39.022217
 -0.062832 34.358305 -47.731316
 0.000000 33.083638 9.305358
 0.062832 35.510726 65.439627
 0.125664 38.068471 -46.231486
 0.188496 33.734924 -54.081592
 0.251327 32.161082 2.677925
 0.314159 32.556001 -24.803939
 0.376991 28.493060 -70.180048
 0.439823 25.522862 -21.733044
 0.502655 25.525025 12.315405
 0.565487 25.021949 -29.953130
 0.628319 23.302662 -18.205226
 0.691150 22.896608 3.580108
 0.753982 23.212396 2.163981
 0.816814 23.294263 4.681401
 0.879646 23.912234 10.722327
 0.942478 24.132463 -1.221394
 1.005310 24.550852 17.866140
 1.068142 26.128862 28.457870
 1.130973 28.157201 37.259029
 1.193805 30.228852 22.147454
 1.256637 31.598094 32.383890
 1.319469 35.146949 82.936991
 1.382301 41.911740 122.634510
 1.445133 47.368120 22.022413
 1.507964 49.897029 62.786004
 1.570796 55.246685 100.246327
 1.633628 60.051447 2.452571
 1.696460 59.617542 0.994273
 1.759292 60.606370 23.242546
 1.822124 61.936232 25.615853
 1.884956 64.928129 74.095076
 1.947787 71.493708 134.935381
 2.010619 inf nan
 2.073451 inf nan
 2.136283 inf nan
 2.199115 inf nan
 2.261947 inf nan
 2.324779 inf nan
 2.387610 inf nan
 2.450442 inf nan
 2.513274 inf nan
 2.576106 inf nan
 2.638938 inf nan
 2.701770 inf nan
 2.764602 83.756864 -194.621946
 2.827433 57.940878 -242.345609
 2.890265 44.577286 -181.940057
 2.953097 35.042679 -122.079277
 3.015929 28.953129 -77.067868
 3.078761 24.283749 -75.791363
