#! FIELDS psi4 ffpsi4 dffpsi4_psi4
#! SET min_psi4 -pi
#! SET max_psi4 pi
#! SET nbins_psi4  100
#! SET periodic_psi4 true
 -3.141593 5.925955 13.009905
 -3.078761 7.456573 36.279226
 -3.015929 9.924801 33.327664
 -2.953097 11.341315 16.117711
 -2.890265 12.399870 19.713271
 -2.827433 14.073714 34.568159
 -2.764602 16.736146 46.086674
 -2.701770 18.352635 -3.098197
 -2.638938 17.951120 1.360759
 -2.576106 18.363933 -2.347309
 -2.513274 16.118114 -58.306245
 -2.450442 13.266172 -23.377473
 -2.387610 13.604672 35.109558
 -2.324779 17.684912 92.793943
 -2.261947 22.694833 20.058903
 -2.199115 22.645309 4.774436
 -2.136283 23.333775 9.056975
 -2.073451 23.390143 -5.037631
 -2.010619 23.117672 -3.649659
 -1.947787 21.855293 -38.479352
 -1.884956 20.022934 -10.306697
 -1.822124 20.637103 24.419221
 -1.759292 21.709765 -3.968670
 -1.696460 20.072445 -36.627730
 -1.633628 18.150059 -20.496498
 -1.570796 17.672271 3.190063
 -1.507964 17.586735 -15.548946
 -1.445133 15.946305 -26.541133
 -1.382301 15.018287 -2.726762
 -1.319469 14.995261 -5.321052
 -1.256637 14.080113 -21.576202
 -1.193805 12.511841 -25.519156
 -1.130973 11.216749 -15.895523
 -1.068142 10.204238 -17.718285
 -1.005310 9.294063 -7.748749
 -0.942478 9.178254 -0.974908
 -0.879646 8.595478 -18.143689
 -0.816814 7.158845 -23.951237
 -0.753982 5.948872 -14.021769
 -0.691150 5.210843 -12.973371
 -0.628319 3.974131 -24.208708
 -0.565487 2.678402 -16.702294
 -0.502655 1.398441 -25.456656
 -0.439823 0.294145 -1.945037
 -0.376991 1.411148 32.501857
 -0.314159 2.880975 6.821454
 -0.251327 3.202957 10.166910
 -0.188496 3.961248 8.750663
 -0.125664 3.998473 -7.041923
 -0.062832 3.363316 -9.325998
 0.000000 3.091799 -1.080418
 0.062832 3.051192 2.669375
 0.125664 3.774250 18.145466
 0.188496 4.605913 5.568321
 0.251327 4.374861 -22.933727
 0.314159 1.303231 -55.421158
 0.376991 -0.800027 -7.019659
 0.439823 0.529403 47.361395
 0.502655 3.921585 39.527964
 0.565487 4.926099 8.217033
 0.628319 5.387214 -0.496766
 0.691150 4.912607 -6.622818
 0.753982 4.906327 2.187906
 0.816814 4.872447 0.646678
 0.879646 5.252179 5.316486
 0.942478 4.713108 -16.799610
 1.005310 4.346083 9.103475
 1.068142 5.582474 22.938235
 1.130973 6.472389 6.412916
 1.193805 6.809944 6.150399
 1.256637 7.416077 11.195448
 1.319469 7.440323 -10.572907
 1.382301 7.230814 10.267091
 1.445133 8.456479 19.348224
 1.507964 9.107707 7.126474
 1.570796 9.699835 7.896908
 1.633628 10.005822 6.108871
 1.696460 10.548373 5.863922
 1.759292 10.422463 -7.308845
 1.822124 9.967563 -4.859389
 1.884956 9.955314 0.546669
 1.947787 9.090385 -27.812529
 2.010619 7.584912 -12.836807
 2.073451 7.650566 9.747154
 2.136283 7.541030 -19.515198
 2.199115 5.846552 -24.576031
 2.261947 5.215511 4.987970
 2.324779 5.827386 6.473438
 2.387610 5.710105 -8.245469
 2.450442 4.954748 -14.233026
 2.513274 4.030201 -18.516161
 2.576106 1.883437 -47.643499
 2.638938 -0.535899 -20.425613
 2.701770 -0.286161 27.284588
 2.764602 1.919393 24.720478
 2.827433 1.751180 -14.259782
 2.890265 1.711942 16.428898
 2.953097 3.635182 38.875081
 3.015929 5.417195 11.330142
 3.078761 5.562639 0.353103
