#! FIELDS psi2 ffpsi2 dffpsi2_psi2
#! SET min_psi2 -pi
#! SET max_psi2 pi
#! SET nbins_psi2  100
#! SET periodic_psi2 true
 -3.141593 14.216878 31.024834
 -3.078761 16.498905 41.494592
 -3.015929 19.559425 57.856215
 -2.953097 23.721549 66.733676
 -2.890265 27.599007 62.845379
 -2.827433 32.698265 100.863733
 -2.764602 40.266556 131.699168
 -2.701770 45.185347 -52.548164
 -2.638938 40.174873 -74.260902
 -2.576106 36.204579 -58.793410
 -2.513274 32.517228 -52.931551
 -2.450442 30.110695 -24.705294
 -2.387610 28.647861 -26.900281
 -2.324779 27.237051 -12.067631
 -2.261947 26.911548 -6.606800
 -2.199115 25.936402 -19.987783
 -2.136283 24.927171 -11.349901
 -2.073451 24.222515 -14.340578
 -2.010619 23.168361 -16.085830
 -1.947787 22.378758 -9.904761
 -1.884956 21.799802 -8.952601
 -1.822124 21.219802 -9.871796
 -1.759292 20.572338 -9.700335
 -1.696460 20.108260 -5.703008
 -1.633628 19.728484 -6.001175
 -1.570796 19.473793 -2.414942
 -1.507964 19.346884 -1.141886
 -1.445133 19.459432 5.017287
 -1.382301 19.830773 4.643746
 -1.319469 19.928513 -0.750663
 -1.256637 19.900315 0.724469
 -1.193805 20.049486 3.556352
 -1.130973 20.265016 2.838259
 -1.068142 20.410595 1.821127
 -1.005310 20.473753 0.527340
 -0.942478 20.653857 6.084139
 -0.879646 21.044719 3.394729
 -0.816814 21.066441 -0.064771
 -0.753982 21.210376 3.137970
 -0.691150 21.123098 -5.744534
 -0.628319 21.056750 7.004003
 -0.565487 21.727761 7.786271
 -0.502655 21.204551 -25.739826
 -0.439823 19.517391 -20.529811
 -0.376991 18.540222 -13.910420
 -0.314159 17.950794 -3.938929
 -0.251327 17.100104 -29.248536
 -0.188496 15.233286 -21.797044
 -0.125664 14.630220 0.500789
 -0.062832 14.608105 -6.484772
 0.000000 14.013164 -7.594131
 0.062832 13.830888 -1.263274
 0.125664 13.448964 -9.871808
 0.188496 12.877702 -8.698084
 0.251327 12.237212 -10.761311
 0.314159 11.734571 -4.590696
 0.376991 11.591336 -1.442373
 0.439823 11.301654 -8.826947
 0.502655 10.689485 -8.403469
 0.565487 10.263030 -6.330417
 0.628319 9.843136 -6.758077
 0.691150 9.454983 -5.336835
 0.753982 9.207433 -2.739959
 0.816814 9.064705 -1.672568
 0.879646 8.968366 -2.576284
 0.942478 8.715981 -4.244904
 1.005310 8.508508 -3.208056
 1.068142 8.260762 -3.882845
 1.130973 8.073453 -2.849410
 1.193805 7.843736 -4.023249
 1.256637 7.621928 -3.350731
 1.319469 7.353016 -5.565231
 1.382301 6.903963 -8.690765
 1.445133 6.333633 -8.795581
 1.507964 5.804565 -8.419562
 1.570796 5.294439 -7.658324
 1.633628 4.761655 -9.899459
 1.696460 4.109351 -10.361801
 1.759292 3.412179 -12.351790
 1.822124 2.617994 -11.940737
 1.884956 1.998357 -7.364194
 1.947787 1.707386 -2.427690
 2.010619 1.566047 -3.050549
 2.073451 1.284860 -5.694968
 2.136283 0.894300 -6.605402
 2.199115 0.463541 -6.942309
 2.261947 0.032653 -7.023462
 2.324779 -0.425290 -7.081988
 2.387610 -0.775351 -3.869781
 2.450442 -0.946117 -1.825982
 2.513274 -0.974622 1.319743
 2.576106 -0.742694 6.277232
 2.638938 -0.145909 12.837342
 2.701770 0.824542 17.179241
 2.764602 1.993920 20.842007
 2.827433 3.539745 27.768644
 2.890265 5.377381 30.496075
 2.953097 7.466573 36.066309
 3.015929 9.870399 39.275846
 3.078761 12.254660 34.262953
