#! FIELDS psi2 ffpsi2 dffpsi2_psi2
#! SET min_psi2 -pi
#! SET max_psi2 pi
#! SET nbins_psi2  100
#! SET periodic_psi2 true
 -3.141593 14.218362 31.036903
 -3.078761 16.500871 41.498951
 -3.015929 19.561766 57.863961
 -2.953097 23.724218 66.731949
 -2.890265 27.600861 62.823918
 -2.827433 32.698532 100.837623
 -2.764602 40.263719 131.544983
 -2.701770 45.155174 -51.870910
 -2.638938 40.176223 -74.139358
 -2.576106 36.208188 -58.789582
 -2.513274 32.520897 -52.931462
 -2.450442 30.114366 -24.705295
 -2.387610 28.651533 -26.900238
 -2.324779 27.240725 -12.067592
 -2.261947 26.915225 -6.606781
 -2.199115 25.940079 -19.987779
 -2.136283 24.930848 -11.349901
 -2.073451 24.226192 -14.340578
 -2.010619 23.172038 -16.085829
 -1.947787 22.382435 -9.904761
 -1.884956 21.803479 -8.952601
 -1.822124 21.223479 -9.871796
 -1.759292 20.576015 -9.700335
 -1.696460 20.111938 -5.703008
 -1.633628 19.732161 -6.001175
 -1.570796 19.477470 -2.414942
 -1.507964 19.350561 -1.141886
 -1.445133 19.463110 5.017287
 -1.382301 19.834450 4.643746
 -1.319469 19.932190 -0.750663
 -1.256637 19.903992 0.724469
 -1.193805 20.053163 3.556352
 -1.130973 20.268693 2.838259
 -1.068142 20.414272 1.821127
 -1.005310 20.477430 0.527339
 -0.942478 20.657534 6.084138
 -0.879646 21.048396 3.394728
 -0.816814 21.070118 -0.064790
 -0.753982 21.214037 3.137022
 -0.691150 21.126472 -5.754643
 -0.628319 21.059115 6.984027
 -0.565487 21.729027 7.771609
 -0.502655 21.205408 -25.726666
 -0.439823 19.519708 -20.508229
 -0.376991 18.543157 -13.916892
 -0.314159 17.950996 -4.034069
 -0.251327 17.095082 -29.242210
 -0.188496 15.231163 -21.765706
 -0.125664 14.627356 0.451546
 -0.062832 14.602015 -6.514120
 0.000000 14.006500 -7.600052
 0.062832 13.823721 -1.256117
 0.125664 13.444418 -9.819191
 0.188496 12.874229 -8.715167
 0.251327 12.232603 -10.767963
 0.314159 11.730066 -4.588074
 0.376991 11.586401 -1.458344
 0.439823 11.296340 -8.813531
 0.502655 10.685450 -8.387367
 0.565487 10.259474 -6.327931
 0.628319 9.839872 -6.748786
 0.691150 9.452403 -5.328986
 0.753982 9.204767 -2.750214
 0.816814 9.060982 -1.695603
 0.879646 8.963377 -2.584443
 0.942478 8.711446 -4.229041
 1.005310 8.505060 -3.189848
 1.068142 8.258040 -3.882045
 1.130973 8.070347 -2.856404
 1.193805 7.840667 -4.014661
 1.256637 7.619641 -3.336530
 1.319469 7.351682 -5.549114
 1.382301 6.903604 -8.676769
 1.445133 6.334032 -8.785140
 1.507964 5.805512 -8.413701
 1.570796 5.295401 -7.663630
 1.633628 4.762279 -9.901721
 1.696460 4.109949 -10.363237
 1.759292 3.412635 -12.351995
 1.822124 2.618656 -11.936093
 1.884956 1.999170 -7.364620
 1.947787 1.707982 -2.433902
 2.010619 1.566234 -3.055517
 2.073451 1.284922 -5.694706
 2.136283 0.894406 -6.604656
 2.199115 0.463641 -6.943876
 2.261947 0.032621 -7.024302
 2.324779 -0.425198 -7.078897
 2.387610 -0.775252 -3.872656
 2.450442 -0.946169 -1.826533
 2.513274 -0.974622 1.320999
 2.576106 -0.742665 6.276636
 2.638938 -0.145982 12.835083
 2.701770 0.824352 17.178138
 2.764602 1.993712 20.842125
 2.827433 3.539559 27.770054
 2.890265 5.377421 30.501087
 2.953097 7.466895 36.069763
 3.015929 9.870869 39.277682
 3.078761 12.255402 34.271104
