#! FIELDS phi4 ffphi4 dffphi4_phi4
#! SET min_phi4 -pi
#! SET max_phi4 pi
#! SET nbins_phi4  100
#! SET periodic_phi4 true
 -3.141593 13.298379 -47.474225
 -3.078761 10.474144 -42.638180
 -3.015929 7.922299 -38.281799
 -2.953097 5.737955 -30.774975
 -2.890265 4.046444 -23.803379
 -2.827433 2.610244 -22.356187
 -2.764602 1.380403 -15.184279
 -2.701770 0.732356 -6.499423
 -2.638938 0.426712 -3.730689
 -2.576106 0.266544 -1.270682
 -2.513274 0.287214 2.221122
 -2.450442 0.575267 6.901670
 -2.387610 1.129693 10.157302
 -2.324779 1.757528 9.088720
 -2.261947 2.240536 6.498273
 -2.199115 2.638342 6.326052
 -2.136283 3.018848 5.386423
 -2.073451 3.274191 2.572807
 -2.010619 3.397947 1.604907
 -1.947787 3.382137 -3.062562
 -1.884956 3.109303 -4.023361
 -1.822124 2.933657 -2.476240
 -1.759292 2.681567 -5.881587
 -1.696460 2.209570 -8.939816
 -1.633628 1.630542 -8.589116
 -1.570796 1.197740 -5.421621
 -1.507964 0.889576 -4.469388
 -1.445133 0.692594 -1.574514
 -1.382301 0.673758 1.081668
 -1.319469 0.898041 6.184243
 -1.256637 1.376187 8.311003
 -1.193805 1.966325 11.248232
 -1.130973 2.837182 15.890945
 -1.068142 3.908032 18.407462
 -1.005310 5.205374 22.509707
 -0.942478 6.672703 24.029234
 -0.879646 8.288651 27.420700
 -0.816814 10.114703 30.414558
 -0.753982 12.111293 32.770507
 -0.691150 14.255344 35.260815
 -0.628319 16.549792 37.268785
 -0.565487 18.918037 37.054238
 -0.502655 21.186889 35.162631
 -0.439823 23.469532 37.612366
 -0.376991 25.859292 36.751661
 -0.314159 28.025141 32.392110
 -0.251327 30.075771 32.795151
 -0.188496 32.071887 29.220186
 -0.125664 33.660537 20.791482
 -0.062832 34.741925 14.041403
 0.000000 35.492914 9.456804
 0.062832 35.803573 -0.876841
 0.125664 35.299975 -15.217434
 0.188496 33.975491 -25.986361
 0.251327 32.142371 -31.678463
 0.314159 30.036711 -35.451985
 0.376991 27.669041 -39.795517
 0.439823 25.077503 -42.472115
 0.502655 22.356437 -43.358637
 0.565487 19.737609 -40.106476
 0.628319 17.225497 -39.948246
 0.691150 14.791925 -37.217927
 0.753982 12.538929 -34.068944
 0.816814 10.661594 -24.637965
 0.879646 9.395091 -17.253318
 0.942478 8.393038 -13.940830
 1.005310 7.757928 -5.973968
 1.068142 7.645287 2.418136
 1.130973 8.069201 11.145096
 1.193805 9.064390 20.440866
 1.256637 10.606764 28.554488
 1.319469 12.719935 38.900086
 1.382301 15.438878 46.163819
 1.445133 18.495280 51.386366
 1.507964 22.077167 61.709881
 1.570796 26.174431 66.248224
 1.633628 30.438978 67.329015
 1.696460 34.755820 67.762005
 1.759292 39.050314 65.849686
 1.822124 43.144297 62.763604
 1.884956 47.070551 59.523909
 1.947787 50.600326 50.696473
 2.010619 53.521794 41.303242
 2.073451 55.820083 30.469546
 2.136283 57.458607 23.228469
 2.199115 58.573725 6.255097
 2.261947 58.143500 -15.190671
 2.324779 57.012691 -20.817952
 2.387610 55.403810 -31.931381
 2.450442 52.925449 -45.570087
 2.513274 49.899654 -50.145236
 2.576106 46.607112 -54.494851
 2.638938 43.072203 -58.240112
 2.701770 39.256946 -62.999173
 2.764602 35.221536 -64.566992
 2.827433 31.232214 -62.350694
 2.890265 27.311823 -62.748724
 2.953097 23.411973 -60.583707
 3.015929 19.752211 -55.645528
 3.078761 16.410875 -51.186559
