#! FIELDS phi2 ffphi2 dffphi2_phi2
#! SET min_phi2 -pi
#! SET max_phi2 pi
#! SET nbins_phi2  100
#! SET periodic_phi2 true
 -3.141593 16.437313 -46.311954
 -3.078761 13.706542 -40.586054
 -3.015929 11.318795 -35.614724
 -2.953097 9.187478 -32.631324
 -2.890265 7.204561 -30.014553
 -2.827433 5.546547 -21.843637
 -2.764602 4.439601 -14.508182
 -2.701770 3.566988 -14.112584
 -2.638938 2.679086 -13.362649
 -2.576106 1.971430 -8.839207
 -2.513274 1.569246 -4.330170
 -2.450442 1.355915 -3.018210
 -2.387610 1.193085 -1.605075
 -2.324779 1.196302 1.265621
 -2.261947 1.282002 1.417754
 -2.199115 1.383843 1.263914
 -2.136283 1.429010 1.276900
 -2.073451 1.660907 5.490560
 -2.010619 1.954335 3.003556
 -1.947787 2.070560 1.439655
 -1.884956 2.200116 2.456365
 -1.822124 2.327025 1.468360
 -1.759292 2.389421 0.245972
 -1.696460 2.341721 -1.739650
 -1.633628 2.160144 -4.130570
 -1.570796 1.883453 -4.028444
 -1.507964 1.663450 -3.624420
 -1.445133 1.365590 -5.663328
 -1.382301 1.039886 -4.263792
 -1.319469 0.814707 -3.260790
 -1.256637 0.633664 -2.289070
 -1.193805 0.569200 0.781980
 -1.130973 0.783209 5.739322
 -1.068142 1.241471 8.960398
 -1.005310 1.964258 14.103498
 -0.942478 3.000194 18.666078
 -0.879646 4.282758 21.633454
 -0.816814 5.700133 23.469045
 -0.753982 7.261003 26.133278
 -0.691150 8.993864 28.634294
 -0.628319 10.845478 30.065031
 -0.565487 12.774443 30.832037
 -0.502655 14.752433 32.278505
 -0.439823 16.828754 32.570700
 -0.376991 18.742914 27.691461
 -0.314159 20.401547 25.579712
 -0.251327 21.983016 24.341319
 -0.188496 23.451893 21.752541
 -0.125664 24.686454 17.385129
 -0.062832 25.628957 12.175285
 0.000000 26.225968 6.608109
 0.062832 26.412267 -0.721257
 0.125664 26.218666 -5.140639
 0.188496 25.722505 -11.030601
 0.251327 24.880761 -15.035111
 0.314159 23.886380 -16.774270
 0.376991 22.762838 -18.423501
 0.439823 21.650668 -16.984670
 0.502655 20.594304 -16.859598
 0.565487 19.497780 -18.104824
 0.628319 18.396038 -16.257225
 0.691150 17.467438 -13.431540
 0.753982 16.752809 -8.779430
 0.816814 16.358396 -4.480529
 0.879646 16.118553 -3.092389
 0.942478 16.041558 1.104649
 1.005310 16.272213 6.221440
 1.068142 16.850621 12.403776
 1.130973 17.846906 19.345803
 1.193805 19.328621 28.071613
 1.256637 21.362988 36.039512
 1.319469 23.851398 43.054754
 1.382301 26.775415 49.149337
 1.445133 30.036763 53.955369
 1.507964 33.632436 59.756932
 1.570796 37.632547 65.926081
 1.633628 41.973026 69.442377
 1.696460 46.297716 64.084021
 1.759292 50.049977 53.649423
 1.822124 53.248645 46.533637
 1.884956 55.861718 35.882237
 1.947787 57.981525 32.189989
 2.010619 59.863513 26.374470
 2.073451 61.452539 25.810709
 2.136283 62.901979 14.425693
 2.199115 63.010232 -6.837919
 2.261947 62.363307 -15.879344
 2.324779 60.841354 -30.985078
 2.387610 58.708165 -36.230384
 2.450442 56.223832 -43.867245
 2.513274 53.152402 -53.013089
 2.576106 49.722587 -55.604160
 2.638938 46.123196 -59.055841
 2.701770 42.325150 -61.952251
 2.764602 38.324630 -65.169838
 2.827433 34.134465 -67.592646
 2.890265 30.040700 -61.456589
 2.953097 26.339438 -57.594713
 3.015929 22.782248 -54.916757
 3.078761 19.483249 -50.326071
