#! FIELDS phi4 ffphi4 dffphi4_phi4
#! SET min_phi4 -pi
#! SET max_phi4 pi
#! SET nbins_phi4  100
#! SET periodic_phi4 true
 -3.141593 12.980094 -48.001141
 -3.078761 10.121392 -42.932126
 -3.015929 7.580638 -37.892155
 -2.953097 5.390861 -31.527764
 -2.890265 3.625677 -24.841070
 -2.827433 2.231469 -19.784083
 -2.764602 1.151779 -14.213033
 -2.701770 0.466747 -7.919424
 -2.638938 0.092432 -4.145954
 -2.576106 -0.018817 0.697669
 -2.513274 0.149466 4.434119
 -2.450442 0.532181 7.475785
 -2.387610 1.039107 8.229307
 -2.324779 1.553065 8.258957
 -2.261947 2.097510 8.739989
 -2.199115 2.595403 6.856286
 -2.136283 2.987833 5.749199
 -2.073451 3.295513 3.632786
 -2.010619 3.433869 0.911949
 -1.947787 3.447932 -0.413320
 -1.884956 3.364794 -2.408775
 -1.822124 3.147184 -4.528284
 -1.759292 2.810115 -5.973802
 -1.696460 2.428143 -6.102110
 -1.633628 2.039244 -6.466367
 -1.570796 1.604054 -7.247943
 -1.507964 1.183635 -5.686378
 -1.445133 0.917111 -2.776765
 -1.382301 0.855358 0.975041
 -1.319469 1.035125 4.533531
 -1.256637 1.428287 8.143082
 -1.193805 2.073924 12.284356
 -1.130973 2.961842 15.884368
 -1.068142 4.079809 19.641076
 -1.005310 5.430732 23.185323
 -0.942478 6.997693 26.475362
 -0.879646 8.743778 28.748634
 -0.816814 10.618927 30.748000
 -0.753982 12.625581 32.922985
 -0.691150 14.782058 35.500029
 -0.628319 17.082874 36.883684
 -0.565487 19.403665 36.847491
 -0.502655 21.766781 37.734001
 -0.439823 24.119385 36.495296
 -0.376991 26.377768 34.949777
 -0.314159 28.524518 33.061523
 -0.251327 30.565454 31.364517
 -0.188496 32.436238 27.531920
 -0.125664 34.027071 22.825716
 -0.062832 35.298772 17.020003
 0.000000 36.108445 8.198903
 0.062832 36.306300 -2.316782
 0.125664 35.774082 -14.808622
 0.188496 34.486582 -25.508877
 0.251327 32.664666 -32.007187
 0.314159 30.486753 -37.127853
 0.376991 28.029028 -40.967047
 0.439823 25.360738 -43.576935
 0.502655 22.621022 -43.116448
 0.565487 19.969303 -41.363074
 0.628319 17.411733 -39.933416
 0.691150 15.000701 -36.285831
 0.753982 12.887682 -31.002277
 0.816814 11.102684 -25.644731
 0.879646 9.689244 -19.259348
 0.942478 8.691965 -12.391794
 1.005310 8.138058 -5.255009
 1.068142 8.037926 2.224932
 1.130973 8.452468 11.194276
 1.193805 9.456803 20.665504
 1.256637 11.040609 29.600248
 1.319469 13.174213 37.961581
 1.382301 15.797240 45.099530
 1.445133 18.874162 52.392131
 1.507964 22.418492 59.427161
 1.570796 26.377873 65.027396
 1.633628 30.626490 67.825417
 1.696460 34.958229 67.634361
 1.759292 39.271942 67.016218
 1.822124 43.457747 63.952516
 1.884956 47.513480 63.524033
 1.947787 51.382575 54.231462
 2.010619 54.089406 31.642163
 2.073451 55.752871 24.018108
 2.136283 57.980380 53.312233
 2.199115 61.515458 8.916916
 2.261947 58.444495 -55.877355
 2.324779 55.855402 -26.562819
 2.387610 55.125677 -2.098361
 2.450442 53.647495 -50.390275
 2.513274 50.075072 -58.577315
 2.576106 46.359203 -59.320011
 2.638938 42.628605 -59.881350
 2.701770 38.790918 -62.045005
 2.764602 34.858347 -63.111104
 2.827433 30.866839 -63.620599
 2.890265 26.915418 -61.717016
 2.953097 23.127184 -58.941545
 3.015929 19.514651 -55.788559
 3.078761 16.129293 -52.030062
