#! FIELDS psi4 ffpsi4 dffpsi4_psi4
#! SET min_psi4 -pi
#! SET max_psi4 pi
#! SET nbins_psi4  100
#! SET periodic_psi4 true
 -3.141593 4.610491 18.943744
 -3.078761 5.986446 23.425495
 -3.015929 7.336915 18.977279
 -2.953097 8.547709 21.133786
 -2.890265 10.093104 27.276114
 -2.827433 11.766533 24.611922
 -2.764602 13.283167 23.759499
 -2.701770 14.615398 18.674298
 -2.638938 15.784297 17.351201
 -2.576106 16.590695 9.032950
 -2.513274 17.360542 19.320391
 -2.450442 19.181785 35.316226
 -2.387610 21.031092 21.095179
 -2.324779 22.321560 21.107057
 -2.261947 23.260140 8.024386
 -2.199115 23.488420 -3.752255
 -2.136283 22.719740 -16.319798
 -2.073451 21.766020 -13.395779
 -2.010619 21.265771 0.019811
 -1.947787 21.838947 14.990037
 -1.884956 22.306116 -4.558129
 -1.822124 21.590371 -16.061195
 -1.759292 20.228584 -25.587150
 -1.696460 18.777420 -18.864131
 -1.633628 17.896114 -10.111432
 -1.570796 17.208807 -13.929860
 -1.507964 16.249418 -14.266881
 -1.445133 15.567603 -7.319165
 -1.382301 15.190281 -7.504451
 -1.319469 14.367121 -17.902737
 -1.256637 13.168049 -19.460349
 -1.193805 11.922404 -19.659667
 -1.130973 10.867422 -13.520340
 -1.068142 10.051838 -13.722065
 -1.005310 9.152638 -14.842253
 -0.942478 8.173798 -15.670470
 -0.879646 7.240456 -14.681048
 -0.816814 6.251702 -16.626777
 -0.753982 5.235560 -15.007306
 -0.691150 4.397917 -11.949388
 -0.628319 3.698803 -10.207762
 -0.565487 3.145253 -7.478284
 -0.502655 2.747378 -5.029884
 -0.439823 2.518850 -2.589138
 -0.376991 2.397850 -1.170625
 -0.314159 2.381816 0.508582
 -0.251327 2.445810 1.533020
 -0.188496 2.595759 3.185621
 -0.125664 2.834585 4.503288
 -0.062832 3.185182 6.414978
 0.000000 3.586828 6.082011
 0.062832 3.963819 6.023555
 0.125664 4.321466 4.760617
 0.188496 4.542002 2.690456
 0.251327 4.725130 3.046105
 0.314159 4.881874 1.814593
 0.376991 5.001962 2.380501
 0.439823 5.172042 2.444820
 0.502655 5.241658 -0.562973
 0.565487 5.147882 -1.519028
 0.628319 5.106031 -0.387885
 0.691150 5.033922 -1.792765
 0.753982 4.924673 -1.483326
 0.816814 4.881604 0.111746
 0.879646 4.908514 0.614290
 0.942478 4.966387 1.132313
 1.005310 5.059084 2.036193
 1.068142 5.238609 3.499522
 1.130973 5.487649 4.551092
 1.193805 5.845602 6.590961
 1.256637 6.225286 5.152340
 1.319469 6.571075 6.211110
 1.382301 6.977322 6.439135
 1.445133 7.351597 4.883384
 1.507964 7.581785 3.078381
 1.570796 7.828810 4.861246
 1.633628 8.137947 4.074137
 1.696460 8.229456 -1.743088
 1.759292 7.962232 -5.358330
 1.822124 7.741269 -1.858728
 1.884956 7.523170 -6.262550
 1.947787 7.002116 -9.495786
 2.010619 6.420419 -8.510408
 2.073451 5.900078 -9.007578
 2.136283 5.217673 -12.453357
 2.199115 4.448488 -11.302771
 2.261947 3.797995 -9.833739
 2.324779 3.163517 -10.772411
 2.387610 2.428312 -12.140816
 2.450442 1.737347 -9.456350
 2.513274 1.235994 -6.652073
 2.576106 0.881651 -4.970415
 2.638938 0.577398 -4.592365
 2.701770 0.379720 -1.168359
 2.764602 0.428475 2.285941
 2.827433 0.652781 4.982956
 2.890265 1.052314 7.515524
 2.953097 1.625606 11.255016
 3.015929 2.498998 16.043160
 3.078761 3.540930 16.361262
