-0.0 -0.0 -0.0 -0.0 -0.0 -0.0 -0.0 -0.0 -0.0 -0.0 -0.0 -0.0 -0.0 -0.0 -0.0 -0.0 -0.0 -0.0 -0.0 -0.0 -0.0 -0.0 -0.0 -0.0 -0.0 -0.0 -0.0 -0.0 -0.0 -0.0 -0.0 -0.0 -0.0 -0.0 -0.0 -0.0 -0.0 -0.0 -0.0 -0.0 -0.0 -0.0 -0.0 -0.0 -0.0 -0.0 -0.0 -0.0 -0.0 -0.0 -0.0 -0.0 -0.0 -0.0 -0.0 -0.0 -0.0 -0.0 -0.0 -0.0 -0.0 -0.0 -0.0 -0.0 -0.0 -0.0 -0.0 -0.0 -0.0 -0.0 -0.0 -0.0 -0.0 -0.0 -0.0 -0.0 -0.0 -0.0 -0.0 -0.0 -0.0 -0.0 -0.0 -0.0 -0.0 -0.0 -0.0 -0.0 -0.0 -0.0 -0.0 -0.0 -0.0 -0.0 -0.0 -0.0 -0.0 -0.0 -0.0 -0.0 
-0.0 -0.0 -0.0 -0.0 -0.0 -0.0 -0.0 -0.0 -0.0 -0.0 -0.0 -0.0 -0.0 -0.0 -0.0 -0.0 -0.0 -0.0 -0.0 -0.0 -0.0 -0.0 -0.0 -0.0 -0.0 -0.0 -0.0 -0.0 -0.0 -0.0 -0.0 -0.0 -0.0 -0.0 -0.0 -0.0 -0.0 -0.0 -0.0 -0.0 -0.0 -0.0 -0.0 -0.0 -0.0 -0.0 -0.0 -0.0 -0.0 -0.0 -0.0 -0.0 -0.0 -0.0 -0.0 -0.0 -0.0 -0.0 -0.0 -0.0 -0.0 -0.0 -0.0 -0.0 -0.0 -0.0 -0.0 -0.0 -0.0 -0.0 -0.0 -0.0 -0.0 -0.0 -0.0 -0.0 -0.0 -0.0 -0.0 -0.0 -0.0 -0.0 -0.0 -0.0 -0.0 -0.0 -0.0 -0.0 -0.0 -0.0 -0.0 -0.0 -0.0 -0.0 -0.0 -0.0 -0.0 -0.0 -0.0 -0.0 
-0.0 -0.0 -0.0 -0.0 -0.0 -0.0 -0.0 -0.0 -0.0 -0.0 -0.0 -0.0 -0.0 -0.0 -0.0 -0.0 -0.0 -0.0 -0.0 -0.0 -0.0 -0.0 -0.0 -0.0 -0.0 -0.0 -0.0 -0.0 -0.0 -0.0 -0.0 -0.0 -0.0 -0.0 -0.0 -0.0 -0.0 -0.0 -0.0 -0.0 -0.0 -0.0 -0.0 -0.0 -0.0 -0.0 -0.0 -0.0 -0.0 -0.0 -0.0 -0.0 -0.0 -0.0 -0.0 -0.0 -0.0 -0.0 -0.0 -0.0 -0.0 -0.0 -0.0 -0.0 -0.0 -0.0 -0.0 -0.0 -0.0 -0.0 -0.0 -0.0 -0.0 -0.0 -0.0 -0.0 -0.0 -0.0 -0.0 -0.0 -0.0 -0.0 -0.0 -0.0 -0.0 -0.0 -0.0 -0.0 -0.0 -0.0 -0.0 -0.0 -0.0 -0.0 -0.0 -0.0 -0.0 -0.0 -0.0 -0.0 
-0.0 -0.0 -0.0 -0.0 -0.0 -0.0 -0.0 -0.0 -0.0 -0.0 -0.0 -0.0 -0.0 -0.0 -0.0 -0.0 -0.0 -0.0 -0.0 -0.0 -0.0 -0.0 -0.0 -0.0 -0.0 -0.0 -0.0 -0.0 -0.0 -0.0 -0.0 -0.0 -0.0 -0.0 -0.0 -0.0 -0.0 -0.0 -0.0 -0.0 -0.0 -0.0 -0.0 -0.0 -0.0 -0.0 -0.0 -0.0 -0.0 -0.0 -0.0 -0.0 -0.0 -0.0 -0.0 -0.0 -0.0 -0.0 -0.0 -0.0 -0.0 -0.0 -0.0 -0.0 -0.0 -0.0 -0.0 -0.0 -0.0 -0.0 -0.0 -0.0 -0.0 -0.0 -0.0 -0.0 -0.0 -0.0 -0.0 -0.0 -0.0 -0.0 -0.0 -0.0 -0.0 -0.0 -0.0 -0.0 -0.0 -0.0 -0.0 -0.0 -0.0 -0.0 -0.0 -0.0 -0.0 -0.0 -0.0 -0.0 
-0.0 -0.0 -0.0 -0.0 -0.0 -0.0 -0.0 -0.0 -0.0 -0.0 -0.0 -0.0 -0.0 -0.0 -0.0 -0.0 -0.0 -0.0 -0.0 -0.0 -0.0 -0.0 -0.0 -0.0 -0.0 -0.0 -0.0 -0.0 -0.0 -0.0 -0.0 -0.0 -0.0 -0.0 -0.0 -0.0 -0.0 -0.0 -0.0 -0.0 -0.0 -0.0 -0.0 -0.0 -0.0 -0.0 -0.0 -0.0 -0.0 -0.0 -0.0 -0.0 -0.19093537561862742 -0.21867546891948253 -0.00112924774842741 -0.0 -0.0 -0.0 -0.0 -0.0 -0.0 -0.0 -0.0 -0.0 -0.0 -0.0 -0.0 -0.0 -0.0 -0.0 -0.0 -0.0 -0.0 -0.0 -0.0 -0.0 -0.0 -0.0 -0.0 -0.0 -0.0 -0.0 -0.0 -0.0 -0.0 -0.0 -0.0 -0.0 -0.0 -0.0 -0.0 -0.0 -0.0 -0.0 -0.0 -0.0 -0.0 -0.0 -0.0 -0.0 
-0.0 -0.0 -0.0 -0.0 -0.0 -0.0 -0.0 -0.0 -0.0 -0.0 -0.0 -0.0 -0.0 -0.0 -0.0 -0.0 -0.0 -0.0 -0.0 -0.0 -0.0 -0.0 -0.0 -0.0 -0.0 -0.0 -0.0 -0.0 -0.0 -0.0 -0.0 -0.0 -0.0 -0.0 -0.0 -0.0 -0.0 -0.0 -0.0 -0.06078793122961099 -0.20875196289767534 -0.13524670157069155 -0.0 -0.0 -0.0 -0.0 -0.0 -0.0 -0.0 -0.0 -0.0 -0.09928703566618902 -0.6145346504209048 -0.963227386826707 -1.1211544077891549 -1.0723457764680806 -0.7723980646743154 -0.07739446489444363 -0.0 -0.0 -0.0 -0.0 -0.17188917519719288 -0.3864111436453896 -0.23002947304914406 -0.0 -0.0 -0.0 -0.0 -0.0 -0.0 -0.0 -0.0 -0.0 -0.0 -0.0 -0.0 -0.0 -0.0 -0.0 -0.0 -0.0 -0.0 -0.0 -0.0 -0.0 -0.0 -0.0 -0.0 -0.0 -0.0 -0.0 -0.0 -0.0 -0.0 -0.0 -0.0 -0.0 -0.0 -0.0 
-0.0 -0.0 -0.0 -0.0 -0.0 -0.0 -0.0 -0.0 -0.0 -0.0 -0.0 -0.0 -0.0 -0.0 -0.0 -0.0 -0.0 -0.0 -0.0 -0.0 -0.0 -0.0 -0.0 -0.0 -0.0 -0.0 -0.0 -0.0 -0.0 -0.0 -0.0 -0.0 -0.0 -0.0 -0.0 -0.0 -0.0 -0.0 -0.3389686940338248 -0.652274631172968 -0.7864694730018863 -0.7484196370213974 -0.5597722148538339 -0.2963103784930199 -0.14289604998694433 -0.24593660817420834 -0.46761469730244487 -0.6111315789504485 -0.5965200213162991 -0.4384100346364027 -0.28715288597912864 -0.4234955384007716 -0.838678234069227 -1.256141510066226 -1.5340239907601154 -1.6407338937768283 -1.5740528173627664 -1.3433528615356858 -0.9978451741944464 -0.7068034200404673 -0.7042703905305636 -0.9117908006700455 -1.0698027084019086 -1.0391841355510136 -0.7426359758814849 -0.04314718107230743 -0.0 -0.0 -0.0 -0.05396983434551395 -0.4196976637836335 -0.346382438677945 -0.0 -0.0 -0.0 -0.0 -0.0 -0.0 -0.0 -0.0 -0.0 -0.0 -0.0 -0.0 -0.0 -0.0 -0.0 -0.0 -0.0 -0.0 -0.0 -0.0 -0.0 -0.0 -0.0 -0.0 -0.0 -0.0 -0.0 -0.0 
-0.0 -0.0 -0.0 -0.0 -0.0 -0.0 -0.0 -0.0 -0.0 -0.0 -0.0 -0.0 -0.0 -0.0 -0.0 -0.0 -0.0 -0.0 -0.0 -0.0 -0.0 -0.0 -0.0 -0.0 -0.0 -0.0 -0.0 -0.0 -0.0 -0.0 -0.0 -0.0 -0.0 -0.0 -0.05756216650172177 -0.2110935267700755 -0.392136066417838 -0.6183922331349072 -0.850823682912033 -1.0290559115764217 -1.1100531047486661 -1.0785876213838719 -0.9559532187833341 -0.8265162119732129 -0.8309716371845294 -1.0158594833538972 -1.2590750768595267 -1.43289394302036 -1.4794491446112155 -1.3889375571206135 -1.1983794412498743 -1.0339130581474958 -1.0840937424926926 -1.3513578370721304 -1.651987732783606 -1.8651297974218806 -1.9589250003012664 -1.9426024817813363 -1.8489789952244475 -1.7309034024877243 -1.6411472201249666 -1.5885158780942856 -1.522715993556432 -1.3703613737045326 -1.0660138209739767 -0.5678474522186835 -0.0 -0.0 -0.29444317920195723 -0.7227053211259192 -0.896188536903991 -0.7725711928020285 -0.2354745214224771 -0.0 -0.0 -0.0 -0.0 -0.0 -0.0 -0.0 -0.0 -0.0 -0.0 -0.0 -0.0 -0.0 -0.0 -0.0 -0.0 -0.0 -0.0 -0.0 -0.0 -0.0 -0.0 -0.0 -0.0 -0.0 -0.0 -0.0 
-0.0 -0.0 -0.0 -0.0 -0.0 -0.0 -0.0 -0.0 -0.0 -0.0 -0.0 -0.0 -0.0 -0.0 -0.0 -0.0 -0.0 -0.0 -0.0 -0.0 -0.0 -0.0 -0.0 -0.0 -0.0 -0.0 -0.0 -0.0 -0.0 -0.0 -0.0 -0.0 -0.0 -0.1609222414313539 -0.5278035845450406 -0.8062441200955556 -0.9971875967813382 -1.1258591229051547 -1.2163371184628915 -1.2794873509590696 -1.3129122989566164 -1.3136517317306358 -1.2969300349746387 -1.3080795139766366 -1.4019944720582573 -1.585583620819675 -1.8012967274529261 -1.9787348306453143 -2.0713251172669014 -2.0567862295138633 -1.9324521731201292 -1.7261057397057664 -1.529853968333096 -1.4978435917469695 -1.6802260210995656 -1.9463269435261925 -2.169123331615713 -2.2986664951098525 -2.328198673661458 -2.2686982653620733 -2.14056653166154 -1.970342458923948 -1.7844738362289536 -1.5997226455392082 -1.4205611752739304 -1.2528933764603694 -1.1230335512672462 -1.070145274448362 -1.0980435478640178 -1.149099831250466 -1.1420448913157861 -1.0055497851145314 -0.6695685003376539 -0.01905451023963249 -0.0 -0.0 -0.0 -0.0 -0.048082959010405636 -0.11362161735562151 -0.0 -0.0 -0.0 -0.0 -0.0 -0.0 -0.0 -0.0 -0.0 -0.0 -0.0 -0.0 -0.0 -0.0 -0.0 -0.0 -0.0 -0.0 -0.0 -0.0 
-0.0 -0.0 -0.0 -0.0 -0.0 -0.0 -0.0 -0.0 -0.0 -0.0 -0.0 -0.0 -0.0 -0.0 -0.0 -0.0 -0.0 -0.0 -0.0 -0.0 -0.0 -0.0 -0.0 -0.0 -0.0 -0.0 -0.0 -0.0 -0.0687250882933343 -0.15022977376322982 -0.0018516111829687033 -0.0 -0.0 -0.3546101717734694 -0.8421155794703907 -1.1957823664171847 -1.4015399866848728 -1.4872460255723166 -1.4987326514527015 -1.4950041013861788 -1.5280715899489425 -1.611386836367994 -1.721147067015839 -1.833154671856957 -1.9467609709681462 -2.0770590000414746 -2.2293355401491506 -2.383008335221755 -2.5008828330926463 -2.547397984293993 -2.4983743054653758 -2.346444197611973 -2.1179513332117845 -1.9127173960902577 -1.8942885120264736 -2.0936246218137415 -2.35560242224482 -2.5503060691855173 -2.6293599870187916 -2.5854100628130525 -2.4319271339572537 -2.2081050648888474 -1.9924163494720966 -1.877593382887508 -1.8795132515613027 -1.918218053781016 -1.9107082301072327 -1.8206469990098875 -1.6550825456637315 -1.4567892828360613 -1.285740529567641 -1.1680581400384469 -1.0612214153846231 -0.8920203440690402 -0.6117929510244826 -0.2442641074977448 -0.0 -0.011879888342955931 -0.24378714305170263 -0.3977290379897388 -0.3542328159356533 -0.06354642749306066 -0.0 -0.0 -0.0 -0.0 -0.0 -0.0 -0.0 -0.0 -0.0 -0.0 -0.0 -0.0 -0.0 -0.0 -0.0 -0.0 -0.0 -0.0 
-0.0 -0.0 -0.0 -0.0 -0.0 -0.0 -0.0 -0.0 -0.0 -0.0 -0.0 -0.0 -0.0 -0.0 -0.0 -0.0 -0.0 -0.0 -0.0 -0.0 -0.0 -0.0 -0.0 -0.0 -0.0 -0.0 -0.0 -0.0 -0.21395663815954027 -0.42646230002955415 -0.37746266361646763 -0.2319347242581517 -0.3034596649608287 -0.7105218636101776 -1.1769046235943792 -1.5207068429446156 -1.711095541089138 -1.7725570022525885 -1.7619977595484027 -1.766819674143768 -1.861206823502016 -2.0362642743190666 -2.2224068564300956 -2.3669678402138836 -2.4614436667214212 -2.5318117352982292 -2.6155636030584284 -2.7288168502206154 -2.848978634017379 -2.9327331763699505 -2.942643978201554 -2.859871379726254 -2.6930066640103023 -2.498678427583151 -2.3932733544202156 -2.461836431879637 -2.6374621585448397 -2.7926944334125885 -2.8522707195399803 -2.792753855170738 -2.6257767842870923 -2.4075260404622862 -2.2521778218188113 -2.2560176214723295 -2.3694692214158453 -2.465575850310461 -2.4609841871904763 -2.3240726714563498 -2.058076696728062 -1.7151560990396586 -1.4315610839881565 -1.3477048777914242 -1.4006966729465904 -1.4167502123748061 -1.2936516088817989 -1.0070310258213573 -0.619925169734415 -0.36007687940844524 -0.42981682765312146 -0.6290458348552606 -0.7124858093618883 -0.5939621376735639 -0.2686812090679435 -0.0 -0.0 -0.0 -0.0 -0.0 -0.0 -0.0 -0.0 -0.0 -0.0 -0.0 -0.0 -0.0 -0.0 -0.0 -0.0 -0.0 
-0.0 -0.0 -0.0 -0.0 -0.0 -0.0 -0.0 -0.0 -0.0 -0.0 -0.0 -0.0 -0.0 -0.0 -0.0 -0.0 -0.0 -0.0 -0.0 -0.0 -0.0 -0.0 -0.0 -0.0 -0.0 -0.0 -0.0 -0.0 -0.2669657089132023 -0.6071658441485889 -0.7132923384058667 -0.7559796194628184 -0.9178875957459568 -1.2359494906636797 -1.5780526528483958 -1.8358391843044661 -1.9792580720251285 -2.030301556044979 -2.051882013508881 -2.12813886345972 -2.2981350015733657 -2.516569310476625 -2.7124279201509234 -2.845947403958747 -2.9155229599678387 -2.948830232764994 -2.9887181125628133 -3.065123257069821 -3.169035677902476 -3.26132972035058 -3.3031291699874803 -3.274496360186025 -3.1809574947244985 -3.0589466687727978 -2.971653307776658 -2.9673756186423383 -3.0266046642477322 -3.0812691461651744 -3.0730821043235825 -2.9783919724556336 -2.814480780581694 -2.6515459794077465 -2.5939464593544477 -2.6740880884955702 -2.803849006673282 -2.8788051096459495 -2.8404021628768312 -2.6654519311282807 -2.3566910943497272 -1.9667639827281729 -1.651971566761772 -1.5836962928721294 -1.6781019716298304 -1.7305576400559086 -1.6349647912721426 -1.365832184959979 -0.9657012028072598 -0.6217989470413652 -0.5925848228492681 -0.7707878088118675 -0.8846993801770004 -0.8263810393435863 -0.6002533444291726 -0.3075394025992404 -0.15670082557235585 -0.21712670538006612 -0.2726511648717644 -0.09728330130044348 -0.0 -0.0 -0.0 -0.0 -0.0 -0.0 -0.0 -0.0 -0.0 -0.0 -0.0 -0.0 
-0.0 -0.0 -0.0 -0.0 -0.0 -0.0 -0.0 -0.0 -0.0 -0.0 -0.0 -0.0 -0.0 -0.0 -0.0 -0.0 -0.0 -0.0 -0.0 -0.0 -0.0 -0.0 -0.0 -0.0 -0.0 -0.0 -0.0 -0.0 -0.25677511868505715 -0.6836367026699112 -0.9737382352858222 -1.2284074904203404 -1.4963192281175333 -1.76246766350407 -1.9854483354396117 -2.1388243065939356 -2.226442341407795 -2.2848847853686034 -2.3731052552298384 -2.5322315385322 -2.7455590724773735 -2.959051114212808 -3.1281134660437013 -3.2354525562754 -3.288465402281519 -3.313211183740856 -3.343790433236746 -3.402538402066199 -3.4837850421496324 -3.5605683135854935 -3.6058430270811748 -3.607069210807344 -3.570243711460935 -3.5172232371076015 -3.4746761975767884 -3.454851643610804 -3.4437918355178905 -3.4115005052161878 -3.333000162768219 -3.2052494938158875 -3.0597707565352508 -2.9626465434746247 -2.9687786907066736 -3.056196009773152 -3.1461071509959275 -3.169768678141753 -3.089507751980883 -2.891394280650676 -2.5851853293419675 -2.226857555906441 -1.946163041654208 -1.8583211891210325 -1.8950895766122287 -1.9025453059649788 -1.7912947887824597 -1.5384782063361144 -1.1804142061730107 -0.8507141797654565 -0.7326291578051646 -0.8002221891084802 -0.8649801197744912 -0.8245509943554525 -0.685299771467358 -0.5291474367213913 -0.452128530529242 -0.44061402040913733 -0.3656297638022863 -0.07622651449266678 -0.0 -0.0 -0.0 -0.0 -0.0 -0.0 -0.0 -0.0 -0.0 -0.0 -0.0 -0.0 
-0.0 -0.0 -0.0 -0.0 -0.0 -0.0 -0.0 -0.0 -0.0 -0.0 -0.0 -0.0 -0.0 -0.0 -0.0 -0.0 -0.0 -0.0 -0.0 -0.0 -0.0 -0.0 -0.0 -0.012588585215570516 -0.0 -0.0 -0.0 -0.024900091334645474 -0.28622102405594363 -0.7000795613260639 -1.1709548921271795 -1.6033855253143936 -1.947335645355406 -2.1879797179188523 -2.3317598155291694 -2.403795897534261 -2.4513884893091715 -2.536091141793843 -2.6961025652061843 -2.912696487179442 -3.1339181745501468 -3.317960330696273 -3.447905160896186 -3.5276019996509334 -3.574827082606193 -3.613335321526165 -3.661646602051455 -3.7231664475678903 -3.786708448876177 -3.8370260626202666 -3.8653308429880204 -3.8733802939174113 -3.870912063889616 -3.867994811530206 -3.866185865319749 -3.8552173721124112 -3.818244890941586 -3.741408840776919 -3.623049076697118 -3.481734258543263 -3.3589176729768697 -3.30064902461435 -3.3167518449314 -3.3667428036852916 -3.394257831798712 -3.3584685885050174 -3.2396820801120993 -3.0366947949363983 -2.7694801992898275 -2.487267713389266 -2.261281830661599 -2.1324456559468215 -2.0652445988164154 -1.9878109034958418 -1.850182196528641 -1.6388481563530797 -1.3730486540784534 -1.099625453298118 -0.8735987654759122 -0.7220997145541471 -0.6356963640943223 -0.5993601708373699 -0.6042773196660539 -0.625452427380043 -0.6109742311400257 -0.4972806262056082 -0.21995013685522385 -0.0 -0.0 -0.0 -0.0 -0.0 -0.0 -0.0 -0.0 -0.0 -0.0 -0.0 -0.0 -0.0 
-0.0 -0.0 -0.0 -0.0 -0.0 -0.0 -0.0 -0.0 -0.0 -0.0 -0.0 -0.0 -0.0 -0.0 -0.0 -0.0 -0.0 -0.0 -0.0 -0.0 -0.0 -0.0 -0.0 -0.16137036875314864 -0.4816741212670602 -0.7015743041226595 -0.7342110821003127 -0.592118495471608 -0.4690249064236981 -0.7455659851920244 -1.3345214473862632 -1.8795643139318212 -2.26399562934264 -2.488888879120886 -2.5860748949794763 -2.610487432953122 -2.6455101785561297 -2.769488194559466 -2.985823343052919 -3.228589559763288 -3.4360041539780233 -3.582577159503698 -3.672566827746011 -3.7285311337103466 -3.779512250880826 -3.8454366314983552 -3.9254384763691577 -4.002114975377509 -4.05696766900355 -4.082587996812793 -4.086233684816191 -4.0856939769274625 -4.097932906358632 -4.125641276608237 -4.153510596052349 -4.157873538013581 -4.119520829155625 -4.031832099368599 -3.905275804661621 -3.7692048958207613 -3.663619627591331 -3.613464754881591 -3.6058311142165436 -3.601187334553142 -3.562307046362117 -3.4694232708069994 -3.321301604011752 -3.1322873161879534 -2.9270094558762714 -2.7293445256097337 -2.5489091262512815 -2.3788103736791495 -2.2094064180112007 -2.0426681609080455 -1.8898822678591374 -1.7510692268647015 -1.5974370586922584 -1.3786503730922175 -1.0466642893494917 -0.5956082199359786 -0.1786937503111272 -0.1485191635918118 -0.4403060789972347 -0.6754083803319709 -0.6887523369901497 -0.4107808411361333 -0.0 -0.0 -0.0 -0.0 -0.0 -0.0 -0.0 -0.0 -0.0 -0.0 -0.0 -0.0 -0.0 -0.0 
-0.0 -0.0 -0.0 -0.0 -0.0 -0.0 -0.0 -0.0 -0.0 -0.0 -0.0 -0.0 -0.0 -0.0 -0.0 -0.0 -0.0 -0.0 -0.0 -0.40306140385541567 -0.4129574235356538 -0.06733524707974128 -0.0 -0.1805183027439244 -0.7851100538693616 -1.1522375046885744 -1.2351011022079335 -1.061640502974318 -0.7880961322461894 -0.9025091285213971 -1.4916527687163412 -2.068869887140012 -2.4608871285218354 -2.6719661212247328 -2.745296255330375 -2.7539237241033594 -2.8034489481089437 -2.969510915687109 -3.2190922297135307 -3.4640753659881702 -3.6475871273183125 -3.7574205069354245 -3.812658837245377 -3.8517664881528497 -3.913933289379649 -4.012439676435096 -4.126243441709142 -4.2213590296042725 -4.2748395162019746 -4.284092040263108 -4.266488332821165 -4.252020170458258 -4.265674410512847 -4.307766549491196 -4.353463741761419 -4.371693171818144 -4.342067123260598 -4.261426168865128 -4.144986771515095 -4.023197659709745 -3.9279145477170303 -3.869434911975348 -3.827586783096896 -3.769361476140791 -3.671544086331934 -3.531235526670752 -3.366049301204316 -3.2045320907758894 -3.064664600811222 -2.9354461852146208 -2.7847875694604527 -2.586679945294065 -2.346598261146564 -2.1161727080432504 -1.9670517771187086 -1.9038132555073313 -1.8358981227343039 -1.652463089285725 -1.2596047258101775 -0.5644697004494132 -0.0 -0.0 -0.31773449737862697 -0.726728284000257 -0.7236865998884288 -0.22383235684457353 -0.0 -0.0 -0.0 -0.0 -0.12196202372788868 -0.1390903841016178 -0.0 -0.0 -0.0 -0.0 -0.0 -0.0 -0.0 -0.0 
-0.0 -0.0 -0.0 -0.0 -0.0 -0.0 -0.0 -0.0 -0.0 -0.0 -0.0 -0.0 -0.0 -0.0 -0.0 -0.0 -0.0 -0.0 -0.33329741610427677 -0.7858071762008306 -0.6658458205888326 -0.1001652865268325 -0.0 -0.12874446844586446 -0.9450959135512946 -1.395683878453372 -1.522559985425458 -1.3851668995046604 -1.1257362256836272 -1.159203658844045 -1.6516777488084675 -2.1862586209203605 -2.5572609840459584 -2.7544044521819275 -2.8222150051475 -2.8430509415627734 -2.926205185235636 -3.126095515460779 -3.385527916704139 -3.6168402726237674 -3.7737064480201803 -3.8531592392839067 -3.883929770738201 -3.9158836284568492 -3.9938420566595685 -4.121758208661703 -4.262254387356721 -4.37222127654895 -4.428085529004235 -4.430384700755886 -4.401146474654503 -4.3761878340395866 -4.385520685058518 -4.4303113790481525 -4.482902224509832 -4.509753195805792 -4.4903462140822 -4.422797111319725 -4.3226130499406485 -4.216385226666774 -4.127059232980429 -4.056738864812594 -3.984942160435426 -3.8854311174967586 -3.74476913742069 -3.5726499786421457 -3.4018921715139916 -3.2691065293465744 -3.1789363482212174 -3.0931065429395614 -2.9610782908584774 -2.753428475941417 -2.483308491541692 -2.225319308414322 -2.083763956768686 -2.0616939409086714 -2.0350125196645785 -1.8750449258140793 -1.4839566851517705 -0.7501769339662254 -0.0 -0.0 -0.3368803992805236 -0.7796715161883594 -0.7336882718514648 -0.02832580350986731 -0.0 -0.0 -0.0 -0.0 -0.2724157496254971 -0.2615908553907839 -0.0 -0.0 -0.0 -0.0 -0.0 -0.04456478773161422 -0.05117860600053276 -0.0 
-0.0 -0.0 -0.0 -0.0 -0.0 -0.0 -0.0 -0.0 -0.0 -0.0 -0.0 -0.0 -0.0 -0.0 -0.0 -0.0 -0.0 -0.0 -0.5536281745592342 -0.8844494539341345 -0.6980737466046569 -0.031556162034941986 -0.0 -0.07183987398139016 -0.9804704501771274 -1.470044554242836 -1.6376204222661241 -1.5664484732263193 -1.3972440103450072 -1.4308015518592887 -1.8024495229280164 -2.2463311034756948 -2.5749765946361416 -2.760030591449778 -2.8403126826957914 -2.8959403156753836 -3.0187816685621165 -3.2349546326157936 -3.4831071169052645 -3.690748208372025 -3.82321124303183 -3.8835801701935186 -3.9054295824113834 -3.942404995260443 -4.036829353678411 -4.183114650014293 -4.336506818866125 -4.453173297700201 -4.51181591841469 -4.514955607366269 -4.4853576815375185 -4.458550998569551 -4.464377637293099 -4.505223894631872 -4.555692701168488 -4.5842464287519205 -4.571569602726356 -4.515909241689296 -4.43082925478494 -4.337775483852755 -4.252815545463245 -4.174347888862224 -4.084119281137362 -3.9614448298118514 -3.7988920195522673 -3.6126797851771135 -3.442345343651096 -3.3258996465073665 -3.2594664277821948 -3.1943309987314885 -3.076224931695584 -2.876593793362569 -2.6091391600661096 -2.347001515105828 -2.196130553685553 -2.1692435316255736 -2.1499220134857686 -2.013594034180114 -1.6750777238948946 -1.0679357646018357 -0.2322876261811792 -0.0 -0.45393886023730695 -0.7965780403165122 -0.7142045547630558 -0.0 -0.0 -0.0 -0.0 -0.0 -0.14558916969040595 -0.16851443266227795 -0.0 -0.0 -0.0 -0.0 -0.0 -0.011487052136409836 -0.0 -0.0 
-0.0 -0.0 -0.0 -0.0 -0.0 -0.0 -0.0 -0.0 -0.0 -0.0 -0.0 -0.0 -0.0 -0.0 -0.0 -0.0 -0.0 -0.0 -0.4946555831900771 -0.7341276616608514 -0.5313966772108926 -0.0 -0.0 -0.05736407978164398 -0.9009795627873084 -1.3925365997256112 -1.6036787166318056 -1.6214790041036018 -1.572793809739946 -1.6466108641273127 -1.9206542368292605 -2.2612222693356014 -2.538854324618026 -2.719044467214302 -2.829397014624249 -2.931860759379553 -3.0852928420061265 -3.2951881785599113 -3.514402472251509 -3.6927774696123166 -3.807148509124351 -3.864202684147029 -3.896552333986661 -3.950827915084997 -4.057796495079154 -4.206002078836693 -4.354878271228953 -4.467478368393539 -4.526682603159188 -4.535965443476366 -4.515952400995998 -4.497085184871816 -4.503998587859452 -4.538743598512685 -4.5808503351570335 -4.604230031811396 -4.592422000232694 -4.5437255741297005 -4.469244519211035 -4.385947241595678 -4.305566541524401 -4.225465387714099 -4.130126509860723 -4.002608282902238 -3.8376348617419658 -3.651062013760089 -3.480082058331542 -3.361337357466321 -3.293814242771715 -3.233615587557574 -3.128935391134241 -2.9499150058089474 -2.7025646933028624 -2.4413847813255205 -2.257199708884205 -2.1877936416240784 -2.1558392885062383 -2.050041812740442 -1.7945725474236307 -1.355349876298036 -0.7903608497404705 -0.4310850478914387 -0.5479911985531798 -0.7336420964697977 -0.6472472273667859 -0.04157218440497721 -0.0 -0.0 -0.0 -0.0 -0.0 -0.0 -0.0 -0.0 -0.0 -0.0 -0.0 -0.0 -0.0 -0.0 
-0.0 -0.0 -0.0 -0.0 -0.0 -0.0 -0.0 -0.0 -0.0 -0.0 -0.0 -0.0 -0.0 -0.0 -0.0 -0.0 -0.0 -0.0 -0.14891018358948988 -0.3161565230216564 -0.18447149164404208 -0.0 -0.0 -0.0759655197709828 -0.7162371147623825 -1.1774859352613032 -1.4441670658208705 -1.5735001088599339 -1.6513132407497848 -1.7740577780246805 -1.9841352021091794 -2.2385427535290106 -2.4741803221466485 -2.6631389802105265 -2.815260094941787 -2.960541961429416 -3.1243347806603863 -3.3065780132217757 -3.4842817786041684 -3.6320282048366264 -3.738182829904164 -3.8100651647139205 -3.871409201169891 -3.9509717653887995 -4.063164031234684 -4.196643253249697 -4.324268096902492 -4.42162765286511 -4.477484504954402 -4.495531297011085 -4.49189566359632 -4.488492086059198 -4.501423276995882 -4.5307006573752115 -4.561269806971859 -4.5741994722808474 -4.557335329499512 -4.509746296369549 -4.44069109237412 -4.364044709507482 -4.289230600395669 -4.2137834801820375 -4.124253969759253 -4.00521173597372 -3.85005686835095 -3.669350616529976 -3.4929892852571367 -3.35661262087699 -3.2709211875168083 -3.206330739871357 -3.1154274881352593 -2.96279044359314 -2.740097879679682 -2.476246918708059 -2.241176496254769 -2.1026573470125087 -2.044256055148757 -1.9758618349841943 -1.815363365270398 -1.5226557680290846 -1.1138418203922285 -0.7154312881099687 -0.5415987806744684 -0.5643523330528648 -0.518069212159525 -0.17874200635533796 -0.0 -0.0 -0.0 -0.0 -0.0 -0.0 -0.0 -0.0 -0.0 -0.0 -0.0 -0.0 -0.0 -0.0 
-0.0 -0.0 -0.0 -0.0 -0.0 -0.0 -0.0 -0.0 -0.0 -0.0 -0.0 -0.0 -0.0 -0.14198198210690655 -0.26015490246064754 -0.13706733727277562 -0.0 -0.0 -0.0 -0.0 -0.0 -0.0 -0.0 -0.07056524915261575 -0.44730999832509155 -0.8600117879805629 -1.2045082118523285 -1.4585017330380008 -1.6445132323214775 -1.8043140165939735 -1.9776055751657058 -2.1800308124355814 -2.3990594323423187 -2.6122174426776668 -2.804945038498469 -2.974869738500802 -3.127077018850736 -3.2674251033408446 -3.398358759124259 -3.519165941077025 -3.629375949589783 -3.731860871072092 -3.8327767698227277 -3.9378495110766667 -4.047543590505392 -4.155287540977429 -4.250505208186074 -4.323987408262966 -4.372187601814935 -4.39891209318521 -4.414034135600825 -4.428993947238972 -4.450326890207191 -4.475333466099903 -4.493657073440016 -4.49344392411807 -4.467487426860475 -4.416502500108917 -4.3489116798707785 -4.276753665119086 -4.208247560598981 -4.1411973649395 -4.063041392066359 -3.9579902260897524 -3.8162526942188832 -3.641719805440026 -3.4563944702682576 -3.2951810220935016 -3.182744070701917 -3.1078050354959093 -3.0285097458552213 -2.9013081750087517 -2.7015101007832083 -2.4339453655588845 -2.1459354545325553 -1.9246740679503525 -1.824480056736936 -1.7900058667121814 -1.7165111463408593 -1.5313335413204527 -1.2082939788416507 -0.7838274535161934 -0.41596191253232523 -0.3002243940986205 -0.3343127472279974 -0.2526775915150943 -0.0 -0.0 -0.0 -0.0 -0.0 -0.0 -0.0 -0.0 -0.0 -0.0 -0.0 -0.0 -0.0 -0.0 
-0.0 -0.0 -0.0 -0.0 -0.0 -0.0 -0.0 -0.0 -0.0 -0.0 -0.0 -0.0 -0.0 -0.22433431659589248 -0.43269121877145234 -0.3263034636213307 -0.0 -0.0 -0.0 -0.0 -0.0 -0.0 -0.0 -0.0 -0.1454542338642133 -0.5397419144108118 -0.9777614672954287 -1.3283452422471174 -1.5711764782820135 -1.7401909329771048 -1.8932720510897374 -2.081918119887327 -2.315499931384268 -2.5614748657735547 -2.7809666759531795 -2.9532502004571213 -3.0785997997623653 -3.173192516005549 -3.261498705014357 -3.3650791393805295 -3.491400630672844 -3.6318666526844976 -3.7705207917911627 -3.8939719046199754 -3.9956521676734873 -4.075182222711716 -4.135931592212391 -4.182729026612297 -4.2204331578463234 -4.253263552252188 -4.284305148778691 -4.314682485003355 -4.342613911919409 -4.363232828199506 -4.3698609413947525 -4.356479352464515 -4.3204548744747955 -4.26450177111669 -4.196799862593867 -4.128033952625759 -4.0652984208369 -4.006223992505843 -3.938469063410261 -3.845533043673008 -3.7148602842618086 -3.545026165546986 -3.3513848391515353 -3.1665202445037264 -3.024976681142102 -2.9331008355352246 -2.8575217405012054 -2.749124849889516 -2.5704921254967474 -2.3093180436178296 -1.991960453407889 -1.701272175258449 -1.5399294941268833 -1.5040737282854737 -1.4761321877372424 -1.3494064562661203 -1.0716000872416842 -0.6473766690764762 -0.20576150983065858 -0.035629737850371955 -0.14717413828317027 -0.2123711452921634 -0.003187162579300647 -0.0 -0.0 -0.0 -0.0 -0.0 -0.0 -0.0 -0.0 -0.0 -0.0 -0.0 -0.0 -0.0 
-0.0 -0.0 -0.0 -0.0 -0.0 -0.0 -0.0 -0.0 -0.0 -0.0 -0.0 -0.0 -0.0 -0.03058403689742185 -0.1917598766842158 -0.005665406025373213 -0.0 -0.0 -0.0 -0.0 -0.0 -0.0 -0.0 -0.0 -0.0 -0.3800201497186436 -0.8746809341031276 -1.23270176424154 -1.4536007368819097 -1.592080401006228 -1.7306304966320094 -1.9370815736399802 -2.207837373893216 -2.4835218174473104 -2.7109073227296148 -2.8680453958925005 -2.9605942249736206 -3.015971600602 -3.076082383013151 -3.1780081410710608 -3.328636887668826 -3.5025607228694295 -3.666003316850366 -3.796605806751149 -3.8874648236874694 -3.9436222612883896 -3.9772453493617173 -4.00251638452277 -4.0304245443821225 -4.065202021129311 -4.104316494926409 -4.141428454668069 -4.169675191201592 -4.183477601207245 -4.179029351923516 -4.1545015233280065 -4.110634966176968 -4.051540774648452 -3.984697879104307 -3.91879104363534 -3.8591031605927046 -3.8029209351345066 -3.738918928505657 -3.6515914745731552 -3.52789447366931 -3.3634539139709814 -3.1679206928013337 -2.9676966032591996 -2.7979439377167634 -2.677662466499353 -2.5886990217755548 -2.487534726930366 -2.3337501361222324 -2.107532911547832 -1.8192693534194457 -1.5199575097993652 -1.2886902236377138 -1.1582460874346479 -1.0645141680998589 -0.9137693308888942 -0.6535720579747424 -0.30556405132872133 -0.012330407307148818 -0.0 -0.047771670278827345 -0.05516913922934235 -0.0 -0.0 -0.0 -0.0 -0.0 -0.0 -0.0 -0.0 -0.0 -0.0 -0.0 -0.0 -0.0 -0.0 
-0.0 -0.0 -0.0 -0.0 -0.0 -0.0 -0.0 -0.0 -0.0 -0.0 -0.0 -0.0 -0.0 -0.0 -0.0 -0.0 -0.0 -0.0 -0.0 -0.0 -0.04527669663490434 -0.0 -0.0 -0.0 -0.0 -0.4175789691860175 -0.8975279995713212 -1.17898289144206 -1.3108220317822592 -1.378560925891764 -1.4978725719445167 -1.7380232861818163 -2.0502910243651407 -2.342495824214796 -2.560359713455537 -2.691757712107742 -2.753227773274587 -2.784607307006775 -2.8402444063941785 -2.9596097160263573 -3.136262041732333 -3.329082050987819 -3.498422588271369 -3.623771654778758 -3.7024801709109636 -3.743978247644025 -3.7643639433946277 -3.7805558730573754 -3.803988178318755 -3.836790614240329 -3.8731734204090404 -3.904395751682518 -3.923181135071005 -3.9254526223732795 -3.910010769836771 -3.877632489350278 -3.8305719029359646 -3.7725749437929528 -3.7087504234723716 -3.6443619398327116 -3.5822726628810915 -3.520288893653765 -3.45054633602527 -3.361863207217175 -3.2438608731428644 -3.0911480754308007 -2.9068397486803192 -2.704822204744775 -2.508167392548936 -2.3396227542026073 -2.2067427409072806 -2.095829891468912 -1.982081833819877 -1.843628262281283 -1.6672037010229734 -1.4455918838333517 -1.1720629835062066 -0.8376338750835225 -0.4401219750948357 -0.022947158280109965 -0.0 -0.0 -0.0 -0.10150344527333956 -0.08140435572092858 -0.0 -0.0 -0.0 -0.0 -0.0 -0.0 -0.0 -0.0 -0.0 -0.0 -0.0 -0.0 -0.0 -0.0 -0.0 
-0.0 -0.0 -0.0 -0.0 -0.0 -0.0 -0.0 -0.0 -0.0 -0.0 -0.0 -0.0 -0.0 -0.0 -0.0 -0.0 -0.0 -0.0 -0.0 -0.23924715853758574 -0.23327697135651312 -0.0 -0.0 -0.0 -0.0 -0.488708258369236 -0.9269712221781139 -1.1202198313494205 -1.1488714137698914 -1.1272138090054722 -1.2148038959095606 -1.4796114118631982 -1.8158339074615115 -2.104555785146432 -2.2981829273627494 -2.3981571266096804 -2.4356551365736165 -2.4654016109411527 -2.5466743363950943 -2.701866946893601 -2.9002829757667974 -3.093445662066186 -3.249051338509605 -3.3566874515292136 -3.421467018951899 -3.457229698885388 -3.4803574316955097 -3.5035522504897965 -3.531446441232706 -3.5607829571615235 -3.584655675795891 -3.59716984063985 -3.595741490486826 -3.580850578578858 -3.5544573000613493 -3.5184020935386733 -3.473660517348993 -3.4206065486781436 -3.3597562881206198 -3.292227828988756 -3.2194565122994336 -3.142262334189392 -3.0597922804908517 -2.968888518795075 -2.864101968444517 -2.7382623792098952 -2.5836083312675098 -2.3940138723376423 -2.1696380961112345 -1.925653343880438 -1.70251154641786 -1.5583729280799172 -1.5196851746925804 -1.540064860969606 -1.535295552822592 -1.4301768049028023 -1.1589146614472616 -0.6288622749104613 -0.0 -0.0 -0.0 -0.0 -0.010526973436329884 -0.28995208944327794 -0.17448451972205994 -0.0 -0.0 -0.0 -0.0 -0.0 -0.0 -0.0 -0.0 -0.0 -0.0 -0.0 -0.0 -0.0 -0.0 -0.0 
-0.0 -0.0 -0.0 -0.0 -0.0 -0.0 -0.0 -0.0 -0.0 -0.0 -0.0 -0.0 -0.0 -0.0 -0.0 -0.0 -0.0 -0.0 -0.016992631888495525 -0.3271174117072285 -0.21612733763927058 -0.0 -0.0 -0.0 -0.0 -0.4332313645477492 -0.8444972032714969 -0.988576426342707 -0.9554340165756011 -0.8688990502249687 -0.9126637731752072 -1.1608085511491084 -1.4803338485147233 -1.7394649176360317 -1.895354851023569 -1.9614269282568986 -1.9872064538451115 -2.0442514291059344 -2.1825409902665687 -2.386468133640021 -2.599835702924901 -2.7777916102128657 -2.903351674666983 -2.980928189529224 -3.0272420800941404 -3.062585880304138 -3.1014546601982715 -3.146153987736387 -3.188327384261628 -3.2166465026866127 -3.2240064836527487 -3.2104609869065834 -3.1821533490686638 -3.1475847657606497 -3.1128813457201083 -3.078553416981586 -3.039784392982914 -2.9897420464392344 -2.923482186193737 -2.8405915160302175 -2.7461000391209924 -2.6494850312655447 -2.5611295200987243 -2.4862774722988763 -2.4192810365018387 -2.3424770834492925 -2.230535702562245 -2.056895206860496 -1.8008595933283338 -1.4626199409945349 -1.1059244944331819 -0.9080184621858088 -0.9958444001262715 -1.2153727935002983 -1.3665461399627616 -1.3512557529506533 -1.106080381723696 -0.5073959071692971 -0.0 -0.0 -0.0 -0.0 -0.03345854949873216 -0.35225512862456454 -0.2103544787146822 -0.0 -0.0 -0.0 -0.0 -0.0 -0.0 -0.0 -0.0 -0.0 -0.0 -0.0 -0.0 -0.0 -0.0 -0.0 
-0.0 -0.0 -0.0 -0.0 -0.0 -0.0 -0.0 -0.0 -0.0 -0.0 -0.0 -0.0 -0.0 -0.0 -0.0 -0.0 -0.0 -0.0 -0.0 -0.09195900440000962 -0.0 -0.0 -0.0 -0.0 -0.0 -0.13913492317205403 -0.5618674372079845 -0.7208579961731729 -0.7047939312762389 -0.6211355625870034 -0.620769181070285 -0.7839697389085378 -1.0225439394533347 -1.2184278482795396 -1.3254272254967383 -1.3624376411035473 -1.3979573211957577 -1.514506768346668 -1.73100816003409 -1.9856983964002148 -2.2088390224941508 -2.3658691953648106 -2.453922268123907 -2.4912094527188726 -2.508959680496811 -2.5389674834740292 -2.5957526538255187 -2.6684307288529365 -2.732352661980075 -2.766749461341568 -2.763963608328793 -2.730356709310697 -2.6824365483351045 -2.6384715418234403 -2.607346942080542 -2.5824753682578523 -2.546729314116831 -2.483432967958889 -2.3853566922957725 -2.2598101918486946 -2.1302441690230745 -2.0299727660777362 -1.9825650852293346 -1.9811163816326842 -1.9908346220290187 -1.9698144818411394 -1.8829234464846005 -1.7033345403036018 -1.4117298940019845 -1.0086499962805417 -0.5752640033911249 -0.37080235323831806 -0.5545186889289676 -0.8630299279528577 -1.0650245104865048 -1.0824869104994561 -0.8719074440810038 -0.342419797960753 -0.0 -0.0 -0.0 -0.0 -0.0 -0.19272788441685304 -0.09828088899396333 -0.0 -0.0 -0.0 -0.0 -0.0 -0.0 -0.0 -0.0 -0.0 -0.0 -0.0 -0.0 -0.0 -0.0 -0.0 
-0.0 -0.0 -0.0 -0.0 -0.0 -0.0 -0.0 -0.0 -0.0 -0.0 -0.0 -0.0 -0.0 -0.0 -0.0 -0.0 -0.0 -0.0 -0.0 -0.0 -0.0 -0.0 -0.0 -0.0 -0.0 -0.0 -0.0 -0.25180313505278995 -0.369386361458369 -0.37207197813266657 -0.3390258861754278 -0.3481088092631385 -0.422255702156495 -0.5181160018090483 -0.5890991956203178 -0.6376105907569569 -0.7214950826087152 -0.9044733486885651 -1.1761995746482747 -1.4614298129612744 -1.693881506557633 -1.843510515678944 -1.908580969168409 -1.9084346303033197 -1.881424267302151 -1.8755187308251264 -1.9206901628429942 -2.005461441133264 -2.0914679528577826 -2.1458285010238884 -2.1572974663817397 -2.1364963448185685 -2.108066500977989 -2.0943752714314634 -2.0966226787274285 -2.091214664480171 -2.0450630943170487 -1.933138578967682 -1.7510042024455017 -1.5307475923207232 -1.3576003131231673 -1.3293313397949351 -1.4402070948547558 -1.5850215384585737 -1.6731441248859422 -1.6621470821667934 -1.538565780714829 -1.3045874309469647 -0.9811748056015326 -0.6283919555551101 -0.3619622055428138 -0.28077927607079345 -0.3438780665046094 -0.434182933088322 -0.47335157197237615 -0.42588029186278387 -0.2707160441304176 -0.0 -0.0 -0.0 -0.0 -0.0 -0.0 -0.0 -0.0 -0.0 -0.0 -0.0 -0.0 -0.0 -0.0 -0.0 -0.0 -0.0 -0.0 -0.0 -0.0 -0.0 -0.0 -0.0 
-0.0 -0.0 -0.0 -0.0 -0.0 -0.0 -0.0 -0.0 -0.0 -0.0 -0.0 -0.0 -0.0 -0.0 -0.0 -0.0 -0.0 -0.0 -0.0 -0.0 -0.0 -0.0 -0.0 -0.0 -0.0 -0.0 -0.0 -0.0 -0.0 -0.0837149784099319 -0.021741717326721616 -0.0 -0.0 -0.0 -0.0 -0.041404758422923266 -0.19920411479435546 -0.33897530869645803 -0.5199402682178506 -0.7574859663449237 -1.0037262766770092 -1.1981858360771798 -1.3045159635292038 -1.313040161534736 -1.2379123161513854 -1.1212154686623992 -1.0318014409633631 -1.0285362671950025 -1.1071993292297144 -1.216196148366214 -1.3164895482879961 -1.403258817608585 -1.4895470089905314 -1.5793019477851946 -1.6526996049161562 -1.6736632364802926 -1.6053021718804363 -1.4200188863767027 -1.1135640388661427 -0.7578280260020065 -0.5887248606904533 -0.7792552556021798 -1.1089609253724262 -1.3525467184721511 -1.4392909673276633 -1.3586668656999181 -1.1199908249769692 -0.767172635901842 -0.4343942697878834 -0.31454988864376326 -0.3827743305545108 -0.4202226843068781 -0.2701423674394681 -0.0 -0.0 -0.0 -0.0 -0.0 -0.0 -0.0 -0.0 -0.0 -0.0 -0.0 -0.0 -0.0 -0.0 -0.0 -0.0 -0.0 -0.0 -0.0 -0.0 -0.0 -0.0 -0.0 -0.0 -0.0 -0.0 -0.0 
-0.0 -0.0 -0.0 -0.0 -0.0 -0.0 -0.0 -0.0 -0.0 -0.0 -0.0 -0.0 -0.0 -0.0 -0.0 -0.0 -0.0 -0.0 -0.0 -0.0 -0.0 -0.0 -0.0 -0.0 -0.0 -0.0 -0.0 -0.0 -0.0 -0.0 -0.0 -0.0 -0.0 -0.0 -0.0 -0.0 -0.06159318244816767 -0.005747172793762576 -0.0 -0.0 -0.030387165788083304 -0.4108155006411862 -0.7011543667691165 -0.8245888058139207 -0.761105294380374 -0.4969291398769875 -0.016442299837143987 -0.0 -0.0 -0.0 -0.04897202465332012 -0.5236089424826534 -0.8691158619306724 -1.1125263934610359 -1.2617740095905257 -1.3085230451463346 -1.236903870209561 -1.0336229247270206 -0.7131872770599722 -0.39615566850983186 -0.3564031822767559 -0.6374735029890288 -0.9546647681893609 -1.1326828066527395 -1.1194696168241824 -0.8928305574374649 -0.4380099744667436 -0.0 -0.0 -0.0 -0.33664494283758734 -0.4272986660656186 -0.1158358084940839 -0.0 -0.0 -0.0 -0.0 -0.0 -0.0 -0.0 -0.0 -0.0 -0.0 -0.0 -0.0 -0.0 -0.0 -0.0 -0.0 -0.0 -0.0 -0.0 -0.0 -0.0 -0.0 -0.0 -0.0 -0.0 -0.0 -0.0 
-0.0 -0.0 -0.0 -0.0 -0.0 -0.0 -0.0 -0.0 -0.0 -0.0 -0.0 -0.0 -0.0 -0.0 -0.0 -0.0 -0.0 -0.0 -0.0 -0.0 -0.0 -0.0 -0.0 -0.0 -0.0 -0.0 -0.0 -0.0 -0.0 -0.0 -0.0 -0.0 -0.0 -0.0 -0.0 -0.0 -0.03636971470557864 -0.0 -0.0 -0.0 -0.0 -0.0 -0.08039021500092214 -0.4121011494161387 -0.45659739221871737 -0.21077379651231154 -0.0 -0.0 -0.0 -0.0 -0.0 -0.0 -0.2507284841668102 -0.5845375541605846 -0.7681835043737449 -0.8439256839211411 -0.8292943711327465 -0.741860395096088 -0.621340152142781 -0.5403823842519512 -0.5616067530970849 -0.6590219571154737 -0.7345620184173923 -0.6921878716932749 -0.44845371829754144 -0.0 -0.0 -0.0 -0.0 -0.0 -0.040233101820472954 -0.14649237041282118 -0.0 -0.0 -0.0 -0.0 -0.0 -0.0 -0.0 -0.0 -0.0 -0.0 -0.0 -0.0 -0.0 -0.0 -0.0 -0.0 -0.0 -0.0 -0.0 -0.0 -0.0 -0.0 -0.0 -0.0 -0.0 -0.0 -0.0 -0.0 
-0.0 -0.0 -0.0 -0.0 -0.0 -0.0 -0.0 -0.0 -0.0 -0.0 -0.0 -0.0 -0.0 -0.0 -0.0 -0.0 -0.0 -0.0 -0.0 -0.0 -0.0 -0.0 -0.0 -0.0 -0.0 -0.0 -0.0 -0.0 -0.0 -0.0 -0.0 -0.0 -0.0 -0.0 -0.0 -0.0 -0.0 -0.0 -0.0 -0.0 -0.0 -0.0 -0.0 -0.0 -0.011313997083098727 -0.0 -0.0 -0.0 -0.0 -0.0 -0.0 -0.0 -0.0 -0.0 -0.0 -0.0 -0.1795677534889798 -0.38701461492833833 -0.5547038356160514 -0.6475124812130789 -0.6416935937267282 -0.5114837292358084 -0.20716007431030015 -0.0 -0.0 -0.0 -0.0 -0.0 -0.0 -0.0 -0.0 -0.0 -0.0 -0.0 -0.0 -0.0 -0.0 -0.0 -0.0 -0.0 -0.0 -0.0 -0.0 -0.0 -0.0 -0.0 -0.0 -0.0 -0.0 -0.0 -0.0 -0.0 -0.0 -0.0 -0.0 -0.0 -0.0 -0.0 -0.0 -0.0 
-0.0 -0.0 -0.0 -0.0 -0.0 -0.0 -0.0 -0.0 -0.0 -0.0 -0.0 -0.0 -0.0 -0.0 -0.0 -0.0 -0.0 -0.0 -0.0 -0.0 -0.0 -0.0 -0.0 -0.0 -0.0 -0.0 -0.0 -0.0 -0.0 -0.0 -0.0 -0.0 -0.0 -0.0 -0.0 -0.0 -0.0 -0.0 -0.0 -0.0 -0.0 -0.0 -0.0 -0.0 -0.0 -0.0 -0.0 -0.0 -0.0 -0.0 -0.0 -0.0 -0.0 -0.0 -0.0 -0.0 -0.0 -0.0 -0.26265320870705644 -0.4515797307769673 -0.38297510895815223 -0.0 -0.0 -0.0 -0.0 -0.0 -0.0 -0.0 -0.0 -0.0 -0.0 -0.0 -0.0 -0.0 -0.0 -0.0 -0.0 -0.0 -0.0 -0.0 -0.0 -0.0 -0.0 -0.0 -0.0 -0.0 -0.0 -0.0 -0.0 -0.0 -0.0 -0.0 -0.0 -0.0 -0.0 -0.0 -0.0 -0.0 -0.0 -0.0 
-0.0 -0.0 -0.0 -0.0 -0.0 -0.0 -0.0 -0.0 -0.0 -0.0 -0.0 -0.0 -0.0 -0.0 -0.0 -0.0 -0.0 -0.0 -0.0 -0.0 -0.0 -0.0 -0.0 -0.0 -0.0 -0.0 -0.0 -0.0 -0.0 -0.0 -0.0 -0.0 -0.0 -0.0 -0.0 -0.0 -0.0 -0.0 -0.0 -0.0 -0.0 -0.0 -0.0 -0.0 -0.0 -0.0 -0.0 -0.0 -0.0 -0.0 -0.0 -0.0 -0.0 -0.0 -0.0 -0.0 -0.0 -0.0 -0.0 -0.0 -0.0 -0.0 -0.0 -0.0 -0.0 -0.0 -0.0 -0.0 -0.0 -0.0 -0.0 -0.0 -0.0 -0.0 -0.0 -0.0 -0.0 -0.0 -0.0 -0.0 -0.0 -0.0 -0.0 -0.0 -0.0 -0.0 -0.0 -0.0 -0.0 -0.0 -0.0 -0.0 -0.0 -0.0 -0.0 -0.0 -0.0 -0.0 -0.0 -0.0 
-0.0 -0.0 -0.0 -0.0 -0.0 -0.0 -0.0 -0.0 -0.0 -0.0 -0.0 -0.0 -0.0 -0.0 -0.0 -0.0 -0.0 -0.0 -0.0 -0.0 -0.0 -0.0 -0.0 -0.0 -0.0 -0.0 -0.0 -0.0 -0.0 -0.0 -0.0 -0.0 -0.0 -0.0 -0.0 -0.0 -0.0 -0.0 -0.0 -0.0 -0.0 -0.0 -0.0 -0.0 -0.0 -0.0 -0.0 -0.0 -0.0 -0.0 -0.0 -0.0 -0.0 -0.0 -0.0 -0.0 -0.0 -0.0 -0.0 -0.0 -0.0 -0.0 -0.0 -0.0 -0.0 -0.0 -0.0 -0.0 -0.0 -0.0 -0.0 -0.0 -0.0 -0.0 -0.0 -0.0 -0.0 -0.0 -0.0 -0.0 -0.0 -0.0 -0.0 -0.0 -0.0 -0.0 -0.0 -0.0 -0.0 -0.0 -0.0 -0.0 -0.0 -0.0 -0.0 -0.0 -0.0 -0.0 -0.0 -0.0 
-0.0 -0.0 -0.0 -0.0 -0.0 -0.0 -0.0 -0.0 -0.0 -0.0 -0.0 -0.0 -0.0 -0.0 -0.0 -0.0 -0.0 -0.0 -0.0 -0.0 -0.0 -0.0 -0.0 -0.0 -0.0 -0.0 -0.0 -0.0 -0.0 -0.0 -0.0 -0.0 -0.0 -0.0 -0.0 -0.0 -0.0 -0.0 -0.0 -0.0 -0.0 -0.0 -0.0 -0.0 -0.0 -0.0 -0.0 -0.0 -0.0 -0.0 -0.0 -0.0 -0.0 -0.0 -0.0 -0.0 -0.0 -0.0 -0.0 -0.0 -0.0 -0.0 -0.0 -0.0 -0.0 -0.0 -0.0 -0.0 -0.0 -0.0 -0.0 -0.0 -0.0 -0.0 -0.0 -0.0 -0.0 -0.0 -0.0 -0.0 -0.0 -0.0 -0.0 -0.0 -0.0 -0.0 -0.0 -0.0 -0.0 -0.0 -0.0 -0.0 -0.0 -0.0 -0.0 -0.0 -0.0 -0.0 -0.0 -0.0 
-0.0 -0.0 -0.0 -0.0 -0.0 -0.0 -0.0 -0.0 -0.0 -0.0 -0.0 -0.0 -0.0 -0.0 -0.0 -0.0 -0.0 -0.0 -0.0 -0.0 -0.0 -0.0 -0.0 -0.0 -0.0 -0.0 -0.0 -0.0 -0.0 -0.0 -0.0 -0.0 -0.0 -0.0 -0.0 -0.0 -0.0 -0.0 -0.0 -0.0 -0.0 -0.0 -0.0 -0.0 -0.0 -0.0 -0.0 -0.0 -0.0 -0.0 -0.0 -0.0 -0.0 -0.0 -0.0 -0.0 -0.0 -0.0 -0.0 -0.0 -0.0 -0.0 -0.0 -0.0 -0.0 -0.0 -0.0 -0.0 -0.0 -0.0 -0.0 -0.0 -0.0 -0.0 -0.0 -0.0 -0.0 -0.0 -0.0 -0.0 -0.0 -0.0 -0.0 -0.0 -0.0 -0.0 -0.0 -0.0 -0.0 -0.0 -0.0 -0.0 -0.0 -0.0 -0.0 -0.0 -0.0 -0.0 -0.0 -0.0 
-0.0 -0.0 -0.0 -0.0 -0.0 -0.0 -0.0 -0.0 -0.0 -0.0 -0.0 -0.0 -0.0 -0.0 -0.0 -0.0 -0.0 -0.0 -0.0 -0.0 -0.0 -0.0 -0.0 -0.0 -0.0 -0.0 -0.0 -0.0 -0.0 -0.0 -0.0 -0.0 -0.0 -0.0 -0.0 -0.0 -0.0 -0.0 -0.0 -0.0 -0.0 -0.0 -0.0 -0.0 -0.0 -0.0 -0.0 -0.0 -0.0 -0.0 -0.0 -0.0 -0.0 -0.0 -0.0 -0.0 -0.0 -0.0 -0.0 -0.0 -0.0 -0.0 -0.0 -0.0 -0.0 -0.0 -0.0 -0.0 -0.0 -0.0 -0.0 -0.0 -0.0 -0.0 -0.0 -0.0 -0.0 -0.0 -0.0 -0.0 -0.0 -0.0 -0.0 -0.0 -0.0 -0.0 -0.0 -0.0 -0.0 -0.0 -0.0 -0.0 -0.0 -0.0 -0.0 -0.0 -0.0 -0.0 -0.0 -0.0 
-0.0 -0.0 -0.0 -0.0 -0.0 -0.0 -0.0 -0.0 -0.0 -0.0 -0.0 -0.0 -0.0 -0.0 -0.0 -0.0 -0.0 -0.0 -0.0 -0.0 -0.0 -0.0 -0.0 -0.0 -0.0 -0.0 -0.0 -0.0 -0.0 -0.0 -0.0 -0.0 -0.0 -0.0 -0.0 -0.0 -0.0 -0.0 -0.0 -0.0 -0.0 -0.0 -0.0 -0.0 -0.0 -0.0 -0.0 -0.0 -0.0 -0.0 -0.0 -0.0 -0.0 -0.0 -0.0 -0.0 -0.0 -0.0 -0.0 -0.0 -0.0 -0.0 -0.0 -0.0 -0.0 -0.0 -0.0 -0.0 -0.0 -0.0 -0.0 -0.0 -0.0 -0.0 -0.0 -0.0 -0.0 -0.0 -0.0 -0.0 -0.0 -0.0 -0.0 -0.0 -0.0 -0.0 -0.0 -0.0 -0.0 -0.0 -0.0 -0.0 -0.0 -0.0 -0.0 -0.0 -0.0 -0.0 -0.0 -0.0 
-0.0 -0.0 -0.0 -0.0 -0.0 -0.0 -0.0 -0.0 -0.0 -0.0 -0.0 -0.0 -0.0 -0.0 -0.0 -0.0 -0.0 -0.0 -0.0 -0.0 -0.0 -0.0 -0.0 -0.0 -0.0 -0.0 -0.0 -0.0 -0.0 -0.0 -0.0 -0.0 -0.0 -0.0 -0.0 -0.0 -0.0 -0.0 -0.0 -0.0 -0.0 -0.0 -0.0 -0.0 -0.0 -0.0 -0.0 -0.0 -0.0 -0.0 -0.0 -0.0 -0.0 -0.0 -0.0 -0.0 -0.0 -0.0 -0.0 -0.0 -0.0 -0.0 -0.0 -0.0 -0.0 -0.0 -0.0 -0.0 -0.0 -0.0 -0.0 -0.0 -0.0 -0.0 -0.0 -0.0 -0.0 -0.0 -0.0 -0.0 -0.0 -0.0 -0.0 -0.0 -0.0 -0.0 -0.0 -0.0 -0.0 -0.0 -0.0 -0.0 -0.0 -0.0 -0.0 -0.0 -0.0 -0.0 -0.0 -0.0 
-0.0 -0.0 -0.0 -0.0 -0.0 -0.0 -0.0 -0.0 -0.0 -0.0 -0.0 -0.0 -0.0 -0.0 -0.0 -0.0 -0.0 -0.0 -0.0 -0.0 -0.0 -0.0 -0.0 -0.0 -0.0 -0.0 -0.0 -0.0 -0.0 -0.0 -0.0 -0.0 -0.0 -0.0 -0.0 -0.0 -0.0 -0.0 -0.0 -0.0 -0.0 -0.0 -0.0 -0.0 -0.0 -0.0 -0.0 -0.0 -0.0 -0.0 -0.0 -0.0 -0.0 -0.0 -0.0 -0.0 -0.0 -0.0 -0.0 -0.0 -0.0 -0.0 -0.0 -0.0 -0.0 -0.0 -0.0 -0.0 -0.0 -0.0 -0.0 -0.0 -0.0 -0.0 -0.0 -0.0 -0.0 -0.0 -0.0 -0.0 -0.0 -0.0 -0.0 -0.0 -0.0 -0.0 -0.0 -0.0 -0.0 -0.0 -0.0 -0.0 -0.0 -0.0 -0.0 -0.0 -0.0 -0.0 -0.0 -0.0 
-0.0 -0.0 -0.0 -0.0 -0.0 -0.0 -0.0 -0.0 -0.0 -0.0 -0.0 -0.0 -0.0 -0.0 -0.0 -0.0 -0.0 -0.0 -0.0 -0.0 -0.0 -0.0 -0.0 -0.0 -0.0 -0.0 -0.0 -0.0 -0.0 -0.0 -0.0 -0.0 -0.0 -0.0 -0.0 -0.0 -0.0 -0.0 -0.0 -0.0 -0.0 -0.0 -0.0 -0.0 -0.0 -0.0 -0.0 -0.0 -0.0 -0.0 -0.0 -0.0 -0.0 -0.0 -0.0 -0.0 -0.0 -0.0 -0.0 -0.0 -0.0 -0.0 -0.0 -0.0 -0.0 -0.0 -0.0 -0.0 -0.0 -0.0 -0.0 -0.0 -0.0 -0.0 -0.0 -0.0 -0.0 -0.0 -0.0 -0.0 -0.0 -0.0 -0.0 -0.0 -0.0 -0.0 -0.0 -0.0 -0.0 -0.0 -0.0 -0.0 -0.0 -0.0 -0.0 -0.0 -0.0 -0.0 -0.0 -0.0 
-0.0 -0.0 -0.0 -0.0 -0.0 -0.0 -0.0 -0.0 -0.0 -0.0 -0.0 -0.0 -0.0 -0.0 -0.0 -0.0 -0.0 -0.0 -0.0 -0.0 -0.0 -0.0 -0.0 -0.0 -0.0 -0.0 -0.0 -0.0 -0.0 -0.0 -0.0 -0.0 -0.0 -0.0 -0.0 -0.0 -0.0 -0.0 -0.0 -0.0 -0.0 -0.0 -0.0 -0.0 -0.0 -0.0 -0.0 -0.0 -0.0 -0.0 -0.0 -0.0 -0.0 -0.0 -0.0 -0.0 -0.0 -0.0 -0.0 -0.0 -0.0 -0.0 -0.0 -0.0 -0.0 -0.0 -0.0 -0.0 -0.0 -0.0 -0.0 -0.0 -0.0 -0.0 -0.0 -0.0 -0.0 -0.0 -0.0 -0.0 -0.0 -0.0 -0.0 -0.0 -0.0 -0.0 -0.0 -0.0 -0.0 -0.0 -0.0 -0.0 -0.0 -0.0 -0.0 -0.0 -0.0 -0.0 -0.0 -0.0 
-0.0 -0.0 -0.0 -0.0 -0.0 -0.0 -0.0 -0.0 -0.0 -0.0 -0.0 -0.0 -0.0 -0.0 -0.0 -0.0 -0.0 -0.0 -0.0 -0.0 -0.0 -0.0 -0.0 -0.0 -0.0 -0.0 -0.0 -0.0 -0.0 -0.0 -0.0 -0.0 -0.0 -0.0 -0.0 -0.0 -0.0 -0.0 -0.0 -0.0 -0.0 -0.0 -0.0 -0.0 -0.0 -0.0 -0.0 -0.0 -0.0 -0.0 -0.0 -0.0 -0.0 -0.0 -0.0 -0.0 -0.0 -0.0 -0.0 -0.0 -0.0 -0.0 -0.0 -0.0 -0.0 -0.0 -0.0 -0.0 -0.0 -0.0 -0.0 -0.0 -0.0 -0.0 -0.0 -0.0 -0.0 -0.0 -0.0 -0.0 -0.0 -0.0 -0.0 -0.0 -0.0 -0.0 -0.0 -0.0 -0.0 -0.0 -0.0 -0.0 -0.0 -0.0 -0.0 -0.0 -0.0 -0.0 -0.0 -0.0 
-0.0 -0.0 -0.0 -0.0 -0.0 -0.0 -0.0 -0.0 -0.0 -0.0 -0.0 -0.0 -0.0 -0.0 -0.0 -0.0 -0.0 -0.0 -0.0 -0.0 -0.0 -0.0 -0.0 -0.0 -0.0 -0.0 -0.0 -0.0 -0.0 -0.0 -0.0 -0.0 -0.0 -0.0 -0.0 -0.0 -0.0 -0.0 -0.0 -0.0 -0.0 -0.0 -0.0 -0.0 -0.0 -0.0 -0.0 -0.0 -0.0 -0.0 -0.0 -0.0 -0.0 -0.0 -0.0 -0.0 -0.0 -0.0 -0.0 -0.0 -0.0 -0.0 -0.0 -0.0 -0.0 -0.0 -0.0 -0.0 -0.0 -0.0 -0.0 -0.0 -0.0 -0.0 -0.0 -0.0 -0.0 -0.0 -0.0 -0.0 -0.0 -0.0 -0.0 -0.0 -0.0 -0.0 -0.0 -0.0 -0.0 -0.0 -0.0 -0.0 -0.0 -0.0 -0.0 -0.0 -0.0 -0.0 -0.0 -0.0 
-0.0 -0.0 -0.0 -0.0 -0.0 -0.0 -0.0 -0.0 -0.0 -0.0 -0.0 -0.0 -0.0 -0.0 -0.0 -0.0 -0.0 -0.0 -0.0 -0.0 -0.0 -0.0 -0.0 -0.0 -0.0 -0.0 -0.0 -0.0 -0.0 -0.0 -0.0 -0.0 -0.0 -0.0 -0.0 -0.0 -0.0 -0.0 -0.0 -0.0 -0.0 -0.0 -0.0 -0.0 -0.0 -0.0 -0.0 -0.0 -0.0 -0.0 -0.0 -0.0 -0.0 -0.0 -0.0 -0.0 -0.0 -0.0 -0.0 -0.0 -0.0 -0.0 -0.0 -0.0 -0.0 -0.0 -0.0 -0.0 -0.0 -0.0 -0.0 -0.0 -0.0 -0.0 -0.0 -0.0 -0.0 -0.0 -0.0 -0.0 -0.0 -0.0 -0.0 -0.0 -0.0 -0.0 -0.0 -0.0 -0.0 -0.0 -0.0 -0.0 -0.0 -0.0 -0.0 -0.0 -0.0 -0.0 -0.0 -0.0 
-0.0 -0.0 -0.0 -0.0 -0.0 -0.0 -0.0 -0.0 -0.0 -0.0 -0.0 -0.0 -0.0 -0.0 -0.0 -0.0 -0.0 -0.0 -0.0 -0.0 -0.0 -0.0 -0.0 -0.0 -0.0 -0.0 -0.0 -0.0 -0.0 -0.0 -0.0 -0.0 -0.0 -0.0 -0.0 -0.0 -0.0 -0.0 -0.0 -0.0 -0.0 -0.0 -0.0 -0.0 -0.0 -0.0 -0.0 -0.0 -0.0 -0.0 -0.0 -0.0 -0.0 -0.0 -0.0 -0.0 -0.0 -0.0 -0.0 -0.0 -0.0 -0.0 -0.0 -0.0 -0.0 -0.0 -0.0 -0.0 -0.0 -0.0 -0.0 -0.0 -0.0 -0.0 -0.0 -0.0 -0.0 -0.0 -0.0 -0.0 -0.0 -0.0 -0.0 -0.0 -0.0 -0.0 -0.0 -0.0 -0.0 -0.0 -0.0 -0.0 -0.0 -0.0 -0.0 -0.0 -0.0 -0.0 -0.0 -0.0 
-0.0 -0.0 -0.0 -0.0 -0.0 -0.0 -0.0 -0.0 -0.0 -0.0 -0.0 -0.0 -0.0 -0.0 -0.0 -0.0 -0.0 -0.0 -0.0 -0.0 -0.0 -0.0 -0.0 -0.0 -0.0 -0.0 -0.0 -0.0 -0.0 -0.0 -0.0 -0.0 -0.0 -0.0 -0.0 -0.0 -0.0 -0.0 -0.0 -0.0 -0.0 -0.0 -0.0 -0.0 -0.0 -0.0 -0.0 -0.0 -0.0 -0.0 -0.0 -0.0 -0.0 -0.0 -0.0 -0.0 -0.0 -0.0 -0.0 -0.0 -0.0 -0.0 -0.0 -0.0 -0.0 -0.0 -0.0 -0.0 -0.0 -0.0 -0.0 -0.0 -0.0 -0.0 -0.0 -0.0 -0.0 -0.0 -0.0 -0.0 -0.0 -0.0 -0.0 -0.0 -0.0 -0.0 -0.0 -0.0 -0.0 -0.0 -0.0 -0.0 -0.0 -0.0 -0.0 -0.0 -0.0 -0.0 -0.0 -0.0 
-0.0 -0.0 -0.0 -0.0 -0.0 -0.0 -0.0 -0.0 -0.0 -0.0 -0.0 -0.0 -0.0 -0.0 -0.0 -0.0 -0.0 -0.0 -0.0 -0.0 -0.0 -0.0 -0.0 -0.0 -0.0 -0.0 -0.0 -0.0 -0.0 -0.0 -0.0 -0.0 -0.0 -0.0 -0.0 -0.0 -0.0 -0.0 -0.0 -0.0 -0.0 -0.0 -0.0 -0.0 -0.0 -0.0 -0.0 -0.0 -0.0 -0.0 -0.0 -0.0 -0.0 -0.0 -0.0 -0.0 -0.0 -0.0 -0.0 -0.0 -0.0 -0.0 -0.0 -0.0 -0.0 -0.0 -0.0 -0.0 -0.0 -0.0 -0.0 -0.0 -0.0 -0.0 -0.0 -0.0 -0.0 -0.0 -0.0 -0.0 -0.0 -0.0 -0.0 -0.0 -0.0 -0.0 -0.0 -0.0 -0.0 -0.0 -0.0 -0.0 -0.0 -0.0 -0.0 -0.0 -0.0 -0.0 -0.0 -0.0 
-0.0 -0.0 -0.0 -0.0 -0.0 -0.0 -0.0 -0.0 -0.0 -0.0 -0.0 -0.0 -0.0 -0.0 -0.0 -0.0 -0.0 -0.0 -0.0 -0.0 -0.0 -0.0 -0.0 -0.0 -0.0 -0.0 -0.0 -0.0 -0.0 -0.0 -0.0 -0.0 -0.0 -0.0 -0.0 -0.0 -0.0 -0.0 -0.0 -0.0 -0.0 -0.0 -0.0 -0.0 -0.0 -0.0 -0.0 -0.0 -0.0 -0.0 -0.0 -0.0 -0.0 -0.0 -0.0 -0.0 -0.0 -0.0 -0.0 -0.0 -0.0 -0.0 -0.0 -0.0 -0.0 -0.0 -0.0 -0.0 -0.0 -0.0 -0.0 -0.0 -0.0 -0.0 -0.0 -0.0 -0.0 -0.0 -0.0 -0.0 -0.0 -0.0 -0.0 -0.0 -0.0 -0.0 -0.0 -0.0 -0.0 -0.0 -0.0 -0.0 -0.0 -0.0 -0.0 -0.0 -0.0 -0.0 -0.0 -0.0 
-0.0 -0.0 -0.0 -0.0 -0.0 -0.0 -0.0 -0.0 -0.0 -0.0 -0.0 -0.0 -0.0 -0.0 -0.0 -0.0 -0.0 -0.0 -0.0 -0.0 -0.0 -0.0 -0.0 -0.0 -0.0 -0.0 -0.0 -0.0 -0.0 -0.0 -0.0 -0.0 -0.0 -0.0 -0.0 -0.0 -0.0 -0.0 -0.0 -0.0 -0.0 -0.0 -0.0 -0.0 -0.0 -0.0 -0.0 -0.0 -0.0 -0.0 -0.0 -0.0 -0.0 -0.0 -0.0 -0.0 -0.0 -0.0 -0.0 -0.0 -0.0 -0.0 -0.0 -0.0 -0.0 -0.0 -0.0 -0.0 -0.0 -0.0 -0.0 -0.0 -0.0 -0.0 -0.0 -0.0 -0.0 -0.0 -0.0 -0.0 -0.0 -0.0 -0.0 -0.0 -0.0 -0.0 -0.0 -0.0 -0.0 -0.0 -0.0 -0.0 -0.0 -0.0 -0.0 -0.0 -0.0 -0.0 -0.0 -0.0 
-0.0 -0.0 -0.0 -0.0 -0.0 -0.0 -0.0 -0.0 -0.0 -0.0 -0.0 -0.0 -0.0 -0.0 -0.0 -0.0 -0.0 -0.0 -0.0 -0.0 -0.0 -0.0 -0.0 -0.0 -0.0 -0.0 -0.0 -0.0 -0.0 -0.0 -0.0 -0.0 -0.0 -0.0 -0.0 -0.0 -0.0 -0.0 -0.0 -0.0 -0.0 -0.0 -0.0 -0.0 -0.0 -0.0 -0.0 -0.0 -0.0 -0.0 -0.0 -0.0 -0.0 -0.0 -0.0 -0.0 -0.0 -0.0 -0.0 -0.0 -0.0 -0.0 -0.0 -0.0 -0.0 -0.0 -0.0 -0.0 -0.0 -0.0 -0.0 -0.0 -0.0 -0.0 -0.0 -0.0 -0.0 -0.0 -0.0 -0.0 -0.0 -0.0 -0.0 -0.0 -0.0 -0.0 -0.0 -0.0 -0.0 -0.0 -0.0 -0.0 -0.0 -0.0 -0.0 -0.0 -0.0 -0.0 -0.0 -0.0 
-0.0 -0.0 -0.0 -0.0 -0.0 -0.0 -0.0 -0.0 -0.0 -0.0 -0.0 -0.0 -0.0 -0.0 -0.0 -0.0 -0.0 -0.0 -0.0 -0.0 -0.0 -0.0 -0.0 -0.0 -0.0 -0.0 -0.0 -0.0 -0.0 -0.0 -0.0 -0.0 -0.0 -0.0 -0.0 -0.0 -0.0 -0.0 -0.0 -0.0 -0.0 -0.0 -0.0 -0.0 -0.0 -0.0 -0.0 -0.0 -0.0 -0.0 -0.0 -0.0 -0.0 -0.0 -0.0 -0.0 -0.0 -0.0 -0.0 -0.0 -0.0 -0.0 -0.0 -0.0 -0.0 -0.0 -0.0 -0.0 -0.0 -0.0 -0.0 -0.0 -0.0 -0.0 -0.0 -0.0 -0.0 -0.0 -0.0 -0.0 -0.0 -0.0 -0.0 -0.0 -0.0 -0.0 -0.0 -0.0 -0.0 -0.0 -0.0 -0.0 -0.0 -0.0 -0.0 -0.0 -0.0 -0.0 -0.0 -0.0 
-0.0 -0.0 -0.0 -0.0 -0.0 -0.0 -0.0 -0.0 -0.0 -0.0 -0.0 -0.0 -0.0 -0.0 -0.0 -0.0 -0.0 -0.0 -0.0 -0.0 -0.0 -0.0 -0.0 -0.0 -0.0 -0.0 -0.0 -0.0 -0.0 -0.0 -0.0 -0.0 -0.0 -0.0 -0.0 -0.0 -0.0 -0.0 -0.0 -0.0 -0.0 -0.0 -0.0 -0.0 -0.0 -0.0 -0.0 -0.0 -0.0 -0.0 -0.0 -0.0 -0.0 -0.0 -0.0 -0.0 -0.0 -0.0 -0.0 -0.0 -0.0 -0.0 -0.0 -0.0 -0.0 -0.0 -0.0 -0.0 -0.0 -0.0 -0.0 -0.0 -0.0 -0.0 -0.0 -0.0 -0.0 -0.0 -0.0 -0.0 -0.0 -0.0 -0.0 -0.0 -0.0 -0.0 -0.0 -0.0 -0.0 -0.0 -0.0 -0.0 -0.0 -0.0 -0.0 -0.0 -0.0 -0.0 -0.0 -0.0 
-0.0 -0.0 -0.0 -0.0 -0.0 -0.0 -0.0 -0.0 -0.0 -0.0 -0.0 -0.0 -0.0 -0.0 -0.0 -0.0 -0.0 -0.0 -0.0 -0.0 -0.0 -0.0 -0.0 -0.0 -0.0 -0.0 -0.0 -0.0 -0.0 -0.0 -0.0 -0.0 -0.0 -0.0 -0.0 -0.0 -0.0 -0.0 -0.0 -0.0 -0.0 -0.0 -0.0 -0.0 -0.0 -0.0 -0.0 -0.0 -0.0 -0.0 -0.0 -0.0 -0.0 -0.0 -0.0 -0.0 -0.0 -0.0 -0.0 -0.0 -0.0 -0.0 -0.0 -0.0 -0.0 -0.0 -0.0 -0.0 -0.0 -0.0 -0.0 -0.0 -0.0 -0.0 -0.0 -0.0 -0.0 -0.0 -0.0 -0.0 -0.0 -0.0 -0.0 -0.0 -0.0 -0.0 -0.0 -0.0 -0.0 -0.0 -0.0 -0.0 -0.0 -0.0 -0.0 -0.0 -0.0 -0.0 -0.0 -0.0 
-0.0 -0.0 -0.0 -0.0 -0.0 -0.0 -0.0 -0.0 -0.0 -0.0 -0.0 -0.0 -0.0 -0.0 -0.0 -0.0 -0.0 -0.0 -0.0 -0.0 -0.0 -0.0 -0.0 -0.0 -0.0 -0.0 -0.0 -0.0 -0.0 -0.0 -0.0 -0.0 -0.0 -0.0 -0.0 -0.0 -0.0 -0.0 -0.0 -0.0 -0.0 -0.0 -0.0 -0.0 -0.0 -0.0 -0.0 -0.0 -0.0 -0.0 -0.0 -0.0 -0.0 -0.0 -0.0 -0.0 -0.0 -0.0 -0.0 -0.0 -0.0 -0.0 -0.0 -0.0 -0.0 -0.0 -0.0 -0.0 -0.0 -0.0 -0.0 -0.0 -0.0 -0.0 -0.0 -0.0 -0.0 -0.0 -0.0 -0.0 -0.0 -0.0 -0.0 -0.0 -0.0 -0.0 -0.0 -0.0 -0.0 -0.0 -0.0 -0.0 -0.0 -0.0 -0.0 -0.0 -0.0 -0.0 -0.0 -0.0 
-0.0 -0.0 -0.0 -0.0 -0.0 -0.0 -0.0 -0.0 -0.0 -0.0 -0.0 -0.0 -0.0 -0.0 -0.0 -0.0 -0.0 -0.0 -0.0 -0.0 -0.0 -0.0 -0.0 -0.0 -0.0 -0.0 -0.0 -0.0 -0.0 -0.0 -0.0 -0.0 -0.0 -0.0 -0.0 -0.0 -0.0 -0.0 -0.0 -0.0 -0.0 -0.0 -0.0 -0.0 -0.0 -0.0 -0.0 -0.0 -0.0 -0.0 -0.0 -0.0 -0.0 -0.0 -0.0 -0.0 -0.0 -0.0 -0.0 -0.0 -0.0 -0.0 -0.0 -0.0 -0.0 -0.0 -0.0 -0.0 -0.0 -0.0 -0.0 -0.0 -0.0 -0.0 -0.0 -0.0 -0.0 -0.0 -0.0 -0.0 -0.0 -0.0 -0.0 -0.0 -0.0 -0.0 -0.0 -0.0 -0.0 -0.0 -0.0 -0.0 -0.0 -0.0 -0.0 -0.0 -0.0 -0.0 -0.0 -0.0 
-0.0 -0.0 -0.0 -0.0 -0.0 -0.0 -0.0 -0.0 -0.0 -0.0 -0.0 -0.0 -0.0 -0.0 -0.0 -0.0 -0.0 -0.0 -0.0 -0.0 -0.0 -0.0 -0.0 -0.0 -0.0 -0.0 -0.0 -0.0 -0.0 -0.0 -0.0 -0.0 -0.0 -0.0 -0.0 -0.0 -0.0 -0.0 -0.0 -0.0 -0.0 -0.0 -0.0 -0.0 -0.0 -0.0 -0.0 -0.0 -0.0 -0.0 -0.0 -0.0 -0.0 -0.0 -0.0 -0.0 -0.0 -0.0 -0.0 -0.0 -0.0 -0.0 -0.0 -0.0 -0.0 -0.0 -0.0 -0.0 -0.0 -0.0 -0.0 -0.0 -0.0 -0.0 -0.0 -0.0 -0.0 -0.0 -0.0 -0.0 -0.0 -0.0 -0.0 -0.0 -0.0 -0.0 -0.0 -0.0 -0.0 -0.0 -0.0 -0.0 -0.0 -0.0 -0.0 -0.0 -0.0 -0.0 -0.0 -0.0 
-0.0 -0.0 -0.0 -0.0 -0.0 -0.0 -0.0 -0.0 -0.0 -0.0 -0.0 -0.0 -0.0 -0.0 -0.0 -0.0 -0.0 -0.0 -0.0 -0.0 -0.0 -0.0 -0.0 -0.0 -0.0 -0.0 -0.0 -0.0 -0.0 -0.0 -0.0 -0.0 -0.0 -0.0 -0.0 -0.0 -0.0 -0.0 -0.0 -0.0 -0.0 -0.0 -0.0 -0.0 -0.0 -0.0 -0.0 -0.0 -0.0 -0.0 -0.0 -0.0 -0.0 -0.0 -0.0 -0.0 -0.0 -0.0 -0.0 -0.0 -0.0 -0.0 -0.0 -0.0 -0.0 -0.0 -0.0 -0.0 -0.0 -0.0 -0.0 -0.0 -0.0 -0.0 -0.0 -0.0 -0.0 -0.0 -0.0 -0.0 -0.0 -0.0 -0.0 -0.0 -0.0 -0.0 -0.0 -0.0 -0.0 -0.0 -0.0 -0.0 -0.0 -0.0 -0.0 -0.0 -0.0 -0.0 -0.0 -0.0 
-0.0 -0.0 -0.0 -0.0 -0.0 -0.0 -0.0 -0.0 -0.0 -0.0 -0.0 -0.0 -0.0 -0.0 -0.0 -0.0 -0.0 -0.0 -0.0 -0.0 -0.0 -0.0 -0.0 -0.0 -0.0 -0.0 -0.0 -0.0 -0.0 -0.0 -0.0 -0.0 -0.0 -0.0 -0.0 -0.0 -0.0 -0.0 -0.0 -0.0 -0.0 -0.0 -0.0 -0.0 -0.0 -0.0 -0.0 -0.0 -0.0 -0.0 -0.0 -0.0 -0.0 -0.0 -0.0 -0.0 -0.0 -0.0 -0.0 -0.0 -0.0 -0.0 -0.0 -0.0 -0.0 -0.0 -0.0 -0.0 -0.0 -0.0 -0.0 -0.0 -0.0 -0.0 -0.0 -0.0 -0.0 -0.0 -0.0 -0.0 -0.0 -0.0 -0.0 -0.0 -0.0 -0.0 -0.0 -0.0 -0.0 -0.0 -0.0 -0.0 -0.0 -0.0 -0.0 -0.0 -0.0 -0.0 -0.0 -0.0 
-0.0 -0.0 -0.0 -0.0 -0.0 -0.0 -0.0 -0.0 -0.0 -0.0 -0.0 -0.0 -0.0 -0.0 -0.0 -0.0 -0.0 -0.0 -0.0 -0.0 -0.0 -0.0 -0.0 -0.0 -0.0 -0.0 -0.0 -0.0 -0.0 -0.0 -0.0 -0.0 -0.0 -0.0 -0.0 -0.0 -0.0 -0.0 -0.0 -0.0 -0.0 -0.0 -0.0 -0.0 -0.0 -0.0 -0.0 -0.0 -0.0 -0.0 -0.0 -0.0 -0.0 -0.0 -0.0 -0.0 -0.0 -0.0 -0.0 -0.0 -0.0 -0.0 -0.0 -0.0 -0.0 -0.0 -0.0 -0.0 -0.0 -0.0 -0.0 -0.0 -0.0 -0.0 -0.0 -0.0 -0.0 -0.0 -0.0 -0.0 -0.0 -0.0 -0.0 -0.0 -0.0 -0.0 -0.0 -0.0 -0.0 -0.0 -0.0 -0.0 -0.0 -0.0 -0.0 -0.0 -0.0 -0.0 -0.0 -0.0 
-0.0 -0.0 -0.0 -0.0 -0.0 -0.0 -0.0 -0.0 -0.0 -0.0 -0.0 -0.0 -0.0 -0.0 -0.0 -0.0 -0.0 -0.0 -0.0 -0.0 -0.0 -0.0 -0.0 -0.0 -0.0 -0.0 -0.0 -0.0 -0.0 -0.0 -0.0 -0.0 -0.0 -0.0 -0.0 -0.0 -0.0 -0.0 -0.0 -0.0 -0.0 -0.0 -0.0 -0.0 -0.0 -0.0 -0.0 -0.0 -0.0 -0.0 -0.0 -0.0 -0.0 -0.0 -0.0 -0.0 -0.0 -0.0 -0.0 -0.0 -0.0 -0.0 -0.0 -0.0 -0.0 -0.0 -0.0 -0.0 -0.0 -0.0 -0.0 -0.0 -0.0 -0.0 -0.0 -0.0 -0.0 -0.0 -0.0 -0.0 -0.0 -0.0 -0.0 -0.0 -0.0 -0.0 -0.0 -0.0 -0.0 -0.0 -0.0 -0.0 -0.0 -0.0 -0.0 -0.0 -0.0 -0.0 -0.0 -0.0 
-0.0 -0.0 -0.0 -0.0 -0.0 -0.0 -0.0 -0.0 -0.0 -0.0 -0.0 -0.0 -0.0 -0.0 -0.0 -0.0 -0.0 -0.0 -0.0 -0.0 -0.0 -0.0 -0.0 -0.0 -0.0 -0.0 -0.0 -0.0 -0.0 -0.0 -0.0 -0.0 -0.0 -0.0 -0.0 -0.0 -0.0 -0.0 -0.0 -0.0 -0.0 -0.0 -0.0 -0.0 -0.0 -0.0 -0.0 -0.0 -0.0 -0.0 -0.0 -0.0 -0.0 -0.0 -0.0 -0.0 -0.0 -0.0 -0.0 -0.0 -0.0 -0.0 -0.0 -0.0 -0.0 -0.0 -0.0 -0.0 -0.0 -0.0 -0.0 -0.0 -0.0 -0.0 -0.0 -0.0 -0.0 -0.0 -0.0 -0.0 -0.0 -0.0 -0.0 -0.0 -0.0 -0.0 -0.0 -0.0 -0.0 -0.0 -0.0 -0.0 -0.0 -0.0 -0.0 -0.0 -0.0 -0.0 -0.0 -0.0 
-0.0 -0.0 -0.0 -0.0 -0.0 -0.0 -0.0 -0.0 -0.0 -0.0 -0.0 -0.0 -0.0 -0.0 -0.0 -0.0 -0.0 -0.0 -0.0 -0.0 -0.0 -0.0 -0.0 -0.0 -0.0 -0.0 -0.0 -0.0 -0.0 -0.0 -0.0 -0.0 -0.0 -0.0 -0.0 -0.0 -0.0 -0.0 -0.0 -0.0 -0.0 -0.0 -0.0 -0.0 -0.0 -0.0 -0.0 -0.0 -0.0 -0.0 -0.0 -0.0 -0.0 -0.0 -0.0 -0.0 -0.0 -0.0 -0.0 -0.0 -0.0 -0.0 -0.0 -0.0 -0.0 -0.0 -0.0 -0.0 -0.0 -0.0 -0.0 -0.0 -0.0 -0.0 -0.0 -0.0 -0.0 -0.0 -0.0 -0.0 -0.0 -0.0 -0.0 -0.0 -0.0 -0.0 -0.0 -0.0 -0.0 -0.0 -0.0 -0.0 -0.0 -0.0 -0.0 -0.0 -0.0 -0.0 -0.0 -0.0 
-0.0 -0.0 -0.0 -0.0 -0.0 -0.0 -0.0 -0.0 -0.0 -0.0 -0.0 -0.0 -0.0 -0.0 -0.0 -0.0 -0.0 -0.0 -0.0 -0.0 -0.0 -0.0 -0.0 -0.0 -0.0 -0.0 -0.0 -0.0 -0.0 -0.0 -0.0 -0.0 -0.0 -0.0 -0.0 -0.0 -0.0 -0.0 -0.0 -0.0 -0.0 -0.0 -0.0 -0.0 -0.0 -0.0 -0.0 -0.0 -0.0 -0.0 -0.0 -0.0 -0.0 -0.0 -0.0 -0.0 -0.0 -0.0 -0.0 -0.0 -0.0 -0.0 -0.0 -0.0 -0.0 -0.0 -0.0 -0.0 -0.0 -0.0 -0.0 -0.0 -0.0 -0.0 -0.0 -0.0 -0.0 -0.0 -0.0 -0.0 -0.0 -0.0 -0.0 -0.0 -0.0 -0.0 -0.0 -0.0 -0.0 -0.0 -0.0 -0.0 -0.0 -0.0 -0.0 -0.0 -0.0 -0.0 -0.0 -0.0 
-0.0 -0.0 -0.0 -0.0 -0.0 -0.0 -0.0 -0.0 -0.0 -0.0 -0.0 -0.0 -0.0 -0.0 -0.0 -0.0 -0.0 -0.0 -0.0 -0.0 -0.0 -0.0 -0.0 -0.0 -0.0 -0.0 -0.0 -0.0 -0.0 -0.0 -0.0 -0.0 -0.0 -0.0 -0.0 -0.0 -0.0 -0.0 -0.0 -0.0 -0.0 -0.0 -0.0 -0.0 -0.0 -0.0 -0.0 -0.0 -0.0 -0.0 -0.0 -0.0 -0.0 -0.0 -0.0 -0.0 -0.0 -0.0 -0.0 -0.0 -0.0 -0.0 -0.0 -0.0 -0.0 -0.0 -0.0 -0.0 -0.0 -0.0 -0.0 -0.0 -0.0 -0.0 -0.0 -0.0 -0.0 -0.0 -0.0 -0.0 -0.0 -0.0 -0.0 -0.0 -0.0 -0.0 -0.0 -0.0 -0.0 -0.0 -0.0 -0.0 -0.0 -0.0 -0.0 -0.0 -0.0 -0.0 -0.0 -0.0 
-0.0 -0.0 -0.0 -0.0 -0.0 -0.0 -0.0 -0.0 -0.0 -0.0 -0.0 -0.0 -0.0 -0.0 -0.0 -0.0 -0.0 -0.0 -0.0 -0.0 -0.0 -0.0 -0.0 -0.0 -0.0 -0.0 -0.0 -0.0 -0.0 -0.0 -0.0 -0.0 -0.0 -0.0 -0.0 -0.0 -0.0 -0.0 -0.0 -0.0 -0.0 -0.0 -0.0 -0.0 -0.0 -0.0 -0.0 -0.0 -0.0 -0.0 -0.0 -0.0 -0.0 -0.0 -0.0 -0.0 -0.0 -0.0 -0.0 -0.0 -0.0 -0.0 -0.0 -0.0 -0.0 -0.0 -0.0 -0.0 -0.0 -0.0 -0.0 -0.0 -0.0 -0.0 -0.0 -0.0 -0.0 -0.0 -0.0 -0.0 -0.0 -0.0 -0.0 -0.0 -0.0 -0.0 -0.0 -0.0 -0.0 -0.0 -0.0 -0.0 -0.0 -0.0 -0.0 -0.0 -0.0 -0.0 -0.0 -0.0 
-0.0 -0.0 -0.0 -0.0 -0.0 -0.0 -0.0 -0.0 -0.0 -0.0 -0.0 -0.0 -0.0 -0.0 -0.0 -0.0 -0.0 -0.0 -0.0 -0.0 -0.0 -0.0 -0.0 -0.0 -0.0 -0.0 -0.0 -0.0 -0.0 -0.0 -0.0 -0.0 -0.0 -0.0 -0.0 -0.0 -0.0 -0.0 -0.0 -0.0 -0.0 -0.0 -0.0 -0.0 -0.0 -0.0 -0.0 -0.0 -0.0 -0.0 -0.0 -0.0 -0.0 -0.0 -0.0 -0.0 -0.0 -0.0 -0.0 -0.0 -0.0 -0.0 -0.0 -0.0 -0.0 -0.0 -0.0 -0.0 -0.0 -0.0 -0.0 -0.0 -0.0 -0.0 -0.0 -0.0 -0.0 -0.0 -0.0 -0.0 -0.0 -0.0 -0.0 -0.0 -0.0 -0.0 -0.0 -0.0 -0.0 -0.0 -0.0 -0.0 -0.0 -0.0 -0.0 -0.0 -0.0 -0.0 -0.0 -0.0 
-0.0 -0.0 -0.0 -0.0 -0.0 -0.0 -0.0 -0.0 -0.0 -0.0 -0.0 -0.0 -0.0 -0.0 -0.0 -0.0 -0.0 -0.0 -0.0 -0.0 -0.0 -0.0 -0.0 -0.0 -0.0 -0.0 -0.0 -0.0 -0.0 -0.0 -0.0 -0.0 -0.0 -0.0 -0.0 -0.0 -0.0 -0.0 -0.0 -0.0 -0.0 -0.0 -0.0 -0.0 -0.0 -0.0 -0.0 -0.0 -0.0 -0.0 -0.0 -0.0 -0.0 -0.0 -0.0 -0.0 -0.0 -0.0 -0.0 -0.0 -0.0 -0.0 -0.0 -0.0 -0.0 -0.0 -0.0 -0.0 -0.0 -0.0 -0.0 -0.0 -0.0 -0.0 -0.0 -0.0 -0.0 -0.0 -0.0 -0.0 -0.0 -0.0 -0.0 -0.0 -0.0 -0.0 -0.0 -0.0 -0.0 -0.0 -0.0 -0.0 -0.0 -0.0 -0.0 -0.0 -0.0 -0.0 -0.0 -0.0 
-0.0 -0.0 -0.0 -0.0 -0.0 -0.0 -0.0 -0.0 -0.0 -0.0 -0.0 -0.0 -0.0 -0.0 -0.0 -0.0 -0.0 -0.0 -0.0 -0.0 -0.0 -0.0 -0.0 -0.0 -0.0 -0.0 -0.0 -0.0 -0.0 -0.0 -0.0 -0.0 -0.0 -0.0 -0.0 -0.0 -0.0 -0.0 -0.0 -0.0 -0.0 -0.0 -0.0 -0.0 -0.0 -0.0 -0.0 -0.0 -0.0 -0.0 -0.0 -0.0 -0.0 -0.0 -0.0 -0.0 -0.0 -0.0 -0.0 -0.0 -0.0 -0.0 -0.0 -0.0 -0.0 -0.0 -0.0 -0.0 -0.0 -0.0 -0.0 -0.0 -0.0 -0.0 -0.0 -0.0 -0.0 -0.0 -0.0 -0.0 -0.0 -0.0 -0.0 -0.0 -0.0 -0.0 -0.0 -0.0 -0.0 -0.0 -0.0 -0.0 -0.0 -0.0 -0.0 -0.0 -0.0 -0.0 -0.0 -0.0 
-0.0 -0.0 -0.0 -0.0 -0.0 -0.0 -0.0 -0.0 -0.0 -0.0 -0.0 -0.0 -0.0 -0.0 -0.0 -0.0 -0.0 -0.0 -0.0 -0.0 -0.0 -0.0 -0.0 -0.0 -0.0 -0.0 -0.0 -0.0 -0.0 -0.0 -0.0 -0.0 -0.0 -0.0 -0.0 -0.0 -0.0 -0.0 -0.0 -0.0 -0.0 -0.0 -0.0 -0.0 -0.0 -0.0 -0.0 -0.0 -0.0 -0.0 -0.0 -0.0 -0.0 -0.0 -0.0 -0.0 -0.0 -0.0 -0.0 -0.0 -0.0 -0.0 -0.0 -0.0 -0.0 -0.0 -0.0 -0.0 -0.0 -0.0 -0.0 -0.0 -0.0 -0.0 -0.0 -0.0 -0.0 -0.0 -0.0 -0.0 -0.0 -0.0 -0.0 -0.0 -0.0 -0.0 -0.0 -0.0 -0.0 -0.0 -0.0 -0.0 -0.0 -0.0 -0.0 -0.0 -0.0 -0.0 -0.0 -0.0 
-0.0 -0.0 -0.0 -0.0 -0.0 -0.0 -0.0 -0.0 -0.0 -0.0 -0.0 -0.0 -0.0 -0.0 -0.0 -0.0 -0.0 -0.0 -0.0 -0.0 -0.0 -0.0 -0.0 -0.0 -0.0 -0.0 -0.0 -0.0 -0.0 -0.0 -0.0 -0.0 -0.0 -0.0 -0.0 -0.0 -0.0 -0.0 -0.0 -0.0 -0.0 -0.0 -0.0 -0.0 -0.0 -0.0 -0.0 -0.0 -0.0 -0.0 -0.0 -0.0 -0.0 -0.0 -0.0 -0.0 -0.0 -0.0 -0.0 -0.0 -0.0 -0.0 -0.0 -0.0 -0.0 -0.0 -0.0 -0.0 -0.0 -0.0 -0.0 -0.0 -0.0 -0.0 -0.0 -0.0 -0.0 -0.0 -0.0 -0.0 -0.0 -0.0 -0.0 -0.0 -0.0 -0.0 -0.0 -0.0 -0.0 -0.0 -0.0 -0.0 -0.0 -0.0 -0.0 -0.0 -0.0 -0.0 -0.0 -0.0 
-0.0 -0.0 -0.0 -0.0 -0.0 -0.0 -0.0 -0.0 -0.0 -0.0 -0.0 -0.0 -0.0 -0.0 -0.0 -0.0 -0.0 -0.0 -0.0 -0.0 -0.0 -0.0 -0.0 -0.0 -0.0 -0.0 -0.0 -0.0 -0.0 -0.0 -0.0 -0.0 -0.0 -0.0 -0.0 -0.0 -0.0 -0.0 -0.0 -0.0 -0.0 -0.0 -0.0 -0.0 -0.0 -0.0 -0.0 -0.0 -0.0 -0.0 -0.0 -0.0 -0.0 -0.0 -0.0 -0.0 -0.0 -0.0 -0.0 -0.0 -0.0 -0.0 -0.0 -0.0 -0.0 -0.0 -0.0 -0.0 -0.0 -0.0 -0.0 -0.0 -0.0 -0.0 -0.0 -0.0 -0.0 -0.0 -0.0 -0.0 -0.0 -0.0 -0.0 -0.0 -0.0 -0.0 -0.0 -0.0 -0.0 -0.0 -0.0 -0.0 -0.0 -0.0 -0.0 -0.0 -0.0 -0.0 -0.0 -0.0 
-0.0 -0.0 -0.0 -0.0 -0.0 -0.0 -0.0 -0.0 -0.0 -0.0 -0.0 -0.0 -0.0 -0.0 -0.0 -0.0 -0.0 -0.0 -0.0 -0.0 -0.0 -0.0 -0.0 -0.0 -0.0 -0.0 -0.0 -0.0 -0.0 -0.0 -0.0 -0.0 -0.0 -0.0 -0.0 -0.0 -0.0 -0.0 -0.0 -0.0 -0.0 -0.0 -0.0 -0.0 -0.0 -0.0 -0.0 -0.0 -0.0 -0.0 -0.0 -0.0 -0.0 -0.0 -0.0 -0.0 -0.0 -0.0 -0.0 -0.0 -0.0 -0.0 -0.0 -0.0 -0.0 -0.0 -0.0 -0.0 -0.0 -0.0 -0.0 -0.0 -0.0 -0.0 -0.0 -0.0 -0.0 -0.0 -0.0 -0.0 -0.0 -0.0 -0.0 -0.0 -0.0 -0.0 -0.0 -0.0 -0.0 -0.0 -0.0 -0.0 -0.0 -0.0 -0.0 -0.0 -0.0 -0.0 -0.0 -0.0 
-0.0 -0.0 -0.0 -0.0 -0.0 -0.0 -0.0 -0.0 -0.0 -0.0 -0.0 -0.0 -0.0 -0.0 -0.0 -0.0 -0.0 -0.0 -0.0 -0.0 -0.0 -0.0 -0.0 -0.0 -0.0 -0.0 -0.0 -0.0 -0.0 -0.0 -0.0 -0.0 -0.0 -0.0 -0.0 -0.0 -0.0 -0.0 -0.0 -0.0 -0.0 -0.0 -0.0 -0.0 -0.0 -0.0 -0.0 -0.0 -0.0 -0.0 -0.0 -0.0 -0.0 -0.0 -0.0 -0.0 -0.0 -0.0 -0.0 -0.0 -0.0 -0.0 -0.0 -0.0 -0.0 -0.0 -0.0 -0.0 -0.0 -0.0 -0.0 -0.0 -0.0 -0.0 -0.0 -0.0 -0.0 -0.0 -0.0 -0.0 -0.0 -0.0 -0.0 -0.0 -0.0 -0.0 -0.0 -0.0 -0.0 -0.0 -0.0 -0.0 -0.0 -0.0 -0.0 -0.0 -0.0 -0.0 -0.0 -0.0 
-0.0 -0.0 -0.0 -0.0 -0.0 -0.0 -0.0 -0.0 -0.0 -0.0 -0.0 -0.0 -0.0 -0.0 -0.0 -0.0 -0.0 -0.0 -0.0 -0.0 -0.0 -0.0 -0.0 -0.0 -0.0 -0.0 -0.0 -0.0 -0.0 -0.0 -0.0 -0.0 -0.0 -0.0 -0.0 -0.0 -0.0 -0.0 -0.0 -0.0 -0.0 -0.0 -0.0 -0.0 -0.0 -0.0 -0.0 -0.0 -0.0 -0.0 -0.0 -0.0 -0.0 -0.0 -0.0 -0.0 -0.0 -0.0 -0.0 -0.0 -0.0 -0.0 -0.0 -0.0 -0.0 -0.0 -0.0 -0.0 -0.0 -0.0 -0.0 -0.0 -0.0 -0.0 -0.0 -0.0 -0.0 -0.0 -0.0 -0.0 -0.0 -0.0 -0.0 -0.0 -0.0 -0.0 -0.0 -0.0 -0.0 -0.0 -0.0 -0.0 -0.0 -0.0 -0.0 -0.0 -0.0 -0.0 -0.0 -0.0 
-0.0 -0.0 -0.0 -0.0 -0.0 -0.0 -0.0 -0.0 -0.0 -0.0 -0.0 -0.0 -0.0 -0.0 -0.0 -0.0 -0.0 -0.0 -0.0 -0.0 -0.0 -0.0 -0.0 -0.0 -0.0 -0.0 -0.0 -0.0 -0.0 -0.0 -0.0 -0.0 -0.0 -0.0 -0.0 -0.0 -0.0 -0.0 -0.0 -0.0 -0.0 -0.0 -0.0 -0.0 -0.0 -0.0 -0.0 -0.0 -0.0 -0.0 -0.0 -0.0 -0.0 -0.035695229995522694 -0.0 -0.0 -0.0 -0.0 -0.0 -0.0 -0.0 -0.0 -0.1502366477746996 -0.22461641378645578 -0.007720264739025807 -0.0 -0.0 -0.0 -0.0 -0.0 -0.0 -0.0 -0.0 -0.0 -0.0 -0.0 -0.0 -0.0 -0.0 -0.0 -0.0 -0.0 -0.0 -0.0 -0.0 -0.0 -0.0 -0.0 -0.0 -0.0 -0.0 -0.0 -0.0 -0.0 -0.0 -0.0 -0.0 -0.0 -0.0 -0.0 
-0.0 -0.0 -0.0 -0.0 -0.0 -0.0 -0.0 -0.0 -0.0 -0.0 -0.0 -0.0 -0.0 -0.0 -0.0 -0.0 -0.0 -0.0 -0.0 -0.0 -0.0 -0.0 -0.0 -0.0 -0.0 -0.0 -0.0 -0.0 -0.0 -0.0 -0.0 -0.0 -0.0 -0.0 -0.0 -0.0 -0.0 -0.0 -0.0 -0.0 -0.0 -0.0 -0.0 -0.0 -0.0 -0.0 -0.0 -0.0 -0.0 -0.0 -0.0 -0.0 -0.0 -0.1048262569904201 -0.16800301196899617 -0.0 -0.0 -0.0 -0.0 -0.0 -0.0 -0.0 -0.3778120927017197 -0.4376961436353207 -0.17113169146498683 -0.0 -0.0 -0.0 -0.0 -0.0 -0.0 -0.0 -0.0 -0.0 -0.0 -0.0 -0.0 -0.0 -0.0 -0.0 -0.0 -0.0 -0.0 -0.0 -0.0 -0.0 -0.0 -0.0 -0.0 -0.0 -0.0 -0.0 -0.0 -0.0 -0.0 -0.0 -0.0 -0.0 -0.0 -0.0 
-0.0 -0.0 -0.0 -0.0 -0.0 -0.0 -0.0 -0.0 -0.0 -0.0 -0.0 -0.0 -0.0 -0.0 -0.0 -0.0 -0.0 -0.0 -0.0 -0.0 -0.0 -0.0 -0.0 -0.0 -0.0 -0.0 -0.0 -0.0 -0.0 -0.0 -0.0 -0.0 -0.0 -0.0 -0.0 -0.0 -0.0 -0.0 -0.0 -0.0 -0.0 -0.0 -0.0 -0.0 -0.0 -0.0 -0.0 -0.0 -0.0 -0.0 -0.0 -0.0 -0.0 -0.010916777856101874 -0.1831929064641628 -0.0 -0.0 -0.0 -0.0 -0.0 -0.0 -0.03538114936098614 -0.36723344467660884 -0.33304227654316637 -0.0 -0.0 -0.0 -0.0 -0.0 -0.0 -0.0 -0.0 -0.0 -0.0 -0.0 -0.0 -0.0 -0.0 -0.0 -0.0 -0.0 -0.0 -0.0 -0.0 -0.0 -0.0 -0.0 -0.0 -0.0 -0.0 -0.0 -0.0 -0.0 -0.0 -0.0 -0.0 -0.0 -0.0 -0.0 -0.0 
-0.0 -0.0 -0.0 -0.0 -0.0 -0.0 -0.0 -0.0 -0.0 -0.0 -0.0 -0.0 -0.0 -0.0 -0.0 -0.0 -0.0 -0.0 -0.0 -0.0 -0.0 -0.0 -0.0 -0.0 -0.0 -0.0 -0.0 -0.0 -0.0 -0.0 -0.0 -0.0 -0.0 -0.0 -0.0 -0.0 -0.0 -0.0 -0.0 -0.0 -0.0 -0.0 -0.0 -0.0 -0.0 -0.0 -0.0 -0.0 -0.0 -0.0 -0.0 -0.0 -0.0 -0.0 -0.021090558981884566 -0.0 -0.0 -0.0 -0.0 -0.0 -0.0 -0.006256238402026819 -0.12833891899392802 -0.0 -0.0 -0.0 -0.0 -0.0 -0.0 -0.0 -0.0 -0.0 -0.0 -0.0 -0.0 -0.0 -0.0 -0.0 -0.0 -0.0 -0.0 -0.0 -0.0 -0.0 -0.0 -0.0 -0.0 -0.0 -0.0 -0.0 -0.0 -0.0 -0.0 -0.0 -0.0 -0.0 -0.0 -0.0 -0.0 -0.0 
-0.0 -0.0 -0.0 -0.0 -0.0 -0.0 -0.0 -0.0 -0.0 -0.0 -0.0 -0.0 -0.0 -0.0 -0.0 -0.0 -0.0 -0.0 -0.0 -0.0 -0.0 -0.0 -0.0 -0.0 -0.0 -0.0 -0.0 -0.0 -0.07088109031854498 -0.02608854380800233 -0.0 -0.0 -0.0 -0.0 -0.0 -0.0 -0.0 -0.0 -0.0 -0.0 -0.0 -0.0 -0.0 -0.0 -0.0 -0.0 -0.0 -0.0 -0.0 -0.0 -0.0 -0.0 -0.0 -0.0 -0.0 -0.0 -0.0 -0.0 -0.0 -0.0 -0.0 -0.0 -0.0 -0.0 -0.0 -0.0 -0.0 -0.0 -0.0 -0.0 -0.0 -0.0 -0.0 -0.0 -0.0 -0.0 -0.0 -0.0 -0.0 -0.0 -0.0 -0.0 -0.0 -0.0 -0.0 -0.0 -0.0 -0.0 -0.0 -0.0 -0.0 -0.0 -0.0 -0.0 -0.0 -0.0 -0.0 -0.0 -0.0 -0.0 
-0.0 -0.0 -0.0 -0.0 -0.0 -0.0 -0.0 -0.0 -0.0 -0.0 -0.0 -0.0 -0.0 -0.0 -0.0 -0.0 -0.0 -0.0 -0.0 -0.0 -0.0 -0.0 -0.0 -0.0 -0.0 -0.0 -0.0 -0.0 -0.0 -0.0 -0.0 -0.0 -0.0 -0.0 -0.0 -0.0 -0.0 -0.0 -0.0 -0.0 -0.0 -0.0 -0.0 -0.0 -0.0 -0.0 -0.0 -0.0 -0.0 -0.0 -0.0 -0.0 -0.0 -0.0 -0.0 -0.0 -0.0 -0.0 -0.0 -0.0 -0.0 -0.0 -0.0 -0.0 -0.0 -0.0 -0.0 -0.0 -0.0 -0.0 -0.0 -0.0 -0.0 -0.0 -0.0 -0.0 -0.0 -0.0 -0.0 -0.0 -0.0 -0.0 -0.0 -0.0 -0.0 -0.0 -0.0 -0.0 -0.0 -0.0 -0.0 -0.0 -0.0 -0.0 -0.0 -0.0 -0.0 -0.0 -0.0 -0.0 
-0.0 -0.0 -0.0 -0.0 -0.0 -0.0 -0.0 -0.0 -0.0 -0.0 -0.0 -0.0 -0.0 -0.0 -0.0 -0.0 -0.0 -0.0 -0.0 -0.0 -0.0 -0.0 -0.0 -0.0 -0.0 -0.0 -0.0 -0.0 -0.0 -0.0 -0.0 -0.0 -0.0 -0.0 -0.0 -0.0 -0.0 -0.0 -0.0 -0.0 -0.0 -0.0 -0.0 -0.0 -0.0 -0.0 -0.0 -0.0 -0.0 -0.0 -0.0 -0.0 -0.0 -0.0 -0.0 -0.0 -0.0 -0.0 -0.0 -0.0 -0.0 -0.0 -0.10162482511763524 -0.20128780410463326 -0.20045326338191094 -0.0889418767927449 -0.0 -0.0 -0.0 -0.0 -0.0 -0.0 -0.0 -0.0 -0.0 -0.0 -0.0 -0.0 -0.0 -0.0 -0.0 -0.0 -0.0 -0.0 -0.0 -0.0 -0.0 -0.0 -0.0 -0.0 -0.0 -0.0 -0.0 -0.0 -0.0 -0.0 -0.0 -0.0 -0.0 -0.0 
-0.0 -0.0 -0.0 -0.0 -0.0 -0.0 -0.0 -0.0 -0.0 -0.0 -0.0 -0.0 -0.0 -0.0 -0.0 -0.0 -0.0 -0.0 -0.0 -0.0 -0.0 -0.0 -0.0 -0.0 -0.0 -0.0 -0.0 -0.0 -0.0 -0.0 -0.0 -0.0 -0.20140232784674542 -0.38816557693838455 -0.48872923390088063 -0.488195885481425 -0.38369339855151446 -0.19629520483884508 -0.0 -0.0 -0.0 -0.16679669924945306 -0.3223381841722635 -0.3963315147505915 -0.3769630924695695 -0.27636038548451497 -0.11849469880003569 -0.0 -0.0 -0.0 -0.0 -0.0 -0.0 -0.0 -0.0 -0.0 -0.0 -0.0 -0.0 -0.0 -0.0 -0.2707864220890481 -0.5897545662355358 -0.7528829920407936 -0.7669375155169598 -0.6416803003458612 -0.39429044925736717 -0.06612331000332361 -0.0 -0.0 -0.0 -0.0 -0.0 -0.0 -0.0 -0.0 -0.0 -0.0 -0.0 -0.0 -0.0 -0.0 -0.0 -0.0 -0.0 -0.0 -0.0 -0.0 -0.0 -0.0 -0.0 -0.0 -0.0 -0.0 -0.0 -0.0 -0.0 -0.0 -0.0 -0.0 
-0.0 -0.0 -0.0 -0.0 -0.0 -0.0 -0.0 -0.0 -0.0 -0.0 -0.0 -0.0 -0.0 -0.0 -0.0 -0.0 -0.0 -0.0 -0.0 -0.0 -0.0 -0.024982738392218838 -0.07036142393228244 -0.0 -0.0 -0.0 -0.0 -0.0 -0.0 -0.0 -0.0 -0.30140069101244626 -0.6315185460051219 -0.8448011589877676 -0.936647153404141 -0.9044284794442028 -0.7519495440103876 -0.5044138713218297 -0.2436251101017907 -0.12271721160593348 -0.2217102904283316 -0.4268351163273598 -0.6012153819500344 -0.6865525980382137 -0.6725683988839997 -0.564259251316523 -0.3638915288935604 -0.05448687865796034 -0.0 -0.0 -0.0 -0.0 -0.0 -0.0 -0.0 -0.0 -0.0 -0.0 -0.0 -0.0 -0.0 -0.572117920714492 -0.895325987105358 -1.0224302452486203 -0.9806657775338437 -0.788068786621014 -0.4722610288590385 -0.10119397368408908 -0.0 -0.0 -0.0 -0.0 -0.0 -0.0 -0.0 -0.0 -0.0 -0.0 -0.0 -0.0 -0.0 -0.0 -0.0 -0.0 -0.0 -0.0 -0.0 -0.0 -0.0 -0.0 -0.0 -0.0 -0.0 -0.0 -0.0 -0.0 -0.0 -0.0 -0.0 -0.0 
-0.0 -0.0 -0.0 -0.0 -0.0 -0.0 -0.0 -0.0 -0.0 -0.0 -0.0 -0.0 -0.0 -0.0 -0.009337724854879464 -0.0 -0.0 -0.0 -0.0 -0.0 -0.05395930136756318 -0.20683224174518056 -0.1963187245243174 -0.039299911471422845 -0.0 -0.0 -0.0 -0.0 -0.0 -0.0 -0.14022179720099331 -0.496368531283331 -0.7877561447739647 -0.9820896743320838 -1.0649058531095712 -1.0333227748530094 -0.8964408342438719 -0.6860695850648153 -0.4755067379030006 -0.36859739224164867 -0.4077786086130985 -0.5243103667179827 -0.6305390885252052 -0.6836366081887583 -0.6745563388574307 -0.6021099979999952 -0.45166126913385646 -0.17538567111268483 -0.0 -0.0 -0.0 -0.0 -0.0 -0.0 -0.0 -0.0 -0.0 -0.0 -0.0 -0.0 -0.18631169662921468 -0.7263504964642002 -0.9851652810807094 -1.0338279030231499 -0.8989539610562518 -0.5969964549607878 -0.16893348246066778 -0.0 -0.0 -0.0 -0.0 -0.0 -0.0 -0.0 -0.0 -0.0 -0.0 -0.0 -0.0 -0.0 -0.0 -0.0 -0.0 -0.0 -0.0 -0.0 -0.0 -0.0 -0.0 -0.0 -0.0 -0.0 -0.0 -0.0 -0.0 -0.0 -0.0 -0.0 -0.0 -0.0 
-0.0 -0.0 -0.0 -0.0 -0.0 -0.0 -0.0 -0.0 -0.0 -0.0 -0.0 -0.0 -0.0 -0.0 -0.0 -0.0 -0.0 -0.0 -0.0 -0.008182814663278623 -0.16039828978512893 -0.18426264063946088 -0.08373425939070935 -0.0 -0.0 -0.0 -0.0 -0.04381024617126013 -0.16053834120730082 -0.26120908278479743 -0.3827176982608605 -0.538996235497237 -0.7028940856616226 -0.8318134165983451 -0.8961118272605688 -0.8875936359507345 -0.8185304532664363 -0.7184319326943428 -0.623296986859881 -0.55401782517074 -0.5030082572011496 -0.44987460414937147 -0.38978292263591735 -0.3444523830822547 -0.3399359509238891 -0.36486199612650855 -0.35979444192799326 -0.24181847671818102 -0.0 -0.0 -0.0 -0.0 -0.0 -0.0 -0.0 -0.0 -0.0 -0.0 -0.0 -0.0 -0.2581930214525293 -0.7060253334249598 -0.8683441893050886 -0.8027263803204355 -0.5164908563128917 -0.0 -0.0 -0.0 -0.0 -0.0 -0.0 -0.0 -0.0 -0.0 -0.0 -0.0 -0.0 -0.0 -0.0 -0.0 -0.0 -0.0 -0.0 -0.0 -0.0 -0.0 -0.0 -0.0 -0.0 -0.0 -0.0 -0.0 -0.0 -0.0 -0.0 -0.0 -0.0 -0.0 -0.0 -0.0 
-0.0 -0.0 -0.0 -0.0 -0.0 -0.0 -0.0 -0.0 -0.0 -0.0 -0.0 -0.0 -0.0 -0.0 -0.0 -0.0 -0.0 -0.0 -0.0 -0.08519169003350131 -0.09518374262687314 -0.0 -0.0 -0.0 -0.0 -0.0 -0.2206488663279159 -0.44753843970676566 -0.5619254110684563 -0.5794586407594944 -0.530084404991758 -0.4507525155237953 -0.37780660038642827 -0.33830043057875375 -0.34682105103967004 -0.4060739056938745 -0.502790976386342 -0.6045496101752789 -0.667730409967735 -0.6495661378770744 -0.5138553184923651 -0.23407252337550827 -0.0 -0.0 -0.0 -0.0 -0.09351224980119899 -0.24247341080103357 -0.16903563153153095 -0.0 -0.0 -0.0 -0.0 -0.0 -0.0 -0.0 -0.0 -0.0 -0.0 -0.0 -0.1764026970800462 -0.5231622551576443 -0.57919285695857 -0.36720557213506644 -0.0 -0.0 -0.0 -0.0 -0.0 -0.0 -0.0 -0.0 -0.0 -0.0 -0.0 -0.0 -0.0 -0.0 -0.0 -0.0 -0.0 -0.0 -0.0 -0.0 -0.0 -0.0 -0.0 -0.0 -0.0 -0.0 -0.0 -0.0 -0.0 -0.0 -0.0 -0.0 -0.0 -0.0 -0.0 -0.0 
-0.0 -0.0 -0.0 -0.0 -0.0 -0.0 -0.0 -0.0 -0.0 -0.0 -0.0 -0.0 -0.0 -0.0 -0.0 -0.0 -0.0 -0.0 -0.0 -0.0 -0.0 -0.0 -0.0 -0.0 -0.0 -0.0 -0.29885300203289933 -0.5777057091085173 -0.7074786954027482 -0.7000244384032965 -0.5576914995450662 -0.2707578090518712 -0.0 -0.0 -0.0 -0.0 -0.0 -0.3752262615797732 -0.619878102966798 -0.6617578479063848 -0.47921599048875446 -0.0 -0.0 -0.0 -0.0 -0.0 -0.0 -0.22993477126770642 -0.3788125348955446 -0.31621426346431125 -0.11082158994538507 -0.0 -0.0 -0.0 -0.0 -0.0 -0.0 -0.0 -0.0 -0.0 -0.0 -0.256745720693429 -0.2542125106982166 -0.0 -0.0 -0.0 -0.0 -0.0 -0.0 -0.0 -0.0 -0.0 -0.0 -0.0 -0.0 -0.05244835923051576 -0.07888392359729843 -0.0 -0.0 -0.0 -0.0 -0.0 -0.0 -0.0 -0.0 -0.0 -0.0 -0.0 -0.0 -0.0 -0.0 -0.0 -0.0 -0.0 -0.0 -0.0 -0.0 -0.0 -0.0 -0.0 
-0.0 -0.0 -0.0 -0.0 -0.0 -0.0 -0.0 -0.0 -0.0 -0.0 -0.0 -0.0 -0.0 -0.0 -0.0 -0.0 -0.0 -0.0 -0.0 -0.0 -0.0 -0.0 -0.0 -0.0 -0.0 -0.0 -0.14892734619426823 -0.4577564058182799 -0.6111781803738213 -0.614621960489823 -0.45265479789877977 -0.06958537553362719 -0.0 -0.0 -0.0 -0.0 -0.0 -0.12410298169392199 -0.5142910327625058 -0.615657760278612 -0.45077217375436823 -0.0 -0.0 -0.0 -0.0 -0.0 -0.0 -0.30293698065624214 -0.5475588537634224 -0.596331000464731 -0.5360368106060472 -0.4466162479980089 -0.3898940731188273 -0.3671255509232715 -0.3219559357856647 -0.19202371772191437 -0.0 -0.0 -0.0 -0.0 -0.0 -0.11532698079245222 -0.18809206806934842 -0.08124676785467694 -0.0 -0.0 -0.0 -0.0 -0.0 -0.0 -0.0 -0.0 -0.0 -0.0 -0.0 -0.13571226416526705 -0.1481795467664698 -0.0 -0.0 -0.0 -0.0 -0.0 -0.0 -0.0 -0.0 -0.0 -0.0 -0.0 -0.0 -0.0 -0.0 -0.0 -0.0 -0.0 -0.0 -0.0 -0.0 -0.0 -0.0 -0.0 
-0.0 -0.0 -0.0 -0.0 -0.0 -0.0 -0.0 -0.0 -0.0 -0.0 -0.0 -0.0 -0.0 -0.0 -0.0 -0.0 -0.0 -0.0 -0.0 -0.0 -0.0 -0.0 -0.0 -0.0 -0.0 -0.0 -0.0 -0.05958105771984096 -0.24126781804784556 -0.29558575186670094 -0.20613266405434905 -0.0 -0.0 -0.0 -0.0 -0.0 -0.0 -0.012094298621450911 -0.4020683114940137 -0.5416671962440336 -0.45442148125095144 -0.11355017862381413 -0.0 -0.0 -0.0 -0.0 -0.058983354989739376 -0.498676881243671 -0.7059898277271459 -0.754998286866306 -0.7082173071681478 -0.6368105000369797 -0.6057563261049896 -0.6281506602017657 -0.6561883738332991 -0.6286507500527844 -0.5084397015528866 -0.2974928238640838 -0.06213072331045558 -0.0 -0.047685768722318285 -0.2560000400660141 -0.4284937418398416 -0.49864194984168003 -0.45492945402944535 -0.314301243236005 -0.11706890223927498 -0.0 -0.0 -0.0 -0.0 -0.0 -0.0 -0.0 -0.0 -0.0 -0.0 -0.0 -0.0 -0.0 -0.0 -0.0 -0.0 -0.0 -0.0 -0.0 -0.0 -0.0 -0.0 -0.0 -0.0 -0.0 -0.0 -0.0 -0.0 -0.0 -0.0 -0.0 -0.0 -0.0 
-0.0 -0.0 -0.0 -0.0 -0.0 -0.0 -0.0 -0.0 -0.0 -0.0 -0.0 -0.0 -0.0 -0.0 -0.0 -0.0 -0.0 -0.0 -0.0 -0.0 -0.0 -0.0 -0.0 -0.0 -0.0 -0.0 -0.0 -0.0 -0.0 -0.0 -0.0 -0.0 -0.0 -0.0 -0.0 -0.0 -0.0 -0.09239374013866103 -0.3218295972061569 -0.4571950614549018 -0.46226646030555796 -0.3263548010638743 -0.07323181375984313 -0.0 -0.0 -0.11729419553087597 -0.47272960017938814 -0.7303182679093582 -0.8512611554365447 -0.8417882947192846 -0.7314677823108245 -0.5814295474616142 -0.48353820556191096 -0.49766434370571644 -0.5832607741278655 -0.6516267641711002 -0.6442004752826189 -0.55003573171598 -0.4081116579055801 -0.31100666445815267 -0.3493323166458832 -0.5043872526868418 -0.6757604734090802 -0.7867584370161781 -0.8077469140930815 -0.738359542827192 -0.5953141034015418 -0.40686924917216505 -0.2041232247837535 -0.005442486267630313 -0.0 -0.0 -0.0 -0.0 -0.0 -0.0 -0.0 -0.0 -0.0 -0.0 -0.0 -0.0 -0.0 -0.0 -0.0 -0.0 -0.0 -0.0 -0.0 -0.0 -0.0 -0.0 -0.0 -0.0 -0.0 -0.0 -0.0 -0.0 -0.0 -0.0 
-0.0 -0.0 -0.0 -0.0 -0.0 -0.0 -0.0 -0.0 -0.0 -0.0 -0.0 -0.0 -0.0 -0.0 -0.0 -0.0 -0.0 -0.0 -0.0 -0.0 -0.0 -0.0 -0.0 -0.0 -0.0 -0.0 -0.0 -0.0 -0.0 -0.0 -0.0 -0.0 -0.23570547405336761 -0.396983416906839 -0.4232855617960652 -0.35642542150707457 -0.26072422479593255 -0.21618360816463322 -0.2609156882016332 -0.3511215464230565 -0.41395446315567247 -0.408235462078612 -0.3436147793115456 -0.2870037508440083 -0.3339452811547676 -0.5070589250460473 -0.7222559242995876 -0.8847961096804071 -0.9416014207866769 -0.8702342766578238 -0.6660209268229792 -0.35122002865895824 -0.02112706461975541 -0.0 -0.0004298130568131389 -0.2307239053593174 -0.4108923772419438 -0.5006244150797885 -0.5215614748341012 -0.5237757512004767 -0.5582893230278043 -0.6415745013708434 -0.7463771444905266 -0.8311072844527857 -0.866267260946459 -0.8387873284568609 -0.7460697193132236 -0.5892334074648872 -0.3680091620184795 -0.07870555174242924 -0.0 -0.0 -0.0 -0.0 -0.0 -0.0 -0.0 -0.0 -0.0 -0.0 -0.0 -0.0 -0.0 -0.0 -0.0 -0.0 -0.0 -0.0 -0.0 -0.0 -0.0 -0.0 -0.0 -0.0 -0.0 -0.0 -0.0 -0.0 -0.0 -0.0 
-0.0 -0.0 -0.0 -0.0 -0.0 -0.0 -0.0 -0.0 -0.0 -0.0 -0.0 -0.0 -0.0 -0.0 -0.0 -0.0 -0.0 -0.0 -0.0 -0.0 -0.0 -0.0 -0.0 -0.0 -0.0 -0.0 -0.0 -0.0 -0.0 -0.0 -0.0 -0.0 -0.30756574351437616 -0.5374219101937462 -0.5970454015724291 -0.5275799919185071 -0.3789552075004337 -0.22824421024023026 -0.158562115500758 -0.186935863578195 -0.2519213411636411 -0.2925412143751686 -0.29971583769827903 -0.31703993858240404 -0.4039664864976898 -0.5689451508386082 -0.7535926215131256 -0.8868844053525261 -0.9191862688453784 -0.8166910893229631 -0.5436842461962592 -0.0369842813139859 -0.0 -0.0 -0.0 -0.0 -0.0 -0.11043270648205383 -0.3780547375435126 -0.5083355113980245 -0.5560455523408891 -0.5658933588923531 -0.5754106293575098 -0.6052111986890127 -0.6491892284654324 -0.6786638554732437 -0.6562726549646053 -0.5450376485794827 -0.30772527671390315 -0.0 -0.0 -0.0 -0.0 -0.0 -0.0 -0.0 -0.0 -0.0 -0.0 -0.0 -0.0 -0.0 -0.0 -0.0 -0.0 -0.0 -0.0 -0.0 -0.0 -0.0 -0.0 -0.0 -0.0 -0.0 -0.0 -0.0 -0.0 -0.0 -0.0 -0.0 
-0.0 -0.0 -0.0 -0.0 -0.0 -0.0 -0.0 -0.0 -0.0 -0.0 -0.0 -0.0 -0.0 -0.0 -0.0 -0.0 -0.0 -0.0 -0.0 -0.0 -0.0 -0.0 -0.0 -0.0 -0.0 -0.0 -0.0 -0.0 -0.0 -0.0 -0.0 -0.0 -0.09884656739431937 -0.32387180066316446 -0.38662846168360415 -0.3262049831182229 -0.18847580105058723 -0.0379505615239136 -0.0 -0.0 -0.0 -0.0 -0.0 -0.0 -0.13396113331985982 -0.33497144099157194 -0.5371963794420862 -0.6790628297299564 -0.719914915206872 -0.6279196601437287 -0.3573058565672634 -0.0 -0.0 -0.0 -0.0 -0.0 -0.0 -0.0 -0.0 -0.18009486039868638 -0.2609999926238978 -0.20937600402933032 -0.11209174860631953 -0.07322172920479732 -0.14576466634014257 -0.2698769278269794 -0.34089668447213733 -0.27693514479019404 -0.007625796695676766 -0.0 -0.0 -0.0 -0.0 -0.0 -0.0 -0.0 -0.0 -0.0 -0.0 -0.0 -0.0 -0.0 -0.0 -0.0 -0.0 -0.0 -0.0 -0.0 -0.0 -0.0 -0.0 -0.0 -0.0 -0.0 -0.0 -0.0 -0.0 -0.0 -0.0 -0.0 
-0.0 -0.0 -0.0 -0.0 -0.0 -0.0 -0.0 -0.0 -0.0 -0.0 -0.0 -0.0 -0.0 -0.0 -0.0 -0.0 -0.0 -0.0 -0.0 -0.0 -0.0 -0.0 -0.0 -0.0 -0.0 -0.0 -0.0 -0.0 -0.0 -0.0 -0.0 -0.0 -0.0 -0.0 -0.0 -0.0 -0.0 -0.0 -0.0 -0.0 -0.0 -0.0 -0.0 -0.0 -0.0 -0.0 -0.008819163541784619 -0.17558203805256625 -0.24925147034687462 -0.2171404489944329 -0.05686711381460379 -0.0 -0.0 -0.0 -0.0 -0.0 -0.0 -0.0 -0.0 -0.0 -0.0 -0.0 -0.0 -0.0 -0.0 -0.0 -0.0 -0.0 -0.0 -0.0 -0.0 -0.0 -0.0 -0.0 -0.0 -0.0 -0.0 -0.0 -0.0 -0.0 -0.0 -0.0 -0.0 -0.0 -0.0 -0.0 -0.0 -0.0 -0.0 -0.0 -0.0 -0.0 -0.0 -0.0 -0.0 -0.0 -0.0 -0.0 -0.0 -0.0 
-0.0 -0.0 -0.0 -0.0 -0.0 -0.0 -0.0 -0.0 -0.0 -0.0 -0.0 -0.0 -0.0 -0.0 -0.0 -0.0 -0.0 -0.0 -0.0 -0.0 -0.0 -0.0 -0.0 -0.0 -0.0 -0.0 -0.0 -0.0 -0.0 -0.0 -0.0 -0.0 -0.0 -0.0 -0.0 -0.0 -0.0 -0.0 -0.0 -0.0 -0.0 -0.0 -0.0 -0.0 -0.0 -0.0 -0.0 -0.0 -0.0 -0.0 -0.0 -0.0 -0.0 -0.0 -0.0 -0.0 -0.0 -0.0 -0.0 -0.0 -0.0 -0.0 -0.0 -0.0 -0.0 -0.0 -0.0 -0.0 -0.0 -0.0 -0.0 -0.0 -0.0 -0.0 -0.0 -0.0 -0.0 -0.0 -0.0 -0.0 -0.0 -0.0 -0.0 -0.0 -0.0 -0.0 -0.0 -0.0 -0.0 -0.0 -0.0 -0.0 -0.0 -0.0 -0.0 -0.0 -0.0 -0.0 -0.0 -0.0 
-0.0 -0.0 -0.0 -0.0 -0.0 -0.0 -0.0 -0.0 -0.0 -0.0 -0.0 -0.0 -0.0 -0.0 -0.0 -0.0 -0.0 -0.0 -0.0 -0.0 -0.0 -0.0 -0.0 -0.0 -0.0 -0.0 -0.0 -0.0 -0.0 -0.0 -0.0 -0.0 -0.0 -0.0 -0.0 -0.0 -0.0 -0.0 -0.0 -0.0 -0.0 -0.0 -0.0 -0.0 -0.0 -0.0 -0.0 -0.0 -0.0 -0.0 -0.0 -0.0 -0.06069291875983209 -0.30446522861316255 -0.3487797765314115 -0.18754407656551875 -0.0 -0.0 -0.0 -0.0 -0.0 -0.0 -0.0 -0.0 -0.0 -0.0 -0.0 -0.0 -0.0 -0.0 -0.0 -0.0 -0.0 -0.0 -0.0 -0.0 -0.0 -0.0 -0.0 -0.0 -0.0 -0.0 -0.0 -0.0 -0.0 -0.0 -0.0 -0.0 -0.0 -0.0 -0.0 -0.0 -0.0 -0.0 -0.0 -0.0 -0.0 -0.0 -0.0 -0.0 
-0.0 -0.0 -0.0 -0.0 -0.0 -0.0 -0.0 -0.0 -0.0 -0.0 -0.0 -0.0 -0.0 -0.0 -0.0 -0.0 -0.0 -0.0 -0.0 -0.0 -0.0 -0.0 -0.0 -0.0 -0.0 -0.0 -0.0 -0.0 -0.0 -0.0 -0.0 -0.0 -0.0 -0.0 -0.0 -0.0 -0.0 -0.0 -0.0 -0.0 -0.0 -0.0 -0.0 -0.0 -0.0 -0.0 -0.0 -0.0 -0.0 -0.0 -0.0 -0.0 -0.0 -0.32395964997585547 -0.46824717341232686 -0.4258849605152997 -0.1971123498908395 -0.0 -0.0 -0.0 -0.0 -0.0 -0.0 -0.0 -0.0 -0.0 -0.0 -0.0 -0.0 -0.0 -0.0 -0.0 -0.0 -0.0 -0.0 -0.0 -0.0 -0.0 -0.0 -0.0 -0.0 -0.0 -0.0 -0.0 -0.0 -0.0 -0.0 -0.0 -0.0 -0.0 -0.0 -0.0 -0.0 -0.0 -0.0 -0.0 -0.0 -0.0 -0.0 -0.0 
-0.0 -0.0 -0.0 -0.0 -0.0 -0.0 -0.0 -0.0 -0.0 -0.0 -0.0 -0.0 -0.0 -0.0 -0.0 -0.0 -0.0 -0.0 -0.0 -0.0 -0.0 -0.0 -0.0 -0.0 -0.0 -0.0 -0.0 -0.0 -0.0 -0.0 -0.0 -0.0 -0.0 -0.0 -0.0 -0.0 -0.0 -0.0 -0.0 -0.0 -0.0 -0.0 -0.0 -0.0 -0.0 -0.0 -0.0 -0.0 -0.0 -0.0 -0.0 -0.0 -0.0 -0.0 -0.0 -0.0 -0.0 -0.0 -0.0 -0.0 -0.0 -0.0 -0.0 -0.0 -0.0 -0.0 -0.0 -0.0 -0.0 -0.0 -0.0 -0.0 -0.0 -0.0 -0.0 -0.0 -0.0 -0.0 -0.0 -0.0 -0.0 -0.0 -0.0 -0.0 -0.0 -0.0 -0.0 -0.0 -0.0 -0.0 -0.0 -0.0 -0.0 -0.0 -0.0 -0.0 -0.0 -0.0 -0.0 -0.0 
