0.0 0.0 0.0 0.0 0.0 0.0 0.0 0.0 0.0 0.0 0.0 0.0 0.0 0.0 0.0 0.0 0.0 0.0 0.0 0.0 0.0 0.0 0.0 0.0 0.0 0.0 0.0 0.0 0.0 0.0 0.0 0.0 0.0 0.0 0.0 0.0 0.0 0.0 0.0 0.0 0.0 0.0 0.0 0.0 0.0 0.0 0.0 0.0 0.0 0.0 0.0 0.0 0.0 0.0 0.0 0.0 0.0 0.0 0.0 0.0 0.0 0.0 0.0 0.0 0.0 0.0 0.0 0.0 0.0 0.0 0.0 0.0 0.0 0.0 0.0 0.0 0.0 0.0 0.0 0.0 0.0 0.0 0.0 0.0 0.0 0.0 0.0 0.0 0.0 0.0 0.0 0.0 0.0 0.0 0.0 0.0 0.0 0.0 0.0 0.0 
0.0 0.0 0.0 0.0 0.0 0.0 0.0 0.0 0.0 0.0 0.0 0.0 0.0 0.0 0.0 0.0 0.0 0.0 0.0 0.0 0.0 0.0 0.0 0.0 0.0 0.0 0.0 0.0 0.0 0.0 0.0 0.0 0.0 0.0 0.0 0.0 0.0 0.0 0.0 0.0 0.0 0.0 0.0 0.0 0.0 0.0 0.0 0.0 0.0 0.0 0.0 0.0 0.0 0.0 0.0 0.0 0.0 0.0 0.0 0.0 0.0 0.0 0.0 0.0 0.0 0.0 0.0 0.0 0.0 0.0 0.0 0.0 0.0 0.0 0.0 0.0 0.0 0.0 0.0 0.0 0.0 0.0 0.0 0.0 0.0 0.0 0.0 0.0 0.0 0.0 0.0 0.0 0.0 0.0 0.0 0.0 0.0 0.0 0.0 0.0 
0.0 0.0 0.0 0.0 0.0 0.0 0.0 0.0 0.0 0.0 0.0 0.0 0.0 0.0 0.0 0.0 0.0 0.0 0.0 0.0 0.0 0.0 0.0 0.0 0.0 0.0 0.0 0.0 0.0 0.0 0.0 0.0 0.0 0.0 0.0 0.0 0.0 0.0 0.0 0.0 0.0 0.0 0.0 0.0 0.0 0.0 0.0 0.0 0.0 0.0 0.0 0.0 0.0 0.0 0.0 0.0 0.0 0.0 0.0 0.0 0.0 0.0 0.0 0.0 0.0 0.0 0.0 0.0 0.0 0.0 0.0 0.0 0.0 0.0 0.0 0.0 0.0 0.0 0.0 0.0 0.0 0.0 0.0 0.0 0.0 0.0 0.0 0.0 0.0 0.0 0.0 0.0 0.0 0.0 0.0 0.0 0.0 0.0 0.0 0.0 
0.0 0.0 0.0 0.0 0.0 0.0 0.0 0.0 0.0 0.0 0.0 0.0 0.0 0.0 0.0 0.0 0.0 0.0 0.0 0.0 0.0 0.0 0.0 0.0 0.0 0.0 0.0 0.0 0.0 0.0 0.0 0.0 0.0 0.0 0.0 0.0 0.0 0.0 0.0 0.0 0.0 0.0 0.0 0.0 0.0 0.0 0.0 0.0 0.0 0.0 0.0 0.0 0.0 0.0 0.0 0.0 0.0 0.0 0.0 0.0 0.0 0.0 0.0 0.0 0.0 0.0 0.0 0.0 0.0 0.0 0.0 0.0 0.0 0.0 0.0 0.0 0.0 0.0 0.0 0.0 0.0 0.0 0.0 0.0 0.0 0.0 0.0 0.0 0.0 0.0 0.0 0.0 0.0 0.0 0.0 0.0 0.0 0.0 0.0 0.0 
0.0 0.0 0.0 0.0 0.0 0.0 0.0 0.0 0.0 0.0 0.0 0.0 0.0 0.0 0.0 0.0 0.0 0.0 0.0 0.0 0.0 0.0 0.0 0.0 0.0 0.0 0.0 0.0 0.0 0.0 0.0 0.0 0.0 0.0 0.0 0.0 0.0 0.0 0.0 0.0 0.0 0.0 0.0 0.0 0.0 0.0 0.0 0.0 0.0 0.0 0.0 0.0 0.0 0.0 0.0 0.0 0.0 0.0 0.0 0.0 0.0 0.0 0.0 0.0 0.0 0.0 0.0 0.0 0.0 0.0 0.0 0.0 0.0 0.0 0.0 0.0 0.0 0.0 0.0 0.0 0.0 0.0 0.0 0.0 0.0 0.0 0.0 0.0 0.0 0.0 0.0 0.0 0.0 0.0 0.0 0.0 0.0 0.0 0.0 0.0 
0.0 0.0 0.0 0.0 0.0 0.0 0.0 0.0 0.0 0.0 0.0 0.0 0.0 0.0 0.0 0.0 0.0 0.0 0.0 0.0 0.0 0.0 0.0 0.0 0.0 0.0 0.0 0.0 0.0 0.0 0.0 0.0 0.0 0.0 0.0 0.0 0.0 0.0 0.0 0.0 0.0 0.0 0.0 0.0 0.0 0.0 0.0 0.0 0.0 0.0 0.0 0.0 0.0 0.0 0.0 0.0 0.0 0.0 0.0 0.0 0.0 0.0 0.0 0.0 0.0 0.0 0.0 0.0 0.0 0.0 0.0 0.0 0.0 0.0 0.0 0.0 0.0 0.0 0.0 0.0 0.0 0.0 0.0 0.0 0.0 0.0 0.0 0.0 0.0 0.0 0.0 0.0 0.0 0.0 0.0 0.0 0.0 0.0 0.0 0.0 
0.0 0.0 0.0 0.0 0.0 0.0 0.0 0.0 0.0 0.0 0.0 0.0 0.0 0.0 0.0 0.0 0.0 0.0 0.0 0.0 0.0 0.0 0.0 0.0 0.0 0.0 0.0 0.0 0.0 0.0 0.0 0.0 0.0 0.0 0.0 0.0 0.0 0.0 0.0 0.0 0.0 0.0 0.0 0.0 0.0 0.0 0.0 0.0 0.0 0.0 0.0 0.0 0.0 0.0 0.0 0.0 0.0 0.0 0.0 0.0 0.0 0.0 0.0 0.0 0.0 0.0 0.0 0.0 0.0 0.0 0.0 0.0 0.0 0.0 0.0 0.0 0.0 0.0 0.0 0.0 0.0 0.0 0.0 0.0 0.0 0.0 0.0 0.0 0.0 0.0 0.0 0.0 0.0 0.0 0.0 0.0 0.0 0.0 0.0 0.0 
0.0 0.0 0.0 0.0 0.0 0.0 0.0 0.0 0.0 0.0 0.0 0.0 0.0 0.0 0.0 0.0 0.0 0.0 0.0 0.0 0.0 0.0 0.0 0.0 0.0 0.0 0.0 0.0 0.0 0.0 0.0 0.0 0.0 0.0 0.0 0.0 0.0 0.0 0.0 0.0 0.0 0.0 0.0 0.0 0.0 0.0 0.0 0.0 0.0 0.0 0.0 0.0 0.0 0.0 0.0 0.0 0.0 0.0 0.0 0.0 0.0 0.0 0.0 0.0 0.0 0.0 0.0 0.0 0.0 0.0 0.0 0.0 0.0 0.0 0.0 0.0 0.0 0.0 0.0 0.0 0.0 0.0 0.0 0.0 0.0 0.0 0.0 0.0 0.0 0.0 0.0 0.0 0.0 0.0 0.0 0.0 0.0 0.0 0.0 0.0 
0.0 0.0 0.0 0.0 0.0 0.0 0.0 0.0 0.0 0.0 0.0 0.0 0.0 0.0 0.0 0.0 0.0 0.0 0.0 0.0 0.0 0.0 0.0 0.0 0.0 0.0 0.0 0.0 0.0 0.0 0.0 0.0 0.0 0.0 0.0 0.0 0.0 0.0 0.0 0.0 0.0 0.0 0.0 0.0 0.0 0.0 0.0 0.0 0.0 0.0 0.0 0.0 0.0 0.0 0.0 0.0 0.0 0.0 0.0 0.0 0.0 0.0 0.0 0.0 0.0 0.0 0.0 0.0 0.0 0.0 0.0 0.0 0.0 0.0 0.0 0.0 0.0 0.0 0.0 0.0 0.0 0.0 0.0 0.0 0.0 0.0 0.0 0.0 0.0 0.0 0.0 0.0 0.0 0.0 0.0 0.0 0.0 0.0 0.0 0.0 
0.0 0.0 0.0 0.0 0.0 0.0 0.0 0.0 0.0 0.0 0.0 0.0 0.0 0.0 0.0 0.0 0.0 0.0 0.0 0.0 0.0 0.0 0.0 0.0 0.0 0.0 0.0 0.0 0.0 0.0 0.0 0.0 0.0 0.0 0.0 0.0 0.0 0.0 0.0 0.0 0.0 0.0 0.0 0.0 0.0 0.0 0.0 0.0 0.0 0.0 0.0 0.0 0.0 0.0 0.0 0.0 0.0 0.0 0.0 0.0 0.0 0.0 0.0 0.0 0.0 0.0 0.0 0.0 0.0 0.0 0.0 0.0 0.0 0.0 0.0 0.0 0.0 0.0 0.0 0.0 0.0 0.0 0.0 0.0 0.0 0.0 0.0 0.0 0.0 0.0 0.0 0.0 0.0 0.0 0.0 0.0 0.0 0.0 0.0 0.0 
0.0 0.0 0.0 0.0 0.0 0.0 0.0 0.0 0.0 0.0 0.0 0.0 0.0 0.0 0.0 0.0 0.0 0.0 0.0 0.0 0.0 0.0 0.0 0.0 0.0 0.0 0.0 0.0 0.0 0.0 0.0 0.0 0.0 0.0 0.0 0.0 0.0 0.0 0.0 0.0 0.0 0.0 0.0 0.0 0.0 0.0 0.0 0.0 0.0 0.0 0.0 0.0 0.0 0.0 0.0 0.0 0.0 0.0 0.0 0.0 0.0 0.0 0.0 0.0 0.0 0.0 0.0 0.0 0.0 0.0 0.0 0.0 0.0 0.0 0.0 0.0 0.0 0.0 0.0 0.0 0.0 0.0 0.0 0.0 0.0 0.0 0.0 0.0 0.0 0.0 0.0 0.0 0.0 0.0 0.0 0.0 0.0 0.0 0.0 0.0 
0.0 0.0 0.0 0.0 0.0 0.0 0.0 0.0 0.0 0.0 0.0 0.0 0.0 0.0 0.0 0.0 0.0 0.0 0.0 0.0 0.0 0.0 0.0 0.0 0.0 0.0 0.0 0.0 0.0 0.0 0.0 0.0 0.0 0.0 0.0 0.0 0.0 0.0 0.0 0.0 0.0 0.0 0.0 0.0 0.0 0.0 0.0 0.0 0.0 0.0 0.0 0.0 0.0 0.0 0.0 0.0 0.0 0.0 0.0 0.0 0.0 0.0 0.0 0.0 0.0 0.0 0.0 0.0 0.0 0.0 0.0 0.0 0.0 0.0 0.0 0.0 0.0 0.0 0.0 0.0 0.0 0.0 0.0 0.0 0.0 0.0 0.0 0.0 0.0 0.0 0.0 0.0 0.0 0.0 0.0 0.0 0.0 0.0 0.0 0.0 
0.0 0.0 0.0 0.0 0.0 0.0 0.0 0.0 0.0 0.0 0.0 0.0 0.0 0.0 0.0 0.0 0.0 0.0 0.0 0.0 0.0 0.0 0.0 0.0 0.0 0.0 0.0 0.0 0.0 0.0 0.0 0.0 0.0 0.0 0.0 0.0 0.0 0.0 0.0 0.0 0.0 0.0 0.0 0.0 0.0 0.0 0.0 0.0 0.0 0.0 0.0 0.0 0.0 0.0 0.0 0.0 0.0 0.0 0.0 0.0 0.0 0.0 0.0 0.0 0.0 0.0 0.0 0.0 0.0 0.0 0.0 0.0 0.0 0.0 0.0 0.0 0.0 0.0 0.0 0.0 0.0 0.0 0.0 0.0 0.0 0.0 0.0 0.0 0.0 0.0 0.0 0.0 0.0 0.0 0.0 0.0 0.0 0.0 0.0 0.0 
0.0 0.0 0.0 0.0 0.0 0.0 0.0 0.0 0.0 0.0 0.0 0.0 0.0 0.0 0.0 0.0 0.0 0.0 0.0 0.0 0.0 0.0 0.0 0.0 0.0 0.0 0.0 0.0 0.0 0.0 0.0 0.0 0.0 0.0 0.0 0.0 0.0 0.0 0.0 0.0 0.0 0.0 0.0 0.0 0.0 0.0 0.0 0.0 0.0 0.0 0.0 0.0 0.0 0.0 0.0 0.0 0.0 0.0 0.0 0.0 0.0 0.0 0.0 0.0 0.0 0.0 0.0 0.0 0.0 0.0 0.0 0.0 0.0 0.0 0.0 0.0 0.0 0.0 0.0 0.0 0.0 0.0 0.0 0.0 0.0 0.0 0.0 0.0 0.0 0.0 0.0 0.0 0.0 0.0 0.0 0.0 0.0 0.0 0.0 0.0 
0.0 0.0 0.0 0.0 0.0 0.0 0.0 0.0 0.0 0.0 0.0 0.0 0.0 0.0 0.0 0.0 0.0 0.0 0.0 0.0 0.0 0.0 0.0 0.0 0.0 0.0 0.0 0.0 0.0 0.0 0.0 0.0 0.0 0.0 0.0 0.0 0.0 0.0 0.0 0.0 0.0 0.0 0.0 0.0 0.0 0.0 0.0 0.0 0.0 0.0 0.0 0.0 0.0 0.0 0.0 0.0 0.0 0.0 0.0 0.0 0.0 0.0 0.0 0.0 0.0 0.0 0.0 0.0 0.0 0.0 0.0 0.0 0.0 0.0 0.0 0.0 0.0 0.0 0.0 0.0 0.0 0.0 0.0 0.0 0.0 0.0 0.0 0.0 0.0 0.0 0.0 0.0 0.0 0.0 0.0 0.0 0.0 0.0 0.0 0.0 
0.0 0.0 0.0 0.0 0.0 0.0 0.0 0.0 0.0 0.0 0.0 0.0 0.0 0.0 0.0 0.0 0.0 0.0 0.0 0.0 0.0 0.0 0.0 0.0 0.0 0.0 0.0 0.0 0.0 0.0 0.0 0.0 0.0 0.0 0.0 0.0 0.0 0.0 0.0 0.0 0.0 0.0 0.0 0.0 0.0 0.0 0.0 0.0 0.0 0.0 0.0 0.0 0.0 0.0 0.0 0.0 0.0 0.0 0.0 0.0 0.0 0.0 0.0 0.0 0.0 0.0 0.0 0.0 0.0 0.0 0.0 0.0 0.0 0.0 0.0 0.0 0.0 0.0 0.0 0.0 0.0 0.0 0.0 0.0 0.0 0.0 0.0 0.0 0.0 0.0 0.0 0.0 0.0 0.0 0.0 0.0 0.0 0.0 0.0 0.0 
0.0 0.0 0.0 0.0 0.0 0.0 0.0 0.0 0.0 0.0 0.0 0.0 0.0 0.0 0.0 0.0 0.0 0.0 0.0 0.0 0.0 0.0 0.0 0.0 0.0 0.0 0.0 0.0 0.0 0.0 0.0 0.0 0.0 0.0 0.0 0.0 0.0 0.0 0.0 0.0 0.0 0.0 0.0 0.0 0.0 0.0 0.0 0.0 0.0 0.0 0.0 0.0 0.0 0.0 0.0 0.0 0.0 0.0 0.0 0.0 0.0 0.0 0.0 0.0 0.0 0.0 0.0 0.0 0.0 0.0 0.0 0.0 0.0 0.0 0.0 0.0 0.0 0.0 0.0 0.0 0.0 0.0 0.0 0.0 0.0 0.0 0.0 0.0 0.0 0.0 0.0 0.0 0.0 0.0 0.0 0.0 0.0 0.0 0.0 0.0 
0.0 0.0 0.0 0.0 0.0 0.0 0.0 0.0 0.0 0.0 0.0 0.0 0.0 0.0 0.0 0.0 0.0 0.0 0.0 0.0 0.0 0.0 0.0 0.0 0.0 0.0 0.0 0.0 0.0 0.0 0.0 0.0 0.0 0.0 0.0 0.0 0.0 0.0 0.0 0.0 0.0 0.0 0.0 0.0 0.0 0.0 0.0 0.0 0.0 0.0 0.0 0.0 0.0 0.0 0.0 0.0 0.0 0.0 0.0 0.0 0.0 0.0 0.0 0.0 0.0 0.0 0.0 0.0 0.0 0.0 0.0 0.0 0.0 0.0 0.0 0.0 0.0 0.0 0.0 0.0 0.0 0.0 0.0 0.0 0.0 0.0 0.0 0.0 0.0 0.0 0.0 0.0 0.0 0.0 0.0 0.0 0.0 0.0 0.0 0.0 
0.0 0.0 0.0 0.0 0.0 0.0 0.0 0.0 0.0 0.0 0.0 0.0 0.0 0.0 0.0 0.0 0.0 0.0 0.0 0.0 0.0 0.0 0.0 0.0 0.0 0.0 0.0 0.0 0.0 0.0 0.0 0.0 0.0 0.0 0.0 0.0 0.0 0.0 0.0 0.0 0.0 0.0 0.0 0.0 0.0 0.0 0.0 0.0 0.0 0.0 0.0 0.0 0.0 0.0 0.0 0.0 0.0 0.0 0.0 0.0 0.0 0.0 0.0 0.0 0.0 0.0 0.0 0.0 0.0 0.0 0.0 0.0 0.0 0.0 0.0 0.0 0.0 0.0 0.0 0.0 0.0 0.0 0.0 0.0 0.0 0.0 0.0 0.0 0.0 0.0 0.0 0.0 0.0 0.0 0.0 0.0 0.0 0.0 0.0 0.0 
0.0 0.0 0.0 0.0 0.0 0.0 0.0 0.0 0.0 0.0 0.0 0.0 0.0 0.0 0.0 0.0 0.0 0.0 0.0 0.0 0.0 0.0 0.0 0.0 0.0 0.0 0.0 0.0 0.0 0.0 0.0 0.0 0.0 0.0 0.0 0.0 0.0 0.0 0.0 0.0 0.0 0.0 0.0 0.0 0.0 0.0 0.0 0.0 0.0 0.0 0.0 0.0 0.0 0.0 0.0 0.0 0.0 0.0 0.0 0.0 0.0 0.0 0.0 0.0 0.0 0.0 0.0 0.0 0.0 0.0 0.0 0.0 0.0 0.0 0.0 0.0 0.0 0.0 0.0 0.0 0.0 0.0 0.0 0.0 0.0 0.0 0.0 0.0 0.0 0.0 0.0 0.0 0.0 0.0 0.0 0.0 0.0 0.0 0.0 0.0 
0.0 0.0 0.0 0.0 0.0 0.0 0.0 0.0 0.0 0.0 0.0 0.0 0.0 0.0 0.0 0.0 0.0 0.0 0.0 0.0 0.0 0.0 0.0 0.0 0.0 0.0 0.0 0.0 0.0 0.0 0.0 0.0 0.0 0.0 0.0 0.0 0.0 0.0 0.0 0.0 0.0 0.0 0.0 0.0 0.0 0.0 0.0 0.0 0.0 0.0 0.0 0.0 0.0 0.0 0.0 0.0 0.0 0.0 0.0 0.0 0.0 0.0 0.0 0.0 0.0 0.0 0.0 0.0 0.0 0.0 0.0 0.0 0.0 0.0 0.0 0.0 0.0 0.0 0.0 0.0 0.0 0.0 0.0 0.0 0.0 0.0 0.0 0.0 0.0 0.0 0.0 0.0 0.0 0.0 0.0 0.0 0.0 0.0 0.0 0.0 
0.0 0.0 0.0 0.0 0.0 0.0 0.0 0.0 0.0 0.0 0.0 0.0 0.0 0.0 0.0 0.0 0.0 0.0 0.0 0.0 0.0 0.0 0.0 0.0 0.0 0.0 0.0 0.0 0.0 0.0 0.0 0.0 0.0 0.0 0.0 0.0 0.0 0.0 0.0 0.0 0.0 0.0 0.0 0.0 0.0 0.0 0.0 0.0 0.0 0.0 0.0 0.0 0.0 0.0 0.0 0.0 0.0 0.0 0.0 0.0 0.0 0.0 0.0 0.0 0.0 0.0 0.0 0.0 0.0 0.0 0.0 0.0 0.0 0.0 0.0 0.0 0.0 0.0 0.0 0.0 0.0 0.0 0.0 0.0 0.0 0.0 0.0 0.0 0.0 0.0 0.0 0.0 0.0 0.0 0.0 0.0 0.0 0.0 0.0 0.0 
0.0 0.0 0.0 0.0 0.0 0.0 0.0 0.0 0.0 0.0 0.0 0.0 0.0 0.0 0.0 0.0 0.0 0.0 0.0 0.0 0.0 0.0 0.0 0.0 0.0 0.0 0.0 0.0 0.0 0.0 0.0 0.0 0.0 0.0 0.0 0.0 0.0 0.0 0.0 0.0 0.0 0.0 0.0 0.0 0.0 0.0 0.0 0.0 0.0 0.0 0.0 0.0 0.0 0.0 0.0 0.0 0.0 0.0 0.0 0.0 0.0 0.0 0.0 0.0 0.0 0.0 0.0 0.0 0.0 0.0 0.0 0.0 0.0 0.0 0.0 0.0 0.0 0.0 0.0 0.0 0.0 0.0 0.0 0.0 0.0 0.0 0.0 0.0 0.0 0.0 0.0 0.0 0.0 0.0 0.0 0.0 0.0 0.0 0.0 0.0 
0.0 0.0 0.0 0.0 0.0 0.0 0.0 0.0 0.0 0.0 0.0 0.0 0.0 0.0 0.0 0.0 0.0 0.0 0.0 0.0 0.0 0.0 0.0 0.0 0.0 0.0 0.0 0.0 0.0 0.0 0.0 0.0 0.0 0.0 0.0 0.0 0.0 0.0 0.0 0.0 0.0 0.0 0.0 0.0 0.0 0.0 0.0 0.0 0.0 0.0 0.0 0.0 0.0 0.0 0.0 0.0 0.0 0.0 0.0 0.0 0.0 0.0 0.0 0.0 0.0 0.0 0.0 0.0 0.0 0.0 0.0 0.0 0.0 0.0 0.0 0.0 0.0 0.0 0.0 0.0 0.0 0.0 0.0 0.0 0.0 0.0 0.0 0.0 0.0 0.0 0.0 0.0 0.0 0.0 0.0 0.0 0.0 0.0 0.0 0.0 
0.0 0.0 0.0 0.0 0.0 0.0 0.0 0.0 0.0 0.0 0.0 0.0 0.0 0.0 0.0 0.0 0.0 0.0 0.0 0.0 0.0 0.0 0.0 0.0 0.0 0.0 0.0 0.0 0.0 0.0 0.0 0.0 0.0 0.0 0.0 0.0 0.0 0.0 0.0 0.0 0.0 0.0 0.0 0.0 0.0 0.0 0.0 0.0 0.0 0.0 0.0 0.0 0.0 0.0 0.0 0.0 0.0 0.0 0.0 0.0 0.0 0.0 0.0 0.0 0.0 0.0 0.0 0.0 0.0 0.0 0.0 0.0 0.0 0.0 0.0 0.0 0.0 0.0 0.0 0.0 0.0 0.0 0.0 0.0 0.0 0.0 0.0 0.0 0.0 0.0 0.0 0.0 0.0 0.0 0.0 0.0 0.0 0.0 0.0 0.0 
0.0 0.0 0.0 0.0 0.0 0.0 0.0 0.0 0.0 0.0 0.0 0.0 0.0 0.0 0.0 0.0 0.0 0.0 0.0 0.0 0.0 0.0 0.0 0.0 0.0 0.0 0.0 0.0 0.0 0.0 0.0 0.0 0.0 0.0 0.0 0.0 0.0 0.0 0.0 0.0 0.0 0.0 0.0 0.0 0.0 0.0 0.0 0.0 0.0 0.0 0.0 0.0 0.0 0.0 0.0 0.0 0.0 0.0 0.0 0.0 0.0 0.0 0.0 0.0 0.0 0.0 0.0 0.0 0.0 0.0 0.0 0.0 0.0 0.0 0.0 0.0 0.0 0.0 0.0 0.0 0.0 0.0 0.0 0.0 0.0 0.0 0.0 0.0 0.0 0.0 0.0 0.0 0.0 0.0 0.0 0.0 0.0 0.0 0.0 0.0 
0.0 0.0 0.0 0.0 0.0 0.0 0.0 0.0 0.0 0.0 0.0 0.0 0.0 0.0 0.0 0.0 0.0 0.0 0.0 0.0 0.0 0.0 0.0 0.0 0.0 0.0 0.0 0.0 0.0 0.0 0.0 0.0 0.0 0.0 0.0 0.0 0.0 0.0 0.0 0.0 0.0 0.0 0.0 0.0 0.0 0.0 0.0 0.0 0.0 0.0 0.0 0.0 0.0 0.0 0.0 0.0 0.0 0.0 0.0 0.0 0.0 0.0 0.0 0.0 0.0 0.0 0.0 0.0 0.0 0.0 0.0 0.0 0.0 0.0 0.0 0.0 0.0 0.0 0.0 0.0 0.0 0.0 0.0 0.0 0.0 0.0 0.0 0.0 0.0 0.0 0.0 0.0 0.0 0.0 0.0 0.0 0.0 0.0 0.0 0.0 
0.0 0.0 0.0 0.0 0.0 0.0 0.0 0.0 0.0 0.0 0.0 0.0 0.0 0.0 0.0 0.0 0.0 0.0 0.0 0.0 0.0 0.0 0.0 0.0 0.0 0.0 0.0 0.0 0.0 0.0 0.0 0.0 0.0 0.0 0.0 0.0 0.0 0.0 0.0 0.0 0.0 0.0 0.0 0.0 0.0 0.0 0.0 0.0 0.0 0.0 0.0 0.0 0.0 0.0 0.0 0.0 0.0 0.0 0.0 0.0 0.0 0.0 0.0 0.0 0.0 0.0 0.0 0.0 0.0 0.0 0.0 0.0 0.0 0.0 0.0 0.0 0.0 0.0 0.0 0.0 0.0 0.0 0.0 0.0 0.0 0.0 0.0 0.0 0.0 0.0 0.0 0.0 0.0 0.0 0.0 0.0 0.0 0.0 0.0 0.0 
0.0 0.0 0.0 0.0 0.0 0.0 0.0 0.0 0.0 0.0 0.0 0.0 0.0 0.0 0.0 0.0 0.0 0.0 0.0 0.0 0.0 0.0 0.0 0.0 0.0 0.0 0.0 0.0 0.0 0.0 0.0 0.0 0.0 0.0 0.0 0.0 0.0 0.0 0.0 0.0 0.0 0.0 0.0 0.0 0.0 0.0 0.0 0.0 0.0 0.0 0.0 0.0 0.0 0.0 0.0 0.0 0.0 0.0 0.0 0.0 0.0 0.0 0.0 0.0 0.0 0.0 0.0 0.0 0.0 0.0 0.0 0.0 0.0 0.0 0.0 0.0 0.0 0.0 0.0 0.0 0.0 0.0 0.0 0.0 0.0 0.0 0.0 0.0 0.0 0.0 0.0 0.0 0.0 0.0 0.0 0.0 0.0 0.0 0.0 0.0 
0.0 0.0 0.0 0.0 0.0 0.0 0.0 0.0 0.0 0.0 0.0 0.0 0.0 0.0 0.0 0.0 0.0 0.0 0.0 0.0 0.0 0.0 0.0 0.0 0.0 0.0 0.0 0.0 0.0 0.0 0.0 0.0 0.0 0.0 0.0 0.0 0.0 0.0 0.0 0.0 0.0 0.0 0.0 0.0 0.0 0.0 0.0 0.0 0.0 0.0 0.0 0.0 0.0 0.0 0.0 0.0 0.0 0.0 0.0 0.0 0.0 0.0 0.0 0.0 0.0 0.0 0.0 0.0 0.0 0.0 0.0 0.0 0.0 0.0 0.0 0.0 0.0 0.0 0.0 0.0 0.0 0.0 0.0 0.0 0.0 0.0 0.0 0.0 0.0 0.0 0.0 0.0 0.0 0.0 0.0 0.0 0.0 0.0 0.0 0.0 
0.0 0.0 0.0 0.0 0.0 0.0 0.0 0.0 0.0 0.0 0.0 0.0 0.0 0.0 0.0 0.0 0.0 0.0 0.0 0.0 0.0 0.0 0.0 0.0 0.0 0.0 0.0 0.0 0.0 0.0 0.0 0.0 0.0 0.0 0.0 0.0 0.0 0.0 0.0 0.0 0.0 0.0 0.0 0.0 0.0 0.0 0.0 0.0 0.0 0.0 0.0 0.0 0.0 0.0 0.0 0.0 0.0 0.0 0.0 0.0 0.0 0.0 0.0 0.0 0.0 0.0 0.0 0.0 0.0 0.0 0.0 0.0 0.0 0.0 0.0 0.0 0.0 0.0 0.0 0.0 0.0 0.0 0.0 0.0 0.0 0.0 0.0 0.0 0.0 0.0 0.0 0.0 0.0 0.0 0.0 0.0 0.0 0.0 0.0 0.0 
0.0 0.0 0.0 0.0 0.0 0.0 0.0 0.0 0.0 0.0 0.0 0.0 0.0 0.0 0.0 0.0 0.0 0.0 0.0 0.0 0.0 0.0 0.0 0.0 0.0 0.0 0.0 0.0 0.0 0.0 0.0 0.0 0.0 0.0 0.0 0.0 0.0 0.0 0.0 0.0 0.0 0.0 0.0 0.0 0.0 0.0 0.0 0.0 0.0 0.0 0.0 0.0 0.0 0.0 0.0 0.0 0.0 0.0 0.0 0.0 0.0 0.0 0.0 0.0 0.0 0.0 0.0 0.0 0.0 0.0 0.0 0.0 0.0 0.0 0.0 0.0 0.0 0.0 0.0 0.0 0.0 0.0 0.0 0.0 0.0 0.0 0.0 0.0 0.0 0.0 0.0 0.0 0.0 0.0 0.0 0.0 0.0 0.0 0.0 0.0 
0.0 0.0 0.0 0.0 0.0 0.0 0.0 0.0 0.0 0.0 0.0 0.0 0.0 0.0 0.0 0.0 0.0 0.0 0.0 0.0 0.0 0.0 0.0 0.0 0.0 0.0 0.0 0.0 0.0 0.0 0.0 0.0 0.0 0.0 0.0 0.0 0.0 0.0 0.0 0.0 0.0 0.0 0.0 0.0 0.0 0.0 0.0 0.0 0.0 0.0 0.0 0.0 0.0 0.0 0.0 0.0 0.0 0.0 0.0 0.0 0.0 0.0 0.0 0.0 0.0 0.0 0.0 0.0 0.0 0.0 0.0 0.0 0.0 0.0 0.0 0.0 0.0 0.0 0.0 0.0 0.0 0.0 0.0 0.0 0.0 0.0 0.0 0.0 0.0 0.0 0.0 0.0 0.0 0.0 0.0 0.0 0.0 0.0 0.0 0.0 
0.0 0.0 0.0 0.0 0.0 0.0 0.0 0.0 0.0 0.0 0.0 0.0 0.0 0.0 0.0 0.0 0.0 0.0 0.0 0.0 0.0 0.0 0.0 0.0 0.0 0.0 0.0 0.0 0.0 0.0 0.0 0.0 0.0 0.0 0.0 0.0 0.0 0.0 0.0 0.0 0.0 0.0 0.0 0.0 0.0 0.0 0.0 0.0 0.0 0.0 0.0 0.0 0.0 0.0 0.0 0.0 0.0 0.0 0.0 0.0 0.0 0.0 0.0 0.0 0.0 0.0 0.0 0.0 0.0 0.0 0.0 0.0 0.0 0.0 0.0 0.0 0.0 0.0 0.0 0.0 0.0 0.0 0.0 0.0 0.0 0.0 0.0 0.0 0.0 0.0 0.0 0.0 0.0 0.0 0.0 0.0 0.0 0.0 0.0 0.0 
0.0 0.0 0.0 0.0 0.0 0.0 0.0 0.0 0.0 0.0 0.0 0.0 0.0 0.0 0.0 0.0 0.0 0.0 0.0 0.0 0.0 0.0 0.0 0.0 0.0 0.0 0.0 0.0 0.0 0.0 0.0 0.0 0.0 0.0 0.0 0.0 0.0 0.0 0.0 0.0 0.0 0.0 0.0 0.0 0.0 0.0 0.0 0.0 0.0 0.0 0.0 0.0 0.0 0.0 0.0 0.0 0.0 0.0 0.0 0.0 0.0 0.0 0.0 0.0 0.0 0.0 0.0 0.0 0.0 0.0 0.0 0.0 0.0 0.0 0.0 0.0 0.0 0.0 0.0 0.0 0.0 0.0 0.0 0.0 0.0 0.0 0.0 0.0 0.0 0.0 0.0 0.0 0.0 0.0 0.0 0.0 0.0 0.0 0.0 0.0 
0.0 0.0 0.0 0.0 0.0 0.0 0.0 0.0 0.0 0.0 0.0 0.0 0.0 0.0 0.0 0.0 0.0 0.0 0.0 0.0 0.0 0.0 0.0 0.0 0.0 0.0 0.0 0.0 0.0 0.0 0.0 0.0 0.0 0.0 0.0 0.0 0.0 0.0 0.0 0.0 0.0 0.0 0.0 0.0 0.0 0.0 0.0 0.0 0.0 0.0 0.0 0.0 0.0 0.0 0.0 0.0 0.0 0.0 0.0 0.0 0.0 0.0 0.0 0.0 0.0 0.0 0.0 0.0 0.0 0.0 0.0 0.0 0.0 0.0 0.0 0.0 0.0 0.0 0.0 0.0 0.0 0.0 0.0 0.0 0.0 0.0 0.0 0.0 0.0 0.0 0.0 0.0 0.0 0.0 0.0 0.0 0.0 0.0 0.0 0.0 
0.0 0.0 0.0 0.0 0.0 0.0 0.0 0.0 0.0 0.0 0.0 0.0 0.0 0.0 0.0 0.0 0.0 0.0 0.0 0.0 0.0 0.0 0.0 0.0 0.0 0.0 0.0 0.0 0.0 0.0 0.0 0.0 0.0 0.0 0.0 0.0 0.0 0.0 0.0 0.0 0.0 0.0 0.0 0.0 0.0 0.0 0.0 0.0 0.0 0.0 0.0 0.0 0.0 0.0 0.0 0.0 0.0 0.0 0.0 0.0 0.0 0.0 0.0 0.0 0.0 0.0 0.0 0.0 0.0 0.0 0.0 1.6668291570008822 -3.6378477865178382 0.0 0.0 0.0 0.0 0.0 0.0 0.0 0.0 0.0 0.0 0.0 0.0 0.0 0.0 0.0 0.0 0.0 0.0 0.0 0.0 0.0 0.0 0.0 0.0 0.0 0.0 0.0 
0.0 0.0 0.0 0.0 0.0 0.0 0.0 0.0 0.0 0.0 0.0 0.0 0.0 0.0 0.0 0.0 0.0 0.0 0.0 0.0 0.0 0.0 0.0 0.0 0.0 0.0 0.0 0.0 0.0 0.0 0.0 0.0 0.0 0.0 0.0 0.0 0.0 0.0 0.0 0.0 0.0 0.0 0.0 0.0 0.0 0.0 0.0 0.0 0.0 0.0 0.0 0.0 0.0 0.0 0.0 0.0 0.0 0.0 0.0 0.0 7.4644524260032385 0.2400648179393869 -4.79833659238621 0.0 0.0 4.079543491954407 2.6760374397112217 -0.3325825589603036 -3.6082069948142963 -5.6460494467676385 0.0 1.4032168151816513 -3.845147570983061 0.0 0.0 0.0 8.678067916791107 0.7451003266735802 -7.5629694999309 0.0 0.0 0.0 0.0 0.0 0.0 0.0 0.0 0.0 0.0 0.0 0.0 0.0 0.0 0.0 0.0 0.0 0.0 0.0 0.0 0.0 
0.0 0.0 0.0 0.0 0.0 0.0 0.0 0.0 0.0 0.0 0.0 0.0 0.0 0.0 0.0 0.0 0.0 0.0 0.0 0.0 0.0 0.0 0.0 0.0 0.0 0.0 0.0 0.0 0.0 0.0 0.0 0.0 0.0 0.0 0.0 0.0 0.0 0.0 0.0 0.0 0.0 0.0 0.0 0.0 0.0 0.0 0.0 0.0 0.0 0.0 0.0 0.0 0.0 0.0 0.0 0.0 0.0 0.0 0.0 15.840070506039647 6.313147411792757 0.17202070216645082 -3.253187884148308 -0.31121878638252554 3.5201731642021286 5.256378414754414 3.7387036805827845 0.5289808905907263 -3.278058664176622 -7.048056773202266 -8.80883338441526 2.3789121080068245 -0.6533618994792996 -8.199832706205111 0.0 0.0 10.332799707963815 1.6524897262259146 -7.5380248570928705 -15.327955526233344 0.0 0.0 0.0 0.0 0.0 0.0 0.0 0.0 0.0 0.0 0.0 0.0 0.0 0.0 0.0 0.0 0.0 0.0 0.0 0.0 
0.0 0.0 0.0 0.0 0.0 0.0 0.0 0.0 0.0 0.0 0.0 0.0 0.0 0.0 0.0 0.0 0.0 0.0 0.0 0.0 0.0 0.0 0.0 0.0 0.0 0.0 0.0 0.0 0.0 0.0 0.0 0.0 0.0 0.0 0.0 0.0 0.0 0.0 0.0 0.0 0.0 0.0 0.0 0.0 0.0 0.0 0.0 0.0 0.0 0.0 0.0 0.0 0.0 0.0 0.0 0.0 0.0 0.0 0.0 15.09335409247915 5.843596231006372 -0.15263106347405003 -2.7784902219488896 1.709800613168095 5.119615699857178 5.638531690005055 3.72175281898268 0.4451500622881466 -3.5400792685924056 -7.971254967757145 -10.788289152378217 1.5538042217460664 1.6700373233511314 -4.497688090877767 -4.681884801718095 6.29701311349692 7.715582472153174 0.858875837067502 -7.650459952848058 -14.667127141264622 0.0 0.0 0.0 0.0 0.0 0.0 0.0 0.0 0.0 0.0 0.0 0.0 0.0 0.0 0.0 0.0 0.0 0.0 0.0 0.0 
0.0 0.0 0.0 0.0 0.0 0.0 0.0 0.0 0.0 0.0 0.0 0.0 0.0 0.0 0.0 0.0 0.0 0.0 0.0 0.0 0.0 0.0 0.0 0.0 0.0 0.0 0.0 0.0 0.0 0.0 0.0 0.0 0.0 0.0 0.0 0.0 0.0 0.0 0.0 0.0 0.0 0.0 0.0 0.0 0.0 0.0 0.0 0.0 0.0 0.0 0.0 0.0 0.0 0.0 0.0 0.0 0.0 0.0 20.398728722911827 11.037658898271381 4.971338496259384 1.073740315874081 0.856703872487243 3.9909699273888712 5.18284456047886 5.6719043720027145 3.8820171876756393 0.9497868635189783 -2.4651289456020895 -5.961616480462936 -7.729256806401444 0.7413675354160625 -2.305365842825722 -3.172505366173644 -6.566588052596134 -2.4101181200853325 5.02046496908596 0.9614310702153771 -8.525181798201087 -15.882244252989892 0.0 0.0 0.0 0.0 0.0 0.0 0.0 0.0 0.0 0.0 0.0 0.0 0.0 0.0 0.0 0.0 0.0 0.0 0.0 0.0 
0.0 0.0 0.0 0.0 0.0 0.0 0.0 0.0 0.0 0.0 0.0 0.0 0.0 0.0 0.0 0.0 0.0 0.0 0.0 0.0 0.0 0.0 0.0 0.0 0.0 0.0 0.0 0.0 0.0 0.0 0.0 0.0 0.0 0.0 0.0 0.0 0.0 0.0 0.0 0.0 0.0 0.0 0.0 0.0 0.0 0.0 0.0 0.0 0.0 0.0 0.0 0.0 0.0 0.0 0.0 0.0 21.628379993491365 9.857810035255742 1.318345339282918 -5.111806850352862 -0.10213470772832123 14.908568236924932 16.77673627407352 7.977750861806815 -1.6781684597363888 -4.113718401949515 4.361203688863909 1.9999936949819503 -0.706771776107705 3.798871851930545 0.9171237571635054 -2.1054494192529263 -3.7087246158950418 -15.685620035509952 -10.854238359100366 -24.83823788598222 0.0 24.083521799299785 -23.41494746547 0.0 0.0 11.148147430687345 -3.1166283758743107 -13.429969989291717 0.0 0.0 0.0 0.0 0.0 0.0 0.0 0.0 0.0 0.0 0.0 0.0 0.0 0.0 0.0 0.0 
0.0 0.0 0.0 0.0 0.0 0.0 0.0 0.0 0.0 0.0 0.0 0.0 0.0 0.0 0.0 0.0 0.0 0.0 0.0 0.0 0.0 0.0 0.0 0.0 0.0 0.0 0.0 0.0 0.0 0.0 0.0 0.0 0.0 0.0 0.0 0.0 0.0 0.0 0.0 0.0 0.0 0.0 0.0 0.0 0.0 0.0 0.0 0.0 0.0 0.0 0.0 0.0 0.0 0.0 0.0 0.0 19.38820606979544 8.72148196344955 11.510503099284502 -4.243194368422079 -4.742127855627068 20.763256262580477 20.756603069848587 14.506257276968157 -0.5069110102642886 -6.0274141442711135 -1.0083851338399041 3.786887215901974 6.519087336433265 5.478337346807695 1.314935940701424 -2.39073575655114 -5.44217037534632 -17.238719378041274 -8.680783604850285 -18.134741268602454 -32.69769108678062 11.805487630583958 -0.9884781254275248 0.0 0.0 15.630273621474613 -2.6363345192936305 -14.513546288021864 0.0 0.0 0.0 0.0 0.0 0.0 0.0 0.0 0.0 0.0 0.0 0.0 0.0 0.0 0.0 0.0 
0.0 0.0 0.0 0.0 0.0 0.0 0.0 0.0 0.0 0.0 0.0 0.0 0.0 0.0 0.0 0.0 0.0 0.0 0.0 0.0 0.0 0.0 0.0 0.0 0.0 0.0 0.0 0.0 0.0 0.0 0.0 0.0 0.0 0.0 0.0 0.0 0.0 0.0 0.0 0.0 0.0 0.0 0.0 0.0 0.0 0.0 0.0 0.0 0.0 0.0 0.0 0.0 0.0 0.0 0.0 0.0 34.76720097733025 12.283528547784993 19.58827209086848 5.083664410971905 1.2882276249641622 9.055326829931035 17.546599971126593 15.970005341632312 1.8850275559049319 -4.022731730715496 -0.04448524781092855 0.6492336968117765 -1.3101094513040625 5.258680433681604 1.821925652862698 -4.472088299190749 -6.436302326199145 -15.886673658805044 -5.06411178991623 -8.36161221113645 -7.035239905537268 -4.106238962295817 -11.558563586152696 -32.42044388777169 0.0 0.0 0.0 0.0 0.0 0.0 0.0 0.0 0.0 0.0 0.0 0.0 0.0 0.0 0.0 0.0 0.0 0.0 0.0 0.0 
0.0 0.0 0.0 0.0 0.0 0.0 0.0 0.0 0.0 0.0 0.0 0.0 0.0 0.0 0.0 0.0 0.0 0.0 0.0 0.0 0.0 0.0 0.0 0.0 0.0 0.0 0.0 0.0 0.0 0.0 0.0 0.0 0.0 0.0 0.0 0.0 0.0 0.0 0.0 0.0 0.0 0.0 0.0 0.0 0.0 0.0 0.0 0.0 0.0 0.0 0.0 0.0 0.0 0.0 0.0 0.0 0.0 31.755476150577046 33.630288196545166 13.435348263124366 2.5942225509796693 12.158258957548663 10.975362557642278 16.07624035560616 13.730232211598242 5.204625754921377 -0.0018153610178130997 -0.9414826454001144 -0.13099913058369772 -1.1525452903053903 -3.04594322012667 -10.173143053672154 -10.777634745249076 3.5279689704039643 -34.6051242802763 -3.363342170136601 -9.907907481731907 -20.351966546653085 -6.752035999661338 -41.95885565940374 -67.43921447060855 0.0 0.0 0.0 0.0 0.0 0.0 0.0 0.0 0.0 0.0 0.0 0.0 0.0 0.0 0.0 0.0 0.0 0.0 0.0 
0.0 0.0 0.0 0.0 0.0 0.0 0.0 0.0 0.0 0.0 0.0 0.0 0.0 0.0 0.0 0.0 0.0 0.0 0.0 0.0 0.0 0.0 0.0 0.0 0.0 0.0 0.0 0.0 0.0 0.0 0.0 0.0 0.0 0.0 0.0 0.0 0.0 0.0 0.0 0.0 0.0 0.0 0.0 0.0 0.0 0.0 0.0 0.0 0.0 0.0 0.0 0.0 0.0 0.0 0.0 0.0 0.0 0.0 50.79259879075758 18.334963004121825 23.901873156865406 9.856556457807294 13.230836543630495 -16.27749178390518 17.672195322968523 8.13963165039179 2.203501300883677 -1.3882823631278336 -1.9193800049807994 -1.5549498659349719 -0.802192712124572 -9.182666359752258 -20.401301485325266 -18.897892024935125 -15.726517858940321 -0.907174130211041 -9.079709767289064 -20.85635199710098 -4.590006536835998 -41.133371094720566 -47.510678091901006 0.0 0.0 0.0 0.0 0.0 0.0 0.0 0.0 0.0 0.0 0.0 0.0 0.0 0.0 0.0 0.0 0.0 0.0 0.0 
0.0 0.0 0.0 0.0 0.0 0.0 0.0 0.0 0.0 0.0 0.0 0.0 0.0 0.0 0.0 0.0 0.0 0.0 0.0 0.0 0.0 0.0 0.0 0.0 0.0 0.0 0.0 0.0 0.0 0.0 0.0 0.0 0.0 0.0 0.0 0.0 0.0 0.0 0.0 0.0 0.0 0.0 0.0 0.0 0.0 0.0 0.0 0.0 0.0 0.0 0.0 0.0 0.0 0.0 0.0 0.0 0.0 0.0 66.54023263552037 20.41500420493804 29.9776482699723 15.138699505809374 13.275475062096389 -9.301438522608647 17.08660341736687 8.986023778422183 4.006760866906483 -0.6687442450538228 -3.709483398934534 -3.695734527005966 -0.933007012956919 -10.609339231937387 16.108030252347664 -17.683711580193112 -8.608833811508523 0.14011359517939082 -9.234224202682505 -21.74743799755855 -29.42090737150666 -35.27649263902264 -32.92161781604161 0.0 0.0 0.0 0.0 0.0 0.0 0.0 0.0 0.0 0.0 0.0 0.0 0.0 0.0 0.0 0.0 0.0 0.0 0.0 
0.0 0.0 0.0 0.0 0.0 0.0 0.0 0.0 0.0 0.0 0.0 0.0 0.0 0.0 0.0 0.0 0.0 0.0 0.0 0.0 0.0 0.0 0.0 0.0 0.0 0.0 0.0 0.0 0.0 0.0 0.0 0.0 0.0 0.0 0.0 0.0 0.0 0.0 0.0 0.0 0.0 0.0 0.0 0.0 0.0 0.0 0.0 0.0 0.0 0.0 0.0 0.0 0.0 0.0 0.0 0.0 0.0 0.0 109.3288622472352 26.223259286233045 27.795155166710202 15.644952880366528 13.292140682581863 -3.080309136741409 21.608772044322507 11.454441545434598 4.754012925453898 -1.7970365107864046 -7.086430699744557 -7.933717194360696 -4.387071445133033 -13.78630027252662 0.6157238020140161 -13.8060353283055 -7.268712192079233 0.986236690629333 -9.409455641172732 -22.569811979324506 -29.762668930863462 -25.333983456629447 -21.909923822666723 0.0 0.0 0.0 0.0 0.0 0.0 0.0 0.0 0.0 0.0 0.0 0.0 0.0 0.0 0.0 0.0 0.0 0.0 0.0 
0.0 0.0 0.0 0.0 0.0 0.0 0.0 0.0 0.0 0.0 0.0 0.0 0.0 0.0 0.0 0.0 0.0 0.0 0.0 0.0 0.0 0.0 0.0 0.0 0.0 0.0 0.0 0.0 0.0 0.0 0.0 0.0 0.0 0.0 0.0 0.0 0.0 0.0 0.0 0.0 0.0 0.0 0.0 0.0 0.0 0.0 0.0 0.0 0.0 0.0 0.0 0.0 0.0 0.0 0.0 0.0 0.0 17.551751608239993 45.70971410602434 58.36047997114994 24.917724101369206 15.40013528416353 13.91042889482684 0.16790036762608107 24.198781942561574 12.757903485338742 5.11708455449153 -1.4033001160969145 -3.9831735064111657 -6.415952185975989 -9.453487691684112 32.49101262807384 -5.375475026809983 -12.513047479620726 -47.71997504028134 -27.08347599082088 -10.064558490345583 -6.580919902681132 -30.022832648670153 -15.612160252514846 -13.371195481370671 -29.653042616402267 0.0 0.0 0.0 0.0 0.0 0.0 0.0 0.0 0.0 0.0 0.0 0.0 0.0 0.0 0.0 0.0 0.0 0.0 
0.0 0.0 0.0 0.0 0.0 0.0 0.0 0.0 0.0 0.0 0.0 0.0 0.0 0.0 0.0 0.0 0.0 0.0 0.0 0.0 0.0 0.0 0.0 0.0 0.0 0.0 0.0 0.0 0.0 0.0 0.0 0.0 0.0 0.0 0.0 0.0 0.0 0.0 0.0 0.0 0.0 0.0 0.0 0.0 0.0 0.0 0.0 0.0 0.0 0.0 0.0 0.0 0.0 0.0 11.993078199820445 11.158215555268452 32.69634571046617 17.321097655396706 10.020251986542476 46.50417160871609 22.664172283606266 14.147685018612366 15.533296895053418 11.425654885831264 29.6341993523974 14.87855142442077 8.007420002187114 3.106887223353337 -2.5065846344197538 -9.379647416873441 -24.460073374573838 9.494856845134448 -10.002242809333417 -14.616851717985718 -30.916273040766463 -8.104547402045922 -13.588914673670779 -23.855125711195246 -28.961802545885675 -4.975184591015227 -14.329914586663424 -25.50191494308704 -14.291492015450634 -12.449434970997922 0.0 0.0 0.0 0.0 0.0 0.0 0.0 0.0 0.0 0.0 0.0 0.0 0.0 0.0 0.0 0.0 
0.0 0.0 0.0 0.0 0.0 0.0 0.0 0.0 0.0 0.0 0.0 0.0 0.0 0.0 0.0 0.0 0.0 0.0 0.0 0.0 0.0 0.0 0.0 0.0 0.0 0.0 0.0 0.0 0.0 0.0 0.0 0.0 0.0 0.0 0.0 0.0 0.0 0.0 0.0 0.0 0.0 0.0 0.0 0.0 0.0 0.0 0.0 0.0 0.0 0.0 0.0 0.0 0.0 0.0 18.511380386442475 13.829897632628269 29.188901601793674 16.564019749732445 6.107423054513224 40.015972915750055 19.682968347250082 15.42409679226676 33.393203078268236 10.99863043129777 28.73730085192438 14.90752831060606 8.338720239264244 4.560600534845456 -0.11247985834350083 -8.508685041858623 -25.72853717560039 2.9559819482633407 -10.31517027758398 -14.625299247101427 -19.260931932919608 -12.590173736823184 -11.761565581400363 -30.872688898255397 -25.361254591210173 -48.193723997190574 -9.039892435272074 -18.757728081769017 -30.46148666192677 -13.128409741474778 -17.42648128385631 0.0 0.0 0.0 0.0 0.0 0.0 0.0 0.0 0.0 0.0 0.0 0.0 0.0 0.0 0.0 
0.0 0.0 0.0 0.0 0.0 0.0 0.0 0.0 0.0 0.0 0.0 0.0 0.0 0.0 0.0 0.0 0.0 0.0 0.0 0.0 0.0 0.0 0.0 0.0 0.0 0.0 0.0 0.0 0.0 0.0 0.0 0.0 0.0 0.0 0.0 0.0 0.0 0.0 0.0 0.0 0.0 0.0 0.0 0.0 0.0 0.0 0.0 0.0 0.0 0.0 0.0 0.0 0.0 0.0 17.64368394840211 33.38700757305507 26.937428782506558 17.895026545471524 8.25138181496064 28.352988987495706 12.24747205205481 19.0172790229539 31.858656558868244 9.361745836663385 -22.801080429768344 15.037954604273631 20.418825233128764 5.59556353977027 7.653370032228477 8.120253712860542 3.8770344565656902 -10.973939864810987 -19.527519227529726 -13.547387258170236 -11.655563885875189 -12.641554933992493 -16.174851741668746 -27.945414477153008 -23.082984927869738 -4.425946411022962 -9.267882192122702 -18.361788786302533 -29.122001088848922 -13.263379141618554 -18.78648559636013 0.0 0.0 0.0 0.0 0.0 0.0 0.0 0.0 0.0 0.0 0.0 0.0 0.0 0.0 0.0 
0.0 0.0 0.0 0.0 0.0 0.0 0.0 0.0 0.0 0.0 0.0 0.0 0.0 0.0 0.0 0.0 0.0 0.0 0.0 0.0 0.0 0.0 0.0 0.0 0.0 0.0 0.0 0.0 0.0 0.0 0.0 0.0 0.0 0.0 0.0 0.0 0.0 0.0 0.0 0.0 0.0 0.0 0.0 0.0 0.0 0.0 0.0 0.0 0.0 0.0 0.0 0.0 0.0 17.733054725664864 14.823506416627117 29.46447117063918 25.258190764891417 19.665815721679106 11.34018877134355 25.463120249299976 22.834876552792636 15.35542189327927 25.23162242783234 16.251339964328277 14.310477683437657 15.21888334831177 12.934303878864407 7.88059100718217 2.7882700959256823 -1.5803672090177425 3.2324364430189005 -8.71967153086156 -18.45093742646729 -16.657205799430134 -13.287139718167076 -14.335760609464902 -19.267488316420497 -23.678499257422015 -34.212857742418635 -9.128449519021867 -11.015901814040426 -19.506725136681204 -29.32104144308665 -13.001767911731633 -18.845427504042767 0.0 0.0 0.0 0.0 0.0 0.0 0.0 0.0 0.0 0.0 0.0 0.0 0.0 0.0 0.0 
0.0 0.0 0.0 0.0 0.0 0.0 0.0 0.0 0.0 0.0 0.0 0.0 0.0 0.0 0.0 0.0 0.0 0.0 0.0 0.0 0.0 0.0 0.0 0.0 0.0 0.0 0.0 0.0 0.0 0.0 0.0 0.0 0.0 0.0 0.0 0.0 0.0 0.0 0.0 0.0 0.0 0.0 0.0 0.0 0.0 0.0 0.0 0.0 0.0 0.0 0.0 0.0 0.0 22.264008483749404 33.85117961128468 30.791081957066233 25.580486596578723 19.404042540753323 9.80054198555501 22.755334636734826 11.413493998377106 15.040766850702623 40.357170202108925 18.783390435572706 -0.4453835379382314 10.025993115309664 13.96935731834577 11.947744587357423 6.298670849676816 0.4306451958009363 7.231431757754294 -7.8770059040928535 -21.44803300548533 -29.6480866652452 -24.42123797892455 -27.304384802922037 -10.821962380847118 -6.516058654310371 -12.830415077271377 -23.671261965941095 -9.783396281577748 -18.116018766132797 -28.142648941921987 -12.701718285943626 -18.841360451365535 0.0 0.0 0.0 0.0 0.0 0.0 0.0 0.0 0.0 0.0 0.0 0.0 0.0 0.0 0.0 
0.0 0.0 0.0 0.0 0.0 0.0 0.0 0.0 0.0 0.0 0.0 0.0 0.0 0.0 0.0 0.0 0.0 0.0 0.0 0.0 0.0 0.0 0.0 0.0 0.0 0.0 0.0 0.0 0.0 0.0 3.9533580695634507 -3.7022738446074297 0.0 0.0 0.0 0.0 0.0 0.0 0.0 0.0 0.0 0.0 0.0 0.0 0.0 0.0 0.0 0.0 0.0 0.0 0.0 0.0 0.0 0.0 23.778723381539656 35.10198613102376 26.942632865581018 18.309027988731632 13.003115559113352 22.387038023839914 2.8434673604535448 42.29842661774042 42.07585359187938 12.981591820494222 -4.055772470165288 10.428982144651128 14.801561265078272 15.033365491015122 10.007219077708985 1.8591004374833573 3.7981305422255707 -9.720168126661239 -20.797924383225187 -24.52644717709054 -17.138735967909028 -17.76787324951465 -27.098693491408383 -5.007678417097579 -22.58615948010705 -37.76996027733678 -17.62675542561926 -15.802716334797115 -26.493168954415765 -12.719910052532988 -19.43244153861053 -20.04145266964724 0.0 0.0 0.0 0.0 0.0 0.0 0.0 0.0 0.0 0.0 0.0 0.0 0.0 0.0 
0.0 0.0 0.0 0.0 0.0 0.0 0.0 0.0 0.0 0.0 0.0 0.0 0.0 0.0 0.0 0.0 0.0 0.0 0.0 0.0 0.0 0.0 0.0 0.0 0.0 0.0 0.0 0.0 0.0 0.0 0.0 0.0 0.0 0.0 0.0 0.0 0.0 0.0 0.0 0.0 0.0 0.0 0.0 0.0 0.0 0.0 0.0 0.0 0.0 0.0 0.0 0.0 0.0 0.0 27.643585021021302 38.074495974971846 27.81529600336024 17.760650666791932 10.31053424501063 19.54566741794749 -16.657329843233363 16.870451559804803 45.10240229894104 18.396809905413612 -2.142617413892351 7.752925393900384 10.845619590835218 12.643887376332321 8.987800179658322 1.4286484877558179 3.7797778383976484 -3.6391847508385786 -15.367012712383895 -18.22181459001335 -18.659129302809113 -36.42821316234521 -24.869589697888706 53.966089693719 -19.867808231259488 -39.83373585928948 -26.32980667744333 -14.700037407258995 -25.145185731031972 -12.71897362415309 -19.927577943887535 -22.787800504460943 0.0 0.0 0.0 0.0 0.0 0.0 0.0 0.0 0.0 0.0 0.0 0.0 0.0 0.0 
0.0 0.0 0.0 0.0 0.0 0.0 0.0 0.0 0.0 0.0 0.0 0.0 0.0 0.0 0.0 0.0 0.0 0.0 0.0 0.0 0.0 0.0 0.0 0.0 0.0 0.0 0.0 0.0 0.0 0.0 0.0 0.0 0.0 0.0 0.0 0.0 0.0 0.0 0.0 0.0 0.0 0.0 0.0 0.0 0.0 0.0 0.0 0.0 0.0 0.0 0.0 0.0 0.0 0.0 24.177263854701284 38.113430084010936 27.548758217158134 30.40233783547425 11.565080097855718 34.60375063110097 11.236953483973261 10.804172955459181 22.317300112402876 4.813445559924398 20.162089100042625 8.575316560321248 6.77381156427664 9.203663454300955 8.16260970319541 1.8772328308102764 -4.830765255588451 -3.0052079322359653 -5.972252578440724 -11.068026466038935 -8.824010230982601 -29.372953456797934 -13.268769883105971 -22.130484845809775 -33.69675207908107 -33.96201298663026 -18.07662627562906 -15.343825027525327 -24.297461213431383 -12.566595618333686 -19.491908906781678 0.0 0.0 0.0 0.0 0.0 0.0 0.0 0.0 0.0 0.0 0.0 0.0 0.0 0.0 0.0 
0.0 0.0 0.0 0.0 0.0 0.0 0.0 0.0 0.0 0.0 0.0 0.0 0.0 0.0 0.0 0.0 0.0 0.0 0.0 0.0 0.0 8.311827803448134 1.1201162183800049 -4.746062638728921 0.0 0.0 0.0 0.0 0.0 0.0 0.0 0.0 0.0 0.0 0.0 0.0 0.0 0.0 0.0 0.0 0.0 0.0 0.0 0.0 0.0 0.0 0.0 0.0 0.0 0.0 0.0 0.0 0.0 7.644430922200195 16.670223842526347 29.72138665850608 17.72199072650779 33.62635620664719 18.60947991799757 44.31571498295495 25.381554643156313 -6.2186388674543345 11.075184108568754 1.6966595393661852 42.70813023763057 10.95307581237995 21.999393240031896 9.860926886031516 -5.136052394184 -0.7701151099614014 -16.427122391451658 -0.8590126783718408 -0.707932110905368 -8.97987687362853 -14.28184799870172 -29.02605894471698 -22.71432652128325 -25.437550686747404 -31.577095727572704 -32.34631162769201 -23.31652388142464 -32.081024050112546 -21.733148144488425 -13.931148539533392 -23.439831422485177 0.0 0.0 0.0 0.0 0.0 0.0 0.0 0.0 0.0 0.0 0.0 0.0 0.0 0.0 0.0 
0.0 0.0 0.0 0.0 0.0 0.0 0.0 0.0 0.0 0.0 0.0 0.0 0.0 0.0 0.0 0.0 0.0 0.0 0.0 0.0 0.0 8.00981972807995 0.36315809840328866 -5.9050469892992 -5.197566328688719 3.4770633298695093 -1.0252101297519798 -5.489050984432853 0.0 0.0 0.0 0.0 0.0 0.0 1.4514359725440875 0.0 0.0 0.0 0.0 0.0 0.0 0.0 0.0 0.0 0.0 0.0 0.0 0.0 0.0 0.0 0.0 0.0 0.0 16.513235046354332 7.084001234564484 18.00652696133743 17.902388273131006 41.46622871137404 35.168079982214024 41.518727695461614 25.84330695040136 6.155555450297047 9.309663188824093 -0.008418399649173125 26.0377465345733 11.252836483698125 20.95614905422655 4.446264479716084 -16.59671269320375 10.68723937098566 0.9241727187078969 -16.37688989207565 -3.409409110844289 2.327888819235373 -6.1944271234087935 -23.359222797393976 -5.954099239810757 -17.836613483968954 -22.300556697347062 -9.798991312873195 -36.8901272291786 -39.20542722146697 -26.614492585866184 -12.8793454013142 -18.35671131234176 0.0 0.0 0.0 0.0 0.0 0.0 0.0 0.0 0.0 0.0 0.0 0.0 0.0 0.0 0.0 
0.0 0.0 0.0 0.0 0.0 0.0 0.0 0.0 0.0 0.0 0.0 0.0 0.0 0.0 0.0 0.0 0.0 0.0 0.0 0.0 0.0 8.42908706069903 8.994213644463146 -1.047615173348853 -6.699087963307006 3.1856116221856294 -0.6683212860384514 -5.17037970876843 -7.1217506522223815 -9.458594029463262 0.0 0.0 0.0 0.0 1.5916680723455063 -12.532725584243755 0.0 0.0 0.0 0.0 0.0 0.0 0.0 0.0 0.0 0.0 0.0 0.0 0.0 0.0 0.0 0.0 0.0 16.777785872120294 6.4908051664154165 15.952717395227998 20.37083790347331 23.273066379803783 43.06626989121026 15.111630356438372 0.3566830183555272 0.1307230796740908 22.721684927328514 25.015625824410012 17.96183605179624 13.073144376776126 23.56776385923235 1.8693894448959616 -17.629280349389852 -3.239417706381537 -3.848110628106398 1.5102722516559068 -10.232641016758546 5.6093297397846955 -2.404110657379009 -17.78816652342346 -6.21135855117437 -18.26712815307993 -24.50935358125523 -29.00543094947273 -40.37560773173152 -27.191509225607284 -29.524426287824646 -13.673014538003672 -18.57468439885743 0.0 0.0 0.0 0.0 0.0 0.0 0.0 0.0 0.0 0.0 0.0 0.0 0.0 0.0 0.0 
0.0 0.0 0.0 0.0 0.0 0.0 0.0 0.0 0.0 0.0 0.0 0.0 0.0 0.0 0.0 0.0 0.0 0.0 0.0 0.0 19.069881095582286 18.489006277433347 4.886463371640611 -3.4352949851254406 -7.550712689307444 2.4611870896781087 -0.05862689835579427 -4.187701036893518 -6.764767328356492 -9.265430721839431 -8.518462062347833 -0.12343695866623362 -0.3928478902216105 -10.99613311518778 1.4066655786970603 0.0 0.0 0.0 0.0 0.0 0.0 0.0 0.0 0.0 0.0 0.0 0.0 0.0 0.0 0.0 0.0 0.0 0.0 7.931703939347551 11.918511150165806 4.480947689653137 22.59270893683128 25.655300790877156 40.176098601476184 41.05168815256847 24.337287597433654 12.68937179667601 17.030622127580557 15.238821267134176 16.414572574894468 11.03999903380133 23.11754946937809 7.159749011407418 -13.478597968315217 -0.7678030849701947 -4.413975675739753 -8.30769273436565 -5.469571634996781 -9.061498849754894 -18.297119834109985 -38.334028043951086 -21.69339132714053 -15.971961129334906 -24.902666593596688 -31.725368923425705 -16.855549415558162 -24.30729668042274 -27.09562385970712 -15.4233145995772 -21.74429771077876 -9.665286261677892 0.0 0.0 0.0 0.0 0.0 0.0 0.0 0.0 0.0 0.0 0.0 0.0 0.0 0.0 
0.0 0.0 0.0 0.0 0.0 0.0 0.0 0.0 0.0 0.0 0.0 0.0 0.0 0.0 0.0 0.0 0.0 0.0 26.314502399578448 13.450539847019362 8.557983501642209 4.402641882212875 4.812056487955259 -2.3884009458259 -4.935747136943683 1.6626712523004186 0.3674617686305888 -3.2626645888465386 -6.11591726259028 -8.628188695894526 -7.166017792908491 -3.7099038033038654 -6.3544944707296125 -20.796802150106995 0.0 0.0 0.0 0.0 0.0 0.0 0.0 0.0 0.0 0.0 0.0 0.0 0.0 0.0 0.0 0.0 0.0 0.0 0.0 0.0 15.59251875222547 10.134339781235699 31.536429162066977 24.624552969491205 15.347823945564105 43.943487461166335 26.404213308996393 11.258865556674717 16.720164376232304 7.889001388051861 11.519402800554467 -0.11734283084953234 17.680141554377734 20.440347012223917 -3.7780467118189165 2.3227867617194784 -2.9106116638410056 -8.095776069975983 -8.383221572966454 -6.8437227135430945 -7.833608934726582 -9.060524391955445 -21.83732005816251 -26.614543368351573 -45.61150524727663 -39.88514188307352 -15.720251916906431 -22.682729462472057 -29.578825683084215 -13.381746291907623 -13.56840048698261 -8.847822891138149 0.0 0.0 0.0 0.0 0.0 0.0 0.0 0.0 0.0 0.0 0.0 0.0 0.0 0.0 
0.0 0.0 0.0 0.0 0.0 0.0 0.0 0.0 0.0 0.0 0.0 0.0 0.0 0.0 0.0 10.608776947275144 6.441594611614372 7.644888947809448 9.334417065987724 8.559482553705779 6.02596074176599 2.600685803894186 -0.3810511030540899 2.9241732444372257 0.0665960227213036 -1.3696389176488057 -4.969659602064513 -2.7739962081739584 -5.5432705276638 -7.878906725859425 -6.754050108415329 -6.0286507776299425 -10.853598337280918 -33.65478665855677 0.0 0.0 0.0 0.0 0.0 0.0 0.0 0.0 0.0 0.0 0.0 0.0 0.0 0.0 0.0 0.0 0.0 0.0 0.0 0.0 22.054823662183594 16.314176937517338 14.130343738463925 23.46659116997074 14.923782780909065 39.090133583005255 23.367627452591467 13.423517164913488 25.487202511788478 15.113434436813803 12.35259119549401 -11.3840358157217 8.180757755491769 2.125962621835959 16.06009663625917 1.9800517177126695 -16.041089916730016 -2.9654122506518092 -4.173330742735915 -7.314841537194988 -5.3106386048102525 -17.06214620610879 -30.897697995997312 -27.89021460654271 -24.056550858207284 -9.46182545825713 -15.060563837857641 -21.143967063167096 -26.892527895558402 -13.577197399724653 -15.02318225539564 0.0 0.0 0.0 0.0 0.0 0.0 0.0 0.0 0.0 0.0 0.0 0.0 0.0 0.0 0.0 
0.0 0.0 0.0 0.0 0.0 0.0 0.0 0.0 0.0 0.0 0.0 0.0 0.0 0.0 20.4104581634939 11.055569181710888 6.186488696588166 5.404703903378601 6.36781089201281 6.2925923110166195 4.361985400720363 1.4428994644369233 10.427453204838974 4.809943164726978 1.915292816607552 0.17075618901307982 -3.0461112453443326 -7.122747591110041 -8.072004682449563 -8.156435948377517 -8.836764247058351 -14.256329303589863 -14.246295850831368 0.0 0.0 0.0 0.0 0.0 0.0 0.0 0.0 0.0 0.0 0.0 0.0 0.0 0.0 0.0 0.0 0.0 0.0 0.0 0.0 0.0 25.298765351353563 17.040481331873508 12.25258376864971 9.823442759919079 18.983329672322586 28.546848129347595 17.024872182535177 13.508873817938147 30.762547182910623 3.9112833882478775 6.100291010866645 -11.432544035866526 6.558405422338263 4.269516998640537 17.408644835887845 -6.203734656453453 11.626443780922461 -3.2775715348972927 -9.112130079473305 -21.666974843970888 -267.35483805293535 -3.6632856591448713 -14.333358083142691 -11.994871617460317 -27.150141644363448 -16.53689222363816 -14.057757199394153 -19.287732688998872 -24.20412092625292 -13.384763528144905 -17.803764198509693 0.0 0.0 0.0 0.0 0.0 0.0 0.0 0.0 0.0 0.0 0.0 0.0 0.0 0.0 0.0 
0.0 0.0 0.0 0.0 0.0 0.0 0.0 0.0 0.0 0.0 0.0 0.0 0.0 0.0 19.18274309445902 11.25192852036755 6.339673896574854 4.574050424259297 4.557257702370633 11.283692312954575 7.70896149262399 7.597956880839876 6.392644340056743 3.7580547848068635 1.8325630969494076 0.31843970453621 -2.1767243280924293 -5.6784689830771224 -7.56817736072918 -8.085862513025548 -9.235020838391547 -15.894307435275604 -34.85513442727993 -63.4591098033075 0.0 0.0 0.0 0.0 0.0 0.0 0.0 0.0 0.0 0.0 0.0 0.0 0.0 0.0 0.0 0.0 0.0 0.0 0.0 0.0 25.19738150691415 16.528897159001527 10.523521390001529 8.189185610728694 2.090238070889713 32.79381901472232 19.25573764509453 33.75849635011415 36.41036092775306 2.8869064249683465 0.7311058370381209 -3.9495402378171094 0.9432541218799564 14.700101380015624 10.737467099635538 2.5702437833095573 10.656404423402984 -3.9027599788844607 -8.300744568849357 -36.675165589194464 -9.301313347440656 -12.973685219445763 -11.796396032185733 -15.273685280147827 -24.76523395268896 -14.922603253290474 -25.856989826864066 -17.73579949912569 -21.86528942748442 -13.185188854562385 -20.515225064503415 0.0 0.0 0.0 0.0 0.0 0.0 0.0 0.0 0.0 0.0 0.0 0.0 0.0 0.0 0.0 
0.0 0.0 0.0 0.0 0.0 0.0 0.0 0.0 0.0 0.0 0.0 0.0 0.0 0.0 22.9945248323913 12.6588743641178 6.547826535562044 3.5854645908145946 16.015032790917463 10.643161848564873 7.8463272624795 6.0351849987493384 4.542070534280779 2.6898480943826883 0.8369996574231737 -0.41071176684867383 -1.6878796472767195 -4.3500464314041025 -7.086213690265293 -7.5901147921224394 -8.614878904611698 -15.518801956871117 -32.736855493625825 -33.11901285207051 0.0 0.0 0.0 0.0 0.0 0.0 0.0 0.0 0.0 0.0 0.0 0.0 0.0 0.0 0.0 0.0 0.0 0.0 0.0 0.0 21.933480249035522 15.47450685098949 9.972483863111654 7.9321978684114365 2.4255964999331443 19.258823809385042 26.723349085010526 39.14651529811062 20.530842508829508 5.653279558904254 0.9823316637104078 2.845271552298253 5.311859035725139 7.877466285872176 3.327021060430681 30.939263873934358 5.815705835154516 -3.8451946259646554 -6.226213100854579 -61.14991370827402 -12.537567145099544 -14.632610487207296 -13.351206215707563 -18.26168511774899 -9.60119394797593 -19.198811342729854 -32.03303787005877 -6.205331456936367 -9.560201238421891 -13.342828127477535 -20.888066449202793 0.0 0.0 0.0 0.0 0.0 0.0 0.0 0.0 0.0 0.0 0.0 0.0 0.0 0.0 0.0 
0.0 0.0 0.0 0.0 0.0 0.0 0.0 0.0 0.0 0.0 0.0 0.0 0.0 0.0 27.327000084401128 13.711060765765758 6.638524957805389 17.878800530621614 13.361110850345288 11.070347029898087 9.386846025523763 6.799259177339463 4.346069358902065 2.030980108307137 -0.1420711154352714 -1.2463677105480553 -1.6400184486972738 -3.714518162860496 -7.211412111827741 -8.55699921181515 -9.574294753430678 -14.631978589270432 -24.688857584811302 -14.967105416048351 -14.442764753944976 -22.378306977452645 0.0 0.0 0.0 0.0 0.0 0.0 0.0 0.0 0.0 0.0 0.0 0.0 0.0 0.0 0.0 0.0 0.0 0.0 17.32616845725741 14.383727754692021 10.791729839277377 9.03190716652239 4.2119059878145215 17.609848206483136 11.164154171017362 24.103060183037414 13.553712464333291 0.5475517748950901 11.370787475793582 6.973905316248797 5.186936042400541 3.7601821052667908 2.840179432567348 -0.760703813724172 -0.19119527095853073 -3.8883891366154004 -7.848268451559103 0.2947910953356434 -3.498872522732975 -14.633236504094663 -24.731952595293773 -4.571437966327973 -12.853343729617507 -25.88904545485022 -5.88213415864621 -8.724848421222195 -11.451233116677315 -14.011912707425848 -18.592869592673857 0.0 0.0 0.0 0.0 0.0 0.0 0.0 0.0 0.0 0.0 0.0 0.0 0.0 0.0 0.0 
0.0 0.0 0.0 0.0 0.0 0.0 0.0 0.0 0.0 0.0 0.0 0.0 0.0 0.0 24.529761260219765 13.155997142225486 6.5598013633843335 15.12171118385474 13.56607103951282 12.651687693886096 11.352756109376587 8.433407928017477 5.227574653692343 2.423192461647596 0.2817306396977175 -0.9680127755040064 -1.9886963399808644 -4.177728404413146 -7.261946006028674 -9.525459143027595 -11.134986566571019 -14.196352080772336 -18.184455966811814 -21.685220517103172 -10.88029584872323 -17.89815189470601 -36.85441395344535 0.0 0.0 0.0 0.0 0.0 0.0 0.0 0.0 0.0 0.0 0.0 0.0 0.0 0.0 0.0 0.0 0.0 0.0 13.408538254144037 12.287987670054017 10.135393367531519 21.977381781131875 15.125270696228752 11.43648251919273 20.48773969538786 13.177697293175509 5.564446390727369 14.16619659078269 10.134440408060152 6.763852928719854 3.9147023086625286 1.266810146105993 -2.214447241409181 -5.1496609378221505 -5.837955977751445 -8.93799869194432 -19.385667989488915 -7.386261381295956 -15.769402264296216 -27.031558143045743 -9.276096528546551 -16.260683747476044 -32.22883853927545 -7.928958235567802 -11.008376111429026 -13.647600723926468 -15.02730815744406 0.0 0.0 0.0 0.0 0.0 0.0 0.0 0.0 0.0 0.0 0.0 0.0 0.0 0.0 0.0 0.0 
0.0 0.0 0.0 0.0 0.0 0.0 0.0 0.0 0.0 0.0 0.0 0.0 0.0 22.386942815515148 17.470411859822775 10.875339223886462 17.0174105676797 15.459686277882104 15.03707412083908 14.80824387050921 13.648296006613487 10.445970334200508 6.427739920626195 3.0497227098253332 0.9367971482071714 -0.4996838745556996 -2.288163247009894 -4.80591695046298 -7.168633113915203 -9.757414566361634 -11.774549649579399 -13.90129370488048 -15.686526906489402 -16.779137527952 -10.026005781785168 -16.34749321780837 -21.03560950522635 0.0 0.0 0.0 0.0 0.0 0.0 0.0 0.0 0.0 0.0 0.0 0.0 0.0 0.0 0.0 0.0 0.0 0.0 9.733655196734196 14.265824242641944 11.91622182113609 23.33044241082567 14.44272897839982 10.346644140077212 23.63145760562003 9.109476146029397 9.125215547612441 8.266219020097251 6.351315083483262 3.199275982237668 0.17475843338878394 -2.156560760917559 -2.8002356896904548 0.4050147859713664 -0.3104661148819372 -6.3583807419072675 0.1258232759914948 -10.52134372583143 -21.541375050645254 -13.101430345338384 -23.353301341887658 -19.80865707351785 -6.338735158588478 -9.384862637618157 -12.73825409904257 -15.413156200679431 0.0 0.0 0.0 0.0 0.0 0.0 0.0 0.0 0.0 0.0 0.0 0.0 0.0 0.0 0.0 0.0 0.0 
0.0 0.0 0.0 0.0 0.0 0.0 0.0 0.0 0.0 0.0 0.0 0.0 16.110070279710573 14.397948277598182 12.55240232666955 8.178331744535964 17.936090261859512 15.95738266561005 15.811290987110779 15.99346963639424 15.000406847284879 11.658391397690997 7.187772441474167 3.522702346458058 1.3315756958520293 -0.3361959703827033 -2.529944193497462 -5.167500579326228 -7.074205523232253 -9.688696944512573 -11.92482662783787 -13.826429641940504 -15.400951653555637 -16.72149093011634 -20.315544385074986 -15.173049361360976 -17.15736797793443 -16.380306409734295 0.0 0.0 0.0 0.0 0.0 0.0 0.0 0.0 0.0 0.0 0.0 0.0 0.0 0.0 0.0 0.0 0.0 0.0 0.0 20.84862347183911 32.112817347835815 16.01986562221639 8.5657248628059 19.654367926521974 7.811812849972929 10.572202859743784 7.374939407334767 7.873240978519274 5.7184006006886 1.9627709684560186 -2.1292794449569086 -3.972852708642022 0.12991273621119376 -0.865403444377574 -9.810460406679523 -3.3470257361537934 -5.076937586733202 -18.014604150737373 -7.461568026893842 -19.64006626875483 -5.965751134997426 -7.956759012535498 -11.339095686813266 -15.478562980078127 -18.687734834384845 0.0 0.0 0.0 0.0 0.0 0.0 0.0 0.0 0.0 0.0 0.0 0.0 0.0 0.0 0.0 0.0 0.0 
0.0 0.0 0.0 0.0 0.0 0.0 0.0 0.0 0.0 0.0 0.0 0.0 19.464986607782095 15.90831491251127 12.8842701237146 8.479716741810762 19.219665361874167 15.345953844782454 14.228486028551597 14.479562905721341 14.00192938106498 11.143657287606308 7.105774186502056 3.7088852874568117 1.3708429204037655 -0.5700581911302431 -2.780463888375259 -5.166001716830217 -6.959505885098528 -9.560067547297006 -12.011742956611032 -14.07840627951525 -15.68547421229118 -17.043961407515695 -20.572927600893138 -13.859490501908875 -16.19696966268076 -16.95233851181047 0.0 0.0 0.0 0.0 0.0 0.0 0.0 0.0 0.0 0.0 0.0 0.0 0.0 0.0 0.0 0.0 0.0 0.0 0.0 0.0 33.848061450106634 17.934692927272664 9.098628114313986 12.138866819293654 10.942093835682648 10.426505155227636 8.834359057386067 4.3555411574886325 0.9251736999806344 -2.3916140084770126 0.9774603652368574 -4.196251859120286 -1.410908966818087 -0.16735538747348144 -9.979125599088858 -4.969456939371841 -5.352047742638986 1.2121051717370255 -7.267990901495577 -4.612543374759932 -7.442376681682679 -10.166009893665912 -15.210673444648602 -24.97557751185648 0.0 0.0 0.0 0.0 0.0 0.0 0.0 0.0 0.0 0.0 0.0 0.0 0.0 0.0 0.0 0.0 0.0 0.0 
0.0 0.0 0.0 0.0 0.0 0.0 0.0 0.0 0.0 0.0 0.0 0.0 0.0 20.78611930252518 15.52427240857602 10.067743562764608 18.93451836753591 14.44160965568976 12.604392644421617 12.579331904447933 12.164859534953266 9.603174909024613 6.317537463836673 3.4843082870097186 0.9921870357576399 -1.17298962114627 -3.01476413281606 -4.694911193626057 -6.601990179066486 -9.303573225934382 -12.002638708589146 -14.353740068034721 -15.570438770672494 -15.835258840510775 -18.676828876099393 -12.77884074839708 -17.527850028925627 -22.455276449950286 0.0 0.0 0.0 0.0 0.0 0.0 0.0 0.0 0.0 0.0 0.0 0.0 0.0 0.0 0.0 0.0 0.0 0.0 0.0 0.0 32.38858124276166 14.616584639443639 6.420082573417421 0.8942661406451553 10.013333164233977 8.41862303319976 8.890220747429229 4.812857434986096 1.4200737458995876 -0.3529004877596207 -11.550492072017548 0.20494461749179216 -0.56176162857872 -0.34540155984427656 -10.053143572444217 -2.9230702864807876 -6.035893261872628 -13.609369083537167 -0.041893646832824025 -3.9533562844835455 -8.003518509742518 -11.823181326665996 -17.73968834772332 0.0 0.0 0.0 0.0 0.0 0.0 0.0 0.0 0.0 0.0 0.0 0.0 0.0 0.0 0.0 0.0 0.0 0.0 0.0 
0.0 0.0 0.0 0.0 0.0 0.0 0.0 0.0 0.0 0.0 0.0 0.0 0.0 23.675984492136372 16.844820515845356 10.816030263819808 18.017675872114232 14.93272229327121 12.678832778939633 11.666288106826325 10.510532948037403 7.925266476300756 5.435366147853268 3.250546621907491 0.6406061634292736 -1.7789130280377226 -3.1617131227001622 -3.873073884237404 -5.806597884469209 -8.332526095994002 -11.188686210740693 -13.867438987921034 -15.351449272113651 -15.973167765965332 -19.862960020326135 -12.265662681789097 -18.39687437700339 -27.27374943202282 0.0 0.0 0.0 0.0 0.0 0.0 0.0 0.0 0.0 0.0 0.0 0.0 0.0 0.0 0.0 0.0 0.0 0.0 0.0 10.415413190656581 14.039567690767205 10.630037233884686 4.579626304550258 2.437879208699626 11.085397201384563 4.986331556694415 6.999653298359795 8.673286205535362 4.533012207858188 2.7174588946695284 -8.77370070324106 -5.586970056357599 -6.100137273251228 -12.19910847077109 -0.7033577662361991 -2.0114241117975116 -5.822975854037411 -11.55035587638211 -0.6343554519713657 -3.368456286169196 -8.089453716171295 -11.465521185357929 -12.233424345159817 -9.828999214032148 0.0 0.0 0.0 0.0 0.0 0.0 0.0 0.0 0.0 0.0 0.0 0.0 0.0 0.0 0.0 0.0 0.0 0.0 
0.0 0.0 0.0 0.0 0.0 0.0 0.0 0.0 0.0 0.0 0.0 0.0 0.0 22.88336197236774 16.426634219134375 10.93867528001989 17.396062266588494 16.595299773851444 13.791382207008256 11.304616337448403 8.932522327229055 6.090878888890554 4.488291814648241 3.3393267302833634 0.7272518992102466 -2.130111758115021 -3.35613002945866 -3.2203804821211808 -5.139523365910904 -7.21366114163543 -10.252467948778925 -13.279012930005166 -15.472588891394363 -17.841503641491602 -6.6188405761623486 -11.795778723731537 -17.597147564377153 -25.664716089981592 0.0 0.0 0.0 0.0 0.0 0.0 0.0 0.0 0.0 0.0 0.0 0.0 0.0 0.0 0.0 0.0 0.0 0.0 0.0 6.593090585548851 9.007504040282855 8.109382808887295 5.307000215389528 3.3373354599858036 2.988868532390272 2.7702969855727173 0.45090313543113986 7.755912737592512 5.302737435042671 2.48824769584044 -2.1270925647545136 -1.0286953789443498 -2.3557502463755156 -10.910195300763718 -0.23603566105947302 -2.6910266125681512 -4.129105699753926 -3.531769193531869 -2.110381992213989 -3.83639169031575 -8.106247600047702 -8.708748048352843 -5.073972174178967 -3.476721350889666 0.0 0.0 0.0 0.0 0.0 0.0 0.0 0.0 0.0 0.0 0.0 0.0 0.0 0.0 0.0 0.0 0.0 0.0 
0.0 0.0 0.0 0.0 0.0 0.0 0.0 0.0 0.0 0.0 0.0 0.0 0.0 20.97233732920204 15.685251451360148 11.059848024792114 6.656715029594081 18.106933811925284 14.876926856754208 11.375677298811903 8.178456231744999 5.083053229114258 3.8753925315359075 3.4141843964751586 0.9237952887188471 -2.149373158905723 -3.464758291588833 -3.0329070729791114 -4.927799576400027 -6.536068727369667 -9.614415284920723 -12.700802229297942 -15.30518268711361 -19.25935560937097 -6.723646566410208 -11.840632181115767 -17.10390494673819 -23.864918650076394 0.0 0.0 0.0 0.0 0.0 0.0 0.0 0.0 0.0 0.0 0.0 0.0 0.0 0.0 0.0 0.0 0.0 0.0 0.0 4.130554539433071 3.0502821218094263 2.7979481962320123 3.7640782749331505 5.948490090899627 6.740525029681279 4.149096387293733 0.3800198015853056 -0.01605544717784788 0.7333856247777405 1.0803488177539033 0.2482297896713466 -1.0493962298016997 -0.5501027523355979 0.6452030585312158 -1.0348633584229023 -3.7206972786642885 -6.822868436799372 -9.482632553736655 -9.41438326597864 0.0 0.0 0.0 0.0 0.7457414370080759 -6.054594629112034 0.0 0.0 0.0 0.0 0.0 0.0 0.0 0.0 0.0 0.0 0.0 0.0 0.0 0.0 0.0 0.0 0.0 
0.0 0.0 0.0 0.0 0.0 0.0 0.0 0.0 0.0 0.0 0.0 0.0 0.0 20.438070696324758 15.932060060206858 11.738974563055926 7.35839196115405 18.497244001604823 15.182308219444899 11.477036025607934 8.194250928365403 5.104221478002804 3.698609159972575 3.1210331776812286 0.7243432999497593 -2.1970395555043942 -3.368013451894534 -2.8223427807980075 -4.8259590742621405 -6.275555465749165 -9.301320035794598 -12.39071381028814 -15.071188995895517 -18.90913095605962 -7.065818896521551 -12.355519732139829 -17.75784215964484 -24.827253687219134 0.0 0.0 0.0 0.0 0.0 0.0 0.0 0.0 0.0 0.0 0.0 0.0 0.0 0.0 0.0 0.0 0.0 0.0 7.873806159972784 2.053139826198119 -6.15481205240229 0.0 0.0 0.0 24.224760559587175 6.6941838985533 -0.6211127764244664 -0.7494754519820902 0.5350827192316502 2.2997104947322917 2.629544714421541 1.2241112103590364 -0.34664742420116645 -1.5082542333185083 -3.044940737224761 -5.900556887000884 -15.52653120389516 0.0 0.0 0.0 0.0 0.0 0.0 4.4724284824374605 -5.220023932602845 0.0 0.0 0.0 0.0 0.0 0.0 0.0 0.0 0.0 0.0 0.0 0.0 0.0 0.0 0.0 0.0 0.0 
0.0 0.0 0.0 0.0 0.0 0.0 0.0 0.0 0.0 0.0 0.0 0.0 0.0 24.52668435392462 18.736003270915575 13.308760989875166 7.986359680797489 17.759934254970577 14.542492580540046 11.370249349108166 8.664125899371722 5.736800567000797 3.7706743090258144 2.5193501630514223 0.04726499936431883 -2.5262359555762077 -3.1012752756003907 -2.213202485522099 -4.5222269952408 -6.234001360008537 -9.261809287793364 -12.528930316207068 -15.046356912476824 -4.128742222318482 -7.450384203799815 -13.113430868768253 -19.851232690969745 -31.539881090450123 0.0 0.0 0.0 0.0 0.0 0.0 0.0 0.0 0.0 0.0 0.0 0.0 0.0 0.0 0.0 0.0 0.0 0.0 7.945546510337034 0.500194168450484 0.0 0.0 0.0 0.0 0.0 11.754847175256272 -1.9000832238292928 -4.05149702173907 -2.383202082512144 5.499852566238248 8.138129036782146 4.986895478045714 0.8390800017820541 -3.2230631363435145 -5.181239163776051 -7.690525314767935 0.0 0.0 0.0 0.0 0.0 0.0 0.0 0.0 0.0 0.0 0.0 0.0 0.0 0.0 0.0 0.0 0.0 0.0 0.0 0.0 0.0 0.0 0.0 0.0 0.0 0.0 
0.0 0.0 0.0 0.0 0.0 0.0 0.0 0.0 0.0 0.0 0.0 0.0 0.0 0.0 24.169209591215157 15.024305543224983 8.425578910014956 4.197698318822876 14.1851871856656 11.401391286457072 9.199569620722437 6.317271023877504 3.919927165518833 2.2231650057910084 -0.3076092855618433 -2.5832809343282146 -2.670438251354332 -1.6859134051802953 -4.253570808664391 -6.3486120327600135 -9.466509374263179 -13.228612603196897 -16.346079825726484 -5.424021840454907 -7.940387606540827 -13.577675014632337 -22.091859059939587 0.0 0.0 0.0 0.0 0.0 0.0 0.0 0.0 0.0 0.0 0.0 0.0 0.0 0.0 0.0 0.0 0.0 0.0 0.0 0.0 0.0 0.0 0.0 0.0 0.0 0.0 0.0 4.129670403223704 -2.396878312760594 -7.096106372741371 0.0 0.0 0.0 0.0 0.0 0.0 0.0 0.0 0.0 0.0 0.0 0.0 0.0 0.0 0.0 0.0 0.0 0.0 0.0 0.0 0.0 0.0 0.0 0.0 0.0 0.0 0.0 0.0 0.0 0.0 0.0 0.0 0.0 
0.0 0.0 0.0 0.0 0.0 0.0 0.0 0.0 0.0 0.0 0.0 0.0 0.0 0.0 18.28488918153529 14.858775137033016 10.020460348083564 6.138126178495501 3.4316250654691145 12.180813924994847 9.655302107477421 6.808558489690317 4.426055366476357 3.0544283546670004 1.1121295136308387 -1.0485121621810256 -2.498401285106992 -3.2780555652313184 -5.322678391459534 -7.25117875684548 -10.445010292483673 -14.526592480883984 -5.63116088411592 -7.115816212691503 -9.279485855368033 -12.326498930758914 -16.343973850977576 0.0 0.0 0.0 0.0 0.0 0.0 0.0 0.0 0.0 0.0 0.0 0.0 0.0 0.0 0.0 0.0 0.0 0.0 0.0 0.0 0.0 0.0 0.0 0.0 -1.506893220301667 0.0 0.0 0.0 -0.6869703493846976 0.0 0.0 0.0 0.0 0.0 0.0 0.0 0.0 0.0 0.0 0.24220487576978758 -7.55019472074138 0.0 0.0 0.0 0.0 0.0 0.0 0.0 0.0 0.0 0.0 0.0 0.0 0.0 0.0 0.0 0.0 0.0 0.0 0.0 0.0 0.0 0.0 
0.0 0.0 0.0 0.0 0.0 0.0 0.0 0.0 0.0 0.0 0.0 0.0 7.510876029615767 2.551856493001632 -9.443777905482676 0.0 33.54684264927172 16.525858762525665 8.592325392861138 4.077456281981863 10.59932326281864 8.322744432489984 5.824348643171033 4.283086734536388 2.6574908812230884 0.3582379471164322 -2.407942567825978 -4.901835463731665 -6.487745597475223 -8.105630719922768 -11.315116513359829 -3.8044734033138012 -5.507041581920295 -8.698110314388176 -12.468516870673191 -10.38981327209364 -6.972158667642355 -9.404559738827267 0.0 0.0 0.0 0.0 0.0 0.0 0.0 0.0 0.0 0.0 0.0 0.0 0.0 0.0 0.0 0.0 0.0 0.0 0.0 0.0 0.0 0.0 0.0 0.0 0.0 0.0 0.0 0.0 0.0 0.0 0.0 0.0 0.0 0.0 0.0 0.0 0.0 0.0 0.0 0.0 0.0 0.0 0.0 0.0 0.0 0.0 0.0 0.0 0.0 0.0 0.0 0.0 0.0 0.0 0.0 0.0 0.0 0.0 0.0 0.0 0.0 0.0 
0.0 0.0 0.0 0.0 0.0 0.0 0.0 0.0 0.0 0.0 0.0 12.792766052145122 5.623594237348651 -2.6068649971436217 0.0 0.0 0.0 0.0 96.02976419831465 11.658180756153149 6.184993179763911 12.130240064775792 7.983976257691235 5.172832264812579 3.4828554106517813 1.2599513949417604 -1.8198339049696648 -4.848719046779786 -5.963899767132314 -7.576783278989917 -3.8388188908291774 -3.301936304186423 -4.301619624130001 -9.266153578402884 -16.431393191897772 -9.582523247121598 0.5366759049742374 -5.164739081194358 0.0 0.0 0.0 0.0 0.0 0.0 0.0 0.0 0.0 0.0 0.0 0.0 0.0 0.0 0.0 0.0 0.0 0.0 0.0 0.0 0.0 0.0 0.0 0.0 0.0 0.0 0.0 0.0 0.0 0.0 0.0 0.0 0.0 0.0 0.0 0.0 0.0 0.0 0.0 0.0 0.0 0.0 0.0 0.0 0.0 0.0 0.0 0.0 0.0 0.0 0.0 0.0 0.0 0.0 0.0 0.0 0.0 0.0 0.0 0.0 0.0 0.0 
0.0 0.0 0.0 0.0 0.0 0.0 0.0 0.0 0.0 0.0 0.0 12.53736423299817 5.123782464437785 -4.335920218874398 0.0 0.0 0.0 0.0 0.0 0.0 34.26508586554675 14.85176848971884 6.889306682706718 3.893013203530006 3.4872731838413524 2.344482671527803 -0.4786700400587451 -3.8506549954851534 -4.432348261368261 -4.646813719020824 -4.770196301907011 -2.1881700197480565 -2.4035463440829794 -8.506457113193193 -17.80101499934893 -11.164438461545936 3.9557973569057863 -3.6243243153002322 -20.45177543644684 0.0 0.0 0.0 0.0 0.0 0.0 0.0 0.0 0.0 0.0 0.0 0.0 0.0 0.0 0.0 0.0 0.0 0.0 0.0 0.0 0.0 0.0 0.0 0.0 0.0 0.0 0.0 0.0 0.0 0.0 0.0 0.0 0.0 0.0 0.0 0.0 0.0 0.0 0.0 0.0 0.0 0.0 0.0 0.0 0.0 0.0 0.0 0.0 0.0 0.0 0.0 0.0 0.0 0.0 0.0 0.0 0.0 0.0 0.0 0.0 0.0 
0.0 0.0 0.0 0.0 0.0 0.0 0.0 0.0 0.0 0.0 0.0 12.477151701677364 5.066136656953116 -4.479870724743299 0.0 0.0 0.0 0.0 0.0 0.0 0.0 39.13286319450454 9.993043532463203 4.4219055810093355 3.8354017871009685 2.7259354875692794 -0.5052988821948444 -4.598851664456599 -5.294888515597239 -5.744877400884699 -5.436648582836006 -0.5563906941433392 -0.22070413864599162 -6.83536690003162 -15.951901995438565 -13.367702430190144 2.874068650776872 -3.5362556177249336 0.0 0.0 0.0 0.0 0.0 0.0 0.0 0.0 0.0 0.0 0.0 0.0 0.0 0.0 0.0 0.0 0.0 0.0 0.0 0.0 0.0 0.0 0.0 0.0 0.0 0.0 0.0 0.0 0.0 0.0 0.0 0.0 0.0 0.0 0.0 0.0 0.0 0.0 0.0 0.0 0.0 0.0 0.0 0.0 0.0 0.0 0.0 0.0 0.0 0.0 0.0 0.0 0.0 0.0 0.0 0.0 0.0 0.0 0.0 0.0 0.0 0.0 
0.0 0.0 0.0 0.0 0.0 0.0 0.0 0.0 0.0 0.0 0.0 0.0 4.894841993764242 -4.924158153055963 0.0 0.0 0.0 0.0 0.0 0.0 0.0 108.87299627355233 11.894991986882694 4.051836523227935 3.5398001713043423 2.8538120518369934 -0.49653397184552883 -5.038881560413603 -5.498363929747046 -5.956821470907344 -5.018162179048894 0.8423381873094243 1.106694901495924 -5.166542511494541 -13.23072887277713 -15.776833638891318 0.0 0.0 0.0 0.0 0.0 0.0 0.0 0.0 0.0 0.0 0.0 0.0 0.0 0.0 0.0 0.0 0.0 0.0 0.0 0.0 0.0 0.0 0.0 0.0 0.0 0.0 0.0 0.0 0.0 0.0 0.0 0.0 0.0 0.0 0.0 0.0 0.0 0.0 0.0 0.0 0.0 0.0 0.0 0.0 0.0 0.0 0.0 0.0 0.0 0.0 0.0 0.0 0.0 0.0 0.0 0.0 0.0 0.0 0.0 0.0 0.0 0.0 0.0 0.0 
0.0 0.0 0.0 0.0 0.0 0.0 0.0 0.0 0.0 0.0 0.0 0.0 0.0 0.0 0.0 0.0 0.0 0.0 0.0 0.0 0.0 46.05435396632742 8.96681547072596 1.3727796978371505 1.1029856786647532 2.08321779381419 -0.08278337513364759 -3.8564798038731714 -3.407639462687501 -3.6986908449055536 -2.3501967792534133 -0.014107227383059407 -0.7145369848049612 -5.018357217847362 -11.60629558332971 0.0 0.0 0.0 0.0 0.0 0.0 0.0 0.0 0.0 0.0 0.0 0.0 0.0 0.0 0.0 0.0 0.0 0.0 0.0 0.0 0.0 0.0 0.0 0.0 0.0 0.0 0.0 0.0 0.0 0.0 0.0 0.0 0.0 0.0 0.0 0.0 0.0 0.0 0.0 0.0 0.0 0.0 0.0 0.0 0.0 0.0 0.0 0.0 0.0 0.0 0.0 0.0 0.0 0.0 0.0 0.0 0.0 0.0 0.0 0.0 0.0 0.0 0.0 0.0 0.0 
0.0 0.0 0.0 0.0 0.0 0.0 0.0 0.0 0.0 0.0 0.0 0.0 0.0 0.0 0.0 0.0 0.0 0.0 0.0 0.0 0.0 30.952637346498424 6.881661209891816 -1.4689854896415417 -2.784707763648554 0.45077761448816117 0.8904810464487827 -1.4959307809181293 -0.3451254513795737 -1.0169857912309606 -0.14374869682965827 -0.7692685875145049 -2.533558366592096 -5.051081089129071 -10.141417085404145 0.0 0.0 0.0 0.0 0.0 0.0 0.0 0.0 0.0 0.0 0.0 0.0 0.0 0.0 0.0 0.0 0.0 0.0 0.0 0.0 0.0 0.0 0.0 0.0 0.0 0.0 0.0 0.0 0.0 0.0 0.0 0.0 0.0 0.0 0.0 0.0 0.0 0.0 0.0 0.0 0.0 0.0 0.0 0.0 0.0 0.0 0.0 0.0 0.0 0.0 0.0 0.0 0.0 0.0 0.0 0.0 0.0 0.0 0.0 0.0 0.0 0.0 0.0 0.0 0.0 
0.0 0.0 0.0 0.0 0.0 0.0 0.0 0.0 0.0 0.0 0.0 0.0 0.0 0.0 0.0 0.0 0.0 0.0 0.0 0.0 0.0 0.0 8.41483575604264 -2.264627753893247 -4.652772768778603 -0.10027260743993292 1.544618580194711 -0.9496813914862671 0.7197257316435106 -0.2803720757861153 0.8009942693700234 -0.12695862277814168 -2.0744345188158313 -4.44818515790806 0.0 0.0 0.0 0.0 0.0 0.0 0.0 0.0 0.0 0.0 0.0 0.0 0.0 0.0 0.0 0.0 0.0 0.0 0.0 0.0 0.0 0.0 0.0 0.0 0.0 0.0 0.0 0.0 0.0 0.0 0.0 0.0 0.0 0.0 0.0 0.0 0.0 0.0 0.0 0.0 0.0 0.0 0.0 0.0 0.0 0.0 0.0 0.0 0.0 0.0 0.0 0.0 0.0 0.0 0.0 0.0 0.0 0.0 0.0 0.0 0.0 0.0 0.0 0.0 0.0 0.0 
0.0 0.0 0.0 0.0 0.0 0.0 0.0 0.0 0.0 0.0 0.0 0.0 0.0 0.0 0.0 0.0 0.0 0.0 0.0 0.0 0.0 0.0 0.0 -1.9943326787760285 0.0 0.0 0.0 0.0 0.0 0.0 0.0 0.0 0.0 0.0 0.0 0.0 0.0 0.0 0.0 0.0 0.0 0.0 0.0 0.0 0.0 0.0 0.0 0.0 0.0 0.0 0.0 0.0 0.0 0.0 0.0 0.0 0.0 0.0 0.0 0.0 0.0 0.0 0.0 0.0 0.0 0.0 0.0 0.0 0.0 0.0 0.0 0.0 0.0 0.0 0.0 0.0 0.0 0.0 0.0 0.0 0.0 0.0 0.0 0.0 0.0 0.0 0.0 0.0 0.0 0.0 0.0 0.0 0.0 0.0 0.0 0.0 0.0 0.0 0.0 0.0 
0.0 0.0 0.0 0.0 0.0 0.0 0.0 0.0 0.0 0.0 0.0 0.0 0.0 0.0 0.0 0.0 0.0 0.0 0.0 0.0 0.0 0.0 0.0 0.0 0.0 0.0 0.0 0.0 0.0 0.0 0.0 0.0 0.0 0.0 0.0 0.0 0.0 0.0 0.0 0.0 0.0 0.0 0.0 0.0 0.0 0.0 0.0 0.0 0.0 0.0 0.0 0.0 0.0 0.0 0.0 0.0 0.0 0.0 0.0 0.0 0.0 0.0 0.0 0.0 0.0 0.0 0.0 0.0 0.0 0.0 0.0 0.0 0.0 0.0 0.0 0.0 0.0 0.0 0.0 0.0 0.0 0.0 0.0 0.0 0.0 0.0 0.0 0.0 0.0 0.0 0.0 0.0 0.0 0.0 0.0 0.0 0.0 0.0 0.0 0.0 
0.0 0.0 0.0 0.0 0.0 0.0 0.0 0.0 0.0 0.0 0.0 0.0 0.0 0.0 0.0 0.0 0.0 0.0 0.0 0.0 0.0 0.0 0.0 0.0 0.0 0.0 0.0 0.0 0.0 0.0 0.0 0.0 0.0 0.0 0.0 0.0 0.0 0.0 0.0 0.0 0.0 0.0 0.0 0.0 0.0 0.0 0.0 0.0 0.0 0.0 0.0 0.0 0.0 0.0 0.0 0.0 0.0 0.0 0.0 0.0 0.0 0.0 0.0 0.0 0.0 0.0 0.0 0.0 0.0 0.0 0.0 0.0 0.0 0.0 0.0 0.0 0.0 0.0 0.0 0.0 0.0 0.0 0.0 0.0 0.0 0.0 0.0 0.0 0.0 0.0 0.0 0.0 0.0 0.0 0.0 0.0 0.0 0.0 0.0 0.0 
0.0 0.0 0.0 0.0 0.0 0.0 0.0 0.0 0.0 0.0 0.0 0.0 0.0 0.0 0.0 0.0 0.0 0.0 0.0 0.0 0.0 0.0 0.0 0.0 0.0 0.0 0.0 0.0 0.0 0.0 0.0 0.0 0.0 0.0 0.0 0.0 0.0 0.0 0.0 0.0 0.0 0.0 0.0 0.0 0.0 0.0 0.0 0.0 0.0 0.0 0.0 0.0 0.0 0.0 0.0 0.0 0.0 0.0 0.0 0.0 0.0 0.0 0.0 0.0 0.0 0.0 0.0 0.0 0.0 0.0 0.0 0.0 0.0 0.0 0.0 0.0 0.0 0.0 0.0 0.0 0.0 0.0 0.0 0.0 0.0 0.0 0.0 0.0 0.0 0.0 0.0 0.0 0.0 0.0 0.0 0.0 0.0 0.0 0.0 0.0 
0.0 0.0 0.0 0.0 0.0 0.0 0.0 0.0 0.0 0.0 0.0 0.0 0.0 0.0 0.0 0.0 0.0 0.0 0.0 0.0 0.0 0.0 0.0 0.0 0.0 0.0 0.0 0.0 0.0 0.0 0.0 0.0 0.0 0.0 0.0 0.0 0.0 0.0 0.0 0.0 0.0 0.0 0.0 0.0 0.0 0.0 0.0 0.0 0.0 0.0 0.0 0.0 0.0 0.0 0.0 0.0 0.0 0.0 0.0 0.0 0.0 0.0 0.0 0.0 0.0 0.0 0.0 0.0 0.0 0.0 0.0 0.0 0.0 0.0 0.0 0.0 0.0 0.0 0.0 0.0 0.0 0.0 0.0 0.0 0.0 0.0 0.0 0.0 0.0 0.0 0.0 0.0 0.0 0.0 0.0 0.0 0.0 0.0 0.0 0.0 
0.0 0.0 0.0 0.0 0.0 0.0 0.0 0.0 0.0 0.0 0.0 0.0 0.0 0.0 0.0 0.0 0.0 0.0 0.0 0.0 0.0 0.0 0.0 0.0 0.0 0.0 0.0 0.0 0.0 0.0 0.0 0.0 0.0 0.0 0.0 0.0 0.0 0.0 0.0 0.0 0.0 0.0 0.0 0.0 0.0 0.0 0.0 0.0 0.0 0.0 0.0 0.0 0.0 0.0 0.0 0.0 0.0 0.0 0.0 0.0 0.0 0.0 0.0 0.0 0.0 0.0 0.0 0.0 0.0 0.0 0.0 0.0 0.0 0.0 0.0 0.0 0.0 0.0 0.0 0.0 0.0 0.0 0.0 0.0 0.0 0.0 0.0 0.0 0.0 0.0 0.0 0.0 0.0 0.0 0.0 0.0 0.0 0.0 0.0 0.0 
0.0 0.0 0.0 0.0 0.0 0.0 0.0 0.0 0.0 0.0 0.0 0.0 0.0 0.0 0.0 0.0 0.0 0.0 0.0 0.0 0.0 0.0 0.0 0.0 0.0 0.0 0.0 0.0 0.0 0.0 0.0 0.0 0.0 0.0 0.0 0.0 0.0 0.0 0.0 0.0 0.0 0.0 0.0 0.0 0.0 0.0 0.0 0.0 0.0 0.0 0.0 0.0 0.0 0.0 0.0 0.0 0.0 0.0 0.0 0.0 0.0 0.0 0.0 0.0 0.0 0.0 0.0 0.0 0.0 0.0 0.0 0.0 0.0 0.0 0.0 0.0 0.0 0.0 0.0 0.0 0.0 0.0 0.0 0.0 0.0 0.0 0.0 0.0 0.0 0.0 0.0 0.0 0.0 0.0 0.0 0.0 0.0 0.0 0.0 0.0 
0.0 0.0 0.0 0.0 0.0 0.0 0.0 0.0 0.0 0.0 0.0 0.0 0.0 0.0 0.0 0.0 0.0 0.0 0.0 0.0 0.0 0.0 0.0 0.0 0.0 0.0 0.0 0.0 0.0 0.0 0.0 0.0 0.0 0.0 0.0 0.0 0.0 0.0 0.0 0.0 0.0 0.0 0.0 0.0 0.0 0.0 0.0 0.0 0.0 0.0 0.0 0.0 0.0 0.0 0.0 0.0 0.0 0.0 0.0 0.0 0.0 0.0 0.0 0.0 0.0 0.0 0.0 0.0 0.0 0.0 0.0 0.0 0.0 0.0 0.0 0.0 0.0 0.0 0.0 0.0 0.0 0.0 0.0 0.0 0.0 0.0 0.0 0.0 0.0 0.0 0.0 0.0 0.0 0.0 0.0 0.0 0.0 0.0 0.0 0.0 
0.0 0.0 0.0 0.0 0.0 0.0 0.0 0.0 0.0 0.0 0.0 0.0 0.0 0.0 0.0 0.0 0.0 0.0 0.0 0.0 0.0 0.0 0.0 0.0 0.0 0.0 0.0 0.0 0.0 0.0 0.0 0.0 0.0 0.0 0.0 0.0 0.0 0.0 0.0 0.0 0.0 0.0 0.0 0.0 0.0 0.0 0.0 0.0 0.0 0.0 0.0 0.0 0.0 0.0 0.0 0.0 0.0 0.0 0.0 0.0 0.0 0.0 0.0 0.0 0.0 0.0 0.0 0.0 0.0 0.0 0.0 0.0 0.0 0.0 0.0 0.0 0.0 0.0 0.0 0.0 0.0 0.0 0.0 0.0 0.0 0.0 0.0 0.0 0.0 0.0 0.0 0.0 0.0 0.0 0.0 0.0 0.0 0.0 0.0 0.0 
0.0 0.0 0.0 0.0 0.0 0.0 0.0 0.0 0.0 0.0 0.0 0.0 0.0 0.0 0.0 0.0 0.0 0.0 0.0 0.0 0.0 0.0 0.0 0.0 0.0 0.0 0.0 0.0 0.0 0.0 0.0 0.0 0.0 0.0 0.0 0.0 0.0 0.0 0.0 0.0 0.0 0.0 0.0 0.0 0.0 0.0 0.0 0.0 0.0 0.0 0.0 0.0 0.0 0.0 0.0 0.0 0.0 0.0 0.0 0.0 0.0 0.0 0.0 0.0 0.0 0.0 0.0 0.0 0.0 0.0 0.0 0.0 0.0 0.0 0.0 0.0 0.0 0.0 0.0 0.0 0.0 0.0 0.0 0.0 0.0 0.0 0.0 0.0 0.0 0.0 0.0 0.0 0.0 0.0 0.0 0.0 0.0 0.0 0.0 0.0 
0.0 0.0 0.0 0.0 0.0 0.0 0.0 0.0 0.0 0.0 0.0 0.0 0.0 0.0 0.0 0.0 0.0 0.0 0.0 0.0 0.0 0.0 0.0 0.0 0.0 0.0 0.0 0.0 0.0 0.0 0.0 0.0 0.0 0.0 0.0 0.0 0.0 0.0 0.0 0.0 0.0 0.0 0.0 0.0 0.0 0.0 0.0 0.0 0.0 0.0 0.0 0.0 0.0 0.0 0.0 0.0 0.0 0.0 0.0 0.0 0.0 0.0 0.0 0.0 0.0 0.0 0.0 0.0 0.0 0.0 0.0 0.0 0.0 0.0 0.0 0.0 0.0 0.0 0.0 0.0 0.0 0.0 0.0 0.0 0.0 0.0 0.0 0.0 0.0 0.0 0.0 0.0 0.0 0.0 0.0 0.0 0.0 0.0 0.0 0.0 
0.0 0.0 0.0 0.0 0.0 0.0 0.0 0.0 0.0 0.0 0.0 0.0 0.0 0.0 0.0 0.0 0.0 0.0 0.0 0.0 0.0 0.0 0.0 0.0 0.0 0.0 0.0 0.0 0.0 0.0 0.0 0.0 0.0 0.0 0.0 0.0 0.0 0.0 0.0 0.0 0.0 0.0 0.0 0.0 0.0 0.0 0.0 0.0 0.0 0.0 0.0 0.0 0.0 0.0 0.0 0.0 0.0 0.0 0.0 0.0 0.0 0.0 0.0 0.0 0.0 0.0 0.0 0.0 0.0 0.0 0.0 0.0 0.0 0.0 0.0 0.0 0.0 0.0 0.0 0.0 0.0 0.0 0.0 0.0 0.0 0.0 0.0 0.0 0.0 0.0 0.0 0.0 0.0 0.0 0.0 0.0 0.0 0.0 0.0 0.0 
0.0 0.0 0.0 0.0 0.0 0.0 0.0 0.0 0.0 0.0 0.0 0.0 0.0 0.0 0.0 0.0 0.0 0.0 0.0 0.0 0.0 0.0 0.0 0.0 0.0 0.0 0.0 0.0 0.0 0.0 0.0 0.0 0.0 0.0 0.0 0.0 0.0 0.0 0.0 0.0 0.0 0.0 0.0 0.0 0.0 0.0 0.0 0.0 0.0 0.0 0.0 0.0 0.0 0.0 0.0 0.0 0.0 0.0 0.0 0.0 0.0 0.0 0.0 0.0 0.0 0.0 0.0 0.0 0.0 0.0 0.0 0.0 0.0 0.0 0.0 0.0 0.0 0.0 0.0 0.0 0.0 0.0 0.0 0.0 0.0 0.0 0.0 0.0 0.0 0.0 0.0 0.0 0.0 0.0 0.0 0.0 0.0 0.0 0.0 0.0 
