0.0 0.0 0.0 0.0 0.0 0.0 0.0 0.0 0.0 0.0 0.0 0.0 0.0 0.0 0.0 0.0 0.0 0.0 0.0 0.0 0.0 0.0 0.0 0.0 0.0 0.0 0.0 0.0 0.0 0.0 0.0 0.0 0.0 0.0 0.0 0.0 0.0 0.0 0.0 0.0 0.0 0.0 0.0 0.0 0.0 0.0 0.0 0.0 0.0 0.0 0.0 0.0 0.0 0.0 0.0 0.0 0.0 0.0 0.0 0.0 0.0 0.0 0.0 0.0 0.0 0.0 0.0 0.0 0.0 0.0 0.0 0.0 0.0 0.0 0.0 0.0 0.0 0.0 0.0 0.0 0.0 0.0 0.0 0.0 0.0 0.0 0.0 0.0 0.0 0.0 0.0 0.0 0.0 0.0 0.0 0.0 0.0 0.0 0.0 0.0 
0.0 0.0 0.0 0.0 0.0 0.0 0.0 0.0 0.0 0.0 0.0 0.0 0.0 0.0 0.0 0.0 0.0 0.0 0.0 0.0 0.0 0.0 0.0 0.0 0.0 0.0 0.0 0.0 0.0 0.0 0.0 0.0 0.0 0.0 0.0 0.0 0.0 0.0 0.0 0.0 0.0 0.0 0.0 0.0 0.0 0.0 0.0 0.0 0.0 0.0 0.0 0.0 0.0 0.0 0.0 0.0 0.0 0.0 0.0 0.0 0.0 0.0 0.0 0.0 0.0 0.0 0.0 0.0 0.0 0.0 0.0 0.0 0.0 0.0 0.0 0.0 0.0 0.0 0.0 0.0 0.0 0.0 0.0 0.0 0.0 0.0 0.0 0.0 0.0 0.0 0.0 0.0 0.0 0.0 0.0 0.0 0.0 0.0 0.0 0.0 
0.0 0.0 0.0 0.0 0.0 0.0 0.0 0.0 0.0 0.0 0.0 0.0 0.0 0.0 0.0 0.0 0.0 0.0 0.0 0.0 0.0 0.0 0.0 0.0 0.0 0.0 0.0 0.0 0.0 0.0 0.0 0.0 0.0 0.0 0.0 0.0 0.0 0.0 0.0 0.0 0.0 0.0 0.0 0.0 0.0 0.0 0.0 0.0 0.0 0.0 0.0 0.0 0.0 0.0 0.0 0.0 0.0 0.0 0.0 0.0 0.0 0.0 0.0 0.0 0.0 0.0 0.0 0.0 0.0 0.0 0.0 0.0 0.0 0.0 0.0 0.0 0.0 0.0 0.0 0.0 0.0 0.0 0.0 0.0 0.0 0.0 0.0 0.0 0.0 0.0 0.0 0.0 0.0 0.0 0.0 0.0 0.0 0.0 0.0 0.0 
0.0 0.0 0.0 0.0 0.0 0.0 0.0 0.0 0.0 0.0 0.0 0.0 0.0 0.0 0.0 0.0 0.0 0.0 0.0 0.0 0.0 0.0 0.0 0.0 0.0 0.0 0.0 0.0 0.0 0.0 0.0 0.0 0.0 0.0 0.0 0.0 0.0 0.0 0.0 0.0 0.0 0.0 0.0 0.0 0.0 0.0 0.0 0.0 0.0 0.0 0.0 0.0 0.0 0.0 0.0 0.0 0.0 0.0 0.0 0.0 0.0 0.0 0.0 0.0 0.0 0.0 0.0 0.0 0.0 0.0 0.0 0.0 0.0 0.0 0.0 0.0 0.0 0.0 0.0 0.0 0.0 0.0 0.0 0.0 0.0 0.0 0.0 0.0 0.0 0.0 0.0 0.0 0.0 0.0 0.0 0.0 0.0 0.0 0.0 0.0 
0.0 0.0 0.0 0.0 0.0 0.0 0.0 0.0 0.0 0.0 0.0 0.0 0.0 0.0 0.0 0.0 0.0 0.0 0.0 0.0 0.0 0.0 0.0 0.0 0.0 0.0 0.0 0.0 0.0 0.0 0.0 0.0 0.0 0.0 0.0 0.0 0.0 0.0 0.0 0.0 0.0 0.0 0.0 0.0 0.0 0.0 0.0 0.0 0.0 0.0 0.0 0.0 0.0 0.0 0.0 0.0 0.0 0.0 0.0 0.0 0.0 0.0 0.0 0.0 0.0 0.0 0.0 0.0 0.0 0.0 0.0 0.0 0.0 0.0 0.0 0.0 0.0 0.0 0.0 0.0 0.0 0.0 0.0 0.0 0.0 0.0 0.0 0.0 0.0 0.0 0.0 0.0 0.0 0.0 0.0 0.0 0.0 0.0 0.0 0.0 
0.0 0.0 0.0 0.0 0.0 0.0 0.0 0.0 0.0 0.0 0.0 0.0 0.0 0.0 0.0 0.0 0.0 0.0 0.0 0.0 0.0 0.0 0.0 0.0 0.0 0.0 0.0 0.0 0.0 0.0 0.0 0.0 0.0 0.0 0.0 0.0 0.0 0.0 0.0 0.0 0.0 0.0 0.0 0.0 0.0 0.0 0.0 0.0 0.0 0.0 0.0 0.0 0.0 0.0 0.0 0.0 0.0 0.0 0.0 0.0 0.0 0.0 0.0 0.0 0.0 0.0 0.0 0.0 0.0 0.0 0.0 0.0 0.0 0.0 0.0 0.0 0.0 0.0 0.0 0.0 0.0 0.0 0.0 0.0 0.0 0.0 0.0 0.0 0.0 0.0 0.0 0.0 0.0 0.0 0.0 0.0 0.0 0.0 0.0 0.0 
0.0 0.0 0.0 0.0 0.0 0.0 0.0 0.0 0.0 0.0 0.0 0.0 0.0 0.0 0.0 0.0 0.0 0.0 0.0 0.0 0.0 0.0 0.0 0.0 0.0 0.0 0.0 0.0 0.0 0.0 0.0 0.0 0.0 0.0 0.0 0.0 0.0 0.0 0.0 0.0 0.0 0.0 0.0 0.0 0.0 0.0 0.0 0.0 0.0 0.0 0.0 0.0 0.0 0.0 0.0 0.0 0.0 0.0 0.0 0.0 0.0 0.0 0.0 0.0 0.0 0.0 0.0 0.0 0.0 0.0 0.0 0.0 0.0 0.0 0.0 0.0 0.0 0.0 0.0 0.0 0.0 0.0 0.0 0.0 0.0 0.0 0.0 0.0 0.0 0.0 0.0 0.0 0.0 0.0 0.0 0.0 0.0 0.0 0.0 0.0 
0.0 0.0 0.0 0.0 0.0 0.0 0.0 0.0 0.0 0.0 0.0 0.0 0.0 0.0 0.0 0.0 0.0 0.0 0.0 0.0 0.0 0.0 0.0 0.0 0.0 0.0 0.0 0.0 0.0 0.0 0.0 0.0 0.0 0.0 0.0 0.0 0.0 0.0 0.0 0.0 0.0 0.0 0.0 0.0 0.0 0.0 0.0 0.0 0.0 0.0 0.0 0.0 0.0 0.0 0.0 0.0 0.0 0.0 0.0 0.0 0.0 0.0 0.0 0.0 0.0 0.0 0.0 0.0 0.0 0.0 0.0 0.0 0.0 0.0 0.0 0.0 0.0 0.0 0.0 0.0 0.0 0.0 0.0 0.0 0.0 0.0 0.0 0.0 0.0 0.0 0.0 0.0 0.0 0.0 0.0 0.0 0.0 0.0 0.0 0.0 
0.0 0.0 0.0 0.0 0.0 0.0 0.0 0.0 0.0 0.0 0.0 0.0 0.0 0.0 0.0 0.0 0.0 0.0 0.0 0.0 0.0 0.0 0.0 0.0 0.0 0.0 0.0 0.0 0.0 0.0 0.0 0.0 0.0 0.0 0.0 0.0 0.0 0.0 0.0 0.0 0.0 0.0 0.0 0.0 0.0 0.0 0.0 0.0 0.0 0.0 0.0 0.0 0.0 0.0 0.0 0.0 0.0 0.0 0.0 0.0 0.0 0.0 0.0 0.0 0.0 0.0 0.0 0.0 0.0 0.0 0.0 0.0 0.0 0.0 0.0 0.0 0.0 0.0 0.0 0.0 0.0 0.0 0.0 0.0 0.0 0.0 0.0 0.0 0.0 0.0 0.0 0.0 0.0 0.0 0.0 0.0 0.0 0.0 0.0 0.0 
0.0 0.0 0.0 0.0 0.0 0.0 0.0 0.0 0.0 0.0 0.0 0.0 0.0 0.0 0.0 0.0 0.0 0.0 0.0 0.0 0.0 0.0 0.0 0.0 0.0 0.0 0.0 0.0 0.0 0.0 0.0 0.0 0.0 0.0 0.0 0.0 0.0 0.0 0.0 0.0 0.0 0.0 0.0 0.0 0.0 0.0 0.0 0.0 0.0 0.0 0.0 0.0 0.0 0.0 0.0 0.0 0.0 0.0 0.0 0.0 0.0 0.0 0.0 0.0 0.0 0.0 0.0 0.0 0.0 0.0 0.0 0.0 0.0 0.0 0.0 0.0 0.0 0.0 0.0 0.0 0.0 0.0 0.0 0.0 0.0 0.0 0.0 0.0 0.0 0.0 0.0 0.0 0.0 0.0 0.0 0.0 0.0 0.0 0.0 0.0 
0.0 0.0 0.0 0.0 0.0 0.0 0.0 0.0 0.0 0.0 0.0 0.0 0.0 0.0 0.0 0.0 0.0 0.0 0.0 0.0 0.0 0.0 0.0 0.0 0.0 0.0 0.0 0.0 0.0 0.0 0.0 0.0 0.0 0.0 0.0 0.0 0.0 0.0 0.0 0.0 0.0 0.0 0.0 0.0 0.0 0.0 0.0 0.0 0.0 0.0 0.0 0.0 0.0 0.0 0.0 0.0 0.0 0.0 0.0 0.0 0.0 0.0 0.0 0.0 0.0 0.0 0.0 0.0 0.0 0.0 0.0 0.0 0.0 0.0 0.0 0.0 0.0 0.0 0.0 0.0 0.0 0.0 0.0 0.0 0.0 0.0 0.0 0.0 0.0 0.0 0.0 0.0 0.0 0.0 0.0 0.0 0.0 0.0 0.0 0.0 
0.0 0.0 0.0 0.0 0.0 0.0 0.0 0.0 0.0 0.0 0.0 0.0 0.0 0.0 0.0 0.0 0.0 0.0 0.0 0.0 0.0 0.0 0.0 0.0 0.0 0.0 0.0 0.0 0.0 0.0 0.0 0.0 0.0 0.0 0.0 0.0 0.0 0.0 0.0 0.0 0.0 0.0 0.0 0.0 0.0 0.0 0.0 0.0 0.0 0.0 0.0 0.0 0.0 0.0 0.0 0.0 0.0 0.0 0.0 0.0 0.0 0.0 0.0 0.0 0.0 0.0 0.0 0.0 0.0 0.0 0.0 0.0 0.0 0.0 0.0 0.0 0.0 0.0 0.0 0.0 0.0 0.0 0.0 0.0 0.0 0.0 0.0 0.0 0.0 0.0 0.0 0.0 0.0 0.0 0.0 0.0 0.0 0.0 0.0 0.0 
0.0 0.0 0.0 0.0 0.0 0.0 0.0 0.0 0.0 0.0 0.0 0.0 0.0 0.0 0.0 0.0 0.0 0.0 0.0 0.0 0.0 0.0 0.0 0.0 0.0 0.0 0.0 0.0 0.0 0.0 0.0 0.0 0.0 0.0 0.0 0.0 0.0 0.0 0.0 0.0 0.0 0.0 0.0 0.0 0.0 0.0 0.0 0.0 0.0 0.0 0.0 0.0 0.0 0.0 0.0 0.0 0.0 0.0 0.0 0.0 0.0 0.0 0.0 0.0 0.0 0.0 0.0 0.0 0.0 0.0 0.0 0.0 0.0 0.0 0.0 0.0 0.0 0.0 0.0 0.0 0.0 0.0 0.0 0.0 0.0 0.0 0.0 0.0 0.0 0.0 0.0 0.0 0.0 0.0 0.0 0.0 0.0 0.0 0.0 0.0 
0.0 0.0 0.0 0.0 0.0 0.0 0.0 0.0 0.0 0.0 0.0 0.0 0.0 0.0 0.0 0.0 0.0 0.0 0.0 0.0 0.0 0.0 0.0 0.0 0.0 0.0 0.0 0.0 0.0 0.0 0.0 0.0 0.0 0.0 0.0 0.0 0.0 0.0 0.0 0.0 0.0 0.0 0.0 0.0 0.0 0.0 0.0 0.0 0.0 0.0 0.0 0.0 0.0 0.0 0.0 0.0 0.0 0.0 0.0 0.0 0.0 0.0 0.0 0.0 0.0 0.0 0.0 0.0 0.0 0.0 0.0 0.0 0.0 0.0 0.0 0.0 0.0 0.0 0.0 0.0 0.0 0.0 0.0 0.0 0.0 0.0 0.0 0.0 0.0 0.0 0.0 0.0 0.0 0.0 0.0 0.0 0.0 0.0 0.0 0.0 
0.0 0.0 0.0 0.0 0.0 0.0 0.0 0.0 0.0 0.0 0.0 0.0 0.0 0.0 0.0 0.0 0.0 0.0 0.0 0.0 0.0 0.0 0.0 0.0 0.0 0.0 0.0 0.0 0.0 0.0 0.0 0.0 0.0 0.0 0.0 0.0 0.0 0.0 0.0 0.0 0.0 0.0 0.0 0.0 0.0 0.0 0.0 0.0 0.0 0.0 0.0 0.0 0.0 0.0 0.0 0.0 0.0 0.0 0.0 0.0 0.0 0.0 0.0 0.0 0.0 0.0 0.0 0.0 0.0 0.0 0.0 0.0 0.0 0.0 0.0 0.0 0.0 0.0 0.0 0.0 0.0 0.0 0.0 0.0 0.0 0.0 0.0 0.0 0.0 0.0 0.0 0.0 0.0 0.0 0.0 0.0 0.0 0.0 0.0 0.0 
0.0 0.0 0.0 0.0 0.0 0.0 0.0 0.0 0.0 0.0 0.0 0.0 0.0 0.0 0.0 0.0 0.0 0.0 0.0 0.0 0.0 0.0 0.0 0.0 0.0 0.0 0.0 0.0 0.0 0.0 0.0 0.0 0.0 0.0 0.0 0.0 0.0 0.0 0.0 0.0 0.0 0.0 0.0 0.0 0.0 0.0 0.0 0.0 0.0 0.0 0.0 0.0 0.0 0.0 0.0 0.0 0.0 0.0 0.0 0.0 0.0 0.0 0.0 0.0 0.0 0.0 0.0 0.0 0.0 0.0 0.0 0.0 0.0 0.0 0.0 0.0 0.0 0.0 0.0 0.0 0.0 0.0 0.0 0.0 0.0 0.0 0.0 0.0 0.0 0.0 0.0 0.0 0.0 0.0 0.0 0.0 0.0 0.0 0.0 0.0 
0.0 0.0 0.0 0.0 0.0 0.0 0.0 0.0 0.0 0.0 0.0 0.0 0.0 0.0 0.0 0.0 0.0 0.0 0.0 0.0 0.0 4.094994624644432 2.8706311947875505 1.6982989684013658 0.5764621826216497 -0.5027538560790615 -1.5444060693563144 -2.544711322176577 -3.4761618059075636 0.0 0.0 0.0 0.0 0.0 0.0 0.0 0.0 0.0 0.0 0.0 0.0 0.0 0.0 0.0 0.0 0.0 0.0 0.0 0.0 0.0 0.0 0.0 0.0 0.0 0.0 0.0 0.0 0.0 0.0 0.0 0.0 0.0 0.0 0.0 0.0 0.0 0.0 0.0 0.0 0.0 0.0 0.0 0.0 0.0 0.0 0.0 0.0 0.0 0.0 0.0 0.0 0.0 0.0 0.0 0.0 0.0 0.0 0.0 0.0 0.0 0.0 0.0 0.0 0.0 0.0 0.0 0.0 0.0 0.0 0.0 
0.0 0.0 0.0 0.0 0.0 0.0 0.0 0.0 0.0 0.0 0.0 0.0 0.0 0.0 0.0 0.0 0.0 0.0 0.0 6.315928556127463 5.25615327120302 4.133891728666219 2.9547045810595147 1.8153914846000636 0.7118921867209321 -0.36430488128150806 -1.419401508833984 -2.451337582323606 -3.4330638866351504 -4.313275416777027 -5.183024752067166 0.0 0.0 0.0 0.0 0.0 0.0 0.0 0.0 0.0 0.0 0.0 0.0 0.0 0.0 0.0 0.0 0.0 0.0 0.0 0.0 0.0 0.0 0.0 0.0 0.0 0.0 0.0 0.0 0.0 0.0 0.0 0.0 0.0 0.0 0.0 0.0 0.0 0.0 0.0 0.0 0.0 0.0 0.0 0.0 0.0 0.0 0.0 0.0 0.0 0.0 0.0 0.0 0.0 0.0 0.0 0.0 0.0 0.0 0.0 0.0 0.0 0.0 0.0 0.0 0.0 0.0 0.0 0.0 0.0 
0.0 0.0 0.0 0.0 0.0 0.0 0.0 0.0 0.0 0.0 0.0 0.0 0.0 0.0 0.0 0.0 0.0 0.0 7.2638995332284 6.241725691739 5.219337791613909 4.145643048000854 4.005040190571414 2.2709893596961965 0.8184965384884041 -0.4022452845865331 -1.5116921851861616 -2.6622915012608726 -3.932734671799698 -4.2605016899903 -5.185914173611064 -6.13193968240855 -7.108426582045728 0.0 0.0 0.0 0.0 0.0 0.0 0.0 0.0 0.0 0.0 0.0 0.0 0.0 0.0 0.0 0.0 0.0 0.0 0.0 0.0 0.0 0.0 0.0 0.0 0.0 0.0 0.0 0.0 0.0 0.0 0.0 0.0 0.0 0.0 0.0 0.0 0.0 0.0 0.0 0.0 0.0 0.0 0.0 0.0 0.0 0.0 0.0 0.0 0.0 0.0 0.0 0.0 0.0 0.0 0.0 0.0 0.0 0.0 0.0 0.0 0.0 0.0 0.0 0.0 0.0 0.0 0.0 
0.0 0.0 0.0 0.0 0.0 0.0 0.0 0.0 0.0 0.0 0.0 0.0 0.0 0.0 0.0 0.0 0.0 8.140843604630351 7.1570391594223395 6.168147788142684 7.9171588780618265 6.047664595526237 4.209003078208557 2.566245209170517 1.1237432465386386 -0.1665697271352996 -1.3910926076548207 -2.6448829879829945 -3.954837569419168 -5.171906602454264 -6.262895651758238 -7.247227635471692 -8.236219362520123 -8.213297427867492 0.0 0.0 0.0 0.0 0.0 0.0 0.0 0.0 0.0 0.0 0.0 0.0 0.0 0.0 0.0 0.0 0.0 0.0 0.0 0.0 0.0 0.0 0.0 0.0 0.0 0.0 0.0 0.0 0.0 0.0 0.0 0.0 0.0 0.0 0.0 0.0 0.0 0.0 0.0 0.0 0.0 0.0 0.0 0.0 0.0 0.0 0.0 0.0 0.0 0.0 0.0 0.0 0.0 0.0 0.0 0.0 0.0 0.0 0.0 0.0 0.0 0.0 0.0 0.0 0.0 0.0 
0.0 0.0 0.0 0.0 0.0 0.0 0.0 0.0 0.0 0.0 0.0 0.0 0.0 0.0 0.0 0.0 8.869812033975702 8.003983097505897 7.064316148006277 9.63884693744899 7.912280575176153 6.1708307822072275 4.438689296567704 2.842247538523247 1.373098667997001 -0.00681758399467336 -1.3506381727770806 -2.705496848345142 -4.053352333847186 -5.234087625588439 -6.263103152093202 -7.2018215198847795 -8.188590460679173 -9.376688304250521 -10.85220208252982 -2.367447190661079 0.0 0.0 0.0 0.0 0.0 0.0 0.0 0.0 0.0 0.0 0.0 0.0 0.0 0.0 0.0 0.0 0.0 0.0 0.0 0.0 0.0 0.0 0.0 0.0 0.0 0.0 0.0 0.0 0.0 0.0 0.0 0.0 0.0 0.0 0.0 0.0 0.0 0.0 0.0 0.0 0.0 0.0 0.0 0.0 0.0 0.0 0.0 0.0 0.0 0.0 0.0 0.0 0.0 0.0 0.0 0.0 0.0 0.0 0.0 0.0 0.0 0.0 0.0 0.0 
0.0 0.0 0.0 0.0 0.0 0.0 0.0 0.0 0.0 0.0 0.0 0.0 0.0 0.0 0.0 9.290703365119493 8.697426941902108 7.89118730293353 11.297678531862974 9.607312270082112 7.978545321784061 6.338202170235333 4.674779735333847 3.0904322243994455 1.5740530515056343 0.10145509145594275 -1.3530820975534255 -2.8009975767064956 -4.1881437172721325 -5.337748082472669 -6.300721466541027 -7.174700977439447 -8.125644925685634 -9.314047234867544 -10.819555610594612 -2.4070422898428054 -3.4696922707152904 0.0 0.0 0.0 0.0 0.0 0.0 0.0 0.0 0.0 0.0 0.0 0.0 0.0 0.0 0.0 0.0 0.0 0.0 0.0 0.0 0.0 0.0 0.0 0.0 0.0 0.0 0.0 0.0 0.0 0.0 0.0 0.0 0.0 0.0 0.0 0.0 0.0 0.0 0.0 0.0 0.0 0.0 0.0 0.0 0.0 0.0 0.0 0.0 0.0 0.0 0.0 0.0 0.0 0.0 0.0 0.0 0.0 0.0 0.0 0.0 0.0 0.0 0.0 
0.0 0.0 0.0 0.0 0.0 0.0 0.0 0.0 0.0 0.0 0.0 0.0 0.0 0.0 0.0 9.114155209652383 8.570613340137298 7.812227344897391 11.221476059748559 9.622690965715675 8.085720176520365 6.52929407335359 4.9105549432575 3.318596234743086 1.7478553446834906 0.19005189355684304 -1.3592753900598236 -2.8877044322077428 -4.316660501337229 -5.451162743698189 -6.361176153799788 -7.169832161557937 -8.067947667091707 -9.227815265171216 -10.730603400513171 -12.530879125221395 -3.5038513726961087 0.0 0.0 0.0 0.0 0.0 0.0 0.0 0.0 0.0 0.0 0.0 0.0 0.0 0.0 0.0 0.0 0.0 0.0 0.0 0.0 0.0 0.0 0.0 0.0 0.0 0.0 0.0 0.0 0.0 0.0 0.0 0.0 0.0 0.0 0.0 0.0 0.0 0.0 0.0 0.0 0.0 0.0 0.0 0.0 0.0 0.0 0.0 0.0 0.0 0.0 0.0 0.0 0.0 0.0 0.0 0.0 0.0 0.0 0.0 0.0 0.0 0.0 0.0 
0.0 0.0 0.0 0.0 0.0 0.0 0.0 0.0 0.0 0.0 0.0 0.0 0.0 0.0 9.303013423876639 9.051321582573049 8.525815068832648 12.735938788710822 11.168127191998748 9.651501983498196 8.194381661649619 6.707223543923937 5.119148692669776 3.5131557037958405 1.8943712606580412 0.2702519072284032 -1.3486655116051118 -2.9371924340345137 -4.405756270605308 -5.545597035114193 -6.430413318767126 -7.193933848425568 -8.043036677614854 -9.163440766678786 -10.64511879333131 -12.448918887576378 -14.250640455514505 -4.69340518894225 0.0 0.0 0.0 0.0 0.0 0.0 0.0 0.0 0.0 0.0 0.0 0.0 0.0 0.0 0.0 0.0 0.0 0.0 0.0 0.0 0.0 0.0 0.0 0.0 0.0 0.0 0.0 0.0 0.0 0.0 0.0 0.0 0.0 0.0 0.0 0.0 0.0 0.0 0.0 0.0 0.0 0.0 0.0 0.0 0.0 0.0 0.0 0.0 0.0 0.0 0.0 0.0 0.0 0.0 0.0 0.0 0.0 0.0 0.0 0.0 0.0 0.0 
0.0 0.0 0.0 0.0 0.0 0.0 0.0 0.0 0.0 0.0 0.0 0.0 0.0 0.0 9.367323163383642 9.088676967605624 8.551427119978193 12.64529235821432 11.135787044520018 9.676724935423195 8.27711589413098 6.839691432736339 5.27090872738074 3.651488452463039 1.99769041712563 0.32954968082576774 -1.3332056291510344 -2.9603870603376845 -4.460506328505864 -5.616963389831807 -6.499131878182722 -7.240354623891533 -8.054048555104147 -9.13683724418619 -10.589274413149719 -12.375427575797676 -14.155881548058673 -4.694902103629971 0.0 0.0 0.0 0.0 0.0 0.0 0.0 0.0 0.0 0.0 0.0 0.0 0.0 0.0 0.0 0.0 0.0 0.0 0.0 0.0 0.0 0.0 0.0 0.0 0.0 0.0 0.0 0.0 0.0 0.0 0.0 0.0 0.0 0.0 0.0 0.0 0.0 0.0 0.0 0.0 0.0 0.0 0.0 0.0 0.0 0.0 0.0 0.0 0.0 0.0 0.0 0.0 0.0 0.0 0.0 0.0 0.0 0.0 0.0 0.0 0.0 0.0 
0.0 0.0 0.0 0.0 0.0 0.0 0.0 0.0 0.0 0.0 0.0 0.0 0.0 9.660067308863672 9.50792314922779 9.185333976098054 8.61248608927541 12.602706357981933 11.119122081611922 9.688865971585907 8.321213892141477 6.913259814883863 5.3550703660147425 3.725781332349493 2.05010608509012 0.3565398917612389 -1.3302510454394134 -2.9792367182216615 -4.5012800534751 -5.676405151156038 -6.567105173714021 -7.300701351983608 -8.090409953955618 -9.139845896997766 -10.558580871366997 -12.310229706941348 -14.036501786896352 -15.678346889828978 0.0 0.0 0.0 0.0 0.0 0.0 0.0 0.0 0.0 0.0 0.0 0.0 0.0 0.0 0.0 0.0 0.0 0.0 0.0 0.0 0.0 0.0 0.0 0.0 0.0 0.0 0.0 0.0 0.0 0.0 0.0 0.0 0.0 0.0 0.0 0.0 0.0 0.0 0.0 0.0 0.0 0.0 0.0 0.0 0.0 0.0 0.0 0.0 0.0 0.0 0.0 0.0 0.0 0.0 0.0 0.0 0.0 0.0 0.0 0.0 0.0 0.0 
0.0 0.0 0.0 0.0 0.0 0.0 0.0 0.0 0.0 0.0 0.0 0.0 0.0 9.878135328148177 9.691250610774556 9.303225565501938 8.676372567290915 12.598012849509885 11.108890029670125 9.678028640129636 8.31591964920353 6.918064884282485 5.3647848846804465 3.7313224746976603 2.0460751594257243 0.3417985728141548 -1.3545252168444526 -3.0122537543101306 -4.545240180467899 -5.733276231032087 -6.633465302458054 -7.366100004996609 -8.140654392520547 -9.163387382425487 -10.5487505653575 -12.25521450123934 -13.904836996894856 -15.403568005953154 -5.919535027257732 0.0 0.0 0.0 0.0 0.0 0.0 0.0 0.0 0.0 0.0 0.0 0.0 0.0 0.0 0.0 0.0 0.0 0.0 0.0 0.0 0.0 0.0 0.0 0.0 0.0 0.0 0.0 0.0 0.0 0.0 0.0 0.0 0.0 0.0 0.0 0.0 0.0 0.0 0.0 0.0 0.0 0.0 0.0 0.0 0.0 0.0 0.0 0.0 0.0 0.0 0.0 0.0 0.0 0.0 0.0 0.0 0.0 0.0 0.0 0.0 0.0 
0.0 0.0 0.0 0.0 0.0 0.0 0.0 0.0 0.0 0.0 0.0 0.0 0.0 10.134228364219048 9.88589172294255 9.408999588315469 8.715435832931098 12.611541135207474 11.089259337467979 9.63021428434474 8.24867861289378 6.844375486137989 5.294302529564954 3.6648798623132137 1.9821476467803145 0.27921377360825755 -1.415808782052335 -3.071607287128062 -4.602973536568198 -5.791717512590003 -6.694258927901912 -7.426669266205466 -8.19388315066582 -9.200162842107973 -10.558337484303399 -12.215495433227595 -13.774393697745346 -15.113307463323089 -5.93099511288873 0.0 0.0 0.0 0.0 0.0 0.0 0.0 0.0 0.0 0.0 0.0 0.0 0.0 0.0 0.0 0.0 0.0 0.0 0.0 0.0 0.0 0.0 0.0 0.0 0.0 0.0 0.0 0.0 0.0 0.0 0.0 0.0 0.0 0.0 0.0 0.0 0.0 0.0 0.0 0.0 0.0 0.0 0.0 0.0 0.0 0.0 0.0 0.0 0.0 0.0 0.0 0.0 0.0 0.0 0.0 0.0 0.0 0.0 0.0 0.0 0.0 
0.0 0.0 0.0 0.0 0.0 0.0 0.0 0.0 0.0 0.0 0.0 0.0 0.0 10.40595926848166 10.056772204622655 9.469153244496965 8.702418739031701 12.602100489790487 11.025470848887856 9.515485111565301 8.094909747747451 6.675167518955002 5.135150133438127 3.5246574967461584 1.8604400027483348 0.17213753745471613 -1.5113570395396683 -3.155388452493905 -4.671104621971894 -5.843187614547279 -6.735168189185031 -7.46573654243072 -8.23671462841229 -9.244632344660035 -10.591181731880589 -12.203829238705048 -13.667080249284513 -14.847563832300725 0.0 0.0 0.0 0.0 0.0 0.0 0.0 0.0 0.0 0.0 0.0 0.0 0.0 0.0 0.0 0.0 0.0 0.0 0.0 0.0 0.0 0.0 0.0 0.0 0.0 0.0 0.0 0.0 0.0 0.0 0.0 0.0 0.0 0.0 0.0 0.0 0.0 0.0 0.0 0.0 0.0 0.0 0.0 0.0 0.0 0.0 0.0 0.0 0.0 0.0 0.0 0.0 0.0 0.0 0.0 0.0 0.0 0.0 0.0 0.0 0.0 0.0 
0.0 0.0 0.0 0.0 0.0 0.0 0.0 0.0 0.0 0.0 0.0 0.0 0.0 10.659951811819344 10.1797413138766 9.470511714954231 8.630668472711813 12.506054698798444 10.86282940151623 9.289481636831667 7.823739189600129 6.396577637932351 4.890371211646938 3.3275589229544353 1.708526225610598 0.05542629733409346 -1.6027136160962956 -3.225143470654678 -4.712971086850336 -5.852146134761632 -6.723180865669517 -7.4571319881970695 -8.253678794691382 -9.293043745939643 -10.654195980195743 -12.23837303374755 -13.616951739551178 -14.66828244692891 0.0 0.0 0.0 0.0 0.0 0.0 0.0 0.0 0.0 0.0 0.0 0.0 0.0 0.0 0.0 0.0 0.0 0.0 0.0 0.0 0.0 0.0 0.0 0.0 0.0 0.0 0.0 0.0 0.0 0.0 0.0 0.0 0.0 0.0 0.0 0.0 0.0 0.0 0.0 0.0 0.0 0.0 0.0 0.0 0.0 0.0 0.0 0.0 0.0 0.0 0.0 0.0 0.0 0.0 0.0 0.0 0.0 0.0 0.0 0.0 0.0 0.0 
0.0 0.0 0.0 0.0 0.0 0.0 0.0 0.0 0.0 0.0 0.0 0.0 0.0 10.897612359306246 10.279507787831998 9.447985164468925 8.535519567349844 12.319980532246207 10.60610475064839 8.967651855804634 7.46070304347967 6.040871256835846 4.593878650066605 3.106741073688494 1.5585362247531171 -0.03922763647680662 -1.6583122497628977 -3.2504786159634707 -4.702449504226562 -5.8002396782349175 -6.649101932429878 -7.398990470131162 -8.245141219747774 -9.342939159221313 -10.740633882984442 -12.311429305170645 -13.620509402612722 -14.576244786402096 0.0 0.0 0.0 0.0 0.0 0.0 0.0 0.0 0.0 0.0 0.0 0.0 0.0 0.0 0.0 0.0 0.0 0.0 0.0 0.0 0.0 0.0 0.0 0.0 0.0 0.0 0.0 0.0 0.0 0.0 0.0 0.0 0.0 0.0 0.0 0.0 0.0 0.0 0.0 0.0 0.0 0.0 0.0 0.0 0.0 0.0 0.0 0.0 0.0 0.0 0.0 0.0 0.0 0.0 0.0 0.0 0.0 0.0 0.0 0.0 0.0 0.0 
0.0 0.0 0.0 0.0 0.0 0.0 0.0 0.0 0.0 0.0 0.0 0.0 0.0 11.138308160020099 10.378980422263306 9.422520838612659 8.434262107439071 12.058479915046583 10.273438968835663 8.571884642463768 7.028776287700781 5.628537656379387 4.261746093958141 2.874530551025452 1.42049744785658 -0.10235263016137475 -1.66742686011348 -3.2182946076184455 -4.625592772130384 -5.6768422360896915 -6.507449035670117 -7.288678974834344 -8.206550654167229 -9.384719910448927 -10.836482178720425 -12.40752787017532 -13.663145673977574 -9.665200454753032 0.0 0.0 0.0 0.0 0.0 0.0 0.0 0.0 0.0 0.0 0.0 0.0 0.0 0.0 0.0 0.0 0.0 0.0 0.0 0.0 0.0 0.0 0.0 0.0 0.0 0.0 0.0 0.0 0.0 0.0 0.0 0.0 0.0 0.0 0.0 0.0 0.0 0.0 0.0 0.0 0.0 0.0 0.0 0.0 0.0 0.0 0.0 0.0 0.0 0.0 0.0 0.0 0.0 0.0 0.0 0.0 0.0 0.0 0.0 0.0 0.0 0.0 
0.0 0.0 0.0 0.0 0.0 0.0 0.0 0.0 0.0 0.0 0.0 0.0 0.0 11.403510565568766 10.495564854994184 9.406952333802248 8.336376310631085 11.748572020964264 9.894425110813607 8.133991381594987 6.558666165962746 5.184210895823406 3.9097930995872265 2.639024399986728 1.2971456639426884 -0.1336544661265121 -1.6290914248143764 -3.124610268957503 -4.476562268231717 -5.478766360394795 -6.297915705338304 -7.123466432595697 -8.126370053231353 -9.395794015623753 -10.911167672853157 -12.493898442641685 -13.715261733628903 0.0 0.0 0.0 0.0 0.0 0.0 0.0 0.0 0.0 0.0 0.0 0.0 0.0 0.0 0.0 0.0 0.0 0.0 0.0 0.0 0.0 0.0 0.0 0.0 0.0 0.0 0.0 0.0 0.0 0.0 0.0 0.0 0.0 0.0 0.0 0.0 0.0 0.0 0.0 0.0 0.0 0.0 0.0 0.0 0.0 0.0 0.0 0.0 0.0 0.0 0.0 0.0 0.0 0.0 0.0 0.0 0.0 0.0 0.0 0.0 0.0 0.0 0.0 
0.0 0.0 0.0 0.0 0.0 0.0 0.0 0.0 0.0 0.0 0.0 0.0 0.0 0.0 10.641708460162434 9.40822365970494 8.246243856237076 11.42317265437282 9.505171270141311 7.693628346990483 6.0904484745853695 4.741025563277487 3.5575923314482045 2.405709942435963 1.1829430747662328 -0.14473627119628169 -1.5556990554222596 -2.9787533997137348 -4.262115066812433 -5.213490105846569 -6.025911558539239 -6.898631355838051 -7.982939434754188 -9.3363505793631 -10.9112326955807 -12.511736710012737 -13.722932473862752 0.0 0.0 0.0 0.0 0.0 0.0 0.0 0.0 0.0 0.0 0.0 0.0 0.0 0.0 0.0 0.0 0.0 0.0 0.0 0.0 0.0 0.0 0.0 0.0 0.0 0.0 0.0 0.0 0.0 0.710509648858835 -0.0027171418589407356 -0.7096247802437609 0.0 0.0 0.0 0.0 0.0 0.0 0.0 0.0 0.0 0.0 0.0 0.0 0.0 0.0 0.0 0.0 0.0 0.0 0.0 0.0 0.0 0.0 0.0 0.0 0.0 0.0 0.0 0.0 0.0 0.0 0.0 
0.0 0.0 0.0 0.0 0.0 0.0 0.0 0.0 0.0 0.0 0.0 0.0 0.0 0.0 10.815483512089637 9.421575027405527 8.159422137364427 7.047777333012887 9.147594806936025 7.30043991393341 5.678524844027917 4.3464647149177535 3.2315481919071116 2.176216298533958 1.0594012495573437 -0.16528955857129535 -1.4793734064192976 -2.8095956641276207 -4.006800351197555 -4.900583909057525 -5.6995677802622655 -6.602529952269746 -7.740298653134525 -9.146382393599492 -10.757229468458075 -12.372430482907546 0.0 0.0 0.0 0.0 0.0 0.0 0.0 0.0 0.0 0.0 0.0 0.0 0.0 0.0 0.0 0.0 0.0 0.0 0.0 0.0 0.0 0.0 0.0 0.0 0.0 0.0 3.9910391632246935 3.076002389323853 2.321696676193285 1.6386287568690479 0.9678689154002038 0.27898977044814927 -0.45118082786479097 -1.2473327611106282 -2.1381701009205822 -3.1093750029482266 -4.075247926821914 0.0 0.0 0.0 0.0 0.0 0.0 0.0 0.0 0.0 0.0 0.0 0.0 0.0 0.0 0.0 0.0 0.0 0.0 0.0 0.0 0.0 0.0 0.0 0.0 0.0 0.0 0.0 
0.0 0.0 0.0 0.0 0.0 0.0 0.0 0.0 0.0 0.0 0.0 0.0 0.0 0.0 0.0 9.417764690722118 8.068511626694812 6.9110669622682765 8.905520308422584 7.050860540814348 5.4272779140044864 4.094196939119377 2.989504012696696 1.9649288260935804 0.9039565595328201 -0.24244829390138556 -1.4613199478973655 -2.6863520979033964 -3.7812754285834016 -4.5981836144501935 -5.352104865771831 -6.238587463054495 -7.374251599625306 -8.778690865055735 -10.385409574312245 -9.167581493041014 0.0 0.0 0.0 0.0 0.0 0.0 0.0 0.0 0.0 0.0 0.0 0.0 0.0 0.0 0.0 0.0 0.0 0.0 0.0 0.0 0.0 0.0 0.0 0.0 6.023255862754547 4.870899808421603 3.8419409496604584 2.9887362408739935 2.2936521980465865 1.687362911873891 1.0961836740581734 0.4686114097569605 -0.22737421544350161 -1.0099964060514777 -1.882977133111955 -2.7960541014517912 -3.6660690087214025 -4.488033965748707 -5.246312599686898 0.0 0.0 0.0 0.0 0.0 0.0 0.0 0.0 0.0 0.0 0.0 0.0 0.0 0.0 0.0 0.0 0.0 0.0 0.0 0.0 0.0 0.0 0.0 0.0 0.0 
0.0 0.0 0.0 0.0 0.0 0.0 0.0 0.0 0.0 0.0 0.0 0.0 0.0 0.0 0.0 9.365494889291767 7.942711901118606 6.745439268846809 5.734751308661712 4.859406851435044 5.265581843852734 3.916105953227288 2.777184331786109 1.7348926860281089 0.6955939897970675 -0.38603191588588937 -1.5064792069316395 -2.6142418525820985 -3.5888594776544704 -4.30065321754353 -4.972266265005403 -5.799936836203109 -6.88974932969408 -8.25174197521899 -8.198266176298302 0.0 0.0 0.0 0.0 0.0 0.0 0.0 0.0 0.0 0.0 0.0 0.0 0.0 0.0 0.0 0.0 0.0 0.0 0.0 0.0 0.0 0.0 0.0 0.0 7.017584905368469 5.878747135425016 4.75367785094694 3.7383173007291295 2.8860444376834224 2.2051487238977456 1.6477742219097007 1.1234609839208531 0.558505671771791 -0.0910843771667377 -0.8428695462295844 -1.6871946119634205 -2.556111423527144 -3.370782459868985 -4.151013139555926 -4.916418269516706 -5.689248570684812 -6.488920372051064 0.0 0.0 0.0 0.0 0.0 0.0 0.0 0.0 0.0 0.0 0.0 0.0 0.0 0.0 0.0 0.0 0.0 0.0 0.0 0.0 0.0 0.0 0.0 
0.0 0.0 0.0 0.0 0.0 0.0 0.0 0.0 0.0 0.0 0.0 0.0 0.0 0.0 0.0 0.0 7.754185189378372 6.531872696003824 5.5076856469593 4.63153771586508 3.8509382963272345 3.087404378547931 2.28016637167731 1.450353256729089 0.5917477682799128 -0.2998861206990006 -1.2286182860863022 -2.1948668257559603 -3.1716022004834863 -4.063122268113148 -4.894452503820919 -5.664830468427937 -6.379193670058008 -7.051776590747053 0.0 0.0 0.0 0.0 0.0 0.0 0.0 0.0 0.0 0.0 0.0 0.0 0.0 0.0 0.0 0.0 0.0 0.0 0.0 0.0 0.0 0.0 0.0 0.0 7.921070467553359 6.931904024174525 5.799313539562413 4.6753129073330335 3.6488346954421904 2.777517276931943 2.0928748878368313 1.5660779490887446 1.094215045659551 0.5852439482318484 -0.01708762278113622 -0.7332783414645184 -1.5474430135557613 -2.382516068350824 -3.1606896888485467 -3.91214170059788 -4.670521096133127 -5.4718875882676405 -6.347956973932505 -7.311900665256432 0.0 0.0 0.0 0.0 0.0 0.0 0.0 0.0 0.0 0.0 0.0 0.0 0.0 0.0 0.0 0.0 0.0 0.0 0.0 0.0 0.0 0.0 
0.0 0.0 0.0 0.0 0.0 0.0 0.0 0.0 0.0 0.0 0.0 0.0 0.0 0.0 0.0 0.0 0.0 6.246458681056422 5.210874148700352 4.321412576514311 3.5407947376426705 2.809003320776883 2.0678701784263263 1.3108845695398486 0.516775534852894 -0.3253146369600182 -1.2197026772572594 -2.1612430564524994 -3.1101461570128657 -3.952455677517841 -4.700975274050162 -5.351668616672112 0.0 0.0 0.0 0.0 0.0 0.0 0.0 0.0 0.0 0.0 0.0 0.0 0.0 0.0 0.0 0.0 0.0 0.0 0.0 0.0 0.0 0.0 0.0 0.0 0.0 8.516734010397013 7.84125314403595 6.855967728786196 5.729489910586782 4.6029303085306505 3.5627262029185114 2.670882466162604 1.9771359526471322 1.469149324470448 2.041018551501796 0.6642296113063951 -0.7399246024721702 -0.6600267047691617 -1.44271398235664 -2.24728196998184 -2.9946166114345294 -3.7166707019884453 -4.449404515296472 -5.227436030531017 -6.075135957068417 -6.992256831862487 -7.915663669881587 -8.870562355643015 0.0 0.0 0.0 0.0 0.0 0.0 0.0 0.0 0.0 0.0 0.0 0.0 0.0 0.0 0.0 0.0 0.0 0.0 0.0 0.0 
0.0 0.0 0.0 0.0 0.0 0.0 0.0 0.0 0.0 0.0 0.0 0.0 0.0 0.0 0.0 0.0 0.0 0.0 0.0 3.8814630772443435 3.054979289330079 2.3368968294793824 1.7013275741698133 1.0894687255420905 0.43639166372321875 -0.2949252102945004 -1.1170741989101645 -2.0167931954131393 -2.92900048579221 -3.704329735398241 0.0 0.0 0.0 0.0 0.0 0.0 0.0 0.0 0.0 0.0 0.0 0.0 0.0 0.0 0.0 0.0 0.0 0.0 0.0 0.0 0.0 0.0 0.0 0.0 0.0 0.0 8.678913780311078 8.40109549184727 7.727184909778828 6.754805705186483 5.640781631738955 4.518123325812059 3.4715414274981033 6.901422005391067 5.046140582037651 3.408695145587938 1.9814295858379174 0.6434697674829774 -0.6993036285517069 -2.09012463552706 -3.511119520674416 -4.845574500789603 -6.0443331999347105 -3.53375280554824 -4.225507930867685 -4.948473920170248 -5.713844994164616 -6.504931622550003 -7.262604955115787 -8.02553060357318 -9.001654036564341 0.0 0.0 0.0 0.0 0.0 0.0 0.0 0.0 0.0 0.0 0.0 0.0 0.0 0.0 0.0 0.0 0.0 0.0 0.0 
0.0 0.0 0.0 0.0 0.0 0.0 0.0 0.0 0.0 0.0 0.0 0.0 0.0 0.0 0.0 0.0 0.0 0.0 0.0 0.0 0.0 0.0 0.0 0.0 0.0 0.0 0.0 0.0 0.0 0.0 0.0 0.0 0.0 0.0 0.0 0.0 0.0 0.0 0.0 0.0 0.0 0.0 0.0 0.0 0.0 0.0 0.0 0.0 0.0 0.0 0.0 0.0 0.0 0.0 0.0 8.55098762630461 8.551039233018004 8.245158266138548 7.5672761636344505 6.611237341681737 5.517667727051557 10.62924491740294 8.77387770037426 6.846998734192457 4.9527381576382385 3.3117711464502824 1.906453550080525 0.612742059654817 -0.6662233022785061 -1.9761927121427096 -3.3059466052823003 -4.560731560862898 -5.708965585866282 -6.886558904453507 -8.225493987327102 -9.840165723487026 -5.305493630435142 -5.963170659441153 -6.576052270534918 -7.206460924195093 -8.001925738084918 -9.035598754148952 0.0 0.0 0.0 0.0 0.0 0.0 0.0 0.0 0.0 0.0 0.0 0.0 0.0 0.0 0.0 0.0 0.0 0.0 
0.0 0.0 0.0 0.0 0.0 0.0 0.0 0.0 0.0 0.0 0.0 0.0 0.0 0.0 0.0 0.0 0.0 0.0 0.0 0.0 0.0 0.0 0.0 0.0 0.0 0.0 0.0 0.0 0.0 0.0 0.0 0.0 0.0 0.0 0.0 0.0 0.0 0.0 0.0 0.0 0.0 0.0 0.0 0.0 0.0 0.0 0.0 0.0 0.0 0.0 0.0 0.0 0.0 0.0 8.527539881030052 8.539704222620196 8.414108309746332 8.017443884932176 7.309645241804349 6.369730090734656 12.62952470690339 10.676594366082686 8.655190262353976 6.657922043924478 4.766191126743994 3.1624697133324116 1.8104516621300675 0.5839953600400284 -0.613488696678898 -1.8271029470723468 -3.0500394487114155 -4.208142715894357 -5.284315489868193 -6.400891909572628 -7.67827116931732 -9.229217093798415 -11.153922875977749 -5.364244461628243 -5.8985833814990185 -6.490825262922188 -7.235774802076396 -8.1466009770732 -9.196409750460175 0.0 0.0 0.0 0.0 0.0 0.0 0.0 0.0 0.0 0.0 0.0 0.0 0.0 0.0 0.0 0.0 0.0 
0.0 0.0 0.0 0.0 0.0 0.0 0.0 0.0 0.0 0.0 0.0 0.0 0.0 0.0 0.0 0.0 0.0 0.0 0.0 0.0 0.0 0.0 0.0 0.0 0.0 0.0 0.0 0.0 0.0 0.0 0.0 0.0 0.0 0.0 0.0 0.0 0.0 0.0 0.0 0.0 0.0 0.0 0.0 0.0 0.0 0.0 0.0 0.0 0.0 0.0 0.0 0.0 0.0 0.0 8.730044372871676 8.56475677201455 8.286260536151714 7.772355299865632 7.017274947683817 14.931447066275094 12.737020093484798 10.53064691063599 8.382439648684016 6.354953388702652 4.506295318744242 2.977514652502067 4.08301883021208 2.0065840284411007 -0.03608898149684986 -2.0797990180356507 -4.118705385606743 -6.081284616694313 -4.828601414551089 -5.865647946946955 -7.0562308752806935 -8.511620803590137 -10.34873129325587 -12.71241843170664 -5.350629187130601 -5.966886114566508 -6.725799862967615 -7.60876699256491 -8.562839004267836 -9.487191683817231 0.0 0.0 0.0 0.0 0.0 0.0 0.0 0.0 0.0 0.0 0.0 0.0 0.0 0.0 0.0 0.0 
0.0 0.0 0.0 0.0 0.0 0.0 0.0 0.0 0.0 0.0 0.0 0.0 0.0 0.0 0.0 0.0 0.0 0.0 0.0 0.0 0.0 0.0 0.0 0.0 0.0 0.0 0.0 0.0 0.0 0.0 0.0 0.0 0.0 0.0 0.0 0.0 0.0 0.0 0.0 0.0 0.0 0.0 0.0 0.0 0.0 0.0 0.0 0.0 0.0 0.0 0.0 0.0 0.0 9.185972111209137 8.893321936630409 8.565635596454173 8.148585625123351 7.527097059804492 6.724014892750797 15.086820647439907 12.584208531337225 10.211459952510886 7.996077458157395 10.787741243657745 8.255105465713841 5.96148387366268 3.896154569896191 1.9507549603190832 0.03854143732326676 -1.8808535162803808 -3.802951007910052 -5.656162473004817 -7.414661802930891 -9.202654185537583 -11.13710096560369 -7.736602738764719 -9.45605535265596 -11.701524786792383 -14.585729148170424 -5.565277142613006 -6.35631245692707 -7.243729312115431 -8.170447884383606 -9.056712071306533 -9.854337405792338 0.0 0.0 0.0 0.0 0.0 0.0 0.0 0.0 0.0 0.0 0.0 0.0 0.0 0.0 0.0 
0.0 0.0 0.0 0.0 0.0 0.0 0.0 0.0 0.0 0.0 0.0 0.0 0.0 0.0 0.0 0.0 0.0 0.0 0.0 0.0 0.0 0.0 0.0 0.0 0.0 0.0 0.0 0.0 0.0 0.0 0.0 0.0 0.0 0.0 0.0 0.0 0.0 0.0 0.0 0.0 0.0 0.0 0.0 0.0 0.0 0.0 0.0 0.0 0.0 0.0 0.0 0.0 0.0 9.433457475632531 8.981617822426069 8.510972685471247 7.979468056374185 7.271115743271046 17.725871389147958 14.845594920934854 12.188412037936757 16.032976249993187 13.040982128066098 10.329367957025132 7.8336562733866835 5.64308624373067 3.7119498794744974 1.9105606100665171 0.1367100741855014 -1.6575045475956753 -3.4659219075849466 -5.2086145816738 -6.849807541868403 -8.513029088554049 -10.326203203970275 -12.430231526877323 -14.982361900789403 -10.630931634132697 -13.292535194069568 -16.49015685603989 -6.074224242441843 -6.981745936964076 -7.916271640732038 -8.81784646943038 -9.673669953946467 0.0 0.0 0.0 0.0 0.0 0.0 0.0 0.0 0.0 0.0 0.0 0.0 0.0 0.0 0.0 
0.0 0.0 0.0 0.0 0.0 0.0 0.0 0.0 0.0 0.0 0.0 0.0 0.0 0.0 0.0 0.0 0.0 0.0 0.0 0.0 0.0 0.0 0.0 0.0 0.0 0.0 0.0 0.0 0.0 0.0 0.0 0.0 0.0 0.0 0.0 0.0 0.0 0.0 0.0 0.0 0.0 0.0 0.0 0.0 0.0 0.0 0.0 0.0 0.0 0.0 0.0 0.0 10.328704256033971 9.609575389766222 8.997989408918878 8.399296678852881 7.772688459943121 6.994219740451509 17.19720716868589 14.258268142654943 18.957644861225006 15.568266614705475 12.53212982556439 9.815153095620317 7.37897928737495 5.304743638900422 3.5206215372179437 1.8762676589913005 0.25071319267533626 -1.414376029356636 -3.110384219707088 -4.745278727818776 -6.273302998634775 -7.821522890778186 -9.530352815840027 -11.552372446213253 -14.048380120377095 -17.170924672836264 -12.05205533538518 -14.864293275271615 -18.34640842826912 -6.787799524024333 -7.750758692709904 -8.69666273737946 -9.627169903175385 -10.58073644935949 0.0 0.0 0.0 0.0 0.0 0.0 0.0 0.0 0.0 0.0 0.0 0.0 0.0 0.0 
0.0 0.0 0.0 0.0 0.0 0.0 0.0 0.0 0.0 0.0 0.0 0.0 0.0 0.0 0.0 0.0 0.0 0.0 0.0 0.0 0.0 0.0 0.0 0.0 0.0 0.0 0.0 0.0 0.0 0.0 0.0 0.0 0.0 0.0 0.0 0.0 0.0 0.0 0.0 0.0 0.0 0.0 0.0 0.0 0.0 0.0 0.0 0.0 0.0 0.0 0.0 0.0 10.641946981934007 9.7383694277695 8.967591119300504 8.249018848409548 7.536601263918162 19.33314352367566 16.23948367366981 22.116551451838646 18.324948621666557 14.9466441205705 11.925763113571431 9.242430699421647 6.887166159151299 4.941230441975292 7.046320040899081 4.126735629817658 1.238837271050235 -1.7251920363006694 -4.783041681266957 -7.785572652943071 -5.697423739248665 -7.144802275619507 -8.766883566882724 -10.723806439922573 -13.174479982073414 -16.250260926631924 -19.81926415381678 -13.510730019939569 -16.4534393380958 -19.905127399531324 -7.642158821837401 -8.650906290997433 -9.670229789287857 -10.704256970931642 0.0 0.0 0.0 0.0 0.0 0.0 0.0 0.0 0.0 0.0 0.0 0.0 0.0 0.0 
0.0 0.0 0.0 0.0 0.0 0.0 0.0 0.0 0.0 0.0 0.0 0.0 0.0 0.0 0.0 0.0 0.0 0.0 0.0 0.0 0.0 0.0 0.0 0.0 0.0 0.0 0.0 0.0 0.0 0.0 0.0 0.0 0.0 0.0 0.0 0.0 0.0 0.0 0.0 0.0 0.0 0.0 0.0 0.0 0.0 0.0 0.0 0.0 0.0 0.0 0.0 0.0 10.964271630990181 9.868295274633173 8.9334879786624 8.087433235737578 20.52797791081163 17.74442463373274 14.905826453513182 21.072683751122298 17.398917362594055 14.1191187395844 11.189478872000315 8.601145969636343 13.163535132634308 9.767634239487423 6.810642736741167 4.071216324536194 1.3516480025620348 -1.4668064742739855 -4.398829165069853 -7.286397772478877 -9.995368079076599 -12.72290741024425 -8.050203856849915 -9.937073684860064 -12.323658884984965 -15.322850349208608 -18.7834816520851 -12.337478891587601 -14.991760793898969 -17.894678637034467 -21.011721388950072 -8.636567338302136 -9.76787703791164 -10.908223881806318 -11.96587506033342 0.0 0.0 0.0 0.0 0.0 0.0 0.0 0.0 0.0 0.0 0.0 0.0 0.0 
0.0 0.0 0.0 0.0 0.0 0.0 0.0 0.0 0.0 0.0 0.0 0.0 0.0 0.0 0.0 0.0 0.0 0.0 0.0 0.0 0.0 0.0 0.0 0.0 0.0 0.0 0.0 0.0 0.0 0.0 0.0 0.0 0.0 0.0 0.0 0.0 0.0 0.0 0.0 0.0 0.0 0.0 0.0 0.0 0.0 0.0 0.0 0.0 0.0 0.0 0.0 12.786264369494074 11.279610177957842 10.022912546328591 8.941663631980491 7.968032415668336 18.889342938953327 16.208783828191127 23.813548751128323 19.853784744100754 16.33240622679623 13.205244299872577 10.428170561730715 16.31604004962267 12.65131142100792 9.439060486105205 6.653270918237031 4.072198609982975 1.4883231542605355 -1.222811321720148 -4.0717606251449086 -6.8903533640735715 -9.528961574235309 -12.17902924802139 -15.03502024664488 -18.279183058907407 -11.558253772869861 -14.43779406978874 -17.765768610032957 -21.159838486347574 -13.876969744976538 -16.571747864220935 -19.392763115885632 -8.586379340022317 -9.828113215549152 -11.086185785660367 -12.210128585920469 0.0 0.0 0.0 0.0 0.0 0.0 0.0 0.0 0.0 0.0 0.0 0.0 0.0 
0.0 0.0 0.0 0.0 0.0 0.0 0.0 0.0 0.0 0.0 0.0 0.0 0.0 0.0 0.0 0.0 0.0 0.0 0.0 0.0 0.0 0.0 0.0 0.0 0.0 0.0 0.0 0.0 0.0 0.0 0.0 0.0 0.0 0.0 0.0 0.0 0.0 0.0 0.0 0.0 0.0 0.0 0.0 0.0 0.0 0.0 0.0 0.0 0.0 0.0 0.0 13.17082099396093 11.559827335023714 10.187996337570976 8.988445449918357 20.15994596902226 17.69111676425154 14.95603531597449 22.54965078968078 18.68678969942014 15.303143302792595 12.340357436408807 19.42937824662533 15.730234578009696 12.28624924992139 9.252068001638536 6.60975654499121 4.142373704867973 1.641898176521429 -1.0140763640093982 -3.82987429979486 -6.626013103485398 -9.231131080327746 -11.825935640892657 -14.601074693283694 -17.734300886787263 -21.370974694097622 -13.634106996933363 -16.823217901622403 -20.127663230406554 -23.67396654469038 -15.593064123148537 -18.349929158106256 -21.18744461242463 -9.805943003752967 -11.152559017488501 -12.342679265539442 0.0 0.0 0.0 0.0 0.0 0.0 0.0 0.0 0.0 0.0 0.0 0.0 0.0 
0.0 0.0 0.0 0.0 0.0 0.0 0.0 0.0 0.0 0.0 0.0 0.0 0.0 0.0 0.0 0.0 0.0 0.0 0.0 0.0 0.0 0.0 0.0 0.0 0.0 0.0 0.0 0.0 0.0 0.0 0.0 0.0 0.0 0.0 0.0 0.0 0.0 0.0 0.0 0.0 0.0 0.0 0.0 0.0 0.0 0.0 0.0 0.0 0.0 0.0 0.0 13.444394051359188 11.78852886210437 10.34637894791466 9.05638774913541 19.459419986071087 16.825158529725268 25.856679201412263 21.473029560962377 17.6632694545325 14.394143507203342 22.613764796336206 18.76116398092626 15.319030554846233 12.099820551048204 9.227002412907357 6.6911721928785415 4.286637083766397 1.8159888484445486 -0.8332997291919503 -3.6586681923031628 -6.47137992121166 -9.076067837705633 -11.636789799742521 -14.335300277516444 -17.34598856348538 -20.816582144392576 -12.928716501764562 -15.983872054251362 -19.223888871357932 -22.75178662847712 -14.798486448376746 -17.569841172064564 -20.478158164327787 -9.70806329188426 -11.097116637936988 -12.318283265007803 0.0 0.0 0.0 0.0 0.0 0.0 0.0 0.0 0.0 0.0 0.0 0.0 0.0 
0.0 0.0 0.0 0.0 0.0 0.0 0.0 0.0 0.0 0.0 0.0 0.0 0.0 0.0 0.0 0.0 0.0 0.0 0.0 0.0 0.0 0.0 0.0 0.0 0.0 0.0 0.0 0.0 0.0 0.0 0.0 0.0 0.0 0.0 0.0 0.0 0.0 0.0 0.0 0.0 0.0 0.0 0.0 0.0 0.0 0.0 0.0 0.0 0.0 0.0 0.0 13.58901345432889 11.950789407030694 10.48217757773214 21.959589770831357 18.988369870233413 16.192709941137515 25.033608317429618 20.602765158541573 16.820166108106413 25.951320022686588 21.8790704509691 18.28043531162416 15.097386903973886 12.095511692291627 9.357454896591532 6.885917783568294 4.495721642369423 2.0108158304546415 -0.6671877320846871 -3.5322018606356456 -6.3922372318703236 -9.027997427451389 -11.579339315447605 -14.212921234440064 -17.101175557435614 -20.402195878215057 -24.259759452819964 -15.27146501286673 -18.464196845563194 -21.99563950384122 -14.134524237309634 -16.947920738244193 -19.932805291129185 -23.120066112231648 -10.95192348292614 -12.163209458800116 -13.475142218616456 0.0 0.0 0.0 0.0 0.0 0.0 0.0 0.0 0.0 0.0 0.0 0.0 
0.0 0.0 0.0 0.0 0.0 0.0 0.0 0.0 0.0 0.0 0.0 0.0 0.0 0.0 0.0 0.0 0.0 0.0 0.0 0.0 0.0 0.0 0.0 0.0 0.0 0.0 0.0 0.0 0.0 0.0 0.0 0.0 0.0 0.0 0.0 0.0 0.0 0.0 0.0 0.0 0.0 0.0 0.0 0.0 0.0 0.0 0.0 0.0 0.0 0.0 0.0 13.587924517301472 12.030293516869484 10.579678177087 21.756380633615436 18.6681846071875 15.728767781251154 24.420132775054498 19.938819955351704 16.17222596768983 25.23234974355766 21.35283687450043 17.994973465723202 15.061541314590134 12.253626589874688 9.611568778670529 7.15994884470193 4.7453525637366445 2.2195442146565703 -0.5041235706875962 -3.423876425085858 -6.352469026170228 -9.047415916652138 -11.617307268573377 -14.207484985541447 -16.9877975467242 -20.131876122904295 -22.08181897620493 -13.93679881810275 -18.400410158647993 -23.41693222804596 -25.344812800084803 -16.443285544608216 -19.49096712301179 -22.74248078608977 -10.759966051789386 -11.932548300814412 -13.184451508011865 0.0 0.0 0.0 0.0 0.0 0.0 0.0 0.0 0.0 0.0 0.0 0.0 
0.0 0.0 0.0 0.0 0.0 0.0 0.0 0.0 0.0 0.0 0.0 0.0 0.0 0.0 0.0 0.0 0.0 0.0 0.0 0.0 0.0 0.0 0.0 0.0 0.0 0.0 0.0 0.0 0.0 0.0 0.0 0.0 0.0 0.0 0.0 0.0 0.0 0.0 0.0 0.0 0.0 0.0 0.0 0.0 0.0 0.0 0.0 0.0 0.0 0.0 0.0 13.426032675448914 12.004157094131985 10.617144546366982 21.628767645701423 18.4576376985337 15.404021522858226 24.025557461064267 19.503905705035965 29.131842520764 24.77291479855167 21.058970612208746 17.90415809343869 15.1969516828378 12.532338274507737 9.932849277889552 7.459234542232624 4.997500543102661 2.4249147859121063 -0.342918970464171 -3.3184824594694855 -6.325754473452873 -9.099786303417899 -11.71532157729215 -14.293366723888102 -16.99800824689948 -17.617972406242654 -21.743801796199094 -26.750035961008244 -17.90001086212138 -22.925571718760562 -28.503490798926048 -16.038211343578773 -19.124716298207687 -22.394317382570414 -10.555435902027934 -11.67567203228213 -12.860302620653503 0.0 0.0 0.0 0.0 0.0 0.0 0.0 0.0 0.0 0.0 0.0 0.0 
0.0 0.0 0.0 0.0 0.0 0.0 0.0 0.0 0.0 0.0 0.0 0.0 0.0 0.0 0.0 0.0 0.0 0.0 0.0 0.0 0.0 0.0 0.0 0.0 0.0 0.0 0.0 0.0 0.0 0.0 0.0 0.0 0.0 0.0 0.0 0.0 0.0 0.0 0.0 0.0 0.0 0.0 0.0 0.0 0.0 0.0 0.0 0.0 0.0 0.0 0.0 13.175846573912168 11.897702540934212 10.596889377860318 21.5513925682145 18.335896524881626 15.208953628398497 23.86320285528894 19.310996662333576 28.884134118503713 26.217986532307446 21.753568069506642 17.997333922289254 14.6887722672506 11.397705046310977 10.225815434512542 7.706711959285105 5.195613670542204 2.586347154355658 -0.21173397171946207 -3.2296880968238866 -6.303939835859713 -9.151617851602103 -11.820171345398133 -14.409779862537176 -14.50268691303212 -17.659642145384165 -21.64402723982287 -26.528958091110102 -17.540787759635638 -22.541286826584443 -28.126573541796713 -15.728327355152365 -18.828327524873913 -22.08666682187825 -10.352349870972432 -11.425310758693348 -12.56149861229386 0.0 0.0 0.0 0.0 0.0 0.0 0.0 0.0 0.0 0.0 0.0 0.0 
0.0 0.0 0.0 0.0 0.0 0.0 0.0 0.0 0.0 0.0 0.0 0.0 0.0 0.0 0.0 0.0 0.0 0.0 0.0 0.0 0.0 0.0 0.0 0.0 0.0 0.0 0.0 0.0 0.0 0.0 0.0 0.0 0.0 0.0 0.0 0.0 0.0 0.0 0.0 0.0 0.0 0.0 0.0 0.0 0.0 0.0 0.0 0.0 0.0 0.0 0.0 12.934681102832092 11.768922086168363 10.549951288538601 21.510430606757488 18.282331131792795 15.120626231253077 23.888123867435482 19.3141738328393 28.85764001499401 26.254777860105897 21.867017350504916 18.197489849063597 14.96200289251673 11.712361346899295 10.446695624566754 7.87593085860058 5.321208251272371 2.6855875929750357 -0.12967455838293457 -3.171816200937092 -6.2878254990853994 -9.185880705526253 -11.897348834591256 -14.507545709590314 -14.78733982331199 -17.81737999189128 -21.661303881831106 -26.423324766860333 -17.277821495885306 -22.238376610241126 -27.812790488112157 -15.496551167055943 -18.589417925966373 -21.823063696067983 -10.138593888622523 -11.182691871602188 -12.307138410990051 0.0 0.0 0.0 0.0 0.0 0.0 0.0 0.0 0.0 0.0 0.0 0.0 
0.0 0.0 0.0 0.0 0.0 0.0 0.0 0.0 0.0 0.0 0.0 0.0 0.0 0.0 0.0 0.0 0.0 0.0 0.0 0.0 0.0 0.0 0.0 0.0 0.0 0.0 0.0 0.0 0.0 0.0 0.0 0.0 0.0 0.0 0.0 0.0 0.0 0.0 0.0 0.0 0.0 0.0 0.0 0.0 0.0 0.0 0.0 0.0 0.0 0.0 0.0 12.762110797179519 11.660420294286487 10.503119159803413 21.508356892176845 18.29365568988627 15.133501767377371 24.07049790985886 19.48918467272877 29.017789872369125 26.47604975324691 22.120084676169462 18.466166679379434 15.229968946952686 11.979358141999196 10.587699909648856 7.968649747862164 5.3785876248509155 2.724879776729356 -0.0966361197867171 -3.143309077144644 -6.270190220847319 -9.188729952777837 -11.927051028174686 -14.561960377520654 -15.109105293207964 -18.029540115357833 -21.753223429671138 -26.408806564998812 -17.118097094258733 -22.03366782568596 -27.583307374968875 -15.33733466702129 -18.401925233804228 -21.600234772973458 -9.910997827087257 -10.952477675089614 -12.110259783324242 0.0 0.0 0.0 0.0 0.0 0.0 0.0 0.0 0.0 0.0 0.0 0.0 
0.0 0.0 0.0 0.0 0.0 0.0 0.0 0.0 0.0 0.0 0.0 0.0 0.0 0.0 0.0 0.0 0.0 0.0 0.0 0.0 0.0 0.0 0.0 0.0 0.0 0.0 0.0 0.0 0.0 0.0 0.0 0.0 0.0 0.0 0.0 0.0 0.0 0.0 0.0 0.0 0.0 0.0 0.0 0.0 0.0 0.0 0.0 0.0 0.0 0.0 0.0 12.708526302670903 11.614744196742599 24.848554294709565 21.5618029778772 18.3794755840986 15.253439499713133 24.386187513075267 19.81708629277896 29.340450350366677 25.0752661899477 22.480089374628392 18.77179146221104 15.468402073351276 13.395683085913781 10.652146275798778 7.993961893982091 5.378632850587459 2.714883875681739 -0.10184233230512607 -3.1314881228091873 -6.235432225620507 -9.142563236842168 -11.890409655446058 -14.55336177261637 -17.258209576818658 -18.26629982258701 -21.90837592858941 -26.490132164444425 -17.087353127235556 -21.95889982611022 -27.471463737398317 -15.25989594003897 -18.27431543142996 -21.42590472452732 -24.508823924463265 -10.754164479337964 -11.98825657683741 0.0 0.0 0.0 0.0 0.0 0.0 0.0 0.0 0.0 0.0 0.0 0.0 
0.0 0.0 0.0 0.0 0.0 0.0 0.0 0.0 0.0 0.0 0.0 0.0 0.0 0.0 0.0 0.0 0.0 0.0 0.0 3.3285616694052518 2.379686343391728 1.5361412039629867 0.9207597144585856 0.521702904214558 0.23456312360575554 -0.07591737343880979 -0.5276592056192323 -1.1876059606746328 -2.0438407235253315 -2.9787437314734766 -3.9389836847441977 0.0 0.0 0.0 0.0 0.0 0.0 0.0 0.0 0.0 0.0 0.0 0.0 0.0 0.0 0.0 0.0 0.0 0.0 0.0 0.0 12.824231878726893 11.67879536671135 10.537868633392621 21.701132079238135 18.560217448164774 15.49369683558232 24.812997524305818 20.279101447537077 29.80256765371912 25.52378689613764 21.95878896663913 18.928269223264746 16.224004398130987 13.445640842752857 10.648213381931926 7.961476750727877 5.3326726175576535 2.6698134872958317 -0.12757436025123742 -3.115859430246974 -6.163128549530965 -9.029764729684432 -11.772943186802513 -14.469607088210948 -17.238887364593136 -20.23691015278027 -22.13702657550271 -26.68992660705529 -17.223777085339417 -22.055757343631807 -24.120982257789976 -15.287772571322432 -18.231673885861596 -21.32264821028429 -24.397313050001287 -10.617240179662906 -11.957060651946662 0.0 0.0 0.0 0.0 0.0 0.0 0.0 0.0 0.0 0.0 0.0 0.0 
0.0 0.0 0.0 0.0 0.0 0.0 0.0 0.0 0.0 0.0 0.0 0.0 0.0 0.0 0.0 0.0 0.0 5.126717606472023 4.276325649939011 3.400036155223606 2.536475444318603 1.737605020028676 1.0858731553838243 0.5825714712959393 0.16416646512617775 -0.2521902230109268 -0.7454835540939965 -1.3724460069536903 -2.1416147327455204 -2.981045379697844 -3.863693862096847 -4.77375043115451 -5.694749340909426 0.0 0.0 0.0 0.0 0.0 0.0 0.0 0.0 0.0 0.0 0.0 0.0 0.0 0.0 0.0 0.0 0.0 0.0 0.0 11.906420856312394 10.700321655273711 21.9707856464427 18.865263267853145 15.87092455322509 25.33330713230083 20.858537389917547 30.38517585720229 26.072463939961672 22.39721966496082 19.205163455464596 16.33464738136768 13.437837824726033 10.582267168513335 7.874304759125241 5.246215718186272 2.6028050768081368 -0.15205345541662707 -3.070629633310815 -6.032787284378861 -8.84089102395977 -11.575493379965552 -14.31819681280057 -17.1814141318602 -20.304114847331512 -23.85218261560444 -27.052744453823347 -17.579562965562435 -20.564939052121176 -24.412387501337847 -15.465745784581372 -18.3237102232792 -21.333334277744683 -9.413312679342702 -10.581232502697857 -12.028785556135336 0.0 0.0 0.0 0.0 0.0 0.0 0.0 0.0 0.0 0.0 0.0 0.0 
0.0 0.0 0.0 0.0 0.0 0.0 0.0 0.0 0.0 0.0 0.0 0.0 0.0 0.0 0.0 6.317681976679284 5.685380570007908 4.994736391566631 4.248338832983996 3.4680187225853323 2.6823074119842745 1.9209946361940424 1.2369950066098805 1.8801215000259393 0.3383285347122396 -1.2260081032618912 -0.9454351132102875 -1.5585061478651152 -2.2522823729703125 -2.992855743012076 -3.7897647075559853 -4.647244059456894 -5.567060983080172 -6.551639448125854 0.0 0.0 0.0 0.0 0.0 0.0 0.0 0.0 0.0 0.0 0.0 0.0 0.0 0.0 0.0 0.0 0.0 0.0 12.329646456069131 10.998386913393114 22.385798149879 19.29720919538427 16.373955132311806 25.942340792240824 21.542626521726874 31.070894480534335 26.703258166904373 22.888497296692858 19.507068294478763 16.445557524411903 13.406199553111964 10.47375544153327 7.738350251740064 5.12029999108184 2.5186468815569967 -0.1649035042675292 -2.9878696108735734 -5.853890480778743 -8.609497586089761 -11.35096557665295 -14.161139180842493 -17.144593397353958 -20.4232450752738 -24.13718247056086 -28.198990409888772 -17.679534347948785 -21.090458144794805 -24.90579738521511 -15.818803239819836 -18.584418400831566 -21.487745956899225 -9.457326602068772 -10.657526339254622 -12.178271187395588 0.0 0.0 0.0 0.0 0.0 0.0 0.0 0.0 0.0 0.0 0.0 0.0 
0.0 0.0 0.0 0.0 0.0 0.0 0.0 0.0 0.0 0.0 0.0 0.0 0.0 0.0 6.701903466775089 6.099237328993471 5.518481153521662 4.900780643692451 4.231681755093489 3.5217739721468786 7.701108566451033 5.881477300937064 4.060450008308844 2.3168882417918093 0.6055770734954754 -1.1162809904297086 -2.8826680185422573 -4.705612199282521 -6.526632343812394 -8.185717245747247 -3.735172608610731 -4.5474993266220345 -5.463939967311483 -6.496630033914535 -7.6589844611066065 0.0 0.0 0.0 0.0 0.0 0.0 0.0 0.0 0.0 0.0 0.0 0.0 0.0 0.0 0.0 0.0 0.0 12.96700523025387 11.431750943757518 22.92219828248333 19.834475204946735 16.979608005804614 26.658298946573783 22.332444030836292 18.63100959389973 27.409043775396075 23.443833372075048 19.866423831834844 16.603791564185784 13.399405010610474 10.363180675498912 7.58140071668792 4.968697022299547 2.4170794156552917 -0.18157131282038189 -2.9012780876589606 -5.680007632930891 -8.40409661013934 -11.174013271984881 -14.06823098604346 -17.181750893296854 -20.62140888373991 -24.506422608538365 -15.207684413541694 -18.309018211500483 -21.743887672222055 -25.5365416553957 -16.300101853698806 -18.975162211237446 -21.75657914322155 -9.587743779986987 -10.79267044037633 -12.34124247941926 0.0 0.0 0.0 0.0 0.0 0.0 0.0 0.0 0.0 0.0 0.0 0.0 
0.0 0.0 0.0 0.0 0.0 0.0 0.0 0.0 0.0 0.0 0.0 0.0 0.0 7.2381629042243905 6.546572302544566 5.947016049400759 5.400873755465962 4.834990709637663 11.757413105940866 9.99612515379227 8.207074246394367 6.345417009423478 4.4373477710337745 2.5899323224555344 0.770893434757465 -1.051875857880143 -2.9040068443755436 -4.7938176357961035 -6.6691182832063856 -8.392300106475693 -10.084857116008973 -11.717170330428043 -5.381498067396704 -6.4383235649593775 -7.6489684249729475 -9.00418478023125 0.0 0.0 0.0 0.0 0.0 0.0 0.0 0.0 0.0 0.0 0.0 0.0 0.0 0.0 0.0 0.0 0.0 11.998176570120883 23.558457015470914 20.461034877358934 17.672889779533435 14.778260713262688 23.221264671564143 19.498502034871017 28.178667261124634 24.06447304837526 20.297635329265233 16.834493840136027 13.449361315441877 10.28544054282008 7.435941114624655 4.814365091033306 2.3045991110889745 -0.2171875781353437 -2.8491353748447277 -5.56724381173418 -8.288025832669119 -11.106222004428894 -14.09183741049216 -17.32961413546962 -20.914616795347097 -24.952783771361474 -15.834539473601053 -19.011558510300326 -22.47769026154906 -14.304920213049549 -16.873392971568368 -19.467557666237795 -22.121047031567972 -9.7607060406664 -10.933379015616026 0.0 0.0 0.0 0.0 0.0 0.0 0.0 0.0 0.0 0.0 0.0 0.0 0.0 
0.0 0.0 0.0 0.0 0.0 0.0 0.0 0.0 0.0 0.0 0.0 0.0 7.928999006162063 7.151205635044128 6.43785545056313 5.840532607434212 5.317641431300724 13.802100626326414 12.065988869650127 10.307056987246243 8.516003015986993 6.6308000575699495 4.671208702654203 2.76166455927741 0.8768522532824372 -1.0097645502735433 -2.9186536081725647 -4.853643560650621 -6.760838202520997 -8.51188156580867 -10.26157453360322 -12.020647504241452 -13.699643179699457 -6.370298227477751 -7.589064927573423 -8.927705961839276 -10.167414493551036 0.0 0.0 0.0 0.0 0.0 0.0 0.0 0.0 0.0 0.0 0.0 0.0 0.0 0.0 0.0 0.0 12.660929457045397 24.249837138651145 21.14864723097928 18.431908867749932 15.631521930041558 24.188749548493135 20.426065141857435 17.073780841874544 24.731152995904964 20.79098415265632 17.13860838702339 13.569996262536954 10.266915886641392 7.334299447764006 4.68457535970062 2.192131081022067 -0.2843093719963892 -2.867143765943434 -5.565041751357342 -8.312610063918608 -11.193904244018754 -14.268915589919724 -17.61217961148814 -21.310296245120213 -13.393130336779803 -16.501265332505668 -19.74047215676903 -23.235369677178486 -14.942030763659973 -17.490271616194633 -20.01814139805837 -22.546038322297385 -9.91462113497132 -11.005900554460462 0.0 0.0 0.0 0.0 0.0 0.0 0.0 0.0 0.0 0.0 0.0 0.0 0.0 
0.0 0.0 0.0 0.0 0.0 0.0 0.0 0.0 0.0 0.0 0.0 8.679176657131924 7.887073513736284 7.087318266805672 6.363184454706041 5.767285485549568 15.732518570133259 13.96171290211409 12.222796117043927 10.47545514943014 8.694848289476093 6.805539249949716 4.82098015428151 2.8768256498742173 0.9530021918370093 -0.9732537131627614 -2.9190421625035 -4.8847792259576925 -6.813247168258206 -8.578096204124243 -10.354976629933333 -12.1847655854103 -14.020647484628313 -15.688212593313382 -7.485810464055686 -8.767812434250686 -9.902339572861303 0.0 0.0 0.0 0.0 0.0 0.0 0.0 0.0 0.0 0.0 0.0 0.0 0.0 0.0 0.0 0.0 13.311141454224007 11.359400250612271 21.84258429396281 19.217005963266445 16.50599136566194 25.186971150540202 21.36585805254987 17.911696017269833 14.784270613752124 21.31226140606388 17.491701404672177 13.75191603916331 10.314508478635323 7.294056795259257 4.5974120373004315 2.087964983158354 -0.39012246345183743 -2.976533978827006 -5.701101768900531 -8.505024547784796 -11.460551005256491 -14.616983232973991 -18.038138611161425 -21.804012059035106 -13.997966705352766 -17.17077032934462 -20.440761227328192 -13.033102141695416 -15.551972343673658 -18.088584240891887 -20.564153749878045 -9.06715421704184 -9.977648528933603 -10.932565620218204 0.0 0.0 0.0 0.0 0.0 0.0 0.0 0.0 0.0 0.0 0.0 0.0 0.0 
0.0 0.0 0.0 0.0 0.0 0.0 0.0 0.0 0.0 0.0 0.0 8.676797514024779 7.855728089665495 7.046773822234337 6.317877927113892 5.721666369363295 15.797632189514935 14.008704847261512 12.280712045750857 10.555737981270354 8.797173729990831 6.918489187076198 4.926310471953919 2.9647015336006954 1.0191673116384692 -0.9296545590280763 -2.8967894516021797 -4.8814150157007825 -6.825077082334968 -8.600241598631872 -10.39176187901554 -12.259469525851205 -14.191299723550935 -16.06703335433201 -17.64500167078801 -8.543014005312711 -9.560526353128383 -10.623760379331475 0.0 0.0 0.0 0.0 0.0 0.0 0.0 0.0 0.0 0.0 0.0 0.0 0.0 0.0 0.0 0.0 11.66191085067797 22.422617077439455 19.93488727828185 17.31834404399788 14.780556976200742 22.218700310631913 18.676639478533133 15.446445229414506 12.492468919285889 17.852248295797775 13.969380464812001 10.417059384771694 7.313541773378917 4.5546966115850145 1.9931177620474259 -0.5353352992359558 -3.1780933041514943 -5.974831376691735 -8.863268981738106 -11.90188719644755 -15.12708915678705 -18.58999960612329 -11.80443449476353 -14.62379001699224 -17.79076357199041 -21.0371003654868 -13.570505177695178 -16.072809492537445 -18.58852448250481 -21.015769108652485 -9.124132859478475 -9.909105599599258 -10.692441406946665 0.0 0.0 0.0 0.0 0.0 0.0 0.0 0.0 0.0 0.0 0.0 0.0 0.0 
0.0 0.0 0.0 0.0 0.0 0.0 0.0 0.0 0.0 0.0 9.395138917186879 8.684303567999313 7.855052562939418 7.04498209478108 6.31216740391304 17.74910695978583 15.788781040927978 14.005845034907672 12.29824866725744 10.601633660502493 8.871584854327281 7.012106824021722 5.022536695435125 3.055004614631171 1.1020943855976046 -0.8521984137715796 -2.8227782639447465 -4.811920025693026 -6.766383663960365 -8.55745416670312 -10.365047940810083 -12.25442972236354 -14.23529787265142 -16.238112853424624 -18.103085943720387 -8.259507498433411 -9.159994685872245 -10.092073913176769 0.0 0.0 0.0 0.0 0.0 0.0 0.0 0.0 0.0 0.0 0.0 0.0 0.0 0.0 0.0 0.0 11.621299717712008 10.148060854720535 20.330978409342812 17.844745195955873 15.349645328046016 22.788392734525768 19.207557222922482 15.931413470122585 12.924543356567206 10.169875967351109 14.193722451274729 10.559470769528383 7.382436662240801 4.548605524109222 1.905822034059312 -0.7093731962072334 -3.4442362084634452 -6.341510668575374 -9.327661347259177 -12.44411993165994 -8.007232644471804 -10.072998128975126 -12.42980924751739 -15.183357609889274 -18.266568462370355 -11.638642327967885 -13.974906033928447 -16.41649712297928 -18.87570888311886 -21.235005595741143 -9.108327293032405 -9.786317010697655 0.0 0.0 0.0 0.0 0.0 0.0 0.0 0.0 0.0 0.0 0.0 0.0 0.0 0.0 
0.0 0.0 0.0 0.0 0.0 0.0 0.0 0.0 0.0 0.0 9.41455724310232 8.7112434029329 7.8879627475373075 7.078425399371371 6.338639403675235 17.721038215924615 15.7877568008305 14.019998637190412 12.330345951601515 10.655088057221226 8.94633949487541 7.1021747975803855 5.116855400554835 3.1494884125486315 1.1989170722520792 -0.7486729430679298 -2.70997361139165 -4.693412593443332 -6.655414006097821 -8.467098391936162 -10.294407854416495 -12.197748499429103 -14.194279817073738 -16.245358786128904 -18.26050641575578 -7.988194882530775 -8.805153265993667 -9.667081820339554 -10.620311925254834 0.0 0.0 0.0 0.0 0.0 0.0 0.0 0.0 0.0 0.0 0.0 0.0 0.0 0.0 0.0 11.268126393917246 9.957518589505684 20.416686356316056 18.119230348685306 15.700942693424773 13.356763121051465 19.551693817485642 16.261376599448877 13.237299350249007 10.460183796165133 7.895033140892204 5.695256484060459 7.426240457709511 4.525808854792982 1.8097560406934325 -0.8831392235334282 -3.702111913886827 -6.697683277834943 -5.032055031734004 -6.801039634998646 -8.691166800673642 -10.742245110877949 -13.040480221144145 -15.704875558927995 -18.68060423489331 -12.11522174976075 -14.34855302829926 -16.688608201761784 -19.047978819329728 -8.436731842569014 -9.129157334447818 -9.731643075000829 0.0 0.0 0.0 0.0 0.0 0.0 0.0 0.0 0.0 0.0 0.0 0.0 0.0 0.0 
0.0 0.0 0.0 0.0 0.0 0.0 0.0 0.0 0.0 0.0 9.429294046160395 8.76138700708575 7.95030540834407 7.138317444798744 6.38601978922884 17.704696848415313 15.812019774719683 14.062713854656675 12.38704127392635 10.725295854986513 9.029498023090655 7.195327989770064 5.214265168968616 3.250682039785764 1.3079202933568133 -0.6269602377587562 -2.573596521052804 -4.547649290929081 -6.516315685938711 -8.350342215053812 -10.197859969091464 -12.10987124239691 -14.103446184802241 -16.156789517489486 -18.226196912312346 -20.30540629685045 -8.501362841893842 -9.338039506209935 -10.29809326526848 0.0 0.0 0.0 0.0 0.0 0.0 0.0 0.0 0.0 0.0 0.0 0.0 0.0 0.0 0.0 10.670633258963953 9.585220261309097 20.21318277435769 18.162639216327854 15.861338789197845 13.564897010601632 11.355716695213175 16.457623767984156 13.439926492807224 10.667566993091599 8.09266724375046 5.857680932618424 3.9652560795262333 2.319923659192253 0.8140035988392209 -0.6601174933387949 -2.199396615144097 -3.861413002807506 -5.620937000056862 -7.458948133679501 -9.370883588027043 -11.396251829643028 -13.63139290908524 -16.213618749959075 -10.696787191265686 -12.65026370945397 -14.750644560741604 -16.94030954449747 -19.137066027332256 -8.539885541283551 -9.262805519620805 -9.809354116942291 0.0 0.0 0.0 0.0 0.0 0.0 0.0 0.0 0.0 0.0 0.0 0.0 0.0 0.0 
0.0 0.0 0.0 0.0 0.0 0.0 0.0 0.0 0.0 0.0 9.45637704836514 8.837035016566988 8.037223318208385 7.216649490321701 19.690346178636428 17.701005885865808 15.853879477149729 14.125556721226452 12.462009519417037 10.808692707566562 9.119958227145935 7.292099063996519 5.3155223828950975 3.3577639030651567 1.4246238794771393 -0.49697101919891234 -2.4297631501924597 -4.3958298507653195 -6.371433931459567 -8.225662244331685 -10.088802048953475 -12.001747773275303 -13.978868910939187 -16.007952404433155 -18.075421473898295 -20.235825277505395 -8.239125286828518 -9.07893719006421 -10.066738061840942 -11.248375876149113 0.0 0.0 0.0 0.0 0.0 0.0 0.0 0.0 0.0 0.0 0.0 0.0 0.0 0.0 9.938301601689366 9.09338717844387 8.305630184835998 18.028281886145308 15.8764488600889 13.644944206858463 11.468959730543592 9.40711110891502 13.55374868232435 10.801080100132921 8.232428354376287 5.9743748148349125 4.029586740441752 2.306980970671298 0.7048167737128266 -0.8792379214173995 -2.540953624759793 -4.331221874049668 -6.194889758293823 -8.094702134282425 -10.021284690928768 -12.021532215799244 -14.212943641671256 -9.65633472590556 -11.467744347541174 -13.317398347594782 -15.257344054926474 -17.22834267054416 -7.782070798995193 -8.775806974698638 -9.598272296537312 0.0 0.0 0.0 0.0 0.0 0.0 0.0 0.0 0.0 0.0 0.0 0.0 0.0 0.0 0.0 
0.0 0.0 0.0 0.0 0.0 0.0 0.0 0.0 0.0 0.0 9.511652468574981 8.93893248512548 8.143497515286544 7.306817593209053 19.590748184862015 17.698950390557137 15.89878541085087 14.195227116359547 12.545280754940226 10.89923508386918 9.215210535510561 7.392252613414724 5.420654397123215 3.469068748438896 1.5439171686605864 -0.3684129164820945 -2.2928772898029606 -4.255638381981839 -6.238511582623718 -8.107215920172328 -9.976696949729948 -11.879167088816223 -13.826500217846778 -15.813368680348423 -17.8466697105541 -20.011298392580176 -8.005034972004747 -8.864045189882132 -9.884340645396307 -11.10927090671996 0.0 0.0 0.0 0.0 0.0 0.0 0.0 0.0 0.0 0.0 0.0 0.0 0.0 0.0 9.163385147266391 8.539542197285183 7.94779413800073 17.78058255947545 15.795227066263422 13.637960700747954 11.499489571057694 9.468956764040408 7.57564266312124 10.876781306729761 8.319123687085373 6.04422216814707 4.057622974640045 2.2732411831403954 0.5927497258313124 -1.0845014891471956 -2.8556358840665776 -4.764652961713923 -6.724018922282138 -8.678874170981508 -10.621086629530756 -7.409672614130269 -8.89132643953558 -10.583125658788129 -12.42918441522632 -14.206598809552393 -15.963550178116343 -6.823332181780879 -8.02279660747944 -9.238235927370345 0.0 0.0 0.0 0.0 0.0 0.0 0.0 0.0 0.0 0.0 0.0 0.0 0.0 0.0 0.0 0.0 
0.0 0.0 0.0 0.0 0.0 0.0 0.0 0.0 0.0 0.0 9.608637058751837 9.064845297851717 8.26310773463199 7.404195249877843 19.49769669573677 17.681401049030956 15.92738989360515 14.25482872040853 12.624584731471828 10.989849750547165 9.312624738815574 7.495552851108242 5.5290625592274 3.581664021282684 1.6592843296797555 -0.25181190774595275 -2.176944302807371 -4.143021465239397 -6.13294647876204 -8.007241012348242 -9.869575669120154 -11.745913041530866 -13.647203515075237 -15.57485598883948 -17.55162945149479 -19.67377701239282 -7.785058888934481 -8.67073136105468 -9.720042863797122 -10.97287033443177 0.0 0.0 0.0 0.0 0.0 0.0 0.0 0.0 0.0 0.0 0.0 0.0 0.0 0.0 8.41025869058101 7.96671454911539 7.569612937294668 7.111331153087229 15.617796536993652 13.548458279809875 11.460304450874727 9.473315721326221 7.62568475196451 5.923008050010301 4.340177458188622 2.962580667854983 4.067735368088336 2.2400191628943973 0.5013834630960796 -1.251550670013025 -3.1191361447281425 -5.1375069992680995 -4.088949366659884 -5.410701876906895 -6.794355240544953 -8.252948753686487 -9.845923401142912 -11.667999687573934 -13.617408364332302 -4.902172999515005 -5.81184116136707 -6.988447247651429 -8.423400357556988 -10.045544826438256 0.0 0.0 0.0 0.0 0.0 0.0 0.0 0.0 0.0 0.0 0.0 0.0 0.0 0.0 0.0 0.0 
0.0 0.0 0.0 0.0 0.0 0.0 0.0 0.0 0.0 0.0 9.753035346823731 9.209336353326421 8.394113318519013 7.514733289624959 19.3969927138046 17.619097977610352 15.906328936705 14.273276235036299 12.675101549536041 11.06367322618511 9.402385251443917 7.595564818525212 5.6329679376695445 3.6839241370745057 1.7546060763140057 -0.1671799170793948 -2.104437812235948 -4.081008739873051 -6.075925400508252 -7.942213976614139 -9.77721594965855 -11.603277315907674 -13.432135107119297 -15.272442232680827 -17.161567491450853 -19.20313210891647 -7.565600320867178 -8.480363809386741 -9.552316844063215 -10.818052797961204 0.0 0.0 0.0 0.0 0.0 0.0 0.0 0.0 0.0 0.0 0.0 0.0 0.0 0.0 7.798100856474169 7.46842435645669 7.2291091097513664 6.94768879059341 6.458091960647681 13.331535919726043 11.322676513547297 9.40808196193924 7.630319649890474 5.985774199743309 4.428097061722765 3.039628213133054 1.8614957468643727 0.8553222128458082 -0.05533870108533198 -0.9647052654136057 -1.9788371477967968 -3.187842805433227 -4.549036166734888 -5.992915406857121 -7.491794391283658 -9.056722533938952 -10.745639485774344 -12.65376038268596 -4.446264082625176 -4.961512296363368 -5.8298096581387675 -7.104305433582491 -8.827742331751336 0.0 0.0 0.0 0.0 0.0 0.0 0.0 0.0 0.0 0.0 0.0 0.0 0.0 0.0 0.0 0.0 0.0 
0.0 0.0 0.0 0.0 0.0 0.0 0.0 0.0 0.0 0.0 9.933330834411834 9.375157407891361 8.547241478979188 7.652998927243773 19.2753077153154 17.50932861624571 15.830308521380285 14.239767248070642 12.682857783110478 11.106655270606248 9.472309451941742 7.68215997243167 5.723309366155162 3.7678695681761765 1.8244013403384134 -0.1158206476593979 -2.0715691788407877 -4.0614516677173915 -6.057762957496614 -7.904432395119314 -9.695519603210709 -11.451595257112178 -13.18679939604675 -14.918470640278528 -16.701115948343705 -18.65588631613661 -7.3596807098940795 -8.304800840396044 -9.395875900971348 -10.666709465638434 0.0 0.0 0.0 0.0 0.0 0.0 0.0 0.0 0.0 0.0 0.0 0.0 0.0 0.0 0.0 7.034899299316101 6.925771782028343 6.801199408490513 6.414682110865806 5.723183108229637 11.051518736484125 9.251796260995953 7.590424441263835 6.044819801410338 4.537154114371519 3.1453998086481123 1.9371939090865535 0.8871204006753662 -0.08024013870356525 -1.064440040794333 -2.1807050177732945 -3.521663957935698 -5.0276840436273815 -6.622076034630734 -8.271148890232709 -9.973075680642497 -11.765746303247543 -4.57540942351439 -4.608439511402944 -4.915063658839368 -5.693800682497346 -7.040675022007937 0.0 0.0 0.0 0.0 0.0 0.0 0.0 0.0 0.0 0.0 0.0 0.0 0.0 0.0 0.0 0.0 0.0 0.0 
0.0 0.0 0.0 0.0 0.0 0.0 0.0 0.0 0.0 0.0 10.152297671607911 9.573612472958326 8.734679797986619 7.828752123956676 19.12996423384005 17.356420955425577 15.699467455035734 14.148142177691458 12.637255263191811 11.106442933750078 9.51075883760365 7.746523627310049 5.795108597979778 3.832360837061546 1.8714424906611615 -0.0911308192174291 -2.068424142007819 -4.072259691592426 -6.066011662430853 -7.882985765794775 -9.615815605675325 -11.285111885070712 -12.910001240419273 -14.52013905218248 -16.193943846174058 -18.08770928492134 -7.173905880463466 -8.151549274527282 -9.260091369957655 -10.53073803231742 0.0 0.0 0.0 0.0 0.0 0.0 0.0 0.0 0.0 0.0 0.0 0.0 0.0 0.0 0.0 0.0 6.674356687986396 6.694502547173842 6.3877469710020875 5.718692870746988 4.822005576587288 3.838840440652306 7.4832842561770905 6.09981291180299 4.681975309655227 3.2983206934703366 2.055807368058531 0.951601176427773 -0.08288654842813425 -1.150338955871078 -2.3767798216993556 -3.863079274251159 -5.5403534139856525 -7.328184314004391 -9.183437925300321 -4.945700047844554 -5.166057931545156 -5.022223516434714 -4.67017393361155 -4.646041061030504 -5.262446120884053 0.0 0.0 0.0 0.0 0.0 0.0 0.0 0.0 0.0 0.0 0.0 0.0 0.0 0.0 0.0 0.0 0.0 0.0 0.0 
0.0 0.0 0.0 0.0 0.0 0.0 0.0 0.0 0.0 0.0 0.0 9.808436434642783 8.959487073835566 8.041787163025873 7.085400636752597 17.16971201837285 15.516911610443703 13.993728067342358 12.527518576785727 11.048864297640387 9.503181544839556 7.7770679510994105 5.842024030719017 3.876479127350949 1.8998015535742172 -0.08488719325533198 -2.083865453234572 -4.100982013192667 -6.088829373757214 -7.86845710878899 -9.531957813774278 -11.102010021369452 -12.606670981463028 -14.094308896579221 -15.678385605845499 -17.572667830951524 -7.012532615457518 -8.02465731752682 -9.149894390981459 -10.41684127740926 0.0 0.0 0.0 0.0 0.0 0.0 0.0 0.0 0.0 0.0 0.0 0.0 0.0 0.0 0.0 0.0 0.0 6.658406855868473 6.408052862789297 5.731974510436954 4.817473083156318 3.8289648330250228 2.868772972714708 2.005118583659405 1.3002734045268918 0.787063729128496 0.40481831109757455 1.067800400309478 -0.047056982378696655 -1.2087074495400258 -2.5560857669455754 -2.4264719432617294 -3.3774074316067724 -4.3297909499953775 -5.199218426635666 -5.8406642353070115 -6.017505374823713 -5.493837296982212 0.0 0.0 0.0 0.0 0.0 0.0 0.0 0.0 0.0 0.0 0.0 0.0 0.0 0.0 0.0 0.0 0.0 0.0 0.0 0.0 0.0 0.0 
0.0 0.0 0.0 0.0 0.0 0.0 0.0 0.0 0.0 0.0 0.0 10.065841860002193 9.208519891246885 8.276994616477191 7.27952951192751 16.966524684621227 15.294175911428109 13.778492185543396 12.346312644971995 10.91986879571314 9.432740046051489 7.75924599038094 5.855786737047843 3.8989180774964365 1.9145657969998153 -0.08681119173956668 -2.104068973202408 -4.132301431437466 -6.111990376181497 -7.850638297214106 -9.439822870694757 -10.906642566558777 -12.293619119783196 -13.67723196257884 -15.220627741279497 -5.9141312434104245 -6.878860189997542 -7.92618204149924 -9.067902632393919 -10.329867429083105 0.0 0.0 0.0 0.0 0.0 0.0 0.0 0.0 0.0 0.0 0.0 0.0 0.0 0.0 0.0 0.0 0.0 0.0 6.5315207703288065 5.8155386128147475 4.856441841357058 3.848391747343204 2.895583484940281 2.054882961566148 1.3630874421389854 0.8335562678675243 0.4118846691994717 0.020342900320988025 -0.4253386543216495 -1.0030280258341933 -1.7742879057948546 -2.7520802207426627 -3.8488960378009165 -5.006463570725756 -6.133831948557688 -7.016398841667554 0.0 0.0 0.0 0.0 0.0 0.0 0.0 0.0 0.0 0.0 0.0 0.0 0.0 0.0 0.0 0.0 0.0 0.0 0.0 0.0 0.0 0.0 0.0 0.0 
0.0 0.0 0.0 0.0 0.0 0.0 0.0 0.0 0.0 0.0 0.0 0.0 9.437497728885269 8.494257435903155 7.457728508630246 16.77558494209315 15.058708968596358 13.521815095761298 12.101563215722624 10.716277537613669 9.288643357990232 7.680877940321057 5.8289959328592715 3.899287422654332 1.9224738924073836 -0.08403926709376774 -2.1117969486303165 -4.147142357441737 -6.118369404527625 -7.819506024178025 -9.34105308799351 -10.717154026412684 -12.011529759033046 -13.340415724578422 -14.933818177018217 -5.765052934224964 -6.77427073870204 -7.854851483320652 -9.013446831711049 -10.27315015430101 0.0 0.0 0.0 0.0 0.0 0.0 0.0 0.0 0.0 0.0 0.0 0.0 0.0 0.0 0.0 0.0 0.0 0.0 0.0 6.085924745933057 5.0458610980955605 3.9886936625055496 3.0183892954657217 2.1748154529694976 1.4653225105937415 0.8918760642210591 0.41317877374218415 -0.035498050550004635 -0.5309899924836619 -1.153131796948311 -1.9777246908637334 -3.046026634561302 -4.305027577429724 -5.730396322228037 -7.261059758085397 0.0 0.0 0.0 0.0 0.0 0.0 0.0 0.0 0.0 0.0 0.0 0.0 0.0 0.0 0.0 0.0 0.0 0.0 0.0 0.0 0.0 0.0 0.0 0.0 0.0 
0.0 0.0 0.0 0.0 0.0 0.0 0.0 0.0 0.0 0.0 0.0 0.0 9.548567634621111 8.610395735315986 7.556738782736033 6.519211183205079 14.879923304859 13.29945181019728 11.863744833107418 10.493701925762874 9.107101936646592 7.559928973169644 5.7688099597133355 3.8818234329205112 1.9298350264498518 -0.06579152228889626 -2.0915943285449208 -4.127628015537239 -6.0935489066751565 -7.774073772849611 -9.258080634905513 -10.587791499079037 -11.85042404135752 -13.206695912366726 -4.695914311164543 -5.666643933701843 -6.704223722011412 -7.808270685058458 -8.982512940353889 -10.24842523055181 0.0 0.0 0.0 0.0 0.0 0.0 0.0 0.0 0.0 0.0 0.0 0.0 0.0 0.0 0.0 0.0 0.0 0.0 0.0 0.0 0.0 4.405626647506471 3.3437394538658025 2.415514841136133 1.6083931935024995 0.9397502119655542 0.387317123925822 -0.10555430826967212 -0.6168007954780822 -1.2374913052815604 -2.0648328559555136 -3.177013284410116 -4.565525577776814 0.0 0.0 0.0 0.0 0.0 0.0 0.0 0.0 0.0 0.0 0.0 0.0 0.0 0.0 0.0 0.0 0.0 0.0 0.0 0.0 0.0 0.0 0.0 0.0 0.0 0.0 0.0 
0.0 0.0 0.0 0.0 0.0 0.0 0.0 0.0 0.0 0.0 0.0 0.0 9.53436781411485 8.618143662272876 7.571570420595817 6.534387948798066 5.678677013868544 13.12041321193598 11.657547610397042 10.285105420544324 8.920802231182742 7.4202381248424825 5.6860630066552345 3.846211021754308 1.9284011383080943 -0.044885315621452204 -2.0575552136065025 -4.086019256964357 -6.045481152043714 -7.717356186845679 -9.189294836836353 -10.510537295008264 -11.788196941395414 -3.9413599779139386 -4.6389098940473374 -5.612338277047512 -6.6593278844086425 -7.773965227635671 -8.959649882246692 -10.238087031325342 0.0 0.0 0.0 0.0 0.0 0.0 0.0 0.0 0.0 0.0 0.0 0.0 0.0 0.0 0.0 0.0 0.0 0.0 0.0 0.0 0.0 0.0 0.0 0.0 1.8068041616497121 0.973143038594006 0.3189546387235098 -0.21000030737796985 -0.7001651937053888 -1.2646979223461976 -2.034811292086772 0.0 0.0 0.0 0.0 0.0 0.0 0.0 0.0 0.0 0.0 0.0 0.0 0.0 0.0 0.0 0.0 0.0 0.0 0.0 0.0 0.0 0.0 0.0 0.0 0.0 0.0 0.0 0.0 0.0 
0.0 0.0 0.0 0.0 0.0 0.0 0.0 0.0 0.0 0.0 0.0 0.0 0.0 8.524684470947346 7.506071398756957 6.500354931044913 5.672852487914174 4.998376733804871 11.471997436072591 10.083917098220214 8.725221408158859 7.255617413300605 5.570091876874042 3.7772386760893673 1.8996340184582605 -0.04138500293861583 -2.0290431269909033 -4.03824744755424 -5.983457739583257 -7.649609473948951 -9.124315749590387 -10.46170866116019 -3.5042519773641936 -3.952188031053015 -4.639323132675342 -5.59941030158813 -6.637406527154654 -7.748858012259356 -8.939078149518632 0.0 0.0 0.0 0.0 0.0 0.0 0.0 0.0 0.0 0.0 0.0 0.0 0.0 0.0 0.0 0.0 0.0 0.0 0.0 0.0 0.0 0.0 0.0 0.0 0.0 0.0 0.0 0.0 0.0 0.0 0.0 0.0 0.0 0.0 0.0 0.0 0.0 0.0 0.0 0.0 0.0 0.0 0.0 0.0 0.0 0.0 0.0 0.0 0.0 0.0 0.0 0.0 0.0 0.0 0.0 0.0 0.0 0.0 0.0 0.0 0.0 
0.0 0.0 0.0 0.0 0.0 0.0 0.0 0.0 0.0 0.0 0.0 0.0 0.0 8.32751393720852 7.354924848672775 6.410091664887356 5.640610981805745 5.008492078291525 4.456545053230616 9.882665209107298 8.509601995489552 7.050147378678046 5.399974739743743 3.650791549426577 1.818253124176573 -0.07984499314641741 -2.0280614302579405 -4.00176209670942 -5.917894938796941 -7.572146937138147 -9.053470677456074 -3.217185247963683 -3.5675040172556645 -4.023931102868954 -4.699435170641482 -5.631167460104758 -6.640844531088102 -7.733210993502967 -8.917772744892206 0.0 0.0 0.0 0.0 0.0 0.0 0.0 0.0 0.0 0.0 0.0 0.0 0.0 0.0 0.0 0.0 0.0 0.0 0.0 0.0 0.0 0.0 0.0 0.0 0.0 0.0 0.0 0.0 0.0 0.0 0.0 0.0 0.0 0.0 0.0 0.0 0.0 0.0 0.0 0.0 0.0 0.0 0.0 0.0 0.0 0.0 0.0 0.0 0.0 0.0 0.0 0.0 0.0 0.0 0.0 0.0 0.0 0.0 0.0 0.0 0.0 
0.0 0.0 0.0 0.0 0.0 0.0 0.0 0.0 0.0 0.0 0.0 0.0 0.0 0.0 7.116242114249699 6.256874298487452 5.5715920514823365 5.005526153480172 4.492885877166207 3.988157925199596 3.467316296101549 6.76761207106593 5.137630086635031 3.4293074322631947 1.648504163224684 -0.19344214357582457 -2.08433457251929 -4.001057401675563 -5.864349024547417 -2.4198277430793014 -2.8898033614973726 -3.286532786894831 -3.6756662423545685 -4.153708382860712 -4.819975897855628 -5.710904534240122 -6.672393442146543 -7.727295660640723 0.0 0.0 0.0 0.0 0.0 0.0 0.0 0.0 0.0 0.0 0.0 0.0 0.0 0.0 0.0 0.0 0.0 0.0 0.0 0.0 0.0 0.0 0.0 0.0 0.0 0.0 0.0 0.0 0.0 0.0 0.0 0.0 0.0 0.0 0.0 0.0 0.0 0.0 0.0 0.0 0.0 0.0 0.0 0.0 0.0 0.0 0.0 0.0 0.0 0.0 0.0 0.0 0.0 0.0 0.0 0.0 0.0 0.0 0.0 0.0 0.0 0.0 
0.0 0.0 0.0 0.0 0.0 0.0 0.0 0.0 0.0 0.0 0.0 0.0 0.0 0.0 0.0 6.038858616279155 5.456491873145859 4.975314635595439 4.5190035012889975 4.039937792235301 3.517812680342322 2.93571306935057 2.2921755172893294 1.6225491758416897 0.9298009251315419 0.22134573718788425 -0.49313371602268274 -1.200119304441017 -1.8718420293020583 -2.446824091851614 -2.9409676414752073 -3.3799400424317674 -3.817823387832471 -4.3303704219923125 -4.994215570769399 -5.836547055414113 -6.730819541980155 0.0 0.0 0.0 0.0 0.0 0.0 0.0 0.0 0.0 0.0 0.0 0.0 0.0 0.0 0.0 0.0 0.0 0.0 0.0 0.0 0.0 0.0 0.0 0.0 0.0 0.0 0.0 0.0 0.0 0.0 0.0 0.0 0.0 0.0 0.0 0.0 0.0 0.0 0.0 0.0 0.0 0.0 0.0 0.0 0.0 0.0 0.0 0.0 0.0 0.0 0.0 0.0 0.0 0.0 0.0 0.0 0.0 0.0 0.0 0.0 0.0 0.0 0.0 
0.0 0.0 0.0 0.0 0.0 0.0 0.0 0.0 0.0 0.0 0.0 0.0 0.0 0.0 0.0 0.0 5.316258538714775 4.919659181716023 4.523967220875649 4.078024280934252 3.562562558699025 2.9621991793254345 2.2866069355457364 1.5882892991908064 0.8756867936964738 0.1565496147916884 -0.5608014197897769 -1.2644704658477102 -1.9280127811996668 -2.4979210018602895 -3.0024089611606293 -3.472092834928789 -3.954523647409047 -4.506758466390512 -5.178079713514573 0.0 0.0 0.0 0.0 0.0 0.0 0.0 0.0 0.0 0.0 0.0 0.0 0.0 0.0 0.0 0.0 0.0 0.0 0.0 0.0 0.0 0.0 0.0 0.0 0.0 0.0 0.0 0.0 0.0 0.0 0.0 0.0 0.0 0.0 0.0 0.0 0.0 0.0 0.0 0.0 0.0 0.0 0.0 0.0 0.0 0.0 0.0 0.0 0.0 0.0 0.0 0.0 0.0 0.0 0.0 0.0 0.0 0.0 0.0 0.0 0.0 0.0 0.0 0.0 0.0 
0.0 0.0 0.0 0.0 0.0 0.0 0.0 0.0 0.0 0.0 0.0 0.0 0.0 0.0 0.0 0.0 0.0 0.0 4.522204198221987 4.106603372351265 3.598802199925488 2.983185468735218 2.2781024196331083 1.5514426895955467 0.8167248046018218 0.08253224841139921 -0.642970023660854 -1.3474262509230295 -2.002124050337077 -2.558498323871959 -3.060386725212717 -3.5479081963351136 -4.06715115460155 -4.660167678393695 0.0 0.0 0.0 0.0 0.0 0.0 0.0 0.0 0.0 0.0 0.0 0.0 0.0 0.0 0.0 0.0 0.0 0.0 0.0 0.0 0.0 0.0 0.0 0.0 0.0 0.0 0.0 0.0 0.0 0.0 0.0 0.0 0.0 0.0 0.0 0.0 0.0 0.0 0.0 0.0 0.0 0.0 0.0 0.0 0.0 0.0 0.0 0.0 0.0 0.0 0.0 0.0 0.0 0.0 0.0 0.0 0.0 0.0 0.0 0.0 0.0 0.0 0.0 0.0 0.0 0.0 
0.0 0.0 0.0 0.0 0.0 0.0 0.0 0.0 0.0 0.0 0.0 0.0 0.0 0.0 0.0 0.0 0.0 0.0 0.0 0.0 3.627174091123558 2.9944127609460756 2.2600982391787454 1.5055845796947385 0.748010120587574 -0.003718265584738968 -0.7410617333420015 -1.449357085538587 -2.0938778474284816 -2.628664981831893 -3.117690873811179 0.0 0.0 0.0 0.0 0.0 0.0 0.0 0.0 0.0 0.0 0.0 0.0 0.0 0.0 0.0 0.0 0.0 0.0 0.0 0.0 0.0 0.0 0.0 0.0 0.0 0.0 0.0 0.0 0.0 0.0 0.0 0.0 0.0 0.0 0.0 0.0 0.0 0.0 0.0 0.0 0.0 0.0 0.0 0.0 0.0 0.0 0.0 0.0 0.0 0.0 0.0 0.0 0.0 0.0 0.0 0.0 0.0 0.0 0.0 0.0 0.0 0.0 0.0 0.0 0.0 0.0 0.0 0.0 0.0 
0.0 0.0 0.0 0.0 0.0 0.0 0.0 0.0 0.0 0.0 0.0 0.0 0.0 0.0 0.0 0.0 0.0 0.0 0.0 0.0 0.0 0.0 0.0 0.0 0.6658012373600416 -0.10305280393527881 -0.85475223254463 0.0 0.0 0.0 0.0 0.0 0.0 0.0 0.0 0.0 0.0 0.0 0.0 0.0 0.0 0.0 0.0 0.0 0.0 0.0 0.0 0.0 0.0 0.0 0.0 0.0 0.0 0.0 0.0 0.0 0.0 0.0 0.0 0.0 0.0 0.0 0.0 0.0 0.0 0.0 0.0 0.0 0.0 0.0 0.0 0.0 0.0 0.0 0.0 0.0 0.0 0.0 0.0 0.0 0.0 0.0 0.0 0.0 0.0 0.0 0.0 0.0 0.0 0.0 0.0 0.0 0.0 0.0 0.0 0.0 0.0 0.0 0.0 0.0 
0.0 0.0 0.0 0.0 0.0 0.0 0.0 0.0 0.0 0.0 0.0 0.0 0.0 0.0 0.0 0.0 0.0 0.0 0.0 0.0 0.0 0.0 0.0 0.0 0.0 0.0 0.0 0.0 0.0 0.0 0.0 0.0 0.0 0.0 0.0 0.0 0.0 0.0 0.0 0.0 0.0 0.0 0.0 0.0 0.0 0.0 0.0 0.0 0.0 0.0 0.0 0.0 0.0 0.0 0.0 0.0 0.0 0.0 0.0 0.0 0.0 0.0 0.0 0.0 0.0 0.0 0.0 0.0 0.0 0.0 0.0 0.0 0.0 0.0 0.0 0.0 0.0 0.0 0.0 0.0 0.0 0.0 0.0 0.0 0.0 0.0 0.0 0.0 0.0 0.0 0.0 0.0 0.0 0.0 0.0 0.0 0.0 0.0 0.0 0.0 
0.0 0.0 0.0 0.0 0.0 0.0 0.0 0.0 0.0 0.0 0.0 0.0 0.0 0.0 0.0 0.0 0.0 0.0 0.0 0.0 0.0 0.0 0.0 0.0 0.0 0.0 0.0 0.0 0.0 0.0 0.0 0.0 0.0 0.0 0.0 0.0 0.0 0.0 0.0 0.0 0.0 0.0 0.0 0.0 0.0 0.0 0.0 0.0 0.0 0.0 0.0 0.0 0.0 0.0 0.0 0.0 0.0 0.0 0.0 0.0 0.0 0.0 0.0 0.0 0.0 0.0 0.0 0.0 0.0 0.0 0.0 0.0 0.0 0.0 0.0 0.0 0.0 0.0 0.0 0.0 0.0 0.0 0.0 0.0 0.0 0.0 0.0 0.0 0.0 0.0 0.0 0.0 0.0 0.0 0.0 0.0 0.0 0.0 0.0 0.0 
0.0 0.0 0.0 0.0 0.0 0.0 0.0 0.0 0.0 0.0 0.0 0.0 0.0 0.0 0.0 0.0 0.0 0.0 0.0 0.0 0.0 0.0 0.0 0.0 0.0 0.0 0.0 0.0 0.0 0.0 0.0 0.0 0.0 0.0 0.0 0.0 0.0 0.0 0.0 0.0 0.0 0.0 0.0 0.0 0.0 0.0 0.0 0.0 0.0 0.0 0.0 0.0 0.0 0.0 0.0 0.0 0.0 0.0 0.0 0.0 0.0 0.0 0.0 0.0 0.0 0.0 0.0 0.0 0.0 0.0 0.0 0.0 0.0 0.0 0.0 0.0 0.0 0.0 0.0 0.0 0.0 0.0 0.0 0.0 0.0 0.0 0.0 0.0 0.0 0.0 0.0 0.0 0.0 0.0 0.0 0.0 0.0 0.0 0.0 0.0 
0.0 0.0 0.0 0.0 0.0 0.0 0.0 0.0 0.0 0.0 0.0 0.0 0.0 0.0 0.0 0.0 0.0 0.0 0.0 0.0 0.0 0.0 0.0 0.0 0.0 0.0 0.0 0.0 0.0 0.0 0.0 0.0 0.0 0.0 0.0 0.0 0.0 0.0 0.0 0.0 0.0 0.0 0.0 0.0 0.0 0.0 0.0 0.0 0.0 0.0 0.0 0.0 0.0 0.0 0.0 0.0 0.0 0.0 0.0 0.0 0.0 0.0 0.0 0.0 0.0 0.0 0.0 0.0 0.0 0.0 0.0 0.0 0.0 0.0 0.0 0.0 0.0 0.0 0.0 0.0 0.0 0.0 0.0 0.0 0.0 0.0 0.0 0.0 0.0 0.0 0.0 0.0 0.0 0.0 0.0 0.0 0.0 0.0 0.0 0.0 
0.0 0.0 0.0 0.0 0.0 0.0 0.0 0.0 0.0 0.0 0.0 0.0 0.0 0.0 0.0 0.0 0.0 0.0 0.0 0.0 0.0 0.0 0.0 0.0 0.0 0.0 0.0 0.0 0.0 0.0 0.0 0.0 0.0 0.0 0.0 0.0 0.0 0.0 0.0 0.0 0.0 0.0 0.0 0.0 0.0 0.0 0.0 0.0 0.0 0.0 0.0 0.0 0.0 0.0 0.0 0.0 0.0 0.0 0.0 0.0 0.0 0.0 0.0 0.0 0.0 0.0 0.0 0.0 0.0 0.0 0.0 0.0 0.0 0.0 0.0 0.0 0.0 0.0 0.0 0.0 0.0 0.0 0.0 0.0 0.0 0.0 0.0 0.0 0.0 0.0 0.0 0.0 0.0 0.0 0.0 0.0 0.0 0.0 0.0 0.0 
0.0 0.0 0.0 0.0 0.0 0.0 0.0 0.0 0.0 0.0 0.0 0.0 0.0 0.0 0.0 0.0 0.0 0.0 0.0 0.0 0.0 0.0 0.0 0.0 0.0 0.0 0.0 0.0 0.0 0.0 0.0 0.0 0.0 0.0 0.0 0.0 0.0 0.0 0.0 0.0 0.0 0.0 0.0 0.0 0.0 0.0 0.0 0.0 0.0 0.0 0.0 0.0 0.0 0.0 0.0 0.0 0.0 0.0 0.0 0.0 0.0 0.0 0.0 0.0 0.0 0.0 0.0 0.0 0.0 0.0 0.0 0.0 0.0 0.0 0.0 0.0 0.0 0.0 0.0 0.0 0.0 0.0 0.0 0.0 0.0 0.0 0.0 0.0 0.0 0.0 0.0 0.0 0.0 0.0 0.0 0.0 0.0 0.0 0.0 0.0 
0.0 0.0 0.0 0.0 0.0 0.0 0.0 0.0 0.0 0.0 0.0 0.0 0.0 0.0 0.0 0.0 0.0 0.0 0.0 0.0 0.0 0.0 0.0 0.0 0.0 0.0 0.0 0.0 0.0 0.0 0.0 0.0 0.0 0.0 0.0 0.0 0.0 0.0 0.0 0.0 0.0 0.0 0.0 0.0 0.0 0.0 0.0 0.0 0.0 0.0 0.0 0.0 0.0 0.0 0.0 0.0 0.0 0.0 0.0 0.0 0.0 0.0 0.0 0.0 0.0 0.0 0.0 0.0 0.0 0.0 0.0 0.0 0.0 0.0 0.0 0.0 0.0 0.0 0.0 0.0 0.0 0.0 0.0 0.0 0.0 0.0 0.0 0.0 0.0 0.0 0.0 0.0 0.0 0.0 0.0 0.0 0.0 0.0 0.0 0.0 
0.0 0.0 0.0 0.0 0.0 0.0 0.0 0.0 0.0 0.0 0.0 0.0 0.0 0.0 0.0 0.0 0.0 0.0 0.0 0.0 0.0 0.0 0.0 0.0 0.0 0.0 0.0 0.0 0.0 0.0 0.0 0.0 0.0 0.0 0.0 0.0 0.0 0.0 0.0 0.0 0.0 0.0 0.0 0.0 0.0 0.0 0.0 0.0 0.0 0.0 0.0 0.0 0.0 0.0 0.0 0.0 0.0 0.0 0.0 0.0 0.0 0.0 0.0 0.0 0.0 0.0 0.0 0.0 0.0 0.0 0.0 0.0 0.0 0.0 0.0 0.0 0.0 0.0 0.0 0.0 0.0 0.0 0.0 0.0 0.0 0.0 0.0 0.0 0.0 0.0 0.0 0.0 0.0 0.0 0.0 0.0 0.0 0.0 0.0 0.0 
0.0 0.0 0.0 0.0 0.0 0.0 0.0 0.0 0.0 0.0 0.0 0.0 0.0 0.0 0.0 0.0 0.0 0.0 0.0 0.0 0.0 0.0 0.0 0.0 0.0 0.0 0.0 0.0 0.0 0.0 0.0 0.0 0.0 0.0 0.0 0.0 0.0 0.0 0.0 0.0 0.0 0.0 0.0 0.0 0.0 0.0 0.0 0.0 0.0 0.0 0.0 0.0 0.0 0.0 0.0 0.0 0.0 0.0 0.0 0.0 0.0 0.0 0.0 0.0 0.0 0.0 0.0 0.0 0.0 0.0 0.0 0.0 0.0 0.0 0.0 0.0 0.0 0.0 0.0 0.0 0.0 0.0 0.0 0.0 0.0 0.0 0.0 0.0 0.0 0.0 0.0 0.0 0.0 0.0 0.0 0.0 0.0 0.0 0.0 0.0 
0.0 0.0 0.0 0.0 0.0 0.0 0.0 0.0 0.0 0.0 0.0 0.0 0.0 0.0 0.0 0.0 0.0 0.0 0.0 0.0 0.0 0.0 0.0 0.0 0.0 0.0 0.0 0.0 0.0 0.0 0.0 0.0 0.0 0.0 0.0 0.0 0.0 0.0 0.0 0.0 0.0 0.0 0.0 0.0 0.0 0.0 0.0 0.0 0.0 0.0 0.0 0.0 0.0 0.0 0.0 0.0 0.0 0.0 0.0 0.0 0.0 0.0 0.0 0.0 0.0 0.0 0.0 0.0 0.0 0.0 0.0 0.0 0.0 0.0 0.0 0.0 0.0 0.0 0.0 0.0 0.0 0.0 0.0 0.0 0.0 0.0 0.0 0.0 0.0 0.0 0.0 0.0 0.0 0.0 0.0 0.0 0.0 0.0 0.0 0.0 
0.0 0.0 0.0 0.0 0.0 0.0 0.0 0.0 0.0 0.0 0.0 0.0 0.0 0.0 0.0 0.0 0.0 0.0 0.0 0.0 0.0 0.0 0.0 0.0 0.0 0.0 0.0 0.0 0.0 0.0 0.0 0.0 0.0 0.0 0.0 0.0 0.0 0.0 0.0 0.0 0.0 0.0 0.0 0.0 0.0 0.0 0.0 0.0 0.0 0.0 0.0 0.0 0.0 0.0 0.0 0.0 0.0 0.0 0.0 0.0 0.0 0.0 0.0 0.0 0.0 0.0 0.0 0.0 0.0 0.0 0.0 0.0 0.0 0.0 0.0 0.0 0.0 0.0 0.0 0.0 0.0 0.0 0.0 0.0 0.0 0.0 0.0 0.0 0.0 0.0 0.0 0.0 0.0 0.0 0.0 0.0 0.0 0.0 0.0 0.0 
0.0 0.0 0.0 0.0 0.0 0.0 0.0 0.0 0.0 0.0 0.0 0.0 0.0 0.0 0.0 0.0 0.0 0.0 0.0 0.0 0.0 0.0 0.0 0.0 0.0 0.0 0.0 0.0 0.0 0.0 0.0 0.0 0.0 0.0 0.0 0.0 0.0 0.0 0.0 0.0 0.0 0.0 0.0 0.0 0.0 0.0 0.0 0.0 0.0 0.0 0.0 0.0 0.0 0.0 0.0 0.0 0.0 0.0 0.0 0.0 0.0 0.0 0.0 0.0 0.0 0.0 0.0 0.0 0.0 0.0 0.0 0.0 0.0 0.0 0.0 0.0 0.0 0.0 0.0 0.0 0.0 0.0 0.0 0.0 0.0 0.0 0.0 0.0 0.0 0.0 0.0 0.0 0.0 0.0 0.0 0.0 0.0 0.0 0.0 0.0 
