-0.0 -0.0 -0.0 -0.0 -0.0 -0.0 -0.0 -0.0 -0.0 -0.027386663378428898 -0.320466103192339 -0.3070287397768418 -0.0 -0.0 -0.0 -0.0 -0.0 -0.2739612154629455 -0.40002344029804543 -0.3442489773999561 -0.896195709425606 -1.2337587915507378 -1.36268162414067 -1.3733192861143806 -1.3312659032555973 -1.2983776367735833 -1.3126369276767182 -1.3612663262302216 -1.3914600083567883 -1.3404877235727444 -1.2140939210748127 -1.08700016719223 -0.5203435273447551 -0.3750315834555837 -0.0 -0.0 -0.0 -0.0 -0.0 -0.0 -0.4328277859969883 -0.47063999245735766 -0.21515672175933018 -0.0 -0.0 -0.0 -0.0 -0.0 -0.0 -0.0 -0.0 -0.0 -0.0 -0.0 -0.0 -0.0 -0.0 -0.0 -0.0 -0.0 -0.0 -0.0 -0.0 -0.0 -0.0 -0.0 -0.0 -0.0 -0.0 -0.0 -0.0 -0.0 -0.0 -0.0 -0.0 -0.0 -0.0 -0.0 -0.0 -0.0 -0.0 -0.0 -0.0 -0.0 -0.0 -0.0 -0.0 -0.0 -0.0 -0.0 -0.0 -0.0 -0.0 -0.0 -0.0 -0.0 -0.0 -0.0 -0.0 -0.0 
-0.0 -0.0 -0.0 -0.0 -0.0 -0.0 -0.0 -0.0 -0.2880090474136044 -0.41220205742303173 -0.14686351415462826 -0.0 -0.0 -0.0 -0.0 -0.0 -0.0 -0.31930221635087447 -0.8352953529241018 -0.750316519530235 -0.7689532018786807 -0.780217626175239 -0.8339969906906379 -0.9375166248530619 -1.0438727431910253 -1.1047768212737674 -1.1006783302710716 -1.0454287126448503 -0.9823300838396564 -0.9603193893709845 -0.9849865309934484 -1.1428503704973392 -1.2654012867014335 -0.8867981292339051 -0.014864511135120228 -0.0 -0.0 -0.0 -0.0 -0.0 -0.0 -0.3403401673110358 -0.5805657995523814 -0.3888045028853021 -0.0 -0.0 -0.0 -0.0 -0.0 -0.0 -0.0 -0.0 -0.0 -0.0 -0.0 -0.0 -0.0 -0.0 -0.0 -0.0 -0.0 -0.0 -0.0 -0.0 -0.0 -0.0 -0.0 -0.0 -0.0 -0.0 -0.0 -0.0 -0.0 -0.0 -0.0 -0.0 -0.0 -0.0 -0.0 -0.0 -0.0 -0.0 -0.0 -0.0 -0.0 -0.0 -0.0 -0.0 -0.0 -0.0 -0.0 -0.0 -0.0 -0.0 -0.0 -0.0 -0.0 -0.0 -0.0 -0.0 
-0.0 -0.0 -0.0 -0.0 -0.0 -0.0 -0.0 -0.06753488552859516 -0.336546649359547 -0.04891555108719023 -0.0 -0.0 -0.0 -0.0 -0.0 -0.17275896224323314 -1.0068993932451673 -1.2453577913250045 -1.131147914224183 -0.6006116926706426 -0.0 -0.0 -0.0 -0.0 -0.0 -0.0 -0.0 -0.0 -0.0 -0.0 -0.0 -0.5582005836882981 -1.1770514040019044 -1.3775167876296737 -1.2438514916434849 -0.6144773823097635 -0.0 -0.0 -0.0 -0.0 -0.0 -0.0 -0.18869833988792617 -0.35731275746021857 -0.0 -0.0 -0.0 -0.0 -0.0 -0.0 -0.0 -0.0 -0.0 -0.0 -0.0 -0.0 -0.0 -0.0 -0.0 -0.0 -0.0 -0.0 -0.0 -0.0 -0.0 -0.0 -0.0 -0.0 -0.0 -0.0 -0.0 -0.0 -0.0 -0.0 -0.0 -0.0 -0.0 -0.0 -0.0 -0.0 -0.0 -0.0 -0.0 -0.0 -0.0 -0.0 -0.0 -0.0 -0.0 -0.0 -0.0 -0.0 -0.0 -0.0 -0.0 -0.0 -0.0 -0.0 -0.0 -0.0 
-0.0 -0.0 -0.0 -0.0 -0.0 -0.0 -0.0 -0.0 -0.0 -0.0 -0.0 -0.0 -0.0 -0.0 -0.0 -0.9642267982214917 -1.3601735506430814 -1.3665202258441262 -0.9456139378178365 -0.0 -0.0 -0.0 -0.0 -0.0 -0.0 -0.0 -0.0 -0.0 -0.0 -0.0 -0.0 -0.0 -0.6483365373093232 -1.3405104160637837 -1.497642010842 -1.3039930610129324 -0.6099785104458145 -0.0 -0.0 -0.0 -0.0 -0.0 -0.0 -0.0 -0.0 -0.0 -0.0 -0.0 -0.0 -0.0 -0.0 -0.0 -0.0 -0.0 -0.0 -0.0 -0.0 -0.0 -0.0 -0.0 -0.0 -0.0 -0.0 -0.0 -0.0 -0.0 -0.0 -0.0 -0.0 -0.0 -0.0 -0.0 -0.0 -0.0 -0.0 -0.0 -0.0 -0.0 -0.0 -0.0 -0.0 -0.0 -0.0 -0.0 -0.0 -0.0 -0.0 -0.0 -0.0 -0.0 -0.0 -0.0 -0.0 -0.0 -0.0 -0.0 -0.0 -0.0 -0.0 -0.0 
-0.0 -0.0 -0.0 -0.0 -0.0 -0.0 -0.0 -0.0 -0.0 -0.0 -0.0 -0.0 -0.0 -0.0 -0.5289482516686841 -0.8629541898582715 -0.8416139577574335 -0.401019010874076 -0.0 -0.0 -0.0 -0.0 -0.0 -0.48231737309522155 -0.6991405628898831 -0.7379562379904623 -0.6237010367329242 -0.3049699241505097 -0.0 -0.0 -0.0 -0.0 -0.0 -0.0 -0.8346832957873428 -1.1379421910600886 -1.123663085506054 -0.800989662813361 -0.0 -0.0 -0.0 -0.0 -0.0 -0.0 -0.0 -0.0 -0.0 -0.0 -0.0 -0.0 -0.0 -0.0 -0.0 -0.0 -0.0 -0.0 -0.0 -0.0 -0.0 -0.0 -0.0 -0.0 -0.0 -0.0 -0.0 -0.0 -0.0 -0.0 -0.0 -0.0 -0.0 -0.0 -0.0 -0.0 -0.0 -0.0 -0.0 -0.0 -0.0 -0.0 -0.0 -0.0 -0.0 -0.0 -0.0 -0.0 -0.0 -0.0 -0.0 -0.0 -0.0 -0.0 -0.0 -0.0 -0.0 -0.0 -0.0 -0.0 -0.0 -0.0 
-0.0 -0.0 -0.0 -0.0 -0.0 -0.0 -0.0 -0.0 -0.0 -0.0 -0.0 -0.0 -0.6444425514272034 -0.8616800578181126 -0.5052968086573296 -0.0 -0.0 -0.0 -0.0 -0.0 -0.0 -0.0 -0.27554867001711575 -0.5943550956497866 -0.7332327925365394 -0.760716868130512 -0.6956904533295265 -0.5200623030464926 -0.1582450175891775 -0.0 -0.0 -0.0 -0.0 -0.0 -0.0 -0.0 -0.8431476400248794 -1.3708530014105147 -1.416216027465117 -1.0450332677991645 -0.0 -0.0 -0.0 -0.0 -0.0 -0.0 -0.0 -0.0 -0.0 -0.0 -0.0 -0.0 -0.0 -0.0 -0.0 -0.0 -0.0 -0.0 -0.0 -0.0 -0.0 -0.0 -0.0 -0.0 -0.0 -0.0 -0.0 -0.0 -0.0 -0.0 -0.0 -0.0 -0.0 -0.0 -0.0 -0.0 -0.0 -0.0 -0.0 -0.0 -0.0 -0.0 -0.0 -0.0 -0.0 -0.0 -0.0 -0.0 -0.0 -0.0 -0.0 -0.0 -0.0 -0.0 -0.0 -0.0 -0.0 -0.0 -0.0 -0.0 
-0.0 -0.0 -0.0 -0.05444676138807218 -0.21447239819874966 -0.0 -0.0 -0.0 -0.0 -0.0 -0.0 -1.0709293455421167 -1.3918354070280343 -1.139415777774416 -0.0 -0.0 -0.0 -0.0 -0.0 -0.0 -1.7771487313254384 -2.265889630371099 -2.417257569196113 -2.381771508136203 -2.256202768425951 -2.159954968686509 -2.1882854036515 -2.3055954260433578 -2.460538553224813 -2.462177954672434 -2.095454078177691 -1.0926715245561325 -0.0 -0.0 -0.0 -0.0 -0.0 -1.2618557211508006 -1.742683941602472 -1.720121465389122 -1.2581912849825858 -0.0 -0.0 -0.0 -0.0 -0.0 -0.0 -0.18268930049008256 -0.0 -0.0 -0.0 -0.0 -0.0 -0.0 -0.0 -0.0 -0.0 -0.0 -0.0 -0.0 -0.0 -0.0 -0.0 -0.0 -0.0 -0.0 -0.0 -0.0 -0.0 -0.0 -0.0 -0.0 -0.0 -0.0 -0.0 -0.0 -0.0 -0.0 -0.0 -0.0 -0.0 -0.0 -0.0 -0.0 -0.0 -0.0 -0.0 -0.0 -0.0 -0.0 -0.0 -0.0 -0.0 -0.0 -0.0 -0.0 -0.0 -0.0 -0.0 -0.0 
-0.0 -0.0 -0.0 -0.04338696316387595 -0.0 -0.0 -0.0 -0.0 -0.0 -0.0 -0.8691498563690132 -1.4204999980654265 -1.4342762674491898 -0.7456860261599356 -0.0 -0.0 -0.0 -0.5440993874997855 -0.7389181155540143 -2.8199956218518887 -3.1495444092926266 -3.0749478412925173 -3.1933608345897992 -3.198733008952579 -3.1522245329726566 -3.1168342747212288 -3.1324620515743793 -3.1850836868338694 -3.2196229149918643 -3.3161009499018226 -3.6505434285450677 -3.4757574375063096 -2.649964948406764 -0.6704572572399996 -0.11019868854856082 -0.0 -0.0 -0.0 -1.425998353036171 -1.7203407106608855 -1.6007221445679867 -1.0700049982531155 -0.0 -0.0 -0.0 -0.0 -0.0 -0.0 -0.0 -0.0 -0.0 -0.0 -0.0 -0.0 -0.0 -0.0 -0.0 -0.0 -0.0 -0.0 -0.0 -0.0 -0.0 -0.0 -0.0 -0.0 -0.0 -0.0 -0.0 -0.0 -0.0 -0.0 -0.0 -0.0 -0.0 -0.0 -0.0 -0.0 -0.0 -0.0 -0.0 -0.0 -0.0 -0.0 -0.0 -0.0 -0.0 -0.0 -0.0 -0.0 -0.0 -0.0 -0.0 -0.0 -0.0 -0.0 -0.0 -0.0 -0.0 -0.0 
-0.0 -0.0 -0.0 -0.0 -0.0 -0.0 -0.0 -0.0 -0.0 -0.6945407675593044 -1.1145013481929336 -1.1207956266109382 -0.6057542598371688 -0.0 -0.0 -0.0 -0.5720822494558548 -2.4962974902650883 -3.4943059277634303 -3.834946596950957 -3.6165829154363673 -3.5019846331566 -3.593277504192249 -3.6244241205548677 -3.625540709351972 -3.6230807427562097 -3.631777646172714 -3.6481128997516485 -3.652890290952248 -3.620092790856496 -4.080592004117728 -4.303032626644535 -4.123564514344483 -3.5334297947614486 -2.317451578493076 -0.0 -0.0 -0.0 -0.0 -0.731087929809183 -1.3008911693181422 -1.3851473674429433 -1.1193878314321832 -0.3487058804630106 -0.0 -0.0 -0.0 -0.0 -0.0 -0.0 -0.0 -0.0 -0.0 -0.0 -0.0 -0.0 -0.0 -0.0 -0.0 -0.0 -0.0 -0.0 -0.0 -0.0 -0.0 -0.0 -0.0 -0.0 -0.0 -0.0 -0.0 -0.0 -0.0 -0.0 -0.0 -0.0 -0.0 -0.0 -0.0 -0.0 -0.0 -0.0 -0.0 -0.0 -0.0 -0.0 -0.0 -0.0 -0.0 -0.0 -0.0 -0.0 -0.0 -0.0 -0.0 -0.0 -0.0 -0.0 -0.0 -0.0 
-0.041415799724905764 -0.1569300217234131 -0.0 -0.0 -0.0 -0.0 -0.0 -0.36762691426448774 -1.0743671204144396 -1.1763264616240505 -0.7223738938357759 -0.0 -0.0 -0.0 -0.0 -1.823583469335636 -3.0281700993715894 -3.6725214205068637 -3.9481698942681027 -3.919775806217681 -3.646420499244416 -3.7229861358990948 -3.7842343262123657 -3.8371220445471157 -3.8784808420780847 -3.901925165423523 -3.9047647900023006 -3.8912421463480737 -3.870612119877424 -3.8502055911871933 -3.839051011696217 -4.217523939950075 -4.324174486890613 -4.166042220565071 -3.6911518510309778 -2.7626257881224436 -1.467094257671101 -0.0 -0.0 -0.0 -0.0 -1.1254378349591645 -1.5222467305565406 -1.3434586320364093 -0.4301686283936328 -0.0 -0.0 -0.0 -0.0 -0.052784529025372624 -0.5717441594993339 -0.27840495771614754 -0.0 -0.0 -0.0 -0.0 -0.0 -0.04244113970871216 -0.18825367930451647 -0.0 -0.0 -0.0 -0.0 -0.0 -0.0 -0.0 -0.0 -0.0 -0.0 -0.0 -0.0 -0.0 -0.0 -0.0 -0.0 -0.0 -0.0 -0.0 -0.0 -0.0 -0.0 -0.0 -0.0 -0.0 -0.0 -0.0 -0.0 -0.0 -0.0 -0.0 -0.0 -0.0 -0.0 -0.0 -0.0 -0.0 -0.0 -0.0 -0.0 -0.0 
-0.6535862789306495 -0.5184823768828629 -0.0 -0.0 -0.0 -0.0 -0.0 -1.1322293929301444 -1.4671584411871568 -1.1460245264940818 -0.0 -0.0 -0.0 -0.16105589697590714 -2.170259799041028 -3.0292737188292906 -3.5010443333224894 -3.752717084044645 -3.858695302481168 -3.8685215117074336 -4.275118794269293 -4.772108033467994 -5.122039593042641 -5.386347587822054 -5.5615702193657865 -5.629323365242654 -5.5806418410904355 -5.420659852387656 -5.164634587714276 -4.817576760619141 -4.325786162956877 -4.051175762421422 -4.091471718241318 -4.051954627391741 -3.887984019635986 -3.543896661478525 -3.121142811738076 -1.682323967367135 -0.2515476295972101 -0.0 -0.0 -0.0 -1.4404452303851636 -1.5979234080210931 -1.0444311272396325 -0.0 -0.0 -0.0 -0.0 -0.0 -0.8339698944498815 -0.7244423114235929 -0.0 -0.0 -0.0 -0.0 -0.0 -0.23208026685260502 -0.5366680814384623 -0.037912345720551355 -0.0 -0.0 -0.0 -0.0 -0.0 -0.2640821414606827 -0.21503542063831033 -0.0 -0.0 -0.0 -0.0 -0.0 -0.0 -0.18089877062159848 -0.0 -0.0 -0.0 -0.0 -0.0 -0.0 -0.0 -0.008191547550898584 -0.0 -0.0 -0.0 -0.0 -0.0 -0.0 -0.0 -0.0 -0.0 -0.0 -0.0 -0.0 -0.0 -0.0 -0.0 -0.0 -0.0 -0.0 
-0.7701344143688527 -0.492162854562055 -0.0 -0.0 -0.0 -0.0 -0.05151106919530025 -1.2458503343868983 -1.3715683723836931 -0.5564385360114016 -0.0 -0.2688850307471605 -0.70199031620591 -2.5833739134849 -3.1942858775505725 -3.6505420497115306 -3.9794113782976104 -4.130247219169546 -4.144784433466545 -4.729566760537706 -5.566994798830786 -5.961928472887446 -6.2430198648319415 -6.487044140240734 -6.667158797802233 -6.744681708936544 -6.704590836682684 -6.556274399709025 -6.3315924612940115 -6.062285566826212 -5.70369614620487 -5.0098873814159814 -4.311742499001766 -4.357685377189953 -4.285882777676159 -4.063726783542096 -3.9234665859355835 -3.7095189781415403 -1.6952164668675314 -0.6517957385427438 -0.0 -0.0 -0.6633143490041603 -1.3634171250684568 -1.0801911984759718 -0.0 -0.0 -0.0 -0.0 -0.0 -0.705107190001749 -0.7350408112957884 -0.0 -0.0 -0.0 -0.0 -0.0 -0.04268159857953547 -0.4902887383130496 -0.1253227387589463 -0.0 -0.0 -0.0 -0.0 -0.0 -0.17171606102349768 -0.2174821339602409 -0.0 -0.0 -0.0 -0.0 -0.0 -0.0 -0.1406258298572537 -0.0 -0.0 -0.0 -0.0 -0.0 -0.0 -0.0 -0.013383415911764897 -0.0 -0.0 -0.0 -0.0 -0.0 -0.0 -0.0 -0.0 -0.0 -0.0 -0.0 -0.0 -0.0 -0.0 -0.0 -0.0 -0.0 -0.0 
-0.39598075374460817 -0.0 -0.0 -0.0 -0.0 -0.0 -0.0 -0.7312864139637335 -0.4968463494078807 -0.0 -0.0 -0.45150467399294936 -2.692843727019996 -3.593077647398031 -3.62883724881739 -4.01806138345015 -4.234548659340257 -4.310949718012402 -5.282240613318002 -6.1696895627317545 -6.549204126169451 -6.744145441282676 -6.911843193294615 -7.094444839220747 -7.246354288488202 -7.317960225210026 -7.290599001912266 -7.175058914895394 -7.012384025561968 -6.856120495028164 -6.700621326344672 -6.431080987365608 -5.832979830113938 -4.487470935826406 -4.4871558789465515 -4.364925344404723 -4.099356304560329 -4.368664929120305 -3.9088044883508597 -2.3828209887040552 -0.20086578804163147 -0.0 -0.0 -0.0 -0.4089457579392145 -0.0 -0.0 -0.0 -0.0 -0.0 -0.0 -0.1683228159433119 -0.0 -0.0 -0.0 -0.0 -0.0 -0.0 -0.0 -0.0 -0.0 -0.0 -0.0 -0.0 -0.0 -0.0 -0.0 -0.0 -0.0 -0.0 -0.0 -0.0 -0.0 -0.0 -0.0 -0.0 -0.0 -0.0 -0.0 -0.0 -0.0 -0.0 -0.0 -0.0 -0.0 -0.0 -0.0 -0.0 -0.0 -0.0 -0.0 -0.0 -0.0 -0.0 -0.0 -0.0 -0.0 -0.0 -0.0 -0.0 
-0.0 -0.0 -0.0 -0.0 -0.0 -0.0 -0.0 -0.0 -0.0 -0.0 -0.659771377501791 -2.34525334750755 -3.2150462281950127 -3.6353342615066735 -3.9960418269420814 -4.219289155262101 -4.647584860955354 -5.997313556374254 -6.690799953888927 -7.059248327224031 -7.2380760783613445 -7.331811427839501 -7.4182343845620995 -7.518104768853921 -7.605028158427315 -7.648597489893021 -7.635851393493931 -7.573093930427222 -7.487369475633484 -7.415384771212359 -7.360459416201532 -7.261553037130616 -7.020164983991305 -6.52483290731351 -5.604287820704197 -4.508694880569583 -4.381936123675299 -4.136432525573258 -4.107538980061057 -3.6426965728549083 -2.286736162105882 -0.0 -0.0 -0.0 -0.0 -0.0 -0.47184852333592486 -0.146455875565803 -0.0 -0.0 -0.0 -0.0 -0.0 -0.0 -0.0 -0.0 -0.0 -0.0 -0.0 -0.0 -0.0 -0.0 -0.0 -0.0 -0.0 -0.0 -0.0 -0.0 -0.0 -0.0 -0.0 -0.0 -0.0 -0.0 -0.0 -0.0 -0.0 -0.0 -0.0 -0.0 -0.0 -0.0 -0.0 -0.0 -0.0 -0.0 -0.0 -0.0 -0.0 -0.0 -0.0 -0.0 -0.0 -0.0 -0.0 -0.0 -0.0 -0.0 -0.0 -0.0 
-0.0 -0.0 -0.0 -0.5756729146292255 -0.9364548601830228 -0.3974772665638609 -0.0 -0.0 -0.0 -0.0 -2.190991375116851 -3.1582774807936294 -3.700801783635828 -4.030632564932507 -4.2168022403210195 -5.329490422448115 -6.4056419243937786 -7.0087919635017375 -7.372245965614563 -7.593035876170902 -7.72865689824901 -7.813308190440298 -8.147128170605878 -8.368925450444053 -8.493237671608558 -8.5363886674839 -8.507694065219665 -8.40388861708989 -8.213247698171344 -7.925250407599836 -7.813547938806315 -7.738224371755116 -7.5990476226966965 -7.337078045802713 -6.8600277862482715 -5.986692837774852 -4.528505030171671 -4.430838638467521 -4.206883115875253 -3.812535897656998 -3.1440772113057025 -1.7378115842302857 -0.0 -0.0 -0.0 -0.0 -1.285817535190024 -1.352813576218327 -0.5693685185236017 -0.0 -0.0 -0.0 -0.0 -0.25287946752618295 -0.7600273297680811 -0.4318889648362189 -0.0 -0.0 -0.0 -0.0 -0.0 -0.31567240505984395 -0.38758920907018707 -0.0 -0.0 -0.0 -0.0 -0.0 -0.0 -0.2281077395707656 -0.0 -0.0 -0.0 -0.0 -0.0 -0.0 -0.0 -0.04012449599613562 -0.0 -0.0 -0.0 -0.0 -0.0 -0.0 -0.0 -0.0 -0.0 -0.0 -0.0 -0.0 -0.0 -0.0 -0.0 -0.0 -0.0 -0.0 -0.0 -0.0 -0.0 -0.0 
-0.0 -0.0 -0.0 -1.2302042316854465 -1.4471263521880036 -0.6708213576235611 -0.0 -0.0 -0.27486723581965783 -1.1390561724842097 -2.8931435872015467 -3.637543046326589 -4.046494674607471 -4.256213197372793 -4.946067626895972 -6.473766160083459 -7.110139817499137 -7.457326994384333 -7.694138806219172 -7.901938963623213 -8.262636743638618 -8.747264066142893 -9.061648076417697 -9.220120121864417 -9.268269968880755 -9.265907444618364 -9.252125833759242 -9.21279770310221 -9.091869685122166 -8.833648390587644 -8.414187070248929 -8.002544925944198 -7.845397574629157 -7.677422534049913 -7.420667206079075 -6.913384323576496 -5.76875243433656 -4.5778000316786835 -4.46129859448718 -4.17956309506538 -3.6639444267200343 -2.971195717373359 -0.38895545064143644 -0.0 -0.0 -0.0 -1.5500049924631858 -1.7518667094782678 -1.1540831979699557 -0.0 -0.0 -0.0 -0.0 -0.4537945650687589 -1.150778497864513 -0.9427995623487228 -0.0 -0.0 -0.0 -0.0 -0.0 -0.6640904346055545 -0.8380159361878807 -0.1611094552509758 -0.0 -0.0 -0.0 -0.0 -0.0 -0.6395497050789517 -0.451509848691575 -0.0 -0.0 -0.0 -0.0 -0.0 -0.286105776566431 -0.5004583021432868 -0.0 -0.0 -0.0 -0.0 -0.0 -0.0 -0.37958741034290455 -0.2552687184677767 -0.0 -0.0 -0.0 -0.0 -0.0 -0.041557136737576716 -0.3338231117326926 -0.0 -0.0 -0.0 -0.0 -0.0 -0.0 -0.21935618345588798 
-0.1376336220076625 -0.23964815515563082 -0.14140172842345886 -1.4164512680035721 -1.5162098613409696 -0.4405847231841284 -0.0 -0.2412525759232431 -0.8110283612101513 -2.689546864703237 -3.305699791619946 -3.897706271967717 -4.215825335304529 -4.345914003120974 -6.222455500678633 -7.092377897302345 -7.461389194246333 -7.6443356033413155 -7.835102481657669 -8.311774247059429 -8.996645539785703 -9.500660981599196 -9.801955965370421 -9.92707398312793 -9.936153030000325 -9.90970321831262 -9.904872808158881 -9.90145278361724 -9.818681755374143 -9.578067714284261 -9.137859505870058 -8.511130338699608 -7.932759958409347 -7.77995091687984 -7.6712917095903155 -7.4173673879205815 -6.771034333894707 -4.785182645538975 -4.555770109814936 -4.350737213571209 -3.939525643071098 -3.6641499123759993 -2.305736366845876 -0.4761600890284676 -0.0 -0.0 -1.4785848822407839 -1.7980798242783442 -1.3334798628578348 -0.0 -0.009735348585835525 -0.0 -0.0 -0.2754408044558022 -1.1650483950583952 -1.044845872690642 -0.0 -0.0 -0.0 -0.0 -0.0 -0.6423595972331659 -0.893961582135362 -0.321807753984349 -0.0 -0.0 -0.0 -0.0 -0.0 -0.6660516337229785 -0.5385525581685041 -0.0 -0.0 -0.0 -0.0 -0.0 -0.28386715644337995 -0.5561957813039351 -0.023430705538361542 -0.0 -0.0 -0.0 -0.0 -0.0 -0.41576629137419235 -0.3374679488510366 -0.0 -0.0 -0.0 -0.0 -0.0 -0.05786296958378523 -0.39731961090232343 -0.0 -0.0 -0.0 -0.0 -0.0 -0.0 -0.2735549707745882 
-0.3981081316463269 -0.4184218460284748 -0.450167318119723 -1.2653092724041346 -1.1571881811177085 -0.0 -0.0 -0.5734363002939522 -1.679053685391049 -3.394878209418942 -3.5510585088820172 -4.008246943626867 -4.249047619217707 -5.520909359714145 -6.904263072687925 -7.455776320448702 -7.670969919739958 -7.778605914653572 -8.178675782779399 -8.966912979686567 -9.648645304774838 -10.137818361537704 -10.42572684304177 -10.545297581140149 -10.5556006156124 -10.531694317354232 -10.526671610271826 -10.522359836945446 -10.443485776062484 -10.2139170097661 -9.786760887785583 -9.160319998531685 -8.413145094365191 -7.867779309021195 -7.81187308667187 -7.699229667914688 -7.322266127480486 -6.4308770292265764 -4.5146782606772105 -4.371859078476864 -4.054051487875316 -3.9395151037393212 -3.494560973150496 -0.7405747634031822 -0.0 -0.0 -0.9652396778137623 -1.4924223350906598 -1.2134803736880204 -0.0 -0.25715378753817686 -0.0 -0.0 -0.0 -0.7764208907058417 -0.7931178578606564 -0.0 -0.0 -0.0 -0.0 -0.0 -0.19100231467868328 -0.5706200400001474 -0.13383294462511458 -0.0 -0.0 -0.0 -0.0 -0.0 -0.296532963394315 -0.2509860049782654 -0.0 -0.0 -0.0 -0.0 -0.0 -0.0 -0.22367050136637293 -0.0 -0.0 -0.0 -0.0 -0.0 -0.0 -0.06088458401116686 -0.03073402856474263 -0.0 -0.0 -0.0 -0.0 -0.0 -0.0 -0.06580069734686525 -0.0 -0.0 -0.0 -0.0 -0.0 -0.0 -0.0 
-0.42457678353788203 -0.34526970925940803 -0.5686726050643723 -0.625172948284387 -0.0 -0.0 -0.0 -0.6837016622128573 -3.2079197929656815 -3.5881249091053298 -3.6903881652278763 -4.014821517801611 -4.322406408131148 -6.445159709692774 -7.278790112545771 -7.686214714119384 -7.873572169173846 -8.175626890366289 -8.90344433236436 -9.618623343988702 -10.2211998657537 -10.65904895718715 -10.932300415770499 -11.069496364632727 -11.113484642603783 -11.112292810962062 -11.097896549169832 -11.06103778747461 -10.956568960367715 -10.732609328408508 -10.35206919224074 -9.807739988474463 -9.143219879056403 -8.456392708023696 -7.997134413765286 -7.881949340839633 -7.607325370490992 -7.033332793305325 -5.9418464266576985 -4.275249769280961 -4.056983989923457 -3.863883795190152 -3.932158136495284 -2.9273715329213483 -0.1377573503027161 -0.0 -0.0 -0.37033580792953313 -0.7115893501968804 -0.29421140087249853 -0.2497491830568952 -0.0 -0.0 -0.0 -0.0 -0.0 -0.0 -0.0 -0.0 -0.0 -0.0 -0.0 -0.0 -0.0 -0.0 -0.0 -0.0 -0.0 -0.0 -0.0 -0.0 -0.0 -0.0 -0.0 -0.0 -0.0 -0.0 -0.0 -0.0 -0.0 -0.0 -0.0 -0.0 -0.0 -0.0 -0.0 -0.0 -0.0 -0.0 -0.0 -0.0 -0.0 -0.0 -0.0 -0.0 -0.0 -0.0 -0.0 -0.0 -0.0 
-0.6636831627694657 -0.886448297685816 -0.5804076466257027 -0.0 -0.0 -0.0 -0.0 -2.4672774852292427 -3.5458053011662183 -3.4239279485609395 -3.769849542185846 -3.967241994521628 -5.724576426697092 -6.840281664515045 -7.474463405187347 -7.855089100585404 -8.197957894567548 -8.928328680275397 -9.61041604742368 -10.2092166991419 -10.693266736496815 -11.057484172700342 -11.316213285789694 -11.487848202548074 -11.585354810476025 -11.616409183748283 -11.586244352351624 -11.497224712113209 -11.346083759520557 -11.121600645546748 -10.805948906122925 -10.382886875126228 -9.850408177584153 -9.228514483559671 -8.54741404275943 -8.037733088456953 -7.737690798374619 -7.264921271993073 -6.5124988550661405 -5.286277863244363 -4.000367123746184 -3.7824454048907064 -3.8973778639429435 -3.470171076218617 -1.9222149809208873 -0.0 -0.0 -0.0 -0.0 -0.7547886680589878 -0.8970989075369542 -0.23665080699952368 -0.0 -0.0 -0.0 -0.0 -0.0 -0.2941942009493414 -0.2315388863906234 -0.0 -0.0 -0.0 -0.0 -0.0 -0.0 -0.05939271126149301 -0.0 -0.0 -0.0 -0.0 -0.0 -0.0 -0.0 -0.0 -0.0 -0.0 -0.0 -0.0 -0.0 -0.0 -0.0 -0.0 -0.0 -0.0 -0.0 -0.0 -0.0 -0.0 -0.0 -0.0 -0.0 -0.0 -0.0 -0.0 -0.0 -0.0 -0.0 -0.0 -0.0 -0.0 
-1.22256393908743 -1.3630192252264688 -0.5625817874369617 -0.0 -0.0 -0.0 -0.0 -2.8475748483426093 -3.305839920973053 -3.6017795351813784 -3.829364511858616 -4.6453998264261145 -6.188954961422954 -7.030835514638063 -7.5861305643357255 -7.984609598274105 -8.80224316673499 -9.545750837915387 -10.179276371855224 -10.682893937417736 -11.064936760327472 -11.361675707770363 -11.610628073793261 -11.821984749939492 -11.973810598197208 -12.03411386608579 -11.986740141859226 -11.843617819926102 -11.639282057036068 -11.407038435956089 -11.149187648486592 -10.83095251898898 -10.406708835104887 -9.850914281630734 -9.166993639960623 -8.363039639068472 -7.803289395522411 -7.335011488975187 -6.713770260162184 -5.7932261835754915 -4.209037934124102 -3.856432716451389 -3.6201610700681557 -3.5059036300043394 -2.5546070305376167 -0.0 -0.0 -0.0 -0.0 -0.9969368432042635 -1.468746998699758 -1.1444890449296714 -0.0 -0.0 -0.0 -0.0 -0.0 -0.8349747774540075 -0.9849185740487474 -0.30309193552789715 -0.0 -0.0 -0.0 -0.0 -0.0 -0.7281581819248013 -0.5930661876570845 -0.0 -0.0 -0.0 -0.0 -0.0 -0.2673074810307131 -0.5919419760438875 -0.13912641825762956 -0.0 -0.0 -0.0 -0.0 -0.0 -0.3802384743331709 -0.4034806247357173 -0.0 -0.0 -0.0 -0.0 -0.0 -0.0 -0.3982020494705634 -0.13059313282254523 -0.0 -0.0 -0.0 -0.0 -0.0 -0.14603467524602973 -0.33177578169228733 -0.0 -0.0 -0.0 
-1.4815480267060228 -1.5578026246228411 -0.5876290476754615 -0.0 -0.0 -0.0 -0.21021669436973472 -2.8144756054489393 -3.3329124874552 -3.713627549053852 -3.896743817073362 -5.228500538552531 -6.458651871706708 -7.173011961056684 -7.675750588697008 -8.37916119003146 -9.229754917107343 -9.960203509895285 -10.562363820312719 -11.021409464282904 -11.358520200513219 -11.62789053800677 -11.880114011314252 -12.119976114525187 -12.303723385027004 -12.378212877784694 -12.31774846403167 -12.138709153750433 -11.895092108706997 -11.647574199855507 -11.412060735279908 -11.142230720939656 -10.770677880806463 -10.25509673648381 -9.589671144294162 -8.781135235399633 -7.8584964789960985 -7.402779148376885 -6.855668705996271 -6.077243769483041 -4.663982242908342 -3.9294880404772035 -3.740123731438518 -3.3309070477209453 -2.7888237013673933 -0.0 -0.0 -0.0 -0.0 -1.1209830489874406 -1.6833347757070765 -1.4145625075106878 -0.0 -0.0 -0.0 -0.0 -0.0 -1.0378401401491884 -1.229427543054464 -0.6056503498143713 -0.0 -0.0 -0.0 -0.0 -0.13879196447335118 -0.9564966080758903 -0.8497890898604725 -0.0 -0.0 -0.0 -0.0 -0.0 -0.4815271389883717 -0.8323537874156139 -0.40461015024027974 -0.0 -0.0 -0.0 -0.0 -0.0 -0.6119390408695227 -0.6499706445407955 -0.0 -0.0 -0.0 -0.0 -0.0 -0.10170124005831682 -0.637777241480993 -0.37967508064037125 -0.0 -0.0 -0.0 -0.0 -0.0 -0.38585549444063216 -0.5764510446046912 -0.0 -0.0 -0.0 
-1.4846584135303313 -1.585385970847928 -0.6831359091083834 -0.0 -0.0 -0.0 -0.2909614922521908 -2.6207876131421903 -3.383933415170368 -3.780941271256426 -3.9788183748296437 -5.5533913882413986 -6.676248947835466 -7.321622939990364 -7.757369027069001 -8.664217858039333 -9.467818094826923 -10.17225391672438 -10.768167462669496 -11.23769505663375 -11.597611567169306 -11.893815312735041 -12.165937464552213 -12.413023289220664 -12.594511105837219 -12.663382824399577 -12.597234966722995 -12.411629044009578 -12.156518508543044 -11.889123322198367 -11.628651034058 -11.337911479371513 -10.956583725671056 -10.44531046824343 -9.800703872124092 -9.033604102689011 -8.12258080740256 -7.528632482506864 -7.049628373006989 -6.328274067800502 -4.974399749350266 -4.011242399386814 -3.8060611101000505 -3.3816047086055576 -2.790471632353144 -0.19793692253044912 -0.0 -0.0 -0.0 -1.17836914183529 -1.7057190846877286 -1.4154515636192304 -0.0 -0.0 -0.0 -0.0 -0.0 -1.0632648663506596 -1.2376368335254675 -0.5906863938665284 -0.0 -0.0 -0.0 -0.0 -0.1786810467138875 -0.9696707728022466 -0.8509024614189844 -0.0 -0.0 -0.0 -0.0 -0.0 -0.5000577458334122 -0.8392561833085295 -0.40013163535635565 -0.0 -0.0 -0.0 -0.0 -0.0 -0.6221680854793272 -0.6529729964702555 -0.0 -0.0 -0.0 -0.0 -0.0 -0.11570430932626868 -0.6435904662369445 -0.37999119878167076 -0.0 -0.0 -0.0 -0.0 -0.0 -0.39254980002303924 -0.5795869893702068 -0.0 -0.0 -0.0 
-1.331469798406419 -1.5179461200572537 -0.8145919083673205 -0.0 -0.0 -0.0034214471408908144 -0.2925230017044257 -2.5445449485569718 -3.3752245856063 -3.821495788950416 -4.0631252435940794 -5.75193448403772 -6.844730495139659 -7.451740587633095 -7.924700801993835 -8.81940957970125 -9.549064065452505 -10.222983550444347 -10.836344665999276 -11.359274143836998 -11.78813025716832 -12.143176732199459 -12.4421924976102 -12.681382301208842 -12.838406714508663 -12.889222877986322 -12.823770144059665 -12.65359544920713 -12.409030095651016 -12.123487704917803 -11.809826898879862 -11.448949402951367 -11.006679708773511 -10.464733781438955 -9.835467148029661 -9.137954064758867 -8.33621980827739 -7.6622516876648845 -7.241803427751668 -6.536867161811907 -5.191817774770217 -4.093044923269725 -3.841483745417396 -3.3712341818969644 -2.6663854138120775 -0.28011093543385424 -0.0 -0.0 -0.0 -1.204805629081953 -1.6210121511401527 -1.2550288158806053 -0.0 -0.0 -0.0 -0.0 -0.0 -0.9921910710999958 -1.1083265621933616 -0.37500093018002806 -0.0 -0.0 -0.0 -0.0 -0.15612160132389605 -0.8604317747744358 -0.6993054400906081 -0.0 -0.0 -0.0 -0.0 -0.0 -0.410428152566421 -0.7098656146838441 -0.230055016445642 -0.0 -0.0 -0.0 -0.0 -0.0 -0.5052891988091608 -0.5110130427846683 -0.0 -0.0 -0.0 -0.0 -0.0 -0.01276530269192031 -0.512106109110444 -0.22939300408376262 -0.0 -0.0 -0.0 -0.0 -0.0 -0.26360926918239597 -0.4384047272696168 -0.0 -0.0 -0.0 
-1.134642217762076 -1.4346254688529025 -0.9271221544777457 -0.0 -0.0 -0.03666065534145087 -0.2678149813250316 -2.446168286885188 -3.3539189643338894 -3.849389195961267 -4.130582746367669 -5.85766459888895 -6.947101031535174 -7.5350370164463705 -8.062315079636665 -8.881615571949013 -9.540381936934837 -10.187270843722388 -10.829338862118014 -11.41686400059697 -11.916551184383778 -12.323911717173697 -12.643145049773269 -12.872327730206074 -13.005311396825245 -13.039155189890238 -12.976724550288175 -12.82544310253049 -12.595963943189433 -12.2991945050167 -11.938459385953891 -11.50429336383909 -10.986013260616675 -10.395534702090215 -9.77407552660668 -9.147976330007783 -8.447391159550405 -7.7501835556272045 -7.367117495228101 -6.666463517428433 -5.318817314810186 -4.158739318427294 -3.8651999895379423 -3.349119893738612 -2.5342190740261095 -0.2845686889837242 -0.0 -0.0 -0.0 -1.2257629720555034 -1.5195660343078745 -1.051145723924252 -0.0 -0.0 -0.0 -0.0 -0.0 -0.9086359297746257 -0.9498228451641766 -0.08372638439732505 -0.0 -0.0 -0.0 -0.0 -0.1291740434076423 -0.7295438742762638 -0.5095559826719142 -0.0 -0.0 -0.0 -0.0 -0.0 -0.30543496197958947 -0.5518907948219745 -0.012164066915037262 -0.0 -0.0 -0.0 -0.0 -0.0 -0.3647828143669176 -0.3349701768222431 -0.0 -0.0 -0.0 -0.0 -0.0 -0.0 -0.3511589132710627 -0.03992233751611598 -0.0 -0.0 -0.0 -0.0 -0.0 -0.10680715908645912 -0.2630069835569295 -0.0 -0.0 -0.0 
-1.0637848666279321 -1.417693743732492 -0.9849606300342095 -0.0 -0.0 -0.020971844524856717 -0.2603697275228236 -2.419438928913318 -3.359540057486391 -3.8731401052883623 -4.167347308085147 -5.892997716499195 -6.986735199988743 -7.569051196766419 -8.10341494039158 -8.892282355369844 -9.521156846803002 -10.158720416475445 -10.817949843646648 -11.435916657832434 -11.964167945981918 -12.390019915380494 -12.715444668661956 -12.940541615137835 -13.064742918235137 -13.092512607557385 -13.031690896164598 -12.888146711551437 -12.665244609937025 -12.365904971909126 -11.98896736819232 -11.525477645153972 -10.97113110342002 -10.351814747905106 -9.727472556240762 -9.13043494815996 -8.471497212193912 -7.780086624834853 -7.411467441136697 -6.712001125559739 -5.358114220502557 -4.195743731629952 -3.888658652542448 -3.3558969214697334 -2.5103368503615258 -0.27355405604969285 -0.0 -0.0 -0.0 -1.254204834037467 -1.4989406890425825 -0.9819880315628658 -0.0 -0.0 -0.0 -0.0 -0.0 -0.8969936495188614 -0.9037807754765401 -0.0 -0.0 -0.0 -0.0 -0.0 -0.14232193719832475 -0.6970277364530304 -0.44774852639574414 -0.0 -0.0 -0.0 -0.0 -0.0 -0.28555132782366616 -0.5061549395905398 -0.0 -0.0 -0.0 -0.0 -0.0 -0.0 -0.32799839695928196 -0.27930205123966895 -0.0 -0.0 -0.0 -0.0 -0.0 -0.0 -0.30349671090846314 -0.0 -0.0 -0.0 -0.0 -0.0 -0.0 -0.06223150269860759 -0.2069083750691966 -0.0 -0.0 -0.0 
-1.1975170520732463 -1.4931626973705854 -0.979043043014728 -0.0 -0.0 -0.0 -0.28251763011149367 -2.4981520013941974 -3.40220439020462 -3.893475058950445 -4.169496930843674 -5.864128815439789 -6.968163513565182 -7.557515813010271 -8.056129847292889 -8.871345426036749 -9.5307069836795 -10.184131570126548 -10.833801840419136 -11.424659878523705 -11.922468724004592 -12.325487881864646 -12.64126459028813 -12.86924667100702 -13.00261739722621 -13.037267373100324 -12.975480545797705 -12.824984352296205 -12.597475536597603 -12.304744740739928 -11.949121172103151 -11.517644886332944 -10.995674810056347 -10.393803399519042 -9.757265250522327 -9.121168248029715 -8.420912868267497 -7.755361842356553 -7.378137848953241 -6.676593209810862 -5.308516477862701 -4.200048143855914 -3.912773321300715 -3.4012074207769856 -2.6315399934200885 -0.26260747998051903 -0.0 -0.0 -0.0 -1.2884688795542343 -1.5892638747229935 -1.1266049692868 -0.0 -0.0 -0.0 -0.0 -0.0 -0.980262786187932 -1.02417411152375 -0.16276084825118764 -0.0 -0.0 -0.0 -0.0 -0.2016830564428664 -0.803751305951909 -0.5843877829367713 -0.0 -0.0 -0.0 -0.0 -0.0 -0.38061877206746575 -0.6261838799252935 -0.0845089446410725 -0.0 -0.0 -0.0 -0.0 -0.0 -0.4398200962148639 -0.4074236989980934 -0.0 -0.0 -0.0 -0.0 -0.0 -0.0 -0.4243680387223196 -0.1085810246938168 -0.0 -0.0 -0.0 -0.0 -0.0 -0.18240843649464875 -0.3336726686366732 -0.0 -0.0 -0.0 
-1.4058396161341724 -1.6038128920379953 -0.923001798021432 -0.0 -0.0 -0.0 -0.30735898968698544 -2.618425900065105 -3.455386523563328 -3.9027699758805623 -4.142196722681843 -5.751257780212539 -6.884444438824326 -7.4987872146343975 -7.918121782763932 -8.803037598325751 -9.53029156352341 -10.211902233133603 -10.837081127039864 -11.368379292260498 -11.798385438966104 -12.148561536460452 -12.440551625069897 -12.673498854031893 -12.826268537729902 -12.875588378590875 -12.812094676718527 -12.64746549848048 -12.41126324023207 -12.134964470260963 -11.827785698673278 -11.466095975851147 -11.013273558132287 -10.452745109559292 -9.803129985369406 -9.093488854314721 -8.295127698545087 -7.681579383489746 -7.270313369822637 -6.556747744948755 -5.157539585517487 -4.175743317617546 -3.927590485887824 -3.457014736854005 -2.819345529286175 -0.21292105552371096 -0.0 -0.0 -0.0 -1.3144420082252488 -1.7197344627069633 -1.344584769185663 -0.0 -0.0 -0.0 -0.0 -0.0 -1.096767762777886 -1.2039420709226338 -0.45534534301639096 -0.0 -0.0 -0.0 -0.0 -0.2721146927040898 -0.9605399339393308 -0.7904833675191636 -0.0 -0.0 -0.0 -0.0 -0.0 -0.5163673455640468 -0.8055747796157988 -0.31359770902925993 -0.0 -0.0 -0.0 -0.0 -0.0 -0.6049438865965492 -0.6013475467217458 -0.0 -0.0 -0.0 -0.0 -0.0 -0.11940262384981434 -0.6059095140319474 -0.31264566056248977 -0.0 -0.0 -0.0 -0.0 -0.0 -0.36128491606464996 -0.5264917696959193 -0.0 -0.0 -0.0 
-1.5320222272626745 -1.6661021709352637 -0.8479229991557455 -0.0 -0.0 -0.0 -0.2876888394911987 -2.916683640404183 -3.4743717632412165 -3.886811180506406 -4.0955437751556305 -5.514618668526568 -6.730059524178738 -7.397641001802464 -7.823283177790462 -8.647103331670838 -9.438976497288534 -10.146653055947963 -10.755439085385408 -11.239194467848765 -11.607739660135543 -11.90280913137503 -12.163813570550097 -12.394122567243329 -12.560420793540885 -12.622115830385198 -12.560073446516295 -12.389354662327053 -12.154540132432835 -11.90322943908023 -11.646652369870685 -11.346499247574606 -10.94659146089844 -10.413640067896583 -9.751723708048956 -8.981098151053093 -8.086614506421505 -7.581045469685144 -7.110239800580596 -6.35622247220714 -4.88169532932326 -4.131026925048003 -3.915410012136685 -3.4772284140760665 -2.9517967876014035 -0.04357708533943426 -0.0 -0.0 -0.0 -1.310562146101986 -1.794074591496745 -1.474855397843958 -0.0 -0.0 -0.0 -0.0 -0.0 -1.1613468388550847 -1.3110806174789902 -0.6283706872252279 -0.0 -0.0 -0.0 -0.0 -0.30251128351688933 -1.052942250860241 -0.9145413975240281 -0.0 -0.0 -0.0 -0.0 -0.0 -0.5944308732468204 -0.9130333088763982 -0.4522216681391394 -0.0 -0.0 -0.0 -0.0 -0.0 -0.7030686308969246 -0.7185233008976643 -0.0 -0.0 -0.0 -0.0 -0.0 -0.2071093345581528 -0.7151419259582842 -0.43687189477965416 -0.0 -0.0 -0.0 -0.0 -0.0 -0.4683460506167587 -0.6432890441539086 -0.0 -0.0 -0.0 
-1.4799695398790464 -1.611693152387882 -0.7887239963028895 -0.0 -0.0 -0.0 -0.1745553752352811 -3.1178526165025393 -3.4148290983456597 -3.827495067428926 -4.037866293794083 -5.067443273482192 -6.501410963279705 -7.267494821211851 -7.761251233405234 -8.363263454950827 -9.188499586972664 -9.914382774270953 -10.529071846806415 -11.00790172912027 -11.36100691500016 -11.632302992873825 -11.867764140117263 -12.078715026456003 -12.235600681164719 -12.297297721477712 -12.24352893192342 -12.089305897355938 -11.87854970750426 -11.654417386446596 -11.420442942214066 -11.132998617662786 -10.73571739233173 -10.197162147446061 -9.52148848272888 -8.725320725047567 -7.908118867080496 -7.491208132362216 -6.940921889287477 -6.082653858467966 -4.420580877847425 -4.0718490715644835 -3.8545825189276184 -3.7125145853855392 -2.923182817129874 -0.0 -0.0 -0.0 -0.0 -1.2512845789357514 -1.7372380419736502 -1.4203256020628328 -0.0 -0.0 -0.0 -0.0 -0.0 -1.1045695424022952 -1.2568305539366713 -0.5778119948632687 -0.0 -0.0 -0.0 -0.0 -0.24381465774324576 -0.9986206408353735 -0.8625223747258456 -0.0 -0.0 -0.0 -0.0 -0.0 -0.5392499548093916 -0.860436334173101 -0.40259129338645355 -0.0 -0.0 -0.0 -0.0 -0.0 -0.6498741646544627 -0.6675867515703074 -0.0 -0.0 -0.0 -0.0 -0.0 -0.15272351733502365 -0.6635840801415112 -0.38777441787450506 -0.0 -0.0 -0.0 -0.0 -0.0 -0.41580045103611357 -0.5928853883197549 -0.0 -0.0 -0.0 
-1.3837913336261147 -1.3723847611592428 -0.7582469209626164 -0.0 -0.0 -0.0 -0.0 -3.0531411177858 -3.8100101773791053 -3.7044272658171025 -3.9686038936718826 -4.093744201211579 -6.149132370213664 -7.098105645092164 -7.661211870538104 -8.025061409801314 -8.744136486952854 -9.474322165463809 -10.12049813270494 -10.649459968476961 -11.051570495942965 -11.348892116143116 -11.575739539473465 -11.752127033703449 -11.87225329693716 -11.917833411432458 -11.879386603018016 -11.766409192823108 -11.600619655766893 -11.395737637515493 -11.139771136809188 -10.799250886178424 -10.342544375186307 -9.761813639341021 -9.07614477965897 -8.301149538296663 -7.850588702280213 -7.410980016781421 -6.7535168760569135 -5.672629812063899 -4.12377303461973 -3.995492043367174 -3.9523123545042695 -3.8601487787564714 -2.6327088319372765 -0.0 -0.0 -0.0 -0.0 -1.1059099943969422 -1.468581719354863 -1.0627768961125554 -0.0 -0.0 -0.0 -0.0 -0.0 -0.8522526226163194 -0.9402830335605027 -0.15964830861918686 -0.0 -0.0 -0.0 -0.0 -0.04249961925766823 -0.7069087843466583 -0.5246187435667418 -0.0 -0.0 -0.0 -0.0 -0.0 -0.26880779798278764 -0.5489241013339282 -0.04846885974495323 -0.0 -0.0 -0.0 -0.0 -0.0 -0.35207686721133896 -0.3454554449492992 -0.0 -0.0 -0.0 -0.0 -0.0 -0.0 -0.35270379772591476 -0.06049496828421076 -0.0 -0.0 -0.0 -0.0 -0.0 -0.10495697749612094 -0.27344747520782003 -0.0 -0.0 -0.0 
-0.5211216118950419 -1.0933521276615576 -0.7307468957057628 -0.0 -0.0 -0.0 -0.0 -2.506289875306597 -3.7953295074305853 -3.6586158487309706 -3.874874665974188 -4.092329005385123 -5.465913286511239 -6.823043781558049 -7.495664231384799 -7.853308795306058 -8.111910627096197 -8.82124989358374 -9.51894208799316 -10.150768363387705 -10.65770571948807 -11.021630940458609 -11.259179935285088 -11.39955119766508 -11.468902681573809 -11.487112195191106 -11.466474787694223 -11.405986601391056 -11.289278644525544 -11.088960763315264 -10.774559803250337 -10.326194881721765 -9.752556924583663 -9.100130066126276 -8.425809329414284 -7.999678335914734 -7.738848349536297 -7.263651567551022 -6.416117719433503 -4.775034926248127 -4.13078302347648 -3.8875563484558686 -4.20775582114169 -3.670824044586764 -1.8944957804923963 -0.0 -0.0 -0.0 -0.0 -0.8294270722991918 -1.0508485655172364 -0.08625591670943011 -0.0 -0.0 -0.0 -0.0 -0.0 -0.22666934187273674 -0.0 -0.0 -0.0 -0.0 -0.0 -0.0 -0.0 -0.0 -0.0 -0.0 -0.0 -0.0 -0.0 -0.0 -0.0 -0.0 -0.0 -0.0 -0.0 -0.0 -0.0 -0.0 -0.0 -0.0 -0.0 -0.0 -0.0 -0.0 -0.0 -0.0 -0.0 -0.0 -0.0 -0.0 -0.0 -0.0 -0.0 -0.0 -0.0 -0.0 -0.0 -0.0 
-0.5205350790948676 -0.45959229343278957 -0.6536727504061302 -0.8621673334557535 -0.01687717777612912 -0.0 -0.0 -0.7573007095480142 -3.238744060271398 -3.720030075449096 -3.733276837212492 -4.068523548289984 -4.2316447720862715 -6.318885031848969 -7.220832131785428 -7.614650192490638 -7.760026425061844 -8.015194988127789 -8.765625700007522 -9.525560057508041 -10.156942693814148 -10.59998491206683 -10.861469412983446 -10.978802219072161 -11.003677740348644 -10.99350082856975 -10.986701195784411 -10.970632456377562 -10.889174415179358 -10.679447750747427 -10.295014739199118 -9.72087621309123 -9.003418328081782 -8.27605411695347 -7.851914401820921 -7.782935473352154 -7.535675296001823 -6.933852192350443 -5.626767624512773 -4.334698367548758 -4.114693090097052 -3.9202056816620816 -4.036732328056824 -2.9425397127826804 -0.0 -0.0 -0.0 -0.6879485428387548 -0.8952807756393151 -0.3287993537335936 -0.3675932264478435 -0.0457168774518654 -0.0 -0.0 -0.0 -0.14129526481138954 -0.0 -0.0 -0.025590478636606854 -0.0 -0.0 -0.0 -0.0 -0.0 -0.0 -0.0 -0.0 -0.0 -0.0 -0.0 -0.0 -0.0 -0.0 -0.0 -0.0 -0.0 -0.0 -0.0 -0.0 -0.0 -0.0 -0.0 -0.0 -0.0 -0.0 -0.0 -0.0 -0.0 -0.0 -0.0 -0.0 -0.0 -0.0 -0.0 -0.0 -0.0 -0.0 -0.0 -0.0 -0.0 
-0.38809611378560455 -0.4084766428862299 -0.4645688105947626 -1.3184205920828633 -1.2345386212691012 -0.0 -0.0 -0.5603584385387779 -1.0814428524025048 -3.3039161165090785 -3.513008258041365 -3.9784488228660906 -4.217041068754533 -5.347140528726461 -6.782165859907339 -7.313379760583151 -7.4908290628479595 -7.574699422573881 -7.984609994136575 -8.823340748765874 -9.539347410753415 -10.042927810122531 -10.332632534614408 -10.447260104337637 -10.450554352296896 -10.42293545901119 -10.42165541951525 -10.426459503349882 -10.355783164794348 -10.127827743306575 -9.689814481576049 -9.03166284438935 -8.229393817330902 -7.658824404643762 -7.61746182457849 -7.543709128059589 -7.1924461345982245 -6.287529097687206 -4.480515789962966 -4.344790305998738 -4.0277782565218025 -3.8573883913060185 -3.399577078791035 -0.7280507645001255 -0.0 -0.0 -0.9926694518471035 -1.528865159147581 -1.249413453509953 -0.0 -0.252569152734316 -0.0 -0.0 -0.0 -0.8168320332912055 -0.836010966333152 -0.0 -0.0 -0.0 -0.0 -0.0 -0.2246323126446322 -0.6111249603059177 -0.18200593784315294 -0.0 -0.0 -0.0 -0.0 -0.0 -0.33341495547987665 -0.29608275426163394 -0.0 -0.0 -0.0 -0.0 -0.0 -0.0 -0.2656724481582697 -0.0 -0.0 -0.0 -0.0 -0.0 -0.0 -0.09813173246978209 -0.07992769169117349 -0.0 -0.0 -0.0 -0.0 -0.0 -0.0 -0.11203796385917007 -0.0 -0.0 -0.0 -0.0 -0.0 -0.0 -0.0 
-0.0 -0.10005730381466388 -0.08120322876499625 -1.3631694790541653 -1.4663328764494523 -0.3984552457016905 -0.0 -0.11096863613253488 -0.6769155862641272 -2.3445882565444487 -3.174183498545743 -3.7810092275554696 -4.101790223238452 -4.228951888156797 -6.112556269979125 -6.912268872686705 -7.256351484970384 -7.437635294985327 -7.653258670029491 -8.094831069023872 -8.807487518779956 -9.330214228381013 -9.64487398204471 -9.78025780577471 -9.796936710531838 -9.774601461016067 -9.76930983252641 -9.761164772467891 -9.670954573038351 -9.420899252119057 -8.967595480433829 -8.319398975948285 -7.77827944443402 -7.594154067998536 -7.478083575679014 -7.242127924440233 -6.650287668408028 -5.085547159575625 -4.444420765705226 -4.240359310283525 -3.8253986193473386 -3.4402125317810506 -1.8892217197740528 -0.34304406491324946 -0.0 -0.0 -1.3925357654351027 -1.725292409397564 -1.2692488110221187 -0.0 -0.0 -0.0 -0.0 -0.17767713343874073 -1.0870117562577013 -0.9750565155061416 -0.0 -0.0 -0.0 -0.0 -0.0 -0.5560940071080746 -0.817655066805083 -0.2583911877750503 -0.0 -0.0 -0.0 -0.0 -0.0 -0.5845157155066484 -0.4663765378935442 -0.0 -0.0 -0.0 -0.0 -0.0 -0.19604341844151238 -0.47921884240351076 -0.0 -0.0 -0.0 -0.0 -0.0 -0.0 -0.33478010970058086 -0.26636580574504176 -0.0 -0.0 -0.0 -0.0 -0.0 -0.0 -0.32260634846679853 -0.0 -0.0 -0.0 -0.0 -0.0 -0.0 -0.19585454584496753 
-0.0 -0.0 -0.0 -1.0487715578437065 -1.2643907495209192 -0.4797605568932021 -0.0 -0.0 -0.0 -0.35856153014641845 -2.653053594713357 -3.4283553771394644 -3.8532177043393836 -4.076733911790413 -5.1234458119576125 -6.311616432913729 -6.919005824382436 -7.2850070488570715 -7.549910650610124 -7.7792123688780705 -7.971632223905305 -8.45560260027834 -8.78947480009925 -8.97181196112657 -9.043139743911627 -9.054232043741166 -9.037027183637116 -8.980141866512808 -8.837789121188395 -8.56286180694895 -8.133727175694315 -7.912421279471735 -7.738012794625659 -7.540516390315274 -7.259055537462695 -6.768836402023551 -5.841927516700873 -4.411361163262915 -4.280523284311591 -3.985475794657365 -3.4527139551829436 -2.5818951627490003 -0.1098046683059173 -0.0 -0.0 -0.0 -1.3551397880270841 -1.5627040704932094 -0.9701763346830288 -0.0 -0.0 -0.0 -0.0 -0.24404744634545125 -0.9485807986152625 -0.7441904095441786 -0.0 -0.0 -0.0 -0.0 -0.0 -0.4549943133429416 -0.6330234222829272 -0.0 -0.0 -0.0 -0.0 -0.0 -0.0 -0.43051710185315945 -0.24605069825586204 -0.0 -0.0 -0.0 -0.0 -0.0 -0.07438629311885142 -0.2918710960414661 -0.0 -0.0 -0.0 -0.0 -0.0 -0.0 -0.16986837675399183 -0.04823379653157903 -0.0 -0.0 -0.0 -0.0 -0.0 -0.0 -0.12448073722830849 -0.0 -0.0 -0.0 -0.0 -0.0 -0.0 -0.009077463359460148 
-0.0 -0.0 -0.0 -0.04718633844534612 -0.4375327343219486 -0.0 -0.0 -0.0 -0.0 -0.0 -1.7959464071209859 -2.8323047925754494 -3.4253449520057186 -3.804035815678578 -4.03970235297617 -5.28248654587189 -6.238447630931759 -6.864587176651687 -7.26709074052527 -7.516230262660208 -7.667466178838602 -7.763488550370015 -7.8300055074837225 -8.012547510357518 -8.16763507838221 -8.227760224631643 -8.195189479538241 -8.069942299087856 -7.876248119294539 -7.836260911036563 -7.782517057279584 -7.694757886552344 -7.5305774183447465 -7.232303407506047 -6.731560804802447 -5.941291970535291 -4.760913406124537 -4.232410927692614 -3.9621507660067996 -3.570390996185447 -2.883866239491403 -1.224043667182692 -0.0 -0.0 -0.0 -0.0 -0.9073689735234538 -0.9396558932613888 -0.1069260599309288 -0.0 -0.0 -0.0 -0.0 -0.0 -0.30375182520862887 -0.0 -0.0 -0.0 -0.0 -0.0 -0.0 -0.0 -0.0 -0.0 -0.0 -0.0 -0.0 -0.0 -0.0 -0.0 -0.0 -0.0 -0.0 -0.0 -0.0 -0.0 -0.0 -0.0 -0.0 -0.0 -0.0 -0.0 -0.0 -0.0 -0.0 -0.0 -0.0 -0.0 -0.0 -0.0 -0.0 -0.0 -0.0 -0.0 -0.0 -0.0 -0.0 -0.0 -0.0 -0.0 
-0.0 -0.0 -0.0 -0.0 -0.0 -0.0 -0.0 -0.0 -0.0 -0.0 -0.0 -2.0370316376743443 -3.275749876948785 -3.661305694798463 -3.8341060982301363 -4.1240910786628495 -4.380837198868329 -5.824205560881604 -6.600072364434957 -7.022848116623502 -7.237207129303553 -7.357341732787191 -7.469543523141494 -7.5954918187158 -7.702933881062809 -7.756422148549515 -7.74157417071872 -7.666232462948188 -7.561197912434146 -7.467117659502371 -7.386841317271504 -7.253925042109811 -6.96519320179079 -6.410612041087043 -5.458227895916009 -4.44121155497385 -4.25337945729833 -4.3801794392737765 -4.241924619226458 -3.4547805904974913 -1.6382091593505308 -0.0 -0.0 -0.0 -0.0 -0.0 -0.0 -0.0 -0.0 -0.0 -0.0 -0.0 -0.0 -0.0 -0.0 -0.0 -0.0 -0.0 -0.0 -0.0 -0.0 -0.0 -0.0 -0.0 -0.0 -0.0 -0.0 -0.0 -0.0 -0.0 -0.0 -0.0 -0.0 -0.0 -0.0 -0.0 -0.0 -0.0 -0.0 -0.0 -0.0 -0.0 -0.0 -0.0 -0.0 -0.0 -0.0 -0.0 -0.0 -0.0 -0.0 -0.0 -0.0 -0.0 -0.0 -0.0 -0.0 -0.0 -0.0 -0.0 
-0.6602566056415147 -0.3204832744382173 -0.0 -0.0 -0.0 -0.0 -0.0343804561918378 -1.065276141767364 -1.0793587795581958 -0.0 -0.0 -0.5080996298830939 -2.1332940954263835 -3.4626607884404246 -3.51365840184045 -3.965226370376256 -4.222344069952699 -4.32962902800334 -5.033499053634186 -6.124496400094916 -6.580587721423819 -6.825197949646951 -7.02239002714822 -7.215959490331091 -7.369191340406227 -7.440020296218037 -7.412553797805543 -7.296750322201794 -7.128153313342644 -6.9502081498437525 -6.750916169911326 -6.412349239825309 -5.6804162546078345 -4.529220135100678 -4.497526578395656 -4.336453057418126 -4.016444704919758 -4.303691980064665 -3.6183772718367164 -0.8862900410757302 -0.2283994542719954 -0.0 -0.0 -0.8900942103405349 -0.8397622202882683 -0.0 -0.0 -0.0 -0.0 -0.0 -0.4238531602048259 -0.5459343947769488 -0.0 -0.0 -0.0 -0.0 -0.0 -0.0 -0.27972509323947536 -0.0 -0.0 -0.0 -0.0 -0.0 -0.0 -0.0 -0.0491671262249865 -0.0 -0.0 -0.0 -0.0 -0.0 -0.0 -0.0 -0.0 -0.0 -0.0 -0.0 -0.0 -0.0 -0.0 -0.0 -0.0 -0.0 -0.0 -0.0 -0.0 -0.0 -0.0 -0.0 -0.0 -0.0 -0.0 -0.0 -0.0 -0.0 -0.0 -0.0 -0.0 -0.0 
-0.8106532471834625 -0.587942416119457 -0.0 -0.0 -0.0 -0.0 -0.0 -1.2504337762321462 -1.4435071709824003 -0.8111712991961176 -0.0 -0.24360870613503696 -0.662762518513431 -2.432337267481434 -3.0319148250853547 -3.6476212696620878 -3.996689301816991 -4.169535066771396 -4.211354344556337 -4.270739582149989 -5.506180001105848 -6.0110116766925215 -6.335941806848737 -6.585919538258038 -6.7576310680688785 -6.82809876580869 -6.787387657812383 -6.642044881672902 -6.411736741898292 -6.1054681862960605 -5.645492803767237 -4.611245487626281 -4.398681488522838 -4.417511112425703 -4.323365942529714 -4.080484334809306 -3.6665478859172542 -3.570722216827007 -1.222285593812888 -0.6155813189458679 -0.0 -0.0 -1.0111774554145383 -1.4881634449639052 -1.1093210274652072 -0.0 -0.0 -0.0 -0.0 -0.0 -0.8369874429928228 -0.8119861119514786 -0.0 -0.0 -0.0 -0.0 -0.0 -0.20407048095674157 -0.5939313174233186 -0.17910428037474244 -0.0 -0.0 -0.0 -0.0 -0.0 -0.29647630122724666 -0.30573531821207073 -0.0 -0.0 -0.0 -0.0 -0.0 -0.0 -0.24676270080401277 -0.0 -0.0 -0.0 -0.0 -0.0 -0.0 -0.0053002707223885085 -0.10393200908691558 -0.0 -0.0 -0.0 -0.0 -0.0 -0.0 -0.07270605262118608 -0.0 -0.0 -0.0 -0.0 -0.0 -0.0 -0.0 -0.02617487550971713 -0.0 -0.0 -0.0 
-0.5319601858220012 -0.4611876175065015 -0.0 -0.0 -0.0 -0.0 -0.0 -0.8664892942046839 -1.2605500238297305 -0.9687831000034745 -0.0 -0.0 -0.0 -0.01990026978114944 -2.277430250243786 -3.088044210287147 -3.5471788267932953 -3.810843031048558 -3.944091918677737 -3.9923688226400067 -3.9996970862080503 -4.471252378538738 -4.998634426683626 -5.321121660185037 -5.507882114639306 -5.570288596417818 -5.507870833228109 -5.317029394331652 -4.979894729346694 -4.405894161098631 -4.152115188954844 -4.187529879564006 -4.194832068924981 -4.131161206444569 -3.955677687756542 -3.61857520664904 -3.0233111567212068 -1.992895447315924 -0.16415823483654576 -0.0 -0.0 -0.0 -1.3335115260717254 -1.4498227701900974 -0.8134337637406202 -0.0 -0.0 -0.0 -0.0 -0.04413295326807266 -0.806273465757614 -0.6465367496305038 -0.0 -0.0 -0.0 -0.0 -0.0 -0.23537101230172855 -0.49466893851479127 -0.0 -0.0 -0.0 -0.0 -0.0 -0.0 -0.24619953830301003 -0.1646848922563012 -0.0 -0.0 -0.0 -0.0 -0.0 -0.0 -0.15041301927168954 -0.0 -0.0 -0.0 -0.0 -0.0 -0.0 -0.0 -0.0 -0.0 -0.0 -0.0 -0.0 -0.0 -0.0 -0.0 -0.0 -0.0 -0.0 -0.0 -0.0 -0.0 -0.0 -0.0 -0.0 -0.0 -0.0 
-0.0 -0.0 -0.0 -0.0 -0.0 -0.0 -0.0 -0.0 -0.36952530247177545 -0.6352616659292367 -0.30526082475958444 -0.0 -0.0 -0.0 -0.7305231386945292 -1.9961257033411273 -2.697247826010079 -3.1556880176473436 -3.4668205716041895 -3.678268345113171 -3.820903234347381 -3.917265539139189 -3.983523049728676 -4.029661214875269 -4.0603325116694835 -4.07713340098322 -4.081330177947922 -4.075295128285555 -4.061492806516494 -4.039336384725374 -4.001860408251102 -3.934395705552665 -3.81537465710607 -3.6168199499211995 -3.3006194460334823 -2.8025111836479693 -1.9619003871188103 -0.0 -0.0 -0.0 -0.0 -0.851977694243606 -1.1653977347704192 -0.8888023076366011 -0.0 -0.0 -0.0 -0.0 -0.0 -0.06216112048193555 -0.42235020465162926 -0.018665871730896014 -0.0 -0.0 -0.0 -0.0 -0.0 -0.0 -0.014867021634490121 -0.0 -0.0 -0.0 -0.0 -0.0 -0.0 -0.0 -0.0 -0.0 -0.0 -0.0 -0.0 -0.0 -0.0 -0.0 -0.0 -0.0 -0.0 -0.0 -0.0 -0.0 -0.0 -0.0 -0.0 -0.0 -0.0 -0.0 -0.0 -0.0 -0.0 -0.0 -0.0 -0.0 -0.0 -0.0 -0.0 -0.0 -0.0 -0.0 -0.0 -0.0 
-0.0 -0.0 -0.0 -0.0 -0.0 -0.0 -0.0 -0.0 -0.0 -0.0 -0.5989689803180475 -0.8803648156917707 -0.5559268511396893 -0.0 -0.0 -0.0 -0.29706948175455716 -2.373973582328776 -3.317798894384365 -3.6076597391516447 -3.492916658529534 -3.6803658913766872 -3.7727721655435253 -3.8022119164559993 -3.80040141220958 -3.7961019448196893 -3.8055228040858484 -3.8244365590611764 -3.8314109912390246 -3.7985239128648316 -3.724634922787882 -4.067944130515829 -3.9422255926479974 -3.4065625451397814 -2.333411531152839 -0.499016799131283 -0.0 -0.0 -0.0 -0.8444103361769512 -1.1291427102271778 -1.0066682985868045 -0.4192584279797156 -0.0 -0.0 -0.0 -0.0 -0.0 -0.0 -0.0 -0.0 -0.0 -0.0 -0.0 -0.0 -0.0 -0.0 -0.0 -0.0 -0.0 -0.0 -0.0 -0.0 -0.0 -0.0 -0.0 -0.0 -0.0 -0.0 -0.0 -0.0 -0.0 -0.0 -0.0 -0.0 -0.0 -0.0 -0.0 -0.0 -0.0 -0.0 -0.0 -0.0 -0.0 -0.0 -0.0 -0.0 -0.0 -0.0 -0.0 -0.0 -0.0 -0.0 -0.0 -0.0 -0.0 -0.0 -0.0 -0.0 -0.0 
-0.0 -0.0 -0.0 -0.15651807619701866 -0.0792423170119186 -0.0 -0.0 -0.0 -0.0 -0.0 -0.258135768070791 -1.1100066744531152 -1.1412354052934368 -0.09701641837941413 -0.0 -0.0 -0.0 -0.4646947800345676 -1.3575094409543775 -2.9365716872846677 -3.2499682494679574 -3.2306899822196447 -3.3476772188719672 -3.358478107257521 -3.3203721799106125 -3.2911325321022034 -3.3064712693038754 -3.353881403469735 -3.383827856454213 -3.442046877934723 -3.72008715179896 -3.5653522511995943 -2.87172950684044 -0.5828926687368674 -0.11132828607553356 -0.0 -0.0 -0.0 -1.183223882651602 -1.5161576552862073 -1.3520096429062927 -0.6214742511812502 -0.0 -0.0 -0.0 -0.0 -0.0 -0.0 -0.0 -0.0 -0.0 -0.0 -0.0 -0.0 -0.0 -0.0 -0.0 -0.0 -0.0 -0.0 -0.0 -0.0 -0.0 -0.0 -0.0 -0.0 -0.0 -0.0 -0.0 -0.0 -0.0 -0.0 -0.0 -0.0 -0.0 -0.0 -0.0 -0.0 -0.0 -0.0 -0.0 -0.0 -0.0 -0.0 -0.0 -0.0 -0.0 -0.0 -0.0 -0.0 -0.0 -0.0 -0.0 -0.0 -0.0 -0.0 -0.0 -0.0 -0.0 -0.0 
-0.0 -0.0 -0.0 -0.0 -0.11209217172340932 -0.0 -0.0 -0.0 -0.0 -0.0 -0.0 -0.7303284138666654 -1.019681490186456 -0.5085599819019567 -0.0 -0.0 -0.0 -0.0 -0.0 -0.6024536392222204 -2.063676549107434 -2.51903251715894 -2.6082387349363003 -2.51506087947187 -2.420449236404324 -2.349236489089096 -2.374311053161156 -2.5752827489230667 -2.7690018937013665 -2.794044166825942 -2.523448288027747 -1.7026260779914004 -0.0 -0.0 -0.0 -0.0 -0.0 -0.5008654930240579 -1.350231591736997 -1.4167970732409614 -0.975595677300421 -0.0 -0.0 -0.0 -0.0 -0.0 -0.0 -0.027198221762495044 -0.0 -0.0 -0.0 -0.0 -0.0 -0.0 -0.0 -0.0 -0.0 -0.0 -0.0 -0.0 -0.0 -0.0 -0.0 -0.0 -0.0 -0.0 -0.0 -0.0 -0.0 -0.0 -0.0 -0.0 -0.0 -0.0 -0.0 -0.0 -0.0 -0.0 -0.0 -0.0 -0.0 -0.0 -0.0 -0.0 -0.0 -0.0 -0.0 -0.0 -0.0 -0.0 -0.0 -0.0 -0.0 -0.0 -0.0 -0.0 -0.0 -0.0 -0.0 -0.0 
-0.0 -0.0 -0.0 -0.0 -0.0 -0.0 -0.0 -0.0 -0.0 -0.0 -0.0 -0.0 -0.22954843802368688 -0.3414955840798682 -0.0 -0.0 -0.0 -0.0 -0.0 -0.0 -0.0 -0.0 -0.23460693223095758 -0.45860206968468026 -0.5607828843595238 -0.5831121051348149 -0.5401901160881655 -0.42255156263008614 -0.19175008418218023 -0.0 -0.0 -0.0 -0.0 -0.0 -0.0 -0.0 -0.0 -0.8120493237534469 -0.9608352872254438 -0.6529818735087404 -0.0 -0.0 -0.0 -0.0 -0.0 -0.0 -0.0 -0.0 -0.0 -0.0 -0.0 -0.0 -0.0 -0.0 -0.0 -0.0 -0.0 -0.0 -0.0 -0.0 -0.0 -0.0 -0.0 -0.0 -0.0 -0.0 -0.0 -0.0 -0.0 -0.0 -0.0 -0.0 -0.0 -0.0 -0.0 -0.0 -0.0 -0.0 -0.0 -0.0 -0.0 -0.0 -0.0 -0.0 -0.0 -0.0 -0.0 -0.0 -0.0 -0.0 -0.0 -0.0 -0.0 -0.0 -0.0 -0.0 -0.0 -0.0 -0.0 -0.0 
-0.0 -0.0 -0.0 -0.0 -0.0 -0.0 -0.0 -0.0 -0.0 -0.0 -0.0 -0.0 -0.0 -0.0 -0.5358404117679316 -0.9140859744111188 -0.9472795762560301 -0.5728148326381469 -0.0 -0.0 -0.0 -0.0 -0.0 -0.15209738771621792 -0.36020313314422764 -0.39765048964941646 -0.2893478187100216 -0.0 -0.0 -0.0 -0.0 -0.0 -0.0 -0.0 -0.8268273446982025 -1.072050303877825 -0.9841571947624107 -0.5675180456553685 -0.0 -0.0 -0.0 -0.0 -0.0 -0.0 -0.0 -0.0 -0.0 -0.0 -0.0 -0.0 -0.0 -0.0 -0.0 -0.0 -0.0 -0.0 -0.0 -0.0 -0.0 -0.0 -0.0 -0.0 -0.0 -0.0 -0.0 -0.0 -0.0 -0.0 -0.0 -0.0 -0.0 -0.0 -0.0 -0.0 -0.0 -0.0 -0.0 -0.0 -0.0 -0.0 -0.0 -0.0 -0.0 -0.0 -0.0 -0.0 -0.0 -0.0 -0.0 -0.0 -0.0 -0.0 -0.0 -0.0 -0.0 -0.0 -0.0 -0.0 -0.0 -0.0 
-0.0 -0.0 -0.0 -0.0 -0.0 -0.0 -0.0 -0.0 -0.0 -0.0 -0.0 -0.0 -0.0 -0.0 -0.42394766828049846 -1.2062808713129567 -1.4880506985431987 -1.4331175852377123 -0.9308236049373181 -0.0 -0.0 -0.0 -0.0 -0.0 -0.0 -0.0 -0.0 -0.0 -0.0 -0.0 -0.0 -0.0 -0.3728493828795413 -1.3080551203160404 -1.545951722539624 -1.4372374630648352 -0.9524148690561147 -0.0 -0.0 -0.0 -0.0 -0.0 -0.0 -0.0 -0.0 -0.0 -0.0 -0.0 -0.0 -0.0 -0.0 -0.0 -0.0 -0.0 -0.0 -0.0 -0.0 -0.0 -0.0 -0.0 -0.0 -0.0 -0.0 -0.0 -0.0 -0.0 -0.0 -0.0 -0.0 -0.0 -0.0 -0.0 -0.0 -0.0 -0.0 -0.0 -0.0 -0.0 -0.0 -0.0 -0.0 -0.0 -0.0 -0.0 -0.0 -0.0 -0.0 -0.0 -0.0 -0.0 -0.0 -0.0 -0.0 -0.0 -0.0 -0.0 -0.0 -0.0 -0.0 -0.0 
-0.0 -0.0 -0.0 -0.0 -0.0 -0.0 -0.0 -0.0 -0.03653855990283845 -0.0 -0.0 -0.0 -0.0 -0.0 -0.0 -0.6821909644956179 -1.154236904104822 -1.264316488572046 -1.0622929714975524 -0.39099846768948326 -0.0 -0.0 -0.0 -0.0 -0.0 -0.0 -0.0 -0.0 -0.0 -0.0 -0.0 -0.11790658942235713 -1.0070465335223429 -1.3244457576318684 -1.3213504907103555 -0.9890903080639358 -0.011389991684517022 -0.0 -0.0 -0.0 -0.0 -0.0 -0.0 -0.0037329482442237105 -0.0 -0.0 -0.0 -0.0 -0.0 -0.0 -0.0 -0.0 -0.0 -0.0 -0.0 -0.0 -0.0 -0.0 -0.0 -0.0 -0.0 -0.0 -0.0 -0.0 -0.0 -0.0 -0.0 -0.0 -0.0 -0.0 -0.0 -0.0 -0.0 -0.0 -0.0 -0.0 -0.0 -0.0 -0.0 -0.0 -0.0 -0.0 -0.0 -0.0 -0.0 -0.0 -0.0 -0.0 -0.0 -0.0 -0.0 -0.0 -0.0 -0.0 -0.0 -0.0 -0.0 -0.0 -0.0 -0.0 
-0.0 -0.0 -0.0 -0.0 -0.0 -0.0 -0.0 -0.0 -0.0 -0.0 -0.0 -0.0 -0.0 -0.0 -0.0 -0.0 -0.0 -0.0 -0.3614333521101343 -0.6113317303852029 -0.741590116515001 -0.8212764562781981 -0.8905813959039605 -0.9611402621265074 -1.0222338393007084 -1.0573774452208393 -1.0589552573263126 -1.0340303982201715 -1.0008963508590998 -0.9754935169441934 -0.9529763010916509 -0.89947122616962 -0.7560829385162187 -0.42782565711269405 -0.0 -0.0 -0.0 -0.0 -0.0 -0.0 -0.0 -0.0 -0.0 -0.0 -0.0 -0.0 -0.0 -0.0 -0.0 -0.0 -0.0 -0.0 -0.0 -0.0 -0.0 -0.0 -0.0 -0.0 -0.0 -0.0 -0.0 -0.0 -0.0 -0.0 -0.0 -0.0 -0.0 -0.0 -0.0 -0.0 -0.0 -0.0 -0.0 -0.0 -0.0 -0.0 -0.0 -0.0 -0.0 -0.0 -0.0 -0.0 -0.0 -0.0 -0.0 -0.0 -0.0 -0.0 -0.0 -0.0 -0.0 -0.0 -0.0 -0.0 -0.0 -0.0 -0.0 -0.0 -0.0 -0.0 
-0.0 -0.0 -0.0 -0.0 -0.0 -0.0 -0.0 -0.0 -0.0 -0.0 -0.0 -0.0 -0.0 -0.0 -0.0 -0.0 -0.0 -0.0 -0.07240488700629999 -0.06615788889913887 -0.986391581096534 -1.3529196045113705 -1.4911895993596809 -1.5005055586413754 -1.4519916904539147 -1.4150438784183903 -1.4332430380266314 -1.4908372277850177 -1.527233746190547 -1.4743641559460958 -1.2599450838501502 -0.8459584857903981 -0.18283617988847092 -0.05739427426722328 -0.0 -0.0 -0.0 -0.0 -0.0 -0.0 -0.0 -0.0 -0.0 -0.0 -0.0 -0.0 -0.0 -0.0 -0.0 -0.0 -0.0 -0.0 -0.0 -0.0 -0.0 -0.0 -0.0 -0.0 -0.0 -0.0 -0.0 -0.0 -0.0 -0.0 -0.0 -0.0 -0.0 -0.0 -0.0 -0.0 -0.0 -0.0 -0.0 -0.0 -0.0 -0.0 -0.0 -0.0 -0.0 -0.0 -0.0 -0.0 -0.0 -0.0 -0.0 -0.0 -0.0 -0.0 -0.0 -0.0 -0.0 -0.0 -0.0 -0.0 -0.0 -0.0 -0.0 -0.0 -0.0 -0.0 
-0.0 -0.0 -0.0 -0.0 -0.0 -0.0 -0.0 -0.0 -0.0 -0.0 -0.0 -0.0 -0.0 -0.0 -0.0 -0.0 -0.0 -0.0 -0.0 -0.0 -0.4661073042197574 -1.0590332304196297 -1.237202525239529 -1.211522527421175 -1.0909250175732352 -0.9986519744933346 -1.030268893122956 -1.1488639144737793 -1.2304130744158275 -1.1602445772868542 -0.7997193433374159 -0.0 -0.0 -0.0 -0.0 -0.0 -0.0 -0.0 -0.0 -0.18877096382048036 -0.04003979232119417 -0.0 -0.0 -0.0 -0.0 -0.0 -0.0 -0.0 -0.0 -0.0 -0.0 -0.0 -0.0 -0.0 -0.0 -0.0 -0.0 -0.0 -0.0 -0.0 -0.0 -0.0 -0.0 -0.0 -0.0 -0.0 -0.0 -0.0 -0.0 -0.0 -0.0 -0.0 -0.0 -0.0 -0.0 -0.0 -0.0 -0.0 -0.0 -0.0 -0.0 -0.0 -0.0 -0.0 -0.0 -0.0 -0.0 -0.0 -0.0 -0.0 -0.0 -0.0 -0.0 -0.0 -0.0 -0.0 -0.0 -0.0 -0.0 -0.0 
-0.0 -0.0 -0.0 -0.0 -0.0 -0.0 -0.0 -0.0 -0.0 -0.0 -0.0 -0.0 -0.0 -0.0 -0.0 -0.0 -0.0 -0.0 -0.0 -0.0 -0.0 -0.0 -0.0 -0.0 -0.0 -0.0 -0.0 -0.0 -0.0 -0.0 -0.0 -0.0 -0.0 -0.0 -0.0 -0.0 -0.0 -0.0 -0.0 -0.0 -0.0 -0.0 -0.0 -0.0 -0.0 -0.0 -0.0 -0.0 -0.0 -0.0 -0.0 -0.0 -0.0 -0.0 -0.0 -0.0 -0.0 -0.0 -0.0 -0.0 -0.0 -0.0 -0.0 -0.0 -0.0 -0.0 -0.0 -0.0 -0.0 -0.0 -0.0 -0.0 -0.0 -0.0 -0.0 -0.0 -0.0 -0.0 -0.0 -0.0 -0.0 -0.0 -0.0 -0.0 -0.0 -0.0 -0.0 -0.0 -0.0 -0.0 -0.0 -0.0 -0.0 -0.0 -0.0 -0.0 -0.0 -0.0 -0.0 -0.0 
-0.0 -0.0 -0.0 -0.0 -0.0 -0.0 -0.0 -0.0 -0.0 -0.0 -0.0 -0.0 -0.0 -0.0 -0.0 -0.0 -0.0 -0.0 -0.0 -0.0 -0.0 -0.0 -0.0 -0.0 -0.0 -0.0 -0.0 -0.0 -0.0 -0.0 -0.0 -0.0 -0.0 -0.0 -0.0 -0.0 -0.0 -0.0 -0.0 -0.0 -0.0 -0.0 -0.0 -0.0 -0.0 -0.0 -0.0 -0.0 -0.0 -0.0 -0.0 -0.0 -0.0 -0.0 -0.0 -0.0 -0.0 -0.0 -0.0 -0.0 -0.0 -0.0 -0.0 -0.0 -0.0 -0.0 -0.0 -0.0 -0.0 -0.0 -0.0 -0.0 -0.0 -0.0 -0.0 -0.0 -0.0 -0.0 -0.0 -0.0 -0.0 -0.0 -0.0 -0.0 -0.0 -0.0 -0.0 -0.0 -0.0 -0.0 -0.0 -0.0 -0.0 -0.0 -0.0 -0.0 -0.0 -0.0 -0.0 -0.0 
-0.0 -0.0 -0.0 -0.0 -0.0 -0.0 -0.0 -0.0 -0.0 -0.0 -0.0 -0.0 -0.0 -0.0 -0.0 -0.5353137301686369 -0.707614510246878 -0.5405617377204955 -0.0 -0.0 -0.0 -0.0 -0.0 -0.0 -0.0 -0.0 -0.0 -0.0 -0.0 -0.0 -0.0 -0.0 -0.0 -0.27061750639625165 -0.7108563522587144 -0.7447024977166784 -0.4648702071602666 -0.0 -0.0 -0.0 -0.0 -0.0 -0.0 -0.0 -0.0 -0.0 -0.0 -0.0 -0.0 -0.0 -0.0 -0.0 -0.0 -0.0 -0.0 -0.0 -0.0 -0.0 -0.0 -0.0 -0.0 -0.0 -0.0 -0.0 -0.0 -0.0 -0.0 -0.0 -0.0 -0.0 -0.0 -0.0 -0.0 -0.0 -0.0 -0.0 -0.0 -0.0 -0.0 -0.0 -0.0 -0.0 -0.0 -0.0 -0.0 -0.0 -0.0 -0.0 -0.0 -0.0 -0.0 -0.0 -0.0 -0.0 -0.0 -0.0 -0.0 -0.0 -0.0 -0.0 
-0.0 -0.0 -0.0 -0.0 -0.0 -0.0 -0.0 -0.0 -0.0 -0.0 -0.0 -0.0 -0.0 -0.0 -0.0 -0.4061072520496426 -0.716013545207702 -0.6994001128657925 -0.29680373046205316 -0.0 -0.0 -0.0 -0.0 -0.0 -0.0 -0.0 -0.0 -0.0 -0.0 -0.0 -0.0 -0.0 -0.0 -0.6389099263468446 -0.8106479195092062 -0.6641130452768701 -0.1362015287882943 -0.0 -0.0 -0.0 -0.0 -0.0 -0.0 -0.0 -0.0 -0.0 -0.0 -0.0 -0.0 -0.0 -0.0 -0.0 -0.0 -0.0 -0.0 -0.0 -0.0 -0.0 -0.0 -0.0 -0.0 -0.0 -0.0 -0.0 -0.0 -0.0 -0.0 -0.0 -0.0 -0.0 -0.0 -0.0 -0.0 -0.0 -0.0 -0.0 -0.0 -0.0 -0.0 -0.0 -0.0 -0.0 -0.0 -0.0 -0.0 -0.0 -0.0 -0.0 -0.0 -0.0 -0.0 -0.0 -0.0 -0.0 -0.0 -0.0 -0.0 -0.0 -0.0 -0.0 
-0.0 -0.0 -0.0 -0.0 -0.0 -0.0 -0.0 -0.0 -0.0 -0.0 -0.0 -0.0 -0.0 -0.0 -0.0 -0.0 -0.0 -0.0 -0.0 -0.0 -0.0 -0.0 -0.0 -0.0 -0.0 -0.0 -0.0 -0.0 -0.0 -0.0 -0.0 -0.0 -0.0818473320555003 -0.16506624203179643 -0.0 -0.0 -0.0 -0.0 -0.0 -0.0 -0.0 -0.0 -0.0 -0.0 -0.0 -0.0 -0.0 -0.0 -0.0 -0.0 -0.0 -0.0 -0.0 -0.0 -0.0 -0.0 -0.0 -0.0 -0.0 -0.0 -0.0 -0.0 -0.0 -0.0 -0.0 -0.0 -0.0 -0.0 -0.0 -0.0 -0.0 -0.0 -0.0 -0.0 -0.0 -0.0 -0.0 -0.0 -0.0 -0.0 -0.0 -0.0 -0.0 -0.0 -0.0 -0.0 -0.0 -0.0 -0.0 -0.0 -0.0 -0.0 -0.0 -0.0 -0.0 -0.0 -0.0 -0.0 -0.0 -0.0 
-0.0 -0.0 -0.0 -0.0 -0.0 -0.0 -0.0 -0.0 -0.0 -0.0 -0.0 -0.0 -0.0 -0.0 -0.0 -0.0 -0.0 -0.0 -0.0 -0.0 -0.3134799659822938 -0.6113592031506239 -0.7365038778565804 -0.7615627711300672 -0.7412734359426547 -0.7241422419825747 -0.7380655873692772 -0.7739158876283196 -0.7926180182971838 -0.745139808710892 -0.5776117489612397 -0.20470224943490226 -0.0 -0.0 -0.0 -0.0 -0.0 -0.0 -0.0 -0.0 -0.0 -0.0 -0.0 -0.0 -0.0 -0.0 -0.0 -0.0 -0.0 -0.0 -0.0 -0.0 -0.0 -0.0 -0.0 -0.0 -0.0 -0.0 -0.0 -0.0 -0.0 -0.0 -0.0 -0.0 -0.0 -0.0 -0.0 -0.0 -0.0 -0.0 -0.0 -0.0 -0.0 -0.0 -0.0 -0.0 -0.0 -0.0 -0.0 -0.0 -0.0 -0.0 -0.0 -0.0 -0.0 -0.0 -0.0 -0.0 -0.0 -0.0 -0.0 -0.0 -0.0 -0.0 -0.0 -0.0 -0.0 -0.0 -0.0 -0.0 
-0.0 -0.0 -0.0 -0.0 -0.0 -0.0 -0.0 -0.0 -0.0 -0.0 -0.0 -0.0 -0.0 -0.0 -0.0 -0.0 -0.0 -0.0 -0.0 -0.0 -0.31546469661665477 -0.7750458700374155 -0.9320970905855572 -0.9289073599680322 -0.8537284159644691 -0.7970681916430413 -0.8202609692795256 -0.9002055104836493 -0.9533441027229935 -0.8923615762779556 -0.6191901510898774 -0.0 -0.0 -0.0 -0.0 -0.0 -0.0 -0.0 -0.0 -0.0 -0.0 -0.0 -0.0 -0.0 -0.0 -0.0 -0.0 -0.0 -0.0 -0.0 -0.0 -0.0 -0.0 -0.0 -0.0 -0.0 -0.0 -0.0 -0.0 -0.0 -0.0 -0.0 -0.0 -0.0 -0.0 -0.0 -0.0 -0.0 -0.0 -0.0 -0.0 -0.0 -0.0 -0.0 -0.0 -0.0 -0.0 -0.0 -0.0 -0.0 -0.0 -0.0 -0.0 -0.0 -0.0 -0.0 -0.0 -0.0 -0.0 -0.0 -0.0 -0.0 -0.0 -0.0 -0.0 -0.0 -0.0 -0.0 -0.0 -0.0 
-0.0 -0.0 -0.0 -0.0 -0.0 -0.0 -0.0 -0.0 -0.0 -0.0 -0.0 -0.0 -0.0 -0.0 -0.0 -0.0 -0.0 -0.0 -0.0 -0.0 -0.0 -0.11969150279661206 -0.31769654499544114 -0.2778765445553817 -0.12441648168155123 -0.004277838565308591 -0.04273978446382487 -0.19115870205948463 -0.292857117508714 -0.21333188953345578 -0.0 -0.0 -0.0 -0.0 -0.0 -0.0 -0.0 -0.0 -0.0 -0.0 -0.0 -0.0 -0.0 -0.0 -0.0 -0.0 -0.0 -0.0 -0.0 -0.0 -0.0 -0.0 -0.0 -0.0 -0.0 -0.0 -0.0 -0.0 -0.0 -0.0 -0.0 -0.0 -0.0 -0.0 -0.0 -0.0 -0.0 -0.0 -0.0 -0.0 -0.0 -0.0 -0.0 -0.0 -0.0 -0.0 -0.0 -0.0 -0.0 -0.0 -0.0 -0.0 -0.0 -0.0 -0.0 -0.0 -0.0 -0.0 -0.0 -0.0 -0.0 -0.0 -0.0 -0.0 -0.0 -0.0 -0.0 -0.0 -0.0 -0.0 
-0.0 -0.0 -0.0 -0.0 -0.0 -0.0 -0.0 -0.0 -0.0 -0.0 -0.0 -0.0 -0.0 -0.0 -0.0 -0.0 -0.0 -0.0 -0.0 -0.0 -0.0 -0.0 -0.0 -0.0 -0.0 -0.0 -0.0 -0.0 -0.0 -0.0 -0.0 -0.0 -0.0 -0.0 -0.0 -0.0 -0.0 -0.0 -0.0 -0.0 -0.0 -0.0 -0.0 -0.0 -0.0 -0.0 -0.0 -0.0 -0.0 -0.0 -0.0 -0.0 -0.0 -0.0 -0.0 -0.0 -0.0 -0.0 -0.0 -0.0 -0.0 -0.0 -0.0 -0.0 -0.0 -0.0 -0.0 -0.0 -0.0 -0.0 -0.0 -0.0 -0.0 -0.0 -0.0 -0.0 -0.0 -0.0 -0.0 -0.0 -0.0 -0.0 -0.0 -0.0 -0.0 -0.0 -0.0 -0.0 -0.0 -0.0 -0.0 -0.0 -0.0 -0.0 -0.0 -0.0 -0.0 -0.0 -0.0 -0.0 
-0.0 -0.0 -0.0 -0.0 -0.0 -0.0 -0.0 -0.0 -0.0 -0.0 -0.0 -0.0 -0.0 -0.0 -0.0 -0.0 -0.04274407000558428 -0.0 -0.0 -0.0 -0.0 -0.0 -0.0 -0.0 -0.0 -0.0 -0.0 -0.0 -0.0 -0.0 -0.0 -0.0 -0.0 -0.0 -0.0 -0.15183796721480178 -0.01710232951729708 -0.0 -0.0 -0.0 -0.0 -0.0 -0.0 -0.0 -0.0 -0.0 -0.0 -0.0 -0.0 -0.0 -0.0 -0.0 -0.0 -0.0 -0.0 -0.0 -0.0 -0.0 -0.0 -0.0 -0.0 -0.0 -0.0 -0.0 -0.0 -0.0 -0.0 -0.0 -0.0 -0.0 -0.0 -0.0 -0.0 -0.0 -0.0 -0.0 -0.0 -0.0 -0.0 -0.0 -0.0 -0.0 -0.0 -0.0 -0.0 -0.0 -0.0 -0.0 -0.0 -0.0 -0.0 -0.0 -0.0 -0.0 -0.0 -0.0 -0.0 -0.0 -0.0 -0.0 
-0.0 -0.0 -0.0 -0.0 -0.0 -0.0 -0.0 -0.0 -0.0 -0.0 -0.0 -0.0 -0.0 -0.0 -0.0 -0.20969377618471235 -0.410283084184212 -0.29007046696730293 -0.0 -0.0 -0.0 -0.0 -0.0 -0.0 -0.0 -0.0 -0.0 -0.0 -0.0 -0.0 -0.0 -0.0 -0.0 -0.11408342249340472 -0.45432894586527156 -0.4438754392679004 -0.12717085740300474 -0.0 -0.0 -0.0 -0.0 -0.0 -0.0 -0.0 -0.0 -0.0 -0.0 -0.0 -0.0 -0.0 -0.0 -0.0 -0.0 -0.0 -0.0 -0.0 -0.0 -0.0 -0.0 -0.0 -0.0 -0.0 -0.0 -0.0 -0.0 -0.0 -0.0 -0.0 -0.0 -0.0 -0.0 -0.0 -0.0 -0.0 -0.0 -0.0 -0.0 -0.0 -0.0 -0.0 -0.0 -0.0 -0.0 -0.0 -0.0 -0.0 -0.0 -0.0 -0.0 -0.0 -0.0 -0.0 -0.0 -0.0 -0.0 -0.0 -0.0 -0.0 -0.0 -0.0 
-0.0 -0.0 -0.0 -0.0 -0.0 -0.0 -0.0 -0.0 -0.0 -0.0 -0.0 -0.0 -0.0 -0.0 -0.0 -0.0 -0.0 -0.0 -0.0 -0.0 -0.0 -0.0 -0.0 -0.0 -0.0 -0.0 -0.0 -0.0 -0.0 -0.0 -0.0 -0.0 -0.0 -0.0 -0.08805568176753714 -0.0 -0.0 -0.0 -0.0 -0.0 -0.0 -0.0 -0.0 -0.0 -0.0 -0.0 -0.0 -0.0 -0.0 -0.0 -0.0 -0.0 -0.0 -0.0 -0.0 -0.0 -0.0 -0.0 -0.0 -0.0 -0.0 -0.0 -0.0 -0.0 -0.0 -0.0 -0.0 -0.0 -0.0 -0.0 -0.0 -0.0 -0.0 -0.0 -0.0 -0.0 -0.0 -0.0 -0.0 -0.0 -0.0 -0.0 -0.0 -0.0 -0.0 -0.0 -0.0 -0.0 -0.0 -0.0 -0.0 -0.0 -0.0 -0.0 -0.0 -0.0 -0.0 -0.0 -0.0 -0.0 
-0.0 -0.0 -0.0 -0.0 -0.0 -0.0 -0.0 -0.0 -0.0 -0.0 -0.0 -0.0 -0.0 -0.0 -0.0 -0.0 -0.0 -0.0 -0.0 -0.0 -0.0 -0.0 -0.0 -0.0 -0.0 -0.0 -0.0 -0.0 -0.0 -0.0 -0.0 -0.0 -0.0 -0.0 -0.0 -0.0 -0.0 -0.0 -0.0 -0.0 -0.0 -0.0 -0.0 -0.0 -0.0 -0.0 -0.0 -0.0 -0.0 -0.0 -0.0 -0.0 -0.0 -0.0 -0.0 -0.0 -0.0 -0.0 -0.0 -0.0 -0.0 -0.0 -0.0 -0.0 -0.0 -0.0 -0.0 -0.0 -0.0 -0.0 -0.0 -0.0 -0.0 -0.0 -0.0 -0.0 -0.0 -0.0 -0.0 -0.0 -0.0 -0.0 -0.0 -0.0 -0.0 -0.0 -0.0 -0.0 -0.0 -0.0 -0.0 -0.0 -0.0 -0.0 -0.0 -0.0 -0.0 -0.0 -0.0 -0.0 
-0.0 -0.0 -0.0 -0.0 -0.0 -0.0 -0.0 -0.0 -0.0 -0.0 -0.0 -0.0 -0.0 -0.0 -0.0 -0.0 -0.0 -0.0 -0.0 -0.0 -0.05865103075631155 -0.45283379285532205 -0.598656497424682 -0.6083912103187487 -0.5575371891673523 -0.5188610522932309 -0.5381826398765691 -0.5987454212900833 -0.636796501965249 -0.5807259165092847 -0.35156321852132993 -0.0 -0.0 -0.0 -0.0 -0.0 -0.0 -0.0 -0.0 -0.0 -0.0 -0.0 -0.0 -0.0 -0.0 -0.0 -0.0 -0.0 -0.0 -0.0 -0.0 -0.0 -0.0 -0.0 -0.0 -0.0 -0.0 -0.0 -0.0 -0.0 -0.0 -0.0 -0.0 -0.0 -0.0 -0.0 -0.0 -0.0 -0.0 -0.0 -0.0 -0.0 -0.0 -0.0 -0.0 -0.0 -0.0 -0.0 -0.0 -0.0 -0.0 -0.0 -0.0 -0.0 -0.0 -0.0 -0.0 -0.0 -0.0 -0.0 -0.0 -0.0 -0.0 -0.0 -0.0 -0.0 -0.0 -0.0 -0.0 -0.0 
-0.0 -0.0 -0.0 -0.0 -0.0 -0.0 -0.0 -0.0 -0.0 -0.0 -0.0 -0.0 -0.0 -0.0 -0.0 -0.0 -0.0 -0.0 -0.0 -0.0 -0.0 -0.3336478447421419 -0.4964164849289811 -0.4896677028732924 -0.40668323446590776 -0.3439804726934609 -0.3683967537008576 -0.4546864278342888 -0.5124547155372425 -0.44865581584188613 -0.15555836388876637 -0.0 -0.0 -0.0 -0.0 -0.0 -0.0 -0.0 -0.0 -0.0 -0.0 -0.0 -0.0 -0.0 -0.0 -0.0 -0.0 -0.0 -0.0 -0.0 -0.0 -0.0 -0.0 -0.0 -0.0 -0.0 -0.0 -0.0 -0.0 -0.0 -0.0 -0.0 -0.0 -0.0 -0.0 -0.0 -0.0 -0.0 -0.0 -0.0 -0.0 -0.0 -0.0 -0.0 -0.0 -0.0 -0.0 -0.0 -0.0 -0.0 -0.0 -0.0 -0.0 -0.0 -0.0 -0.0 -0.0 -0.0 -0.0 -0.0 -0.0 -0.0 -0.0 -0.0 -0.0 -0.0 -0.0 -0.0 -0.0 -0.0 
-0.0 -0.0 -0.0 -0.0 -0.0 -0.0 -0.0 -0.0 -0.0 -0.0 -0.0 -0.0 -0.0 -0.0 -0.0 -0.0 -0.0 -0.0 -0.0 -0.0 -0.0 -0.0 -0.0 -0.0 -0.0 -0.0 -0.0 -0.0 -0.0 -0.0 -0.0 -0.0 -0.0 -0.0 -0.0 -0.0 -0.0 -0.0 -0.0 -0.0 -0.0 -0.0 -0.0 -0.0 -0.0 -0.0 -0.0 -0.0 -0.0 -0.0 -0.0 -0.0 -0.0 -0.0 -0.0 -0.0 -0.0 -0.0 -0.0 -0.0 -0.0 -0.0 -0.0 -0.0 -0.0 -0.0 -0.0 -0.0 -0.0 -0.0 -0.0 -0.0 -0.0 -0.0 -0.0 -0.0 -0.0 -0.0 -0.0 -0.0 -0.0 -0.0 -0.0 -0.0 -0.0 -0.0 -0.0 -0.0 -0.0 -0.0 -0.0 -0.0 -0.0 -0.0 -0.0 -0.0 -0.0 -0.0 -0.0 -0.0 
-0.0 -0.0 -0.0 -0.0 -0.0 -0.0 -0.0 -0.0 -0.0 -0.0 -0.0 -0.0 -0.0 -0.0 -0.0 -0.0 -0.0 -0.0 -0.0 -0.0 -0.0 -0.0 -0.0 -0.0 -0.0 -0.0 -0.0 -0.0 -0.0 -0.0 -0.0 -0.0 -0.0 -0.0 -0.0 -0.0 -0.0 -0.0 -0.0 -0.0 -0.0 -0.0 -0.0 -0.0 -0.0 -0.0 -0.0 -0.0 -0.0 -0.0 -0.0 -0.0 -0.0 -0.0 -0.0 -0.0 -0.0 -0.0 -0.0 -0.0 -0.0 -0.0 -0.0 -0.0 -0.0 -0.0 -0.0 -0.0 -0.0 -0.0 -0.0 -0.0 -0.0 -0.0 -0.0 -0.0 -0.0 -0.0 -0.0 -0.0 -0.0 -0.0 -0.0 -0.0 -0.0 -0.0 -0.0 -0.0 -0.0 -0.0 -0.0 -0.0 -0.0 -0.0 -0.0 -0.0 -0.0 -0.0 -0.0 -0.0 
-0.0 -0.0 -0.0 -0.0 -0.0 -0.0 -0.0 -0.0 -0.0 -0.0 -0.0 -0.0 -0.0 -0.0 -0.0 -0.0 -0.0940907217327598 -0.0 -0.0 -0.0 -0.0 -0.0 -0.0 -0.0 -0.0 -0.0 -0.0 -0.0 -0.0 -0.0 -0.0 -0.0 -0.0 -0.0 -0.09832730683625909 -0.1750642513578194 -0.0 -0.0 -0.0 -0.0 -0.0 -0.0 -0.0 -0.0 -0.0 -0.0 -0.0 -0.0 -0.0 -0.0 -0.0 -0.0 -0.0 -0.0 -0.0 -0.0 -0.0 -0.0 -0.0 -0.0 -0.0 -0.0 -0.0 -0.0 -0.0 -0.0 -0.0 -0.0 -0.0 -0.0 -0.0 -0.0 -0.0 -0.0 -0.0 -0.0 -0.0 -0.0 -0.0 -0.0 -0.0 -0.0 -0.0 -0.0 -0.0 -0.0 -0.0 -0.0 -0.0 -0.0 -0.0 -0.0 -0.0 -0.0 -0.0 -0.0 -0.0 -0.0 -0.0 -0.0 
-0.0 -0.0 -0.0 -0.0 -0.0 -0.0 -0.0 -0.0 -0.0 -0.0 -0.0 -0.0 -0.0 -0.0 -0.0 -0.0 -0.009944439915173289 -0.0 -0.0 -0.0 -0.0 -0.0 -0.0 -0.0 -0.0 -0.0 -0.0 -0.0 -0.0 -0.0 -0.0 -0.0 -0.0 -0.0 -0.0769534762608104 -0.07522620916391465 -0.0 -0.0 -0.0 -0.0 -0.0 -0.0 -0.0 -0.0 -0.0 -0.0 -0.0 -0.0 -0.0 -0.0 -0.0 -0.0 -0.0 -0.0 -0.0 -0.0 -0.0 -0.0 -0.0 -0.0 -0.0 -0.0 -0.0 -0.0 -0.0 -0.0 -0.0 -0.0 -0.0 -0.0 -0.0 -0.0 -0.0 -0.0 -0.0 -0.0 -0.0 -0.0 -0.0 -0.0 -0.0 -0.0 -0.0 -0.0 -0.0 -0.0 -0.0 -0.0 -0.0 -0.0 -0.0 -0.0 -0.0 -0.0 -0.0 -0.0 -0.0 -0.0 -0.0 -0.0 
-0.0 -0.0 -0.0 -0.0 -0.0 -0.0 -0.0 -0.0 -0.0 -0.0 -0.0 -0.0 -0.0 -0.0 -0.0 -0.0 -0.0 -0.0 -0.0 -0.0 -0.0 -0.0 -0.0 -0.0 -0.0 -0.0 -0.0 -0.0 -0.0 -0.0 -0.0 -0.0 -0.0 -0.0 -0.0 -0.0 -0.0 -0.0 -0.0 -0.0 -0.0 -0.0 -0.0 -0.0 -0.0 -0.0 -0.0 -0.0 -0.0 -0.0 -0.0 -0.0 -0.0 -0.0 -0.0 -0.0 -0.0 -0.0 -0.0 -0.0 -0.0 -0.0 -0.0 -0.0 -0.0 -0.0 -0.0 -0.0 -0.0 -0.0 -0.0 -0.0 -0.0 -0.0 -0.0 -0.0 -0.0 -0.0 -0.0 -0.0 -0.0 -0.0 -0.0 -0.0 -0.0 -0.0 -0.0 -0.0 -0.0 -0.0 -0.0 -0.0 -0.0 -0.0 -0.0 -0.0 -0.0 -0.0 -0.0 -0.0 
-0.0 -0.0 -0.0 -0.0 -0.0 -0.0 -0.0 -0.0 -0.0 -0.0 -0.0 -0.0 -0.0 -0.0 -0.0 -0.0 -0.0 -0.0 -0.0 -0.0 -0.0 -0.0 -0.08186559051988583 -0.09912540786529175 -0.060816447698243084 -0.03126290054869057 -0.04945423782078873 -0.10131959546061015 -0.13213844141617334 -0.07829727344759395 -0.0 -0.0 -0.0 -0.0 -0.0 -0.0 -0.0 -0.0 -0.0 -0.0 -0.0 -0.0 -0.0 -0.0 -0.0 -0.0 -0.0 -0.0 -0.0 -0.0 -0.0 -0.0 -0.0 -0.0 -0.0 -0.0 -0.0 -0.0 -0.0 -0.0 -0.0 -0.0 -0.0 -0.0 -0.0 -0.0 -0.0 -0.0 -0.0 -0.0 -0.0 -0.0 -0.0 -0.0 -0.0 -0.0 -0.0 -0.0 -0.0 -0.0 -0.0 -0.0 -0.0 -0.0 -0.0 -0.0 -0.0 -0.0 -0.0 -0.0 -0.0 -0.0 -0.0 -0.0 -0.0 -0.0 -0.0 -0.0 -0.0 -0.0 
-0.0 -0.0 -0.0 -0.0 -0.0 -0.0 -0.0 -0.0 -0.0 -0.0 -0.0 -0.0 -0.0 -0.0 -0.0 -0.0 -0.0 -0.0 -0.0 -0.0 -0.0 -0.296065662822652 -0.44717579729069556 -0.45242407860037154 -0.39279864660976876 -0.34762599872250427 -0.3681274152924674 -0.4354045579542954 -0.4786545084115039 -0.4199878509084212 -0.17173306922443216 -0.0 -0.0 -0.0 -0.0 -0.0 -0.0 -0.0 -0.0 -0.0 -0.0 -0.0 -0.0 -0.0 -0.0 -0.0 -0.0 -0.0 -0.0 -0.0 -0.0 -0.0 -0.0 -0.0 -0.0 -0.0 -0.0 -0.0 -0.0 -0.0 -0.0 -0.0 -0.0 -0.0 -0.0 -0.0 -0.0 -0.0 -0.0 -0.0 -0.0 -0.0 -0.0 -0.0 -0.0 -0.0 -0.0 -0.0 -0.0 -0.0 -0.0 -0.0 -0.0 -0.0 -0.0 -0.0 -0.0 -0.0 -0.0 -0.0 -0.0 -0.0 -0.0 -0.0 -0.0 -0.0 -0.0 -0.0 -0.0 -0.0 
-0.0 -0.0 -0.0 -0.0 -0.0 -0.0 -0.0 -0.0 -0.0 -0.0 -0.0 -0.0 -0.0 -0.0 -0.0 -0.0 -0.0 -0.0 -0.0 -0.0 -0.0 -0.0 -0.033453056967712 -0.028853196586672732 -0.0 -0.0 -0.0 -0.0 -0.04801709721468045 -0.0 -0.0 -0.0 -0.0 -0.0 -0.0 -0.0 -0.0 -0.0 -0.0 -0.0 -0.0 -0.0 -0.0 -0.0 -0.0 -0.0 -0.0 -0.0 -0.0 -0.0 -0.0 -0.0 -0.0 -0.0 -0.0 -0.0 -0.0 -0.0 -0.0 -0.0 -0.0 -0.0 -0.0 -0.0 -0.0 -0.0 -0.0 -0.0 -0.0 -0.0 -0.0 -0.0 -0.0 -0.0 -0.0 -0.0 -0.0 -0.0 -0.0 -0.0 -0.0 -0.0 -0.0 -0.0 -0.0 -0.0 -0.0 -0.0 -0.0 -0.0 -0.0 -0.0 -0.0 -0.0 -0.0 -0.0 -0.0 -0.0 -0.0 -0.0 
-0.0 -0.0 -0.0 -0.0 -0.0 -0.0 -0.0 -0.0 -0.0 -0.0 -0.0 -0.0 -0.0 -0.0 -0.0 -0.0 -0.0 -0.0 -0.0 -0.0 -0.0 -0.0 -0.0 -0.0 -0.0 -0.0 -0.0 -0.0 -0.0 -0.0 -0.0 -0.0 -0.0 -0.0 -0.0 -0.0 -0.0 -0.0 -0.0 -0.0 -0.0 -0.0 -0.0 -0.0 -0.0 -0.0 -0.0 -0.0 -0.0 -0.0 -0.0 -0.0 -0.0 -0.0 -0.0 -0.0 -0.0 -0.0 -0.0 -0.0 -0.0 -0.0 -0.0 -0.0 -0.0 -0.0 -0.0 -0.0 -0.0 -0.0 -0.0 -0.0 -0.0 -0.0 -0.0 -0.0 -0.0 -0.0 -0.0 -0.0 -0.0 -0.0 -0.0 -0.0 -0.0 -0.0 -0.0 -0.0 -0.0 -0.0 -0.0 -0.0 -0.0 -0.0 -0.0 -0.0 -0.0 -0.0 -0.0 -0.0 
-0.0 -0.0 -0.0 -0.0 -0.0 -0.0 -0.0 -0.0 -0.0 -0.0 -0.0 -0.0 -0.0 -0.0 -0.0 -0.0 -0.0 -0.0 -0.0 -0.0 -0.0 -0.0 -0.0 -0.0 -0.0 -0.0 -0.0 -0.0 -0.0 -0.0 -0.0 -0.0 -0.0 -0.0 -0.0 -0.0 -0.0 -0.0 -0.0 -0.0 -0.0 -0.0 -0.0 -0.0 -0.0 -0.0 -0.0 -0.0 -0.0 -0.0 -0.0 -0.0 -0.0 -0.0 -0.0 -0.0 -0.0 -0.0 -0.0 -0.0 -0.0 -0.0 -0.0 -0.0 -0.0 -0.0 -0.0 -0.0 -0.0 -0.0 -0.0 -0.0 -0.0 -0.0 -0.0 -0.0 -0.0 -0.0 -0.0 -0.0 -0.0 -0.0 -0.0 -0.0 -0.0 -0.0 -0.0 -0.0 -0.0 -0.0 -0.0 -0.0 -0.0 -0.0 -0.0 -0.0 -0.0 -0.0 -0.0 -0.0 
-0.0 -0.0 -0.0 -0.0 -0.0 -0.0 -0.0 -0.0 -0.0 -0.0 -0.0 -0.0 -0.0 -0.0 -0.0 -0.0 -0.0 -0.0 -0.0 -0.0 -0.0 -0.0 -0.0 -0.0 -0.0 -0.0 -0.0 -0.0 -0.0 -0.0 -0.0 -0.0 -0.0 -0.0 -0.0 -0.0629141050693993 -0.0 -0.0 -0.0 -0.0 -0.0 -0.0 -0.0 -0.0 -0.0 -0.0 -0.0 -0.0 -0.0 -0.0 -0.0 -0.0 -0.0 -0.0 -0.0 -0.0 -0.0 -0.0 -0.0 -0.0 -0.0 -0.0 -0.0 -0.0 -0.0 -0.0 -0.0 -0.0 -0.0 -0.0 -0.0 -0.0 -0.0 -0.0 -0.0 -0.0 -0.0 -0.0 -0.0 -0.0 -0.0 -0.0 -0.0 -0.0 -0.0 -0.0 -0.0 -0.0 -0.0 -0.0 -0.0 -0.0 -0.0 -0.0 -0.0 -0.0 -0.0 -0.0 -0.0 -0.0 
-0.0 -0.0 -0.0 -0.0 -0.0 -0.0 -0.0 -0.0 -0.0 -0.0 -0.0 -0.0 -0.0 -0.0 -0.0 -0.0 -0.0 -0.0 -0.0 -0.0 -0.0 -0.0 -0.0 -0.0 -0.0 -0.0 -0.0 -0.0 -0.0 -0.0 -0.0 -0.0 -0.0 -0.0 -0.0 -0.0 -0.0 -0.0 -0.0 -0.0 -0.0 -0.0 -0.0 -0.0 -0.0 -0.0 -0.0 -0.0 -0.0 -0.0 -0.0 -0.0 -0.0 -0.0 -0.0 -0.0 -0.0 -0.0 -0.0 -0.0 -0.0 -0.0 -0.0 -0.0 -0.0 -0.0 -0.0 -0.0 -0.0 -0.0 -0.0 -0.0 -0.0 -0.0 -0.0 -0.0 -0.0 -0.0 -0.0 -0.0 -0.0 -0.0 -0.0 -0.0 -0.0 -0.0 -0.0 -0.0 -0.0 -0.0 -0.0 -0.0 -0.0 -0.0 -0.0 -0.0 -0.0 -0.0 -0.0 -0.0 
-0.0 -0.0 -0.0 -0.0 -0.0 -0.0 -0.0 -0.0 -0.0 -0.0 -0.0 -0.0 -0.0 -0.0 -0.0 -0.0 -0.0 -0.0 -0.0 -0.0 -0.0 -0.0 -0.0 -0.0 -0.0 -0.0 -0.0 -0.0 -0.0 -0.0 -0.0 -0.0 -0.0 -0.0 -0.0 -0.0 -0.0 -0.0 -0.0 -0.0 -0.0 -0.0 -0.0 -0.0 -0.0 -0.0 -0.0 -0.0 -0.0 -0.0 -0.0 -0.0 -0.0 -0.0 -0.0 -0.0 -0.0 -0.0 -0.0 -0.0 -0.0 -0.0 -0.0 -0.0 -0.0 -0.0 -0.0 -0.0 -0.0 -0.0 -0.0 -0.0 -0.0 -0.0 -0.0 -0.0 -0.0 -0.0 -0.0 -0.0 -0.0 -0.0 -0.0 -0.0 -0.0 -0.0 -0.0 -0.0 -0.0 -0.0 -0.0 -0.0 -0.0 -0.0 -0.0 -0.0 -0.0 -0.0 -0.0 -0.0 
-0.0 -0.0 -0.0 -0.0 -0.0 -0.0 -0.0 -0.0 -0.0 -0.0 -0.0 -0.0 -0.0 -0.0 -0.0 -0.0 -0.0 -0.0 -0.0 -0.0 -0.0 -0.05935233166363045 -0.2087239521468661 -0.21771050217946783 -0.16431960501406512 -0.12380171115995112 -0.1438402584413873 -0.20686309940506648 -0.24659808313876724 -0.1890664080891268 -0.0 -0.0 -0.0 -0.0 -0.0 -0.0 -0.0 -0.0 -0.0 -0.0 -0.0 -0.0 -0.0 -0.0 -0.0 -0.0 -0.0 -0.0 -0.0 -0.0 -0.0 -0.0 -0.0 -0.0 -0.0 -0.0 -0.0 -0.0 -0.0 -0.0 -0.0 -0.0 -0.0 -0.0 -0.0 -0.0 -0.0 -0.0 -0.0 -0.0 -0.0 -0.0 -0.0 -0.0 -0.0 -0.0 -0.0 -0.0 -0.0 -0.0 -0.0 -0.0 -0.0 -0.0 -0.0 -0.0 -0.0 -0.0 -0.0 -0.0 -0.0 -0.0 -0.0 -0.0 -0.0 -0.0 -0.0 -0.0 -0.0 -0.0 
-0.0 -0.0 -0.0 -0.0 -0.0 -0.0 -0.0 -0.0 -0.0 -0.0 -0.0 -0.0 -0.0 -0.0 -0.0 -0.0 -0.0 -0.0 -0.0 -0.0 -0.0 -0.11792159095023066 -0.26378840898979755 -0.27067856458904 -0.21593526825149933 -0.1741142737063595 -0.19262985573370112 -0.2544469606377067 -0.293836330020598 -0.23657947302747165 -0.0 -0.0 -0.0 -0.0 -0.0 -0.0 -0.0 -0.0 -0.0 -0.0 -0.0 -0.0 -0.0 -0.0 -0.0 -0.0 -0.0 -0.0 -0.0 -0.0 -0.0 -0.0 -0.0 -0.0 -0.0 -0.0 -0.0 -0.0 -0.0 -0.0 -0.0 -0.0 -0.0 -0.0 -0.0 -0.0 -0.0 -0.0 -0.0 -0.0 -0.0 -0.0 -0.0 -0.0 -0.0 -0.0 -0.0 -0.0 -0.0 -0.0 -0.0 -0.0 -0.0 -0.0 -0.0 -0.0 -0.0 -0.0 -0.0 -0.0 -0.0 -0.0 -0.0 -0.0 -0.0 -0.0 -0.0 -0.0 -0.0 -0.0 
-0.0 -0.0 -0.0 -0.0 -0.0 -0.0 -0.0 -0.0 -0.0 -0.0 -0.0 -0.0 -0.0 -0.0 -0.0 -0.0 -0.0 -0.0 -0.0 -0.0 -0.0 -0.0 -0.0 -0.0 -0.0 -0.0 -0.0 -0.0 -0.0 -0.0 -0.0 -0.0 -0.0 -0.0 -0.0 -0.0 -0.0 -0.0 -0.0 -0.0 -0.0 -0.0 -0.0 -0.0 -0.0 -0.0 -0.0 -0.0 -0.0 -0.0 -0.0 -0.0 -0.0 -0.0 -0.0 -0.0 -0.0 -0.0 -0.0 -0.0 -0.0 -0.0 -0.0 -0.0 -0.0 -0.0 -0.0 -0.0 -0.0 -0.0 -0.0 -0.0 -0.0 -0.0 -0.0 -0.0 -0.0 -0.0 -0.0 -0.0 -0.0 -0.0 -0.0 -0.0 -0.0 -0.0 -0.0 -0.0 -0.0 -0.0 -0.0 -0.0 -0.0 -0.0 -0.0 -0.0 -0.0 -0.0 -0.0 -0.0 
-0.0 -0.0 -0.0 -0.0 -0.0 -0.0 -0.0 -0.0 -0.0 -0.0 -0.0 -0.0 -0.0 -0.0 -0.0 -0.0 -0.0 -0.0 -0.0 -0.0 -0.0 -0.0 -0.0 -0.0 -0.0 -0.0 -0.0 -0.0 -0.0 -0.0 -0.0 -0.0 -0.0 -0.0 -0.0 -0.0 -0.0 -0.0 -0.0 -0.0 -0.0 -0.0 -0.0 -0.0 -0.0 -0.0 -0.0 -0.0 -0.0 -0.0 -0.0 -0.0 -0.0 -0.0 -0.0 -0.0 -0.0 -0.0 -0.0 -0.0 -0.0 -0.0 -0.0 -0.0 -0.0 -0.0 -0.0 -0.0 -0.0 -0.0 -0.0 -0.0 -0.0 -0.0 -0.0 -0.0 -0.0 -0.0 -0.0 -0.0 -0.0 -0.0 -0.0 -0.0 -0.0 -0.0 -0.0 -0.0 -0.0 -0.0 -0.0 -0.0 -0.0 -0.0 -0.0 -0.0 -0.0 -0.0 -0.0 -0.0 
-0.0 -0.0 -0.0 -0.0 -0.0 -0.0 -0.0 -0.0 -0.0 -0.0 -0.0 -0.0 -0.0 -0.0 -0.0 -0.0 -0.0 -0.0 -0.0 -0.0 -0.0 -0.0 -0.0 -0.0 -0.0 -0.0 -0.0 -0.0 -0.0 -0.0 -0.0 -0.0 -0.0 -0.0 -0.0 -0.0 -0.0 -0.0 -0.0 -0.0 -0.0 -0.0 -0.0 -0.0 -0.0 -0.0 -0.0 -0.0 -0.0 -0.0 -0.0 -0.0 -0.0 -0.0 -0.0 -0.0 -0.0 -0.0 -0.0 -0.0 -0.0 -0.0 -0.0 -0.0 -0.0 -0.0 -0.0 -0.0 -0.0 -0.0 -0.0 -0.0 -0.0 -0.0 -0.0 -0.0 -0.0 -0.0 -0.0 -0.0 -0.0 -0.0 -0.0 -0.0 -0.0 -0.0 -0.0 -0.0 -0.0 -0.0 -0.0 -0.0 -0.0 -0.0 -0.0 -0.0 -0.0 -0.0 -0.0 -0.0 
-0.0 -0.0 -0.0 -0.0 -0.0 -0.0 -0.0 -0.0 -0.0 -0.0 -0.0 -0.0 -0.0 -0.0 -0.0 -0.0 -0.0 -0.0 -0.0 -0.0 -0.0 -0.0 -0.0 -0.0 -0.0 -0.0 -0.0 -0.0 -0.0 -0.0 -0.0 -0.0 -0.0 -0.0 -0.0 -0.0 -0.0 -0.0 -0.0 -0.0 -0.0 -0.0 -0.0 -0.0 -0.0 -0.0 -0.0 -0.0 -0.0 -0.0 -0.0 -0.0 -0.0 -0.0 -0.0 -0.0 -0.0 -0.0 -0.0 -0.0 -0.0 -0.0 -0.0 -0.0 -0.0 -0.0 -0.0 -0.0 -0.0 -0.0 -0.0 -0.0 -0.0 -0.0 -0.0 -0.0 -0.0 -0.0 -0.0 -0.0 -0.0 -0.0 -0.0 -0.0 -0.0 -0.0 -0.0 -0.0 -0.0 -0.0 -0.0 -0.0 -0.0 -0.0 -0.0 -0.0 -0.0 -0.0 -0.0 -0.0 
-0.0 -0.0 -0.0 -0.0 -0.0 -0.0 -0.0 -0.0 -0.0 -0.0 -0.0 -0.0 -0.0 -0.0 -0.0 -0.0 -0.0 -0.0 -0.0 -0.0 -0.0 -0.0 -0.0 -0.0 -0.0 -0.0 -0.0 -0.0 -0.0 -0.0 -0.0 -0.0 -0.0 -0.0 -0.0 -0.0 -0.0 -0.0 -0.0 -0.0 -0.0 -0.0 -0.0 -0.0 -0.0 -0.0 -0.0 -0.0 -0.0 -0.0 -0.0 -0.0 -0.0 -0.0 -0.0 -0.0 -0.0 -0.0 -0.0 -0.0 -0.0 -0.0 -0.0 -0.0 -0.0 -0.0 -0.0 -0.0 -0.0 -0.0 -0.0 -0.0 -0.0 -0.0 -0.0 -0.0 -0.0 -0.0 -0.0 -0.0 -0.0 -0.0 -0.0 -0.0 -0.0 -0.0 -0.0 -0.0 -0.0 -0.0 -0.0 -0.0 -0.0 -0.0 -0.0 -0.0 -0.0 -0.0 -0.0 -0.0 
-0.0 -0.0 -0.0 -0.0 -0.0 -0.0 -0.0 -0.0 -0.0 -0.0 -0.0 -0.0 -0.0 -0.0 -0.0 -0.0 -0.0 -0.0 -0.0 -0.0 -0.0 -0.0 -0.0 -0.0 -0.0 -0.0 -0.0 -0.0 -0.0 -0.0 -0.0 -0.0 -0.0 -0.0 -0.0 -0.0 -0.0 -0.0 -0.0 -0.0 -0.0 -0.0 -0.0 -0.0 -0.0 -0.0 -0.0 -0.0 -0.0 -0.0 -0.0 -0.0 -0.0 -0.0 -0.0 -0.0 -0.0 -0.0 -0.0 -0.0 -0.0 -0.0 -0.0 -0.0 -0.0 -0.0 -0.0 -0.0 -0.0 -0.0 -0.0 -0.0 -0.0 -0.0 -0.0 -0.0 -0.0 -0.0 -0.0 -0.0 -0.0 -0.0 -0.0 -0.0 -0.0 -0.0 -0.0 -0.0 -0.0 -0.0 -0.0 -0.0 -0.0 -0.0 -0.0 -0.0 -0.0 -0.0 -0.0 -0.0 
-0.0 -0.0 -0.0 -0.0 -0.0 -0.0 -0.0 -0.0 -0.0 -0.0 -0.0 -0.0 -0.0 -0.0 -0.0 -0.0 -0.0 -0.0 -0.0 -0.0 -0.0 -0.10543744766848605 -0.25022079120545315 -0.25914530125456864 -0.2077954753614099 -0.1685234675396937 -0.1868853597208855 -0.24650790509039444 -0.28406488734063623 -0.2275801265201067 -0.0 -0.0 -0.0 -0.0 -0.0 -0.0 -0.0 -0.0 -0.0 -0.0 -0.0 -0.0 -0.0 -0.0 -0.0 -0.0 -0.0 -0.0 -0.0 -0.0 -0.0 -0.0 -0.0 -0.0 -0.0 -0.0 -0.0 -0.0 -0.0 -0.0 -0.0 -0.0 -0.0 -0.0 -0.0 -0.0 -0.0 -0.0 -0.0 -0.0 -0.0 -0.0 -0.0 -0.0 -0.0 -0.0 -0.0 -0.0 -0.0 -0.0 -0.0 -0.0 -0.0 -0.0 -0.0 -0.0 -0.0 -0.0 -0.0 -0.0 -0.0 -0.0 -0.0 -0.0 -0.0 -0.0 -0.0 -0.0 -0.0 -0.0 
-0.0 -0.0 -0.0 -0.0 -0.0 -0.0 -0.0 -0.0 -0.0 -0.0 -0.0 -0.0 -0.0 -0.0 -0.0 -0.0 -0.0 -0.0 -0.0 -0.0 -0.0 -0.0 -0.009350693499139306 -0.023342087931040832 -0.0 -0.0 -0.0 -0.014978155059458587 -0.04246461720356174 -0.0 -0.0 -0.0 -0.0 -0.0 -0.0 -0.0 -0.0 -0.0 -0.0 -0.0 -0.0 -0.0 -0.0 -0.0 -0.0 -0.0 -0.0 -0.0 -0.0 -0.0 -0.0 -0.0 -0.0 -0.0 -0.0 -0.0 -0.0 -0.0 -0.0 -0.0 -0.0 -0.0 -0.0 -0.0 -0.0 -0.0 -0.0 -0.0 -0.0 -0.0 -0.0 -0.0 -0.0 -0.0 -0.0 -0.0 -0.0 -0.0 -0.0 -0.0 -0.0 -0.0 -0.0 -0.0 -0.0 -0.0 -0.0 -0.0 -0.0 -0.0 -0.0 -0.0 -0.0 -0.0 -0.0 -0.0 -0.0 -0.0 -0.0 -0.0 
-0.0 -0.0 -0.0 -0.0 -0.0 -0.0 -0.0 -0.0 -0.0 -0.0 -0.0 -0.0 -0.0 -0.0 -0.0 -0.0 -0.0 -0.0 -0.0 -0.0 -0.0 -0.0 -0.0 -0.0 -0.0 -0.0 -0.0 -0.0 -0.0 -0.0 -0.0 -0.0 -0.0 -0.0 -0.0 -0.0 -0.0 -0.0 -0.0 -0.0 -0.0 -0.0 -0.0 -0.0 -0.0 -0.0 -0.0 -0.0 -0.0 -0.0 -0.0 -0.0 -0.0 -0.0 -0.0 -0.0 -0.0 -0.0 -0.0 -0.0 -0.0 -0.0 -0.0 -0.0 -0.0 -0.0 -0.0 -0.0 -0.0 -0.0 -0.0 -0.0 -0.0 -0.0 -0.0 -0.0 -0.0 -0.0 -0.0 -0.0 -0.0 -0.0 -0.0 -0.0 -0.0 -0.0 -0.0 -0.0 -0.0 -0.0 -0.0 -0.0 -0.0 -0.0 -0.0 -0.0 -0.0 -0.0 -0.0 -0.0 
-0.0 -0.0 -0.0 -0.0 -0.0 -0.0 -0.0 -0.0 -0.0 -0.0 -0.0 -0.0 -0.0 -0.0 -0.0 -0.0 -0.0 -0.0 -0.0 -0.0 -0.0 -0.0 -0.0 -0.0 -0.0 -0.0 -0.0 -0.0 -0.0 -0.0 -0.0 -0.0 -0.0 -0.0 -0.0 -0.0 -0.0 -0.0 -0.0 -0.0 -0.0 -0.0 -0.0 -0.0 -0.0 -0.0 -0.0 -0.0 -0.0 -0.0 -0.0 -0.0 -0.0 -0.0 -0.0 -0.0 -0.0 -0.0 -0.0 -0.0 -0.0 -0.0 -0.0 -0.0 -0.0 -0.0 -0.0 -0.0 -0.0 -0.0 -0.0 -0.0 -0.0 -0.0 -0.0 -0.0 -0.0 -0.0 -0.0 -0.0 -0.0 -0.0 -0.0 -0.0 -0.0 -0.0 -0.0 -0.0 -0.0 -0.0 -0.0 -0.0 -0.0 -0.0 -0.0 -0.0 -0.0 -0.0 -0.0 -0.0 
-0.0 -0.0 -0.0 -0.0 -0.0 -0.0 -0.0 -0.0 -0.0 -0.0 -0.0 -0.0 -0.0 -0.0 -0.0 -0.0 -0.0 -0.0 -0.0 -0.0 -0.0 -0.0 -0.0 -0.0 -0.0 -0.0 -0.0 -0.0 -0.0 -0.0 -0.0 -0.0 -0.0 -0.0 -0.0 -0.0 -0.0 -0.0 -0.0 -0.0 -0.0 -0.0 -0.0 -0.0 -0.0 -0.0 -0.0 -0.0 -0.0 -0.0 -0.0 -0.0 -0.0 -0.0 -0.0 -0.0 -0.0 -0.0 -0.0 -0.0 -0.0 -0.0 -0.0 -0.0 -0.0 -0.0 -0.0 -0.0 -0.0 -0.0 -0.0 -0.0 -0.0 -0.0 -0.0 -0.0 -0.0 -0.0 -0.0 -0.0 -0.0 -0.0 -0.0 -0.0 -0.0 -0.0 -0.0 -0.0 -0.0 -0.0 -0.0 -0.0 -0.0 -0.0 -0.0 -0.0 -0.0 -0.0 -0.0 -0.0 
-0.0 -0.0 -0.0 -0.0 -0.0 -0.0 -0.0 -0.0 -0.0 -0.0 -0.0 -0.0 -0.0 -0.0 -0.0 -0.0 -0.0 -0.0 -0.0 -0.0 -0.0 -0.0 -0.0 -0.0 -0.0 -0.0 -0.0 -0.0 -0.0 -0.0 -0.0 -0.0 -0.0 -0.0 -0.0 -0.0 -0.0 -0.0 -0.0 -0.0 -0.0 -0.0 -0.0 -0.0 -0.0 -0.0 -0.0 -0.0 -0.0 -0.0 -0.0 -0.0 -0.0 -0.0 -0.0 -0.0 -0.0 -0.0 -0.0 -0.0 -0.0 -0.0 -0.0 -0.0 -0.0 -0.0 -0.0 -0.0 -0.0 -0.0 -0.0 -0.0 -0.0 -0.0 -0.0 -0.0 -0.0 -0.0 -0.0 -0.0 -0.0 -0.0 -0.0 -0.0 -0.0 -0.0 -0.0 -0.0 -0.0 -0.0 -0.0 -0.0 -0.0 -0.0 -0.0 -0.0 -0.0 -0.0 -0.0 -0.0 
-0.0 -0.0 -0.0 -0.0 -0.0 -0.0 -0.0 -0.0 -0.0 -0.0 -0.0 -0.0 -0.0 -0.0 -0.0 -0.0 -0.0 -0.0 -0.0 -0.0 -0.0 -0.0 -0.0 -0.0 -0.0 -0.0 -0.0 -0.0 -0.0 -0.0 -0.0 -0.0 -0.0 -0.0 -0.0 -0.0 -0.0 -0.0 -0.0 -0.0 -0.0 -0.0 -0.0 -0.0 -0.0 -0.0 -0.0 -0.0 -0.0 -0.0 -0.0 -0.0 -0.0 -0.0 -0.0 -0.0 -0.0 -0.0 -0.0 -0.0 -0.0 -0.0 -0.0 -0.0 -0.0 -0.0 -0.0 -0.0 -0.0 -0.0 -0.0 -0.0 -0.0 -0.0 -0.0 -0.0 -0.0 -0.0 -0.0 -0.0 -0.0 -0.0 -0.0 -0.0 -0.0 -0.0 -0.0 -0.0 -0.0 -0.0 -0.0 -0.0 -0.0 -0.0 -0.0 -0.0 -0.0 -0.0 -0.0 -0.0 
-0.0 -0.0 -0.0 -0.0 -0.0 -0.0 -0.0 -0.0 -0.0 -0.0 -0.0 -0.0 -0.0 -0.0 -0.0 -0.0 -0.0 -0.0 -0.0 -0.0 -0.0 -0.0 -0.020475440096075007 -0.024235143714954218 -0.0 -0.0 -0.0 -0.005268282437283752 -0.05028031628764964 -0.0 -0.0 -0.0 -0.0 -0.0 -0.0 -0.0 -0.0 -0.0 -0.0 -0.0 -0.0 -0.0 -0.0 -0.0 -0.0 -0.0 -0.0 -0.0 -0.0 -0.0 -0.0 -0.0 -0.0 -0.0 -0.0 -0.0 -0.0 -0.0 -0.0 -0.0 -0.0 -0.0 -0.0 -0.0 -0.0 -0.0 -0.0 -0.0 -0.0 -0.0 -0.0 -0.0 -0.0 -0.0 -0.0 -0.0 -0.0 -0.0 -0.0 -0.0 -0.0 -0.0 -0.0 -0.0 -0.0 -0.0 -0.0 -0.0 -0.0 -0.0 -0.0 -0.0 -0.0 -0.0 -0.0 -0.0 -0.0 -0.0 -0.0 -0.0 
-0.0 -0.0 -0.0 -0.0 -0.0 -0.0 -0.0 -0.0 -0.0 -0.0 -0.0 -0.0 -0.0 -0.0 -0.0 -0.0 -0.0 -0.0 -0.0 -0.0 -0.0 -0.08654533177194552 -0.2200145034751494 -0.23372924664327502 -0.19438334696536783 -0.16343980270016373 -0.1781787160933647 -0.22600149047101067 -0.25486535684948036 -0.20211158541617188 -0.0 -0.0 -0.0 -0.0 -0.0 -0.0 -0.0 -0.0 -0.0 -0.0 -0.0 -0.0 -0.0 -0.0 -0.0 -0.0 -0.0 -0.0 -0.0 -0.0 -0.0 -0.0 -0.0 -0.0 -0.0 -0.0 -0.0 -0.0 -0.0 -0.0 -0.0 -0.0 -0.0 -0.0 -0.0 -0.0 -0.0 -0.0 -0.0 -0.0 -0.0 -0.0 -0.0 -0.0 -0.0 -0.0 -0.0 -0.0 -0.0 -0.0 -0.0 -0.0 -0.0 -0.0 -0.0 -0.0 -0.0 -0.0 -0.0 -0.0 -0.0 -0.0 -0.0 -0.0 -0.0 -0.0 -0.0 -0.0 -0.0 -0.0 
-0.0 -0.0 -0.0 -0.0 -0.0 -0.0 -0.0 -0.0 -0.0 -0.0 -0.0 -0.0 -0.0 -0.0 -0.0 -0.0 -0.0 -0.0 -0.0 -0.0 -0.0 -0.0 -0.0 -0.0 -0.0 -0.0 -0.0 -0.0 -0.0 -0.0 -0.0 -0.0 -0.0 -0.0 -0.0 -0.0 -0.0 -0.0 -0.0 -0.0 -0.0 -0.0 -0.0 -0.0 -0.0 -0.0 -0.0 -0.0 -0.0 -0.0 -0.0 -0.0 -0.0 -0.0 -0.0 -0.0 -0.0 -0.0 -0.0 -0.0 -0.0 -0.0 -0.0 -0.0 -0.0 -0.0 -0.0 -0.0 -0.0 -0.0 -0.0 -0.0 -0.0 -0.0 -0.0 -0.0 -0.0 -0.0 -0.0 -0.0 -0.0 -0.0 -0.0 -0.0 -0.0 -0.0 -0.0 -0.0 -0.0 -0.0 -0.0 -0.0 -0.0 -0.0 -0.0 -0.0 -0.0 -0.0 -0.0 -0.0 
-0.0 -0.0 -0.0 -0.0 -0.0 -0.0 -0.0 -0.0 -0.0 -0.0 -0.0 -0.0 -0.0 -0.0 -0.0 -0.0 -0.0 -0.0 -0.0 -0.0 -0.0 -0.0 -0.0 -0.0 -0.0 -0.0 -0.0 -0.0 -0.0 -0.0 -0.0 -0.0 -0.0 -0.0 -0.0 -0.0 -0.0 -0.0 -0.0 -0.0 -0.0 -0.0 -0.0 -0.0 -0.0 -0.0 -0.0 -0.0 -0.0 -0.0 -0.0 -0.0 -0.0 -0.0 -0.0 -0.0 -0.0 -0.0 -0.0 -0.0 -0.0 -0.0 -0.0 -0.0 -0.0 -0.0 -0.0 -0.0 -0.0 -0.0 -0.0 -0.0 -0.0 -0.0 -0.0 -0.0 -0.0 -0.0 -0.0 -0.0 -0.0 -0.0 -0.0 -0.0 -0.0 -0.0 -0.0 -0.0 -0.0 -0.0 -0.0 -0.0 -0.0 -0.0 -0.0 -0.0 -0.0 -0.0 -0.0 -0.0 
-0.0 -0.0 -0.0 -0.0 -0.0 -0.0 -0.0 -0.0 -0.0 -0.0 -0.0 -0.0 -0.0 -0.0 -0.0 -0.0 -0.0 -0.0 -0.0 -0.0 -0.0 -0.0 -0.0 -0.0 -0.0 -0.0 -0.0 -0.0 -0.0 -0.0 -0.0 -0.0 -0.0 -0.0 -0.0 -0.0 -0.0 -0.0 -0.0 -0.0 -0.0 -0.0 -0.0 -0.0 -0.0 -0.0 -0.0 -0.0 -0.0 -0.0 -0.0 -0.0 -0.0 -0.0 -0.0 -0.0 -0.0 -0.0 -0.0 -0.0 -0.0 -0.0 -0.0 -0.0 -0.0 -0.0 -0.0 -0.0 -0.0 -0.0 -0.0 -0.0 -0.0 -0.0 -0.0 -0.0 -0.0 -0.0 -0.0 -0.0 -0.0 -0.0 -0.0 -0.0 -0.0 -0.0 -0.0 -0.0 -0.0 -0.0 -0.0 -0.0 -0.0 -0.0 -0.0 -0.0 -0.0 -0.0 -0.0 -0.0 
