-0.0 -0.0 -0.0 -0.0 -0.0 -0.0 -0.0 -0.0 -0.0 -0.0 -0.0 -0.0 -0.0 -0.0 -0.0 -0.0 -0.0 -0.0 -0.0 -0.0 -0.0 -0.0 -0.0 -0.0 -0.0 -0.0 -0.0 -0.0 -0.0 -0.0 -0.0 -0.0 -0.0 -0.0 -0.0 -0.0 -0.0 -0.0 -0.0 -0.0 -0.0 -0.0 -0.0 -0.0 -0.0 -0.0 -0.0 -0.0 -0.0 -0.0 -0.0 -0.0 -0.0 -0.0 -0.0 -0.0 -0.0 -0.0 -0.0 -0.0 -0.0 -0.0 -0.0 -0.0 -0.0 -0.0 -0.0 -0.0 -0.0 -0.0 -0.0 -0.0 -0.0 -0.0 -0.0 -0.0 -0.0 -0.0 -0.0 -0.0 -0.0 -0.0 -0.0 -0.0 -0.0 -0.0 -0.0 -0.0 -0.0 -0.0 -0.0 -0.0 -0.0 -0.0 -0.0 -0.0 -0.0 -0.0 -0.0 -0.0 
-0.0 -0.0 -0.0 -0.0 -0.0 -0.0 -0.0 -0.0 -0.0 -0.0 -0.0 -0.0 -0.0 -0.0 -0.0 -0.0 -0.0 -0.0 -0.0 -0.0 -0.0 -0.0 -0.0 -0.0 -0.0 -0.0 -0.0 -0.0 -0.0 -0.0 -0.0 -0.0 -0.0 -0.0 -0.0 -0.0 -0.0 -0.0 -0.0 -0.0 -0.0 -0.0 -0.0 -0.0 -0.0 -0.0 -0.0 -0.0 -0.0 -0.0 -0.0 -0.0 -0.0 -0.0 -0.0 -0.0 -0.0 -0.0 -0.0 -0.0 -0.0 -0.0 -0.0 -0.0 -0.0 -0.0 -0.0 -0.0 -0.0 -0.0 -0.0 -0.0 -0.0 -0.0 -0.0 -0.0 -0.0 -0.0 -0.0 -0.0 -0.0 -0.0 -0.0 -0.0 -0.0 -0.0 -0.0 -0.0 -0.0 -0.0 -0.0 -0.0 -0.0 -0.0 -0.0 -0.0 -0.0 -0.0 -0.0 -0.0 
-0.0 -0.0 -0.0 -0.0 -0.0 -0.0 -0.0 -0.0 -0.0 -0.0 -0.0 -0.0 -0.0 -0.0 -0.0 -0.0 -0.0 -0.0 -0.0 -0.0 -0.0 -0.0 -0.0 -0.0 -0.0 -0.0 -0.0 -0.0 -0.0 -0.0 -0.0 -0.0 -0.0 -0.0 -0.0 -0.0 -0.0 -0.0 -0.0 -0.0 -0.0 -0.0 -0.0 -0.0 -0.0 -0.0 -0.0 -0.0 -0.0 -0.0 -0.0 -0.0 -0.0 -0.0 -0.0 -0.0 -0.0 -0.0 -0.0 -0.0 -0.0 -0.0 -0.0 -0.0 -0.0 -0.0 -0.0 -0.0 -0.0 -0.0 -0.0 -0.0 -0.0 -0.0 -0.0 -0.0 -0.0 -0.0 -0.0 -0.0 -0.0 -0.0 -0.0 -0.0 -0.0 -0.0 -0.0 -0.0 -0.0 -0.0 -0.0 -0.0 -0.0 -0.0 -0.0 -0.0 -0.0 -0.0 -0.0 -0.0 
-0.0 -0.0 -0.0 -0.0 -0.0 -0.0 -0.0 -0.0 -0.0 -0.0 -0.0 -0.0 -0.0 -0.0 -0.0 -0.0 -0.0 -0.0 -0.0 -0.0 -0.0 -0.0 -0.0 -0.0 -0.0 -0.0 -0.0 -0.0 -0.0 -0.0 -0.0 -0.0 -0.0 -0.0 -0.0 -0.0 -0.0 -0.0 -0.0 -0.0 -0.0 -0.0 -0.0 -0.0 -0.0 -0.0 -0.0 -0.0 -0.0 -0.0 -0.0 -0.0 -0.0 -0.0 -0.0 -0.0 -0.0 -0.0 -0.0 -0.0 -0.0 -0.0 -0.0 -0.0 -0.0 -0.0 -0.0 -0.0 -0.0 -0.0 -0.0 -0.0 -0.0 -0.0 -0.0 -0.0 -0.0 -0.0 -0.0 -0.0 -0.0 -0.0 -0.0 -0.0 -0.0 -0.0 -0.0 -0.0 -0.0 -0.0 -0.0 -0.0 -0.0 -0.0 -0.0 -0.0 -0.0 -0.0 -0.0 -0.0 
-0.0 -0.0 -0.0 -0.0 -0.0 -0.0 -0.0 -0.0 -0.0 -0.0 -0.0 -0.0 -0.0 -0.0 -0.0 -0.0 -0.0 -0.0 -0.0 -0.0 -0.0 -0.0 -0.0 -0.0 -0.0 -0.0 -0.0 -0.0 -0.0 -0.0 -0.0 -0.0 -0.0 -0.0 -0.0 -0.0 -0.0 -0.0 -0.0 -0.0 -0.0 -0.0 -0.0 -0.0 -0.0 -0.0 -0.0 -0.0 -0.0 -0.0 -0.0 -0.0 -0.0 -0.0 -0.0 -0.0 -0.0 -0.0 -0.0 -0.0 -0.0 -0.0 -0.0 -0.0 -0.0 -0.0 -0.0 -0.0 -0.0 -0.0 -0.0 -0.0 -0.0 -0.0 -0.0 -0.0 -0.0 -0.0 -0.0 -0.0 -0.0 -0.0 -0.0 -0.0 -0.0 -0.0 -0.0 -0.0 -0.0 -0.0 -0.0 -0.0 -0.0 -0.0 -0.0 -0.0 -0.0 -0.0 -0.0 -0.0 
-0.0 -0.0 -0.0 -0.0 -0.0 -0.0 -0.0 -0.0 -0.0 -0.0 -0.0 -0.0 -0.0 -0.0 -0.0 -0.0 -0.0 -0.0 -0.0 -0.0 -0.0 -0.0 -0.0 -0.0 -0.0 -0.0 -0.0 -0.0 -0.0 -0.0 -0.0 -0.0 -0.0 -0.0 -0.0 -0.0 -0.0 -0.0 -0.0 -0.0 -0.0 -0.0 -0.0 -0.0 -0.0 -0.0 -0.0 -0.0 -0.0 -0.0 -0.0 -0.0 -0.0 -0.0 -0.0 -0.0 -0.0 -0.0 -0.0 -0.0 -0.0 -0.0 -0.0 -0.0 -0.0 -0.0 -0.0 -0.0 -0.0 -0.0 -0.0 -0.0 -0.0 -0.0 -0.0 -0.0 -0.0 -0.0 -0.0 -0.0 -0.0 -0.0 -0.0 -0.0 -0.0 -0.0 -0.0 -0.0 -0.0 -0.0 -0.0 -0.0 -0.0 -0.0 -0.0 -0.0 -0.0 -0.0 -0.0 -0.0 
-0.0 -0.0 -0.0 -0.0 -0.0 -0.0 -0.0 -0.0 -0.0 -0.0 -0.0 -0.0 -0.0 -0.0 -0.0 -0.0 -0.0 -0.0 -0.0 -0.0 -0.0 -0.0 -0.0 -0.0 -0.0 -0.0 -0.0 -0.0 -0.0 -0.0 -0.0 -0.0 -0.0 -0.0 -0.0 -0.0 -0.0 -0.0 -0.0 -0.0 -0.0 -0.0 -0.0 -0.0 -0.0 -0.0 -0.0 -0.0 -0.0 -0.0 -0.0 -0.0 -0.0 -0.0 -0.0 -0.0 -0.0 -0.0 -0.0 -0.0 -0.0 -0.0 -0.0 -0.0 -0.0 -0.0 -0.0 -0.0 -0.0 -0.0 -0.0 -0.0 -0.0 -0.0 -0.0 -0.0 -0.0 -0.0 -0.0 -0.0 -0.0 -0.0 -0.0 -0.0 -0.0 -0.0 -0.0 -0.0 -0.0 -0.0 -0.0 -0.0 -0.0 -0.0 -0.0 -0.0 -0.0 -0.0 -0.0 -0.0 
-0.0 -0.0 -0.0 -0.0 -0.0 -0.0 -0.0 -0.0 -0.0 -0.0 -0.0 -0.0 -0.0 -0.0 -0.0 -0.0 -0.0 -0.0 -0.0 -0.0 -0.0 -0.0 -0.0 -0.0 -0.0 -0.0 -0.0 -0.0 -0.0 -0.0 -0.0 -0.0 -0.0 -0.0 -0.0 -0.0 -0.0 -0.0 -0.0 -0.0 -0.0 -0.0 -0.0 -0.0 -0.0 -0.0 -0.0 -0.0 -0.0 -0.0 -0.0 -0.0 -0.0 -0.0 -0.0 -0.0 -0.0 -0.0 -0.0 -0.0 -0.0 -0.0 -0.0 -0.0 -0.0 -0.0 -0.0 -0.0 -0.0 -0.0 -0.0 -0.0 -0.0 -0.0 -0.0 -0.0 -0.0 -0.0 -0.0 -0.0 -0.0 -0.0 -0.0 -0.0 -0.0 -0.0 -0.0 -0.0 -0.0 -0.0 -0.0 -0.0 -0.0 -0.0 -0.0 -0.0 -0.0 -0.0 -0.0 -0.0 
-0.0 -0.0 -0.0 -0.0 -0.0 -0.0 -0.0 -0.0 -0.0 -0.0 -0.0 -0.0 -0.0 -0.0 -0.0 -0.0 -0.0 -0.0 -0.0 -0.0 -0.0 -0.0 -0.0 -0.0 -0.0 -0.0 -0.0 -0.0 -0.0 -0.0 -0.0 -0.0 -0.0 -0.0 -0.0 -0.0 -0.0 -0.0 -0.0 -0.0 -0.0 -0.0 -0.0 -0.0 -0.0 -0.0 -0.0 -0.0 -0.0 -0.0 -0.0 -0.0 -0.0 -0.0 -0.0 -0.0 -0.0 -0.0 -0.0 -0.0 -0.0 -0.0 -0.0 -0.0 -0.0 -0.0 -0.0 -0.0 -0.0 -0.0 -0.0 -0.0 -0.0 -0.0 -0.0 -0.0 -0.0 -0.0 -0.0 -0.0 -0.0 -0.0 -0.0 -0.0 -0.0 -0.0 -0.0 -0.0 -0.0 -0.0 -0.0 -0.0 -0.0 -0.0 -0.0 -0.0 -0.0 -0.0 -0.0 -0.0 
-0.0 -0.0 -0.0 -0.0 -0.0 -0.0 -0.0 -0.0 -0.0 -0.0 -0.0 -0.0 -0.0 -0.0 -0.0 -0.0 -0.0 -0.0 -0.0 -0.0 -0.0 -0.0 -0.0 -0.0 -0.0 -0.0 -0.0 -0.0 -0.0 -0.0 -0.0 -0.0 -0.0 -0.0 -0.0 -0.0 -0.0 -0.0 -0.0 -0.0 -0.0 -0.0 -0.0 -0.0 -0.0 -0.0 -0.0 -0.0 -0.0 -0.0 -0.0 -0.0 -0.0 -0.0 -0.0 -0.0 -0.0 -0.0 -0.0 -0.0 -0.0 -0.0 -0.0 -0.0 -0.0 -0.0 -0.0 -0.0 -0.0 -0.0 -0.0 -0.0 -0.0 -0.0 -0.0 -0.0 -0.0 -0.0 -0.0 -0.0 -0.0 -0.0 -0.0 -0.0 -0.0 -0.0 -0.0 -0.0 -0.0 -0.0 -0.0 -0.0 -0.0 -0.0 -0.0 -0.0 -0.0 -0.0 -0.0 -0.0 
-0.0 -0.0 -0.0 -0.0 -0.0 -0.0 -0.0 -0.0 -0.0 -0.0 -0.0 -0.0 -0.0 -0.0 -0.0 -0.0 -0.0 -0.0 -0.0 -0.0 -0.0 -0.0 -0.0 -0.0 -0.0 -0.0 -0.0 -0.0 -0.0 -0.0 -0.0 -0.0 -0.0 -0.0 -0.0 -0.0 -0.0 -0.0 -0.0 -0.0 -0.0 -0.0 -0.0 -0.0 -0.0 -0.0 -0.0 -0.0 -0.0 -0.0 -0.0 -0.0 -0.0 -0.0 -0.0 -0.0 -0.0 -0.0 -0.0 -0.0 -0.0 -0.0 -0.0 -0.0 -0.0 -0.0 -0.0 -0.0 -0.0 -0.0 -0.0 -0.0 -0.0 -0.0 -0.0 -0.0 -0.0 -0.0 -0.0 -0.0 -0.0 -0.0 -0.0 -0.0 -0.0 -0.0 -0.0 -0.0 -0.0 -0.0 -0.0 -0.0 -0.0 -0.0 -0.0 -0.0 -0.0 -0.0 -0.0 -0.0 
-0.0 -0.0 -0.0 -0.0 -0.0 -0.0 -0.0 -0.0 -0.0 -0.0 -0.0 -0.0 -0.0 -0.0 -0.0 -0.0 -0.0 -0.0 -0.0 -0.0 -0.0 -0.0 -0.0 -0.0 -0.0 -0.0 -0.0 -0.0 -0.0 -0.0 -0.0 -0.0 -0.0 -0.0 -0.0 -0.0 -0.0 -0.0 -0.0 -0.0 -0.0 -0.0 -0.0 -0.0 -0.0 -0.0 -0.0 -0.0 -0.0 -0.0 -0.0 -0.0 -0.0 -0.0 -0.0 -0.0 -0.0 -0.0 -0.0 -0.0 -0.0 -0.0 -0.0 -0.0 -0.0 -0.0 -0.0 -0.0 -0.0 -0.0 -0.0 -0.0 -0.0 -0.0 -0.0 -0.0 -0.0 -0.0 -0.0 -0.0 -0.0 -0.0 -0.0 -0.0 -0.0 -0.0 -0.0 -0.0 -0.0 -0.0 -0.0 -0.0 -0.0 -0.0 -0.0 -0.0 -0.0 -0.0 -0.0 -0.0 
-0.0 -0.0 -0.0 -0.0 -0.0 -0.0 -0.0 -0.0 -0.0 -0.0 -0.0 -0.0 -0.0 -0.0 -0.0 -0.0 -0.0 -0.0 -0.0 -0.0 -0.0 -0.0 -0.0 -0.0 -0.0 -0.0 -0.0 -0.0 -0.0 -0.0 -0.0 -0.0 -0.0 -0.0 -0.0 -0.0 -0.0 -0.0 -0.0 -0.0 -0.0 -0.0 -0.0 -0.0 -0.0 -0.0 -0.0 -0.0 -0.0 -0.0 -0.0 -0.0 -0.0 -0.0 -0.0 -0.0 -0.0 -0.0 -0.0 -0.0 -0.0 -0.0 -0.0 -0.0 -0.0 -0.0 -0.0 -0.0 -0.0 -0.0 -0.0 -0.0 -0.0 -0.0 -0.0 -0.0 -0.0 -0.0 -0.0 -0.0 -0.0 -0.0 -0.0 -0.0 -0.0 -0.0 -0.0 -0.0 -0.0 -0.0 -0.0 -0.0 -0.0 -0.0 -0.0 -0.0 -0.0 -0.0 -0.0 -0.0 
-0.0 -0.0 -0.0 -0.0 -0.0 -0.0 -0.0 -0.0 -0.0 -0.0 -0.0 -0.0 -0.0 -0.0 -0.0 -0.0 -0.0 -0.0 -0.0 -0.0 -0.0 -0.0 -0.0 -0.0 -0.0 -0.0 -0.0 -0.0 -0.0 -0.0 -0.0 -0.0 -0.0 -0.0 -0.0 -0.0 -0.0 -0.0 -0.0 -0.0 -0.0 -0.0 -0.0 -0.0 -0.0 -0.0 -0.0 -0.0 -0.0 -0.0 -0.0 -0.0 -0.0 -0.0 -0.0 -0.0 -0.0 -0.0 -0.0 -0.0 -0.0 -0.0 -0.0 -0.0 -0.0 -0.0 -0.0 -0.0 -0.0 -0.0 -0.0 -0.0 -0.0 -0.0 -0.0 -0.0 -0.0 -0.0 -0.0 -0.0 -0.0 -0.0 -0.0 -0.0 -0.0 -0.0 -0.0 -0.0 -0.0 -0.0 -0.0 -0.0 -0.0 -0.0 -0.0 -0.0 -0.0 -0.0 -0.0 -0.0 
-0.0 -0.0 -0.0 -0.0 -0.0 -0.0 -0.0 -0.0 -0.0 -0.0 -0.0 -0.0 -0.0 -0.0 -0.0 -0.0 -0.0 -0.0 -0.0 -0.0 -0.0 -0.0 -0.0 -0.0 -0.0 -0.0 -0.0 -0.0 -0.0 -0.0 -0.0 -0.0 -0.0 -0.0 -0.0 -0.0 -0.0 -0.0 -0.0 -0.0 -0.0 -0.0 -0.0 -0.0 -0.0 -0.0 -0.0 -0.0 -0.0 -0.0 -0.0 -0.0 -0.0 -0.0 -0.0 -0.0 -0.0 -0.0 -0.0 -0.0 -0.0 -0.0 -0.0 -0.0 -0.0 -0.0 -0.0 -0.0 -0.0 -0.0 -0.0 -0.0 -0.0 -0.0 -0.0 -0.0 -0.0 -0.0 -0.0 -0.0 -0.0 -0.0 -0.0 -0.0 -0.0 -0.0 -0.0 -0.0 -0.0 -0.0 -0.0 -0.0 -0.0 -0.0 -0.0 -0.0 -0.0 -0.0 -0.0 -0.0 
-0.0 -0.0 -0.0 -0.0 -0.0 -0.0 -0.0 -0.0 -0.0 -0.0 -0.0 -0.0 -0.0 -0.0 -0.0 -0.0 -0.0 -0.0 -0.0 -0.0 -0.0 -0.0 -0.0 -0.0 -0.0 -0.0 -0.0 -0.0 -0.0 -0.0 -0.0 -0.0 -0.0 -0.0 -0.0 -0.0 -0.0 -0.0 -0.0 -0.0 -0.0 -0.0 -0.0 -0.0 -0.0 -0.0 -0.0 -0.0 -0.0 -0.0 -0.0 -0.0 -0.0 -0.0 -0.0 -0.0 -0.0 -0.0 -0.0 -0.0 -0.0 -0.0 -0.0 -0.0 -0.0 -0.0 -0.0 -0.0 -0.0 -0.0 -0.0 -0.0 -0.0 -0.0 -0.0 -0.0 -0.0 -0.0 -0.0 -0.0 -0.0 -0.0 -0.0 -0.0 -0.0 -0.0 -0.0 -0.0 -0.0 -0.0 -0.0 -0.0 -0.0 -0.0 -0.0 -0.0 -0.0 -0.0 -0.0 -0.0 
-0.0 -0.0 -0.0 -0.0 -0.0 -0.0 -0.0 -0.0 -0.0 -0.0 -0.0 -0.0 -0.0 -0.0 -0.0 -0.0 -0.0 -0.0 -0.0 -0.0 -0.0 -0.0 -0.0 -0.0 -0.0 -0.0 -0.0 -0.0 -0.0 -0.0 -0.0 -0.0 -0.0 -0.0 -0.0 -0.0 -0.0 -0.0 -0.0 -0.0 -0.0 -0.0 -0.0 -0.0 -0.0 -0.0 -0.0 -0.0 -0.0 -0.0 -0.0 -0.0 -0.0 -0.0 -0.0 -0.0 -0.0 -0.0 -0.0 -0.0 -0.0 -0.0 -0.0 -0.0 -0.0 -0.0 -0.0 -0.0 -0.0 -0.0 -0.0 -0.0 -0.0 -0.0 -0.0 -0.0 -0.0 -0.0 -0.0 -0.0 -0.0 -0.0 -0.0 -0.0 -0.0 -0.0 -0.0 -0.0 -0.0 -0.0 -0.0 -0.0 -0.0 -0.0 -0.0 -0.0 -0.0 -0.0 -0.0 -0.0 
-0.0 -0.0 -0.0 -0.0 -0.0 -0.0 -0.0 -0.0 -0.0 -0.0 -0.0 -0.0 -0.0 -0.0 -0.0 -0.0 -0.0 -0.0 -0.0 -0.0 -0.0 -0.0 -0.0 -0.0 -0.0 -0.0 -0.0 -0.0 -0.0 -0.0 -0.0 -0.0 -0.0 -0.0 -0.0 -0.0 -0.0 -0.0 -0.0 -0.0 -0.0 -0.0 -0.0 -0.0 -0.0 -0.0 -0.0 -0.0 -0.0 -0.0 -0.0 -0.0 -0.0 -0.0 -0.0 -0.0 -0.0 -0.0 -0.0 -0.0 -0.0 -0.0 -0.0 -0.0 -0.0 -0.0 -0.0 -0.0 -0.0 -0.0 -0.0 -0.0 -0.0 -0.0 -0.0 -0.0 -0.0 -0.0 -0.0 -0.0 -0.0 -0.0 -0.0 -0.0 -0.0 -0.0 -0.0 -0.0 -0.0 -0.0 -0.0 -0.0 -0.0 -0.0 -0.0 -0.0 -0.0 -0.0 -0.0 -0.0 
-0.0 -0.0 -0.0 -0.0 -0.0 -0.0 -0.0 -0.0 -0.0 -0.0 -0.0 -0.0 -0.0 -0.0 -0.0 -0.0 -0.0 -0.0 -0.0 -0.0 -0.0 -0.0 -0.0 -0.0 -0.0 -0.0 -0.0 -0.0 -0.0 -0.0 -0.0 -0.0 -0.0 -0.0 -0.0 -0.0 -0.0 -0.0 -0.0 -0.0 -0.0 -0.0 -0.0 -0.0 -0.0 -0.0 -0.0 -0.0 -0.0 -0.0 -0.0 -0.0 -0.0 -0.0 -0.0 -0.0 -0.0 -0.0 -0.0 -0.0 -0.0 -0.0 -0.0 -0.0 -0.0 -0.0 -0.0 -0.0 -0.0 -0.0 -0.0 -0.0 -0.0 -0.0 -0.0 -0.0 -0.0 -0.0 -0.0 -0.0 -0.0 -0.0 -0.0 -0.0 -0.0 -0.0 -0.0 -0.0 -0.0 -0.0 -0.0 -0.0 -0.0 -0.0 -0.0 -0.0 -0.0 -0.0 -0.0 -0.0 
-0.0 -0.0 -0.0 -0.0 -0.0 -0.0 -0.0 -0.0 -0.0 -0.0 -0.0 -0.0 -0.0 -0.0 -0.0 -0.0 -0.0 -0.0 -0.0 -0.0 -0.0 -0.0 -0.0 -0.0 -0.0 -0.0 -0.0 -0.0 -0.0 -0.0 -0.0 -0.0 -0.0 -0.0 -0.0 -0.0 -0.0 -0.0 -0.0 -0.0 -0.0 -0.0 -0.0 -0.0 -0.0 -0.0 -0.0 -0.0 -0.0 -0.0 -0.0 -0.0 -0.0 -0.0 -0.0 -0.0 -0.0 -0.0 -0.0 -0.0 -0.0 -0.0 -0.0 -0.0 -0.0 -0.0 -0.0 -0.0 -0.0 -0.0 -0.0 -0.0 -0.0 -0.0 -0.0 -0.0 -0.0 -0.0 -0.0 -0.0 -0.0 -0.0 -0.0 -0.0 -0.0 -0.0 -0.0 -0.0 -0.0 -0.0 -0.0 -0.0 -0.0 -0.0 -0.0 -0.0 -0.0 -0.0 -0.0 -0.0 
-0.0 -0.0 -0.0 -0.0 -0.0 -0.0 -0.0 -0.0 -0.0 -0.0 -0.0 -0.0 -0.0 -0.0 -0.0 -0.0 -0.0 -0.0 -0.0 -0.0 -0.0 -0.0 -0.0 -0.0 -0.0 -0.0 -0.0 -0.0 -0.0 -0.0 -0.0 -0.0 -0.0 -0.0 -0.0 -0.0 -0.0 -0.0 -0.0 -0.0 -0.0 -0.0 -0.0 -0.0 -0.0 -0.0 -0.0 -0.0 -0.0 -0.0 -0.0 -0.0 -0.0 -0.0 -0.0 -0.0 -0.0 -0.0 -0.0 -0.0 -0.0 -0.0 -0.0 -0.0 -0.0 -0.0 -0.0 -0.0 -0.0 -0.0 -0.0 -0.0 -0.0 -0.0 -0.0 -0.0 -0.0 -0.0 -0.0 -0.0 -0.0 -0.0 -0.0 -0.0 -0.0 -0.0 -0.0 -0.0 -0.0 -0.0 -0.0 -0.0 -0.0 -0.0 -0.0 -0.0 -0.0 -0.0 -0.0 -0.0 
-0.0 -0.0 -0.0 -0.0 -0.0 -0.0 -0.0 -0.0 -0.0 -0.0 -0.0 -0.0 -0.0 -0.0 -0.0 -0.0 -0.0 -0.0 -0.0 -0.0 -0.0 -0.0 -0.0 -0.0 -0.0 -0.0 -0.0 -0.0 -0.0 -0.0 -0.0 -0.0 -0.0 -0.0 -0.0 -0.0 -0.0 -0.0 -0.0 -0.0 -0.0 -0.0 -0.0 -0.0 -0.0 -0.0 -0.0 -0.0 -0.0 -0.0 -0.0 -0.0 -0.0 -0.0 -0.0 -0.0 -0.0 -0.0 -0.0 -0.0 -0.0 -0.0 -0.0 -0.0 -0.0 -0.0 -0.0 -0.0 -0.0 -0.0 -0.0 -0.0 -0.0 -0.0 -0.0 -0.0 -0.0 -0.0 -0.0 -0.0 -0.0 -0.0 -0.0 -0.0 -0.0 -0.0 -0.0 -0.0 -0.0 -0.0 -0.0 -0.0 -0.0 -0.0 -0.0 -0.0 -0.0 -0.0 -0.0 -0.0 
-0.0 -0.0 -0.0 -0.0 -0.0 -0.0 -0.0 -0.0 -0.0 -0.0 -0.0 -0.0 -0.0 -0.0 -0.0 -0.0 -0.0 -0.0 -0.0 -0.0 -0.0 -0.0 -0.0 -0.0 -0.0 -0.0 -0.0 -0.0 -0.0 -0.0 -0.0 -0.0 -0.0 -0.0 -0.0 -0.0 -0.0 -0.0 -0.0 -0.0 -0.0 -0.0 -0.0 -0.0 -0.0 -0.0 -0.0 -0.0 -0.0 -0.0 -0.0 -0.0 -0.0 -0.0 -0.0 -0.0 -0.0 -0.0 -0.0 -0.0 -0.0 -0.0 -0.0 -0.0 -0.0 -0.0 -0.0 -0.0 -0.0 -0.0 -0.0 -0.0 -0.0 -0.0 -0.0 -0.0 -0.0 -0.0 -0.0 -0.0 -0.0 -0.0 -0.0 -0.0 -0.0 -0.0 -0.0 -0.0 -0.0 -0.0 -0.0 -0.0 -0.0 -0.0 -0.0 -0.0 -0.0 -0.0 -0.0 -0.0 
-0.0 -0.0 -0.0 -0.0 -0.0 -0.0 -0.0 -0.0 -0.0 -0.0 -0.0 -0.0 -0.0 -0.0 -0.0 -0.0 -0.0 -0.0 -0.0 -0.0 -0.0 -0.0 -0.0 -0.0 -0.0 -0.0 -0.0 -0.0 -0.0 -0.0 -0.0 -0.0 -0.0 -0.0 -0.0 -0.0 -0.0 -0.0 -0.0 -0.0 -0.0 -0.0 -0.0 -0.0 -0.0 -0.0 -0.0 -0.0 -0.0 -0.0 -0.0 -0.0 -0.0 -0.0 -0.0 -0.0 -0.0 -0.0 -0.0 -0.0 -0.0 -0.0 -0.0 -0.0 -0.0 -0.0 -0.0 -0.0 -0.0 -0.0 -0.0 -0.0 -0.0 -0.0 -0.0 -0.0 -0.0 -0.0 -0.0 -0.0 -0.0 -0.0 -0.0 -0.0 -0.0 -0.0 -0.0 -0.0 -0.0 -0.0 -0.0 -0.0 -0.0 -0.0 -0.0 -0.0 -0.0 -0.0 -0.0 -0.0 
-0.0 -0.0 -0.0 -0.0 -0.0 -0.0 -0.0 -0.0 -0.0 -0.0 -0.0 -0.0 -0.0 -0.0 -0.0 -0.0 -0.0 -0.0 -0.0 -0.0 -0.0 -0.0 -0.0 -0.0 -0.0 -0.0 -0.0 -0.0 -0.0 -0.0 -0.0 -0.0 -0.0 -0.0 -0.0 -0.0 -0.0 -0.0 -0.0 -0.0 -0.0 -0.0 -0.0 -0.0 -0.0 -0.0 -0.0 -0.0 -0.0 -0.0 -0.0 -0.0 -0.0 -0.0 -0.0 -0.0 -0.0 -0.0 -0.0 -0.0 -0.0 -0.0 -0.0 -0.0 -0.0 -0.0 -0.0 -0.0 -0.0 -0.0 -0.0 -0.0 -0.0 -0.0 -0.0 -0.0 -0.0 -0.0 -0.0 -0.0 -0.0 -0.0 -0.0 -0.0 -0.0 -0.0 -0.0 -0.0 -0.0 -0.0 -0.0 -0.0 -0.0 -0.0 -0.0 -0.0 -0.0 -0.0 -0.0 -0.0 
-0.0 -0.0 -0.0 -0.0 -0.0 -0.0 -0.0 -0.0 -0.0 -0.0 -0.0 -0.0 -0.0 -0.0 -0.0 -0.0 -0.0 -0.0 -0.0 -0.0 -0.0 -0.0 -0.0 -0.0 -0.0 -0.0 -0.0 -0.0 -0.0 -0.0 -0.0 -0.0 -0.0 -0.0 -0.0 -0.0 -0.0 -0.0 -0.0 -0.0 -0.0 -0.0 -0.0 -0.0 -0.0 -0.0 -0.0 -0.0 -0.0 -0.0 -0.0 -0.0 -0.0 -0.0 -0.0 -0.0 -0.0 -0.0 -0.0 -0.0 -0.0 -0.0 -0.0 -0.0 -0.0 -0.0 -0.0 -0.0 -0.0 -0.0 -0.0 -0.0 -0.0 -0.0 -0.0 -0.0 -0.0 -0.0 -0.0 -0.0 -0.0 -0.0 -0.0 -0.0 -0.0 -0.0 -0.0 -0.0 -0.0 -0.0 -0.0 -0.0 -0.0 -0.0 -0.0 -0.0 -0.0 -0.0 -0.0 -0.0 
-0.0 -0.0 -0.0 -0.0 -0.0 -0.0 -0.0 -0.0 -0.0 -0.0 -0.0 -0.0 -0.0 -0.0 -0.0 -0.0 -0.0 -0.0 -0.0 -0.0 -0.0 -0.0 -0.0 -0.0 -0.0 -0.0 -0.0 -0.0 -0.0 -0.0 -0.0 -0.0 -0.0 -0.0 -0.0 -0.0 -0.0 -0.0 -0.0 -0.0 -0.0 -0.0 -0.0 -0.0 -0.0 -0.0 -0.0 -0.0 -0.0 -0.0 -0.0 -0.0 -0.0 -0.0 -0.0 -0.0 -0.0 -0.0 -0.0 -0.0 -0.0 -0.0 -0.0 -0.0 -0.0 -0.0 -0.0 -0.0 -0.0 -0.0 -0.0 -0.0 -0.0 -0.0 -0.0 -0.0 -0.0 -0.0 -0.0 -0.0 -0.0 -0.0 -0.0 -0.0 -0.0 -0.0 -0.0 -0.0 -0.0 -0.0 -0.0 -0.0 -0.0 -0.0 -0.0 -0.0 -0.0 -0.0 -0.0 -0.0 
-0.0 -0.0 -0.0 -0.0 -0.0 -0.0 -0.0 -0.0 -0.0 -0.0 -0.0 -0.0 -0.0 -0.0 -0.0 -0.0 -0.0 -0.0 -0.0 -0.0 -0.0 -0.0 -0.0 -0.0 -0.0 -0.0 -0.0 -0.0 -0.0 -0.0 -0.0 -0.0 -0.0 -0.0 -0.0 -0.0 -0.0 -0.0 -0.0 -0.0 -0.0 -0.0 -0.0 -0.0 -0.0 -0.0 -0.0 -0.0 -0.0 -0.0 -0.0 -0.0 -0.0 -0.0 -0.0 -0.0 -0.0 -0.0 -0.0 -0.0 -0.0 -0.0 -0.0 -0.0 -0.0 -0.0 -0.0 -0.0 -0.0 -0.0 -0.0 -0.0 -0.0 -0.0 -0.0 -0.0 -0.0 -0.0 -0.0 -0.0 -0.0 -0.0 -0.0 -0.0 -0.0 -0.0 -0.0 -0.0 -0.0 -0.0 -0.0 -0.0 -0.0 -0.0 -0.0 -0.0 -0.0 -0.0 -0.0 -0.0 
-0.0 -0.0 -0.0 -0.0 -0.0 -0.0 -0.0 -0.0 -0.0 -0.0 -0.0 -0.0 -0.0 -0.0 -0.0 -0.0 -0.0 -0.0 -0.0 -0.0 -0.0 -0.0 -0.0 -0.0 -0.0 -0.0 -0.0 -0.0 -0.0 -0.0 -0.0 -0.0 -0.0 -0.0 -0.0 -0.0 -0.0 -0.0 -0.0 -0.0 -0.0 -0.0 -0.0 -0.0 -0.0 -0.0 -0.0 -0.0 -0.0 -0.0 -0.0 -0.0 -0.0 -0.0 -0.0 -0.0 -0.0 -0.0 -0.0 -0.0 -0.0 -0.0 -0.0 -0.0 -0.0 -0.0 -0.0 -0.0 -0.0 -0.0 -0.0 -0.0 -0.0 -0.0 -0.0 -0.0 -0.0 -0.0 -0.0 -0.0 -0.0 -0.0 -0.0 -0.0 -0.0 -0.0 -0.0 -0.0 -0.0 -0.0 -0.0 -0.0 -0.0 -0.0 -0.0 -0.0 -0.0 -0.0 -0.0 -0.0 
-0.0 -0.0 -0.0 -0.0 -0.0 -0.0 -0.0 -0.0 -0.0 -0.0 -0.0 -0.0 -0.0 -0.0 -0.0 -0.0 -0.0 -0.0 -0.0 -0.0 -0.0 -0.0 -0.0 -0.0 -0.0 -0.0 -0.0 -0.0 -0.0 -0.0 -0.0 -0.0 -0.0 -0.0 -0.0 -0.0 -0.0 -0.0 -0.0 -0.0 -0.0 -0.0 -0.0 -0.0 -0.0 -0.0 -0.0 -0.0 -0.0 -0.0 -0.0 -0.0 -0.0 -0.0 -0.0 -0.0 -0.0 -0.0 -0.0 -0.0 -0.0 -0.0 -0.0 -0.0 -0.0 -0.0 -0.0 -0.0 -0.0 -0.0 -0.0 -0.0 -0.0 -0.0 -0.0 -0.0 -0.0 -0.0 -0.0 -0.0 -0.0 -0.0 -0.0 -0.0 -0.0 -0.0 -0.0 -0.0 -0.0 -0.0 -0.0 -0.0 -0.0 -0.0 -0.0 -0.0 -0.0 -0.0 -0.0 -0.0 
-0.0 -0.0 -0.0 -0.0 -0.0 -0.0 -0.0 -0.0 -0.0 -0.0 -0.0 -0.0 -0.0 -0.0 -0.0 -0.0 -0.0 -0.0 -0.0 -0.0 -0.0 -0.0 -0.0 -0.0 -0.0 -0.0 -0.0 -0.0 -0.0 -0.0 -0.0 -0.0 -0.0 -0.0 -0.0 -0.0 -0.0 -0.0 -0.0 -0.0 -0.0 -0.0 -0.0 -0.0 -0.0 -0.0 -0.0 -0.0 -0.0 -0.0 -0.0 -0.0 -0.0 -0.0 -0.0 -0.0 -0.0 -0.0 -0.0 -0.0 -0.0 -0.0 -0.0 -0.0 -0.0 -0.0 -0.0 -0.0 -0.0 -0.0 -0.0 -0.0 -0.0 -0.0 -0.0 -0.0 -0.0 -0.0 -0.0 -0.0 -0.0 -0.0 -0.0 -0.0 -0.0 -0.0 -0.0 -0.0 -0.0 -0.0 -0.0 -0.0 -0.0 -0.0 -0.0 -0.0 -0.0 -0.0 -0.0 -0.0 
-0.0 -0.0 -0.0 -0.0 -0.0 -0.0 -0.0 -0.0 -0.0 -0.0 -0.0 -0.0 -0.0 -0.0 -0.0 -0.0 -0.0 -0.0 -0.0 -0.0 -0.0 -0.0 -0.0 -0.0 -0.0 -0.0 -0.0 -0.0 -0.0 -0.0 -0.0 -0.0 -0.0 -0.0 -0.0 -0.0 -0.0 -0.0 -0.0 -0.0 -0.0 -0.0 -0.0 -0.0 -0.0 -0.0 -0.0 -0.0 -0.0 -0.0 -0.0 -0.0 -0.0 -0.0 -0.0 -0.0 -0.0 -0.0 -0.0 -0.0 -0.0 -0.0 -0.0 -0.0 -0.0 -0.0 -0.0 -0.0 -0.0 -0.0 -0.0 -0.0 -0.0 -0.0 -0.0 -0.0 -0.0 -0.0 -0.0 -0.0 -0.0 -0.0 -0.0 -0.0 -0.0 -0.0 -0.0 -0.0 -0.0 -0.0 -0.0 -0.0 -0.0 -0.0 -0.0 -0.0 -0.0 -0.0 -0.0 -0.0 
-0.0 -0.0 -0.0 -0.0 -0.0 -0.0 -0.0 -0.0 -0.0 -0.0 -0.0 -0.0 -0.0 -0.0 -0.0 -0.0 -0.0 -0.0 -0.0 -0.0 -0.0 -0.0 -0.0 -0.0 -0.0 -0.0 -0.0 -0.0 -0.0 -0.0 -0.0 -0.0 -0.0 -0.0 -0.0 -0.0 -0.0 -0.0 -0.0 -0.0 -0.0 -0.0 -0.0 -0.0 -0.0 -0.0 -0.0 -0.0 -0.0 -0.0 -0.0 -0.0 -0.0 -0.0 -0.0 -0.0 -0.0 -0.0 -0.0 -0.0 -0.0 -0.0 -0.0 -0.0 -0.0 -0.0 -0.0 -0.0 -0.0 -0.0 -0.0 -0.0 -0.0 -0.0 -0.0 -0.0 -0.0 -0.0 -0.0 -0.0 -0.0 -0.0 -0.0 -0.0 -0.0 -0.0 -0.0 -0.0 -0.0 -0.0 -0.0 -0.0 -0.0 -0.0 -0.0 -0.0 -0.0 -0.0 -0.0 -0.0 
-0.0 -0.0 -0.0 -0.0 -0.0 -0.0 -0.0 -0.0 -0.0 -0.0 -0.0 -0.0 -0.0 -0.0 -0.0 -0.0 -0.0 -0.0 -0.0 -0.0 -0.0 -0.0 -0.0 -0.0 -0.0 -0.0 -0.0 -0.0 -0.0 -0.0 -0.0 -0.0 -0.0 -0.0 -0.0 -0.0 -0.0 -0.0 -0.0 -0.0 -0.0 -0.0 -0.34354259995929504 -0.5734558092655235 -0.7033815751136447 -0.7652356594229356 -0.7728015912824112 -0.7312274954896167 -0.6397941996952986 -0.4916788521142703 -0.2704439733672846 -0.0 -0.0 -0.0 -0.0 -0.0 -0.0 -0.0 -0.0 -0.0 -0.0 -0.0 -0.0 -0.0 -0.0 -0.0 -0.0 -0.0 -0.0 -0.0 -0.2729381228419795 -0.4888653904080612 -0.632434511284681 -0.719391678801282 -0.756060680482426 -0.7425917421356878 -0.6729255198454442 -0.531420605731653 -0.28133779756300714 -0.0 -0.0 -0.0 -0.0 -0.0 -0.0 -0.0 -0.0 -0.0 -0.0 -0.0 -0.0 -0.0 -0.0 -0.0 -0.0 -0.0 -0.0 -0.0 -0.0 -0.0 
-0.0 -0.0 -0.0 -0.0 -0.0 -0.0 -0.0 -0.0 -0.0 -0.0 -0.0 -0.0 -0.0 -0.0 -0.0 -0.0 -0.0 -0.0 -0.0 -0.0 -0.0 -0.0 -0.0 -0.0 -0.0 -0.0 -0.0 -0.0 -0.0 -0.0 -0.0 -0.0 -0.0 -0.0 -0.0 -0.0 -0.0 -0.0 -0.0 -0.0 -0.0 -0.340374606827384 -0.7504749956204038 -0.9769864355282651 -1.1043269149199104 -1.1638810505201318 -1.1691998472511806 -1.1252842949681545 -1.031277054384507 -0.8801671779869206 -0.6551688298102523 -0.3176075538573599 -0.0 -0.0 -0.0 -0.0 -0.0 -0.0 -0.0 -0.0 -0.0 -0.0 -0.0 -0.0 -0.0 -0.0 -0.0 -0.0 -0.12934590668040857 -0.5505614166761127 -0.8251277651647946 -1.0130848795891114 -1.1390475742472395 -1.2142367821587283 -1.2429292624679287 -1.2243460241431836 -1.15220444944054 -1.0114392646971073 -0.7677081242019783 -0.3266733460980403 -0.0 -0.0 -0.0 -0.0 -0.0 -0.0 -0.0 -0.0 -0.0 -0.0 -0.0 -0.0 -0.0 -0.0 -0.0 -0.0 -0.0 -0.0 -0.0 -0.0 
-0.0 -0.0 -0.0 -0.0 -0.0 -0.0 -0.0 -0.0 -0.0 -0.0 -0.0 -0.0 -0.0 -0.0 -0.0 -0.0 -0.0 -0.0 -0.0 -0.0 -0.0 -0.0 -0.0 -0.0 -0.0 -0.0 -0.0 -0.0 -0.0 -0.0 -0.0 -0.0 -0.0 -0.0 -0.0 -0.0 -0.0 -0.0 -0.0 -0.0 -0.0 -0.5090796400422527 -0.9162122046726858 -1.1408460862944856 -1.2666447950769526 -1.3247815295351697 -1.3287253032798791 -1.2834427935231996 -1.188071277430584 -1.0356300214923833 -0.8094413373651035 -0.47118426222089527 -0.0 -0.0 -0.0 -0.0 -0.0 -0.0 -0.0 -0.0 -0.0 -0.0 -0.0 -0.0 -0.0 -0.0 -0.0 -0.0 -0.5263372292573456 -0.8758758218994805 -1.1141548391377465 -1.2803196309342681 -1.3919046601816858 -1.4570967322328037 -1.478703020290919 -1.4552265120174739 -1.3801496347422961 -1.2386969908017502 -0.9979418946899206 -0.5695061771522874 -0.0 -0.0 -0.0 -0.0 -0.0 -0.0 -0.0 -0.0 -0.0 -0.0 -0.0 -0.0 -0.0 -0.0 -0.0 -0.0 -0.0 -0.0 -0.0 -0.0 
-0.0 -0.0 -0.0 -0.0 -0.0 -0.0 -0.0 -0.0 -0.0 -0.0 -0.0 -0.0 -0.0 -0.0 -0.0 -0.0 -0.0 -0.0 -0.0 -0.0 -0.0 -0.0 -0.0 -0.0 -0.0 -0.0 -0.0 -0.0 -0.0 -0.0 -0.0 -0.0 -0.0 -0.0 -0.0 -0.0 -0.0 -0.0 -0.0 -0.0 -0.0 -0.5377736921498212 -0.9425818590838329 -1.1655167117351468 -1.2898052481602598 -1.346504831432713 -1.3490517506927886 -1.302422091420545 -1.205808504649994 -1.0523714445907844 -0.825786722151999 -0.4887616556369971 -0.0 -0.0 -0.0 -0.0 -0.0 -0.0 -0.0 -0.0 -0.0 -0.0 -0.0 -0.0 -0.0 -0.0 -0.0 -0.3620600589399438 -0.7907161617898626 -1.0776581138161783 -1.2808055316865194 -1.4245954883267498 -1.5208297937484991 -1.575025969720595 -1.5886257725272939 -1.5594389891944545 -1.4807120976979873 -1.3379469373154316 -1.0995906360995384 -0.6829318312712697 -0.0 -0.0 -0.0 -0.0 -0.0 -0.0 -0.0 -0.0 -0.0 -0.0 -0.0 -0.0 -0.0 -0.0 -0.0 -0.0 -0.0 -0.0 -0.0 -0.0 
-0.0 -0.0 -0.0 -0.0 -0.0 -0.0 -0.0 -0.0 -0.0 -0.0 -0.0 -0.0 -0.0 -0.0 -0.0 -0.0 -0.0 -0.0 -0.0 -0.0 -0.0 -0.0 -0.0 -0.0 -0.0 -0.0 -0.0 -0.0 -0.0 -0.0 -0.0 -0.0 -0.0 -0.0 -0.0 -0.0 -0.0 -0.0 -0.0 -0.0 -0.0 -0.4515231688888063 -0.8537645764029405 -1.0745780988467106 -1.1968677062965576 -1.2516128770838546 -1.2522438784478764 -1.203780864032118 -1.1055330186994323 -0.9509268545479369 -0.7242808196897441 -0.39013261624805984 -0.0 -0.0 -0.0 -0.0 -0.0 -0.0 -0.0 -0.0 -0.0 -0.0 -0.0 -0.0 -0.0 -0.0 -0.19222108892735748 -0.6636239433342606 -0.9792216541543282 -1.2061938874767584 -1.3722406224734967 -1.4909391000985226 -1.5692400712148928 -1.6102007849625608 -1.613935807314085 -1.5775685499793974 -1.4941397264261267 -1.3495339474724024 -1.1138783371671375 -0.7111087207898731 -0.0 -0.0 -0.0 -0.0 -0.0 -0.0 -0.0 -0.0 -0.0 -0.0 -0.0 -0.0 -0.0 -0.0 -0.0 -0.0 -0.0 -0.0 -0.0 -0.0 
-0.0 -0.0 -0.0 -0.0 -0.0 -0.0 -0.0 -0.0 -0.0 -0.0 -0.0 -0.0 -0.0 -0.0 -0.0 -0.0 -0.0 -0.0 -0.0 -0.0 -0.0 -0.0 -0.0 -0.0 -0.0 -0.0 -0.0 -0.0 -0.0 -0.0 -0.0 -0.0 -0.0 -0.0 -0.0 -0.0 -0.0 -0.0 -0.0 -0.0 -0.0 -0.23915594308513777 -0.6375787089406624 -0.8549717561071792 -0.9739181679816675 -1.0253298282246832 -1.0226555297424198 -0.9710117219341922 -0.869933647747045 -0.7133518530412485 -0.4867892193725321 -0.1581575519374316 -0.0 -0.0 -0.0 -0.0 -0.0 -0.0 -0.0 -0.0 -0.0 -0.0038049979792395996 -1.0251673997387702 -1.5200241534159604 -1.8145373757326664 -2.1748462679674887 -2.661801120560395 -2.94123740215437 -3.05123973750624 -2.9857703073861765 -2.677495988497538 -1.7841311228174384 -1.5562597741232223 -1.5804939774254123 -1.5714346597584703 -1.5255757965117718 -1.4358547008312552 -1.288786467446677 -1.0568236144879972 -0.6725490875508263 -0.0 -0.0 -0.0 -0.0 -0.232269765123552 -0.3202604158412282 -0.04088485832620954 -0.0 -0.0 -0.0 -0.0 -0.0 -0.0 -0.0 -0.0 -0.0 -0.0 -0.0 -0.0 -0.0 
-0.0 -0.0 -0.0 -0.0 -0.0 -0.0 -0.0 -0.0 -0.0 -0.0 -0.0 -0.0 -0.0 -0.0 -0.0 -0.0 -0.0 -0.0 -0.0 -0.0 -0.0 -0.0 -0.0 -0.0 -0.0 -0.0 -0.0 -0.0 -0.0 -0.0 -0.0 -0.0 -0.0 -0.0 -0.0 -0.0 -0.0 -0.0 -0.0 -0.0 -0.0 -0.0 -0.22819779311491128 -0.4381625486863179 -0.5496607979126832 -0.593508291797422 -0.5832156644532654 -0.524132624421537 -0.41633741724669104 -0.25497861125182336 -0.028477472873382953 -0.0 -0.0 -0.0 -0.0 -0.0 -0.0 -0.0 -0.0 -0.0 -0.0 -0.0 -0.0 -0.8508757952852528 -1.6242512789990295 -2.1167703005651 -2.4210765661716267 -2.5671893725633894 -2.5512016500024446 -2.3223787484062566 -1.6587754712173122 -1.4625368890863273 -1.4914726298933931 -1.4937914131961123 -1.467410338744198 -1.4083999562300225 -1.3098667046447434 -1.1594704681578198 -0.9331686909981299 -0.5754798086385471 -0.0 -0.0 -0.0 -0.0 -0.033769194460019386 -0.0 -0.0 -0.0 -0.0 -0.0 -0.0 -0.0 -0.0 -0.0 -0.0 -0.0 -0.0 -0.0 -0.0 -0.0 
-0.0 -0.0 -0.0 -0.0 -0.0 -0.0 -0.0 -0.0 -0.0 -0.0 -0.0 -0.0 -0.0 -0.0 -0.0 -0.0 -0.0 -0.0 -0.0 -0.0 -0.0 -0.0 -0.0 -0.0 -0.0 -0.0 -0.0 -0.0 -0.0 -0.0 -0.0 -0.0 -0.0 -0.0 -0.0 -0.0 -0.0 -0.0 -0.0 -0.0 -0.0 -0.0 -0.0 -0.0 -0.0 -0.0 -0.0 -0.0 -0.0 -0.0 -0.0 -0.0 -0.0 -0.0 -0.0 -0.0 -0.0 -0.7078398997757843 -0.0 -0.0 -0.14730717461538276 -0.3769660100483287 -0.5771813002576336 -1.4129546414690155 -2.0057858977905445 -2.366829420483446 -2.5771480373233975 -2.662101053821993 -2.6225756001116363 -2.435197513237151 -2.0221524540353424 -1.3864377276460884 -1.3802472608365854 -1.3529392605339394 -1.3020788389474214 -1.2238680080980966 -1.1122692977804045 -0.9572019798154048 -0.7403389993860963 -0.423275736744471 -0.4031667008824563 -0.8958368095376521 -0.0 -0.0 -0.0 -0.0 -0.0 -0.0 -0.0 -0.0 -0.0 -0.0 -0.0 -0.0 -0.0 -0.0 -0.0 -0.0 -0.0 -0.0 
-0.0 -0.0 -0.0 -0.0 -0.0 -0.0 -0.0 -0.0 -0.0 -0.0 -0.0 -0.0 -0.0 -0.0 -0.0 -0.0 -0.0 -0.0 -0.0 -0.0 -0.0 -0.0 -0.0 -0.0 -0.0 -0.0 -0.0 -0.0 -0.0 -0.0 -0.0 -0.0 -0.0 -0.0 -0.0 -0.0 -0.0 -0.0 -0.0 -0.0 -0.0 -0.0 -0.0 -0.0 -0.0 -0.0 -0.0 -0.0 -0.0 -0.0 -0.0 -0.0 -0.0 -0.0 -0.0 -0.0 -0.0 -0.6352806258705938 -0.4854629948359015 -0.6723292201920883 -0.8271859476813763 -0.955908510695952 -1.970599221959521 -2.522144731150927 -2.874695274478982 -3.102312145706299 -3.5758520598045807 -4.046849698987706 -3.655507896755605 -3.161721799220035 -2.9847622891529646 -2.721886934671902 -2.3578960749904048 -1.8648905847545811 -1.1866683877681945 -0.963103339070413 -0.8306295921027377 -0.6685808707417273 -0.46884263155157396 -0.21762688274722014 -0.29302446235932866 -0.6639221999790892 -0.0 -0.0 -0.0 -0.0 -0.0 -0.0 -0.0 -0.0 -0.0 -0.0 -0.0 -0.0 -0.0 -0.0 -0.0 -0.0 -0.0 -0.0 
-0.0 -0.0 -0.0 -0.0 -0.0 -0.0 -0.0 -0.0 -0.0 -0.0 -0.0 -0.0 -0.0 -0.0 -0.0 -0.0 -0.55306970953098 -0.7209428641472727 -0.8753184053533041 -1.0138223629716356 -1.1355500114122494 -1.240346948203635 -1.3283947679466466 -1.3999778100374904 -1.4553510879565206 -1.4946616671525783 -1.5178952987648613 -1.52483075017833 -1.5149891108165072 -1.4875660331460916 -1.4413315531931035 -1.3744731482683936 -1.2843380029457117 -1.1669869866163038 -1.0163698211748877 -0.8226588678497055 -0.5684446279616545 -0.21832111926588935 -0.0 -0.0 -0.0 -0.0 -0.0 -0.0 -0.0 -0.0 -0.0 -0.0 -0.0 -0.0 -0.0 -0.0 -0.0 -0.0 -0.0 -0.06287090515347918 -0.4483880605873002 -0.7209800542959264 -0.925525625295138 -1.08291589468985 -2.043115565528029 -2.74303888623662 -3.197749356454507 -3.9596374777536085 -5.141144133731739 -5.755374351960451 -6.07859826075952 -6.180807788706417 -6.077749830068004 -5.745686565355772 -5.075264013779912 -3.44412082176864 -3.1923002194898102 -2.8951301523857715 -2.558260008796085 -2.1912812155025514 -1.8090292932478813 -1.4315592023844952 -1.0813450330013847 -0.8146411029498184 -0.6514152881555088 -0.4561609297751395 -0.16487740869276837 -0.032575886475457796 -0.1900448339185187 -0.36500885725115684 -0.0 -0.0 -0.0 -0.0 -0.0 -0.0 -0.0 -0.0 -0.0 -0.0 -0.0 -0.0 -0.0 -0.0 
-0.0 -0.0 -0.0 -0.0 -0.0 -0.0 -0.0 -0.0 -0.0 -0.0 -0.0 -0.0 -0.0 -0.0 -0.0 -0.0 -1.355300153933941 -1.522797745000541 -1.6680253300647525 -1.79271741021547 -1.8983669262783678 -1.9861967541967231 -2.057165703564268 -2.1119838520647316 -2.151126232922914 -2.174839748660578 -2.1831402292327207 -2.175796630481744 -2.1522980681274593 -2.1117965316341722 -2.0530127626322514 -1.9740825839207352 -1.872300503756814 -1.7436733313815778 -1.582092698397395 -1.3776614491256423 -1.1128681955421074 -0.7521003495920913 -0.2026471021292188 -0.0 -0.0 -0.0 -0.0 -0.0 -0.0 -0.0 -0.0 -0.0 -0.0 -0.0 -0.0 -0.0 -0.0 -0.0 -0.0 -0.3368991724729657 -0.7273331355799318 -0.9947890676917676 -1.8817719745939425 -2.759240917558396 -3.5860338177290867 -4.969889389494766 -5.862157839503059 -6.488370931769644 -6.924628360195625 -7.2072568863672934 -7.356299026793023 -7.383451433186513 -7.295486285422534 -7.096025569602876 -6.786696434202642 -6.368196867014411 -5.84171894598922 -5.21126514984142 -4.4874104071694 -3.6922802793001313 -2.9775554889709643 -2.347744255636777 -1.72788713745978 -1.492493605780369 -1.2189133966411998 -1.0108853475992516 -0.7944954326990794 -0.6857472268829301 -0.9310725065957979 -1.1501786195856738 -0.0 -0.0 -0.0 -0.0 -0.0 -0.0 -0.0 -0.0 -0.0 -0.0 -0.0 -0.0 -0.0 -0.0 
-0.0 -0.0 -0.0 -0.0 -0.0 -0.0 -0.0 -0.0 -0.0 -0.0 -0.0 -0.0 -0.0 -0.0 -0.0 -0.0 -1.7137356081022745 -1.8803832362229655 -2.022756160939081 -2.1435096509322276 -2.2446635792067147 -2.3277459740975837 -2.3938928643838535 -2.4439162333957354 -2.4783479633767107 -2.497464539350348 -2.501294769187144 -2.489610473428296 -2.461897519225347 -2.4173010169598457 -2.354532739271848 -2.2717183902008893 -2.1661417462987167 -2.0337984983857464 -1.8685686687213092 -1.6605423238130297 -1.3921919203136481 -1.0278773834936341 -0.47480802840483016 -0.0 -0.0 -0.0 -0.0 -0.0 -0.0 -0.0 -0.0 -0.0 -0.0 -0.0 -0.0 -0.0 -0.0 -0.0 -0.0 -0.49986541563856246 -1.0861355737552598 -2.3843921272954134 -3.1553241102234235 -4.26240932859646 -5.781133533973238 -6.670196616989626 -7.27917526666057 -7.704847587224998 -7.991365109668862 -8.16365514858168 -8.237492589467404 -8.223358947037195 -8.127975059697997 -7.954721515542666 -7.703442472264822 -7.369910857981641 -6.945174127759693 -6.4151338584441175 -5.8411241296642125 -5.488127357912799 -5.034138063266377 -4.430086622968053 -3.5534667924747154 -1.9322071217510717 -1.6135089628515247 -1.5171046098662622 -1.2605934514749206 -1.0082688787031864 -1.2763233017519726 -1.505447255559333 -0.0 -0.0 -0.0 -0.0 -0.0 -0.0 -0.0 -0.0 -0.0 -0.0 -0.0 -0.0 -0.0 -0.0 
-0.0 -0.0 -0.0 -0.0 -0.0 -0.0 -0.0 -0.0 -0.0 -0.0 -0.0 -0.0 -0.0 -0.0 -0.0 -0.0 -1.8890820080835373 -2.0544971528151033 -2.1950912414777095 -2.313798684345117 -2.4127937877945524 -2.4936907877624375 -2.557673470603657 -2.6055794238047367 -2.637953182851799 -2.655076268934016 -2.6569780693899965 -2.6434284374688444 -2.6139099054670574 -2.5675636336311682 -2.5030973428012473 -2.418632990319094 -2.3114513312792697 -2.1775463590557447 -2.01079883318775 -1.8013044887918974 -1.5315531065281276 -1.1659565397876306 -0.611927036545893 -0.0 -0.0 -0.0 -0.0 -0.0 -0.0 -0.0 -0.0 -0.0 -0.0 -0.0 -0.0 -0.0 -0.0 -0.0 -0.0 -1.1073546738619937 -2.455379507266093 -3.2807152181577983 -3.8690435221184285 -5.68385838716565 -6.9225228881565215 -7.671554739663842 -8.175270372375092 -8.513754231657703 -8.727303248468969 -8.841047363669432 -8.872445198449123 -8.833497655211817 -8.73072676030244 -8.56430659614427 -8.327225562031842 -8.004655759757563 -7.630439792260155 -7.086743950475293 -6.7729196184230105 -6.416087467068893 -5.984319304873713 -5.386455291135643 -4.494633873241453 -2.622159171328666 -1.9394614875805039 -1.9252968288678822 -1.6282879818465545 -1.175380405372034 -1.4497255876517863 -1.6809179326010268 -0.0 -0.0 -0.0 -0.0 -0.0 -0.0 -0.0 -0.0 -0.0 -0.0 -0.0 -0.0 -0.0 -0.0 
-0.0 -0.0 -0.0 -0.0 -0.0 -0.0 -0.0 -0.0 -0.0 -0.0 -0.0 -0.0 -0.0 -0.0 -0.0 -0.0 -1.9431817277571426 -2.106801891083104 -2.2457842136502157 -2.3630409725328145 -2.4607247421463216 -2.5404303103036523 -2.6033247217729434 -2.6502314094503214 -2.6816830496108257 -2.697951285314567 -2.6990573287367035 -2.684764341880347 -2.6545495011787485 -2.607549881630659 -2.5424704348282474 -2.457431877228919 -2.3497157551335346 -2.2153199652402775 -2.048134646715212 -1.8382760185161282 -1.5682808850191723 -1.2026876226436645 -0.6493832316582385 -0.0 -0.0 -0.0 -0.0 -0.0 -0.0 -0.0 -0.0 -0.0 -0.0 -0.0 -0.0 -0.0 -0.0 -0.0 -0.26952126085504874 -2.088913312153257 -3.1210356599533386 -3.8217076551151825 -4.336295568564355 -6.570476116892625 -7.669829356738546 -8.34142999792262 -8.784778971789933 -9.072037660826195 -9.449685867691661 -10.007060740542107 -10.366475322233327 -10.553494058304834 -10.585450149947487 -10.466196027472504 -10.18512450964737 -9.71670365189175 -9.017274137606098 -8.07699387843044 -7.329189853963741 -7.03201803764747 -6.616081190130208 -6.029106296211423 -5.144012556322082 -3.3015780227556952 -2.232981805439081 -2.273178700953415 -1.9517583184754177 -1.2361375887985562 -1.5081614658708895 -1.7371511363123158 -0.0 -0.0 -0.0 -0.0 -0.0 -0.0 -0.0 -0.0 -0.0 -0.0 -0.0 -0.0 -0.0 -0.0 
-0.0 -0.0 -0.0 -0.0 -0.0 -0.0 -0.0 -0.0 -0.0 -0.0 -0.0 -0.0 -0.0 -0.0 -0.0 -0.0 -1.8905483841373896 -2.0513803026199384 -2.188440357795084 -2.3043577657276764 -2.401106732619749 -2.4801658050819957 -2.5426241320417886 -2.5892517408832423 -2.6205440312330586 -2.636746303692507 -2.637861063625072 -2.623638284244033 -2.5935461265098856 -2.5467160259811337 -2.4818503202286886 -2.3970702461738207 -2.2896617445589316 -2.1556328351182508 -1.9888937480779252 -1.7796009841770952 -1.5103799505174884 -1.146002434536399 -0.5952218400683172 -0.0 -0.0 -0.0 -0.0 -0.0 -0.0 -0.0 -0.0 -0.0 -0.0 -0.0 -0.0 -0.0 -0.0 -0.0 -1.1819014552976819 -2.5885004686917465 -3.515876903465098 -4.16069131414524 -4.636753044454534 -7.159516400882493 -8.164751086814562 -8.784732987184338 -9.188810229132956 -10.550289237492334 -11.389115360428125 -11.952126034856914 -12.780658120644226 -13.232348630565161 -13.3775930286691 -13.237783904150204 -12.800362558756227 -12.019854377268317 -10.802460427261986 -9.579858304987937 -8.278864958823968 -7.472707300955676 -7.073891684259166 -6.503845860683328 -5.640565870595733 -3.9006751135191866 -2.571096114844274 -2.57224958798038 -2.2352661765414252 -1.2046489938479472 -1.4664366628454344 -1.688974688729057 -0.0 -0.0 -0.0 -0.0 -0.0 -0.0 -0.0 -0.0 -0.0 -0.0 -0.0 -0.0 -0.0 -0.0 
-0.0 -0.0 -0.0 -0.0 -0.0 -0.0 -0.0 -0.0 -0.0 -0.0 -0.0 -0.0 -0.0 -0.0 -0.0 -0.0 -1.7174444648068758 -1.8734098363663125 -2.007547509008712 -2.121818889881844 -2.217779733979409 -2.2966391414350804 -2.3593087589685697 -2.4064395007734025 -2.438445718945423 -2.455517110121633 -2.457618024344601 -2.4444726071068414 -2.415532258333112 -2.3699187431677697 -2.3063308438915926 -2.22289234495706 -2.1168990651752937 -1.9843795718543829 -1.819283092373661 -1.6118424250342127 -1.3448484461273462 -0.9835050391228322 -0.43815671022947533 -0.0 -0.0 -0.0 -0.0 -0.0 -0.0 -0.0 -0.0 -0.0 -0.0 -0.0 -0.0 -0.0 -0.0 -0.0 -1.6838359036318042 -2.849837134487964 -3.7273918347082295 -4.34311670154131 -5.417704110032437 -7.527985296625152 -8.461823727083653 -9.045824912939246 -10.509800993694395 -11.695547168562396 -12.440436367224772 -12.915612234286122 -13.19708361028109 -13.436849744092882 -13.594368371304585 -13.477338833091789 -13.077515438520683 -12.488196144149175 -11.848896032602903 -10.935299580418866 -9.576510874157734 -7.794625226340603 -7.415815417172677 -6.8685620306579915 -6.039855468809469 -4.451586858221462 -2.9201995869162993 -2.821098364875459 -2.456272727296745 -1.2214141431071224 -1.3151686308314452 -1.5244485539604622 -0.0 -0.0 -0.0 -0.0 -0.0 -0.0 -0.0 -0.0 -0.0 -0.0 -0.0 -0.0 -0.0 -0.0 
-0.0 -0.0 -0.0 -0.0 -0.0 -0.0 -0.0 -0.0 -0.0 -0.0 -0.0 -0.0 -0.0 -0.0 -0.0 -0.0 -1.3639929755811993 -1.5093971991697825 -1.63756707771696 -1.7489139106285865 -1.8439915440865158 -1.923352341548112 -1.9874716450697063 -2.036707128565504 -2.0712743509326548 -2.091227688681853 -2.0964396733302024 -2.086573169421058 -2.06104047005175 -2.018941226289258 -1.9589663540424378 -1.8792455311478535 -1.7770965152715226 -1.648592709878155 -1.4877673696614917 -1.2850161460971419 -1.0234804283048415 -0.6692723357415976 -0.1360398821889103 -0.0 -0.0 -0.0 -0.0 -0.0 -0.0 -0.0 -0.0 -0.0 -0.0 -0.0 -0.0 -0.0 -0.0 -0.6050882742790964 -2.01562686165707 -2.9272670829770533 -3.7763432195399025 -4.377178342604786 -5.977819096368807 -7.702497457833887 -8.5811953800543 -10.076625141142149 -11.529826862199437 -12.465371652268988 -13.095695159824615 -13.511010503456847 -13.763911484890881 -13.887330094774407 -13.898964955959 -13.802843917810483 -13.591231672882051 -13.24662682697632 -12.741981443445324 -12.036283404316844 -11.056746274475524 -9.6127639386047 -7.902298955045145 -7.277265742181339 -6.457648037885687 -5.093967418435723 -3.2556697829627783 -3.0132031536118724 -2.5794546089989265 -1.5116686158305495 -1.0101258686601502 -1.1900662722206918 -0.0 -0.0 -0.0 -0.0 -0.0 -0.0 -0.0 -0.0 -0.0 -0.0 -0.0 -0.0 -0.0 -0.0 
-0.0 -0.0 -0.0 -0.0 -0.0 -0.0 -0.0 -0.0 -0.0 -0.0 -0.0 -0.0 -0.0 -0.0 -0.0 -0.0 -0.5816017050334553 -0.6871575332098677 -0.7926558134790036 -0.893492940754577 -0.9864747440384102 -1.0694633108960714 -1.1410482820024732 -1.2002844388650227 -1.246495897660471 -1.2791325957160085 -1.2976622734757435 -1.3014826295266648 -1.2898399802562641 -1.2617408556670622 -1.215840236702117 -1.1502825425007959 -1.0624544233865272 -0.9485706078148661 -0.8029252522335488 -0.6164109643859315 -0.3732203777090188 -0.042135182031592146 -0.0 -0.0 -0.0 -0.0 -0.0 -0.0 -0.0 -0.0 -0.0 -0.0 -0.0 -0.0 -0.0 -0.0 -0.0 -0.9429084168044796 -2.243316939396775 -2.9084896168042067 -3.6440625842765573 -4.2396376314638164 -6.204758278389265 -7.676538031502779 -9.3171632212724 -11.088423080533435 -12.191052570872461 -12.953381282287621 -13.48422499263318 -13.842696867354569 -14.421108154159539 -14.924638927982983 -15.17288069503564 -15.194326968544804 -14.991778644902753 -14.54668879915941 -13.816449797056862 -12.9053380917813 -12.230204415862826 -11.339790945142578 -10.151212493288888 -8.387308300927035 -7.155137691426284 -5.842376098987144 -3.5678643243031276 -3.1407211033288656 -2.551289772688609 -1.4911843552817456 -0.3920040561738505 -0.47611247250333455 -0.0 -0.0 -0.0 -0.0 -0.0 -0.0 -0.0 -0.0 -0.0 -0.0 -0.0 -0.0 -0.0 -0.0 
-0.0 -0.0 -0.0 -0.0 -0.0 -0.0 -0.0 -0.0 -0.0 -0.0 -0.0 -0.0 -0.0 -0.0 -0.0 -0.0 -0.0 -0.0 -0.0 -0.0 -0.0 -0.0 -0.0 -0.0 -0.0 -0.0 -0.0 -0.0 -0.0 -0.0 -0.0 -0.0 -0.0 -0.0 -0.0 -0.0 -0.0 -0.0 -0.0 -0.0 -0.0 -0.0 -0.0 -0.0 -0.0 -0.0 -0.0 -0.0 -0.0 -0.0 -0.0 -0.0 -0.0 -1.1060445655371092 -2.3939715301510756 -3.0579489559934405 -3.500917858129332 -3.8384999118613035 -6.080251439382941 -7.390335097459574 -10.046989167870201 -11.549230903515125 -12.519676066909566 -13.192431249318632 -13.95102186405131 -15.18705244040888 -15.96516508904675 -16.440128088867013 -16.681684918448564 -16.721693652886213 -16.566860586089078 -16.20098244616883 -15.578998226954385 -14.599834702966609 -13.134164046416595 -12.521677951643134 -11.660928382302505 -10.378072182577306 -7.758486908905483 -6.497499014286764 -3.9356688176142365 -3.1955138502792133 -2.5109359543293683 -1.5490746404137838 -0.0 -0.0 -0.0 -0.0 -0.0 -0.0 -0.0 -0.0 -0.0 -0.0 -0.0 -0.0 -0.0 -0.0 -0.0 -0.0 
-0.0 -0.0 -0.0 -0.0 -0.0 -0.0 -0.0 -0.0 -0.0 -0.0 -0.0 -0.0 -0.0 -0.0 -0.0 -0.0 -0.0 -0.0 -0.0 -0.0 -0.0 -0.0 -0.0 -0.0 -0.0 -0.0 -0.0 -0.0 -0.0 -0.0 -0.0 -0.0 -0.0 -0.0 -0.0 -0.0 -0.0 -0.0 -0.0 -0.0 -0.0 -0.0 -0.0 -0.0008020293548324242 -0.09248165133932332 -0.12203680484983617 -0.1014930597678751 -0.03645182516967407 -0.0 -0.0 -0.0 -0.0 -0.0 -1.1345463032228364 -2.4801524015194047 -3.1579281297933024 -3.6058940926393066 -4.50056307685542 -6.101508572233853 -7.058402623283756 -10.209739714158417 -11.493975355855477 -12.492080617304842 -13.179809847989732 -14.807587740265827 -16.039117338627676 -16.794272338735915 -17.247251007483683 -17.48249859256491 -17.54690857860288 -17.45851235252389 -17.20299082619439 -16.72459063483209 -15.898160553515998 -14.346158646142886 -13.371363047890759 -12.658195609501053 -11.517804094010446 -9.346905045766864 -7.054439476355709 -5.310339837441958 -3.251719230909128 -2.740287028396895 -1.8728238909572705 -0.0 -0.0 -0.0 -0.0 -0.0 -0.0 -0.0 -0.0 -0.0 -0.0 -0.0 -0.0 -0.0 -0.0 -0.0 -0.0 
-0.0 -0.0 -0.0 -0.0 -0.0 -0.0 -0.0 -0.0 -0.0 -0.0 -0.0 -0.0 -0.0 -0.0 -0.0 -0.0 -0.0 -0.0 -0.0 -0.0 -0.0 -0.0 -0.0 -0.0 -0.0 -0.0 -0.0 -0.0 -0.0 -0.0 -0.0 -0.0 -0.0 -0.0 -0.0 -0.0 -0.0 -0.0 -0.0 -0.0 -0.0 -0.09942952292888617 -0.4633409071215783 -0.6655003364564648 -0.7763924732805415 -0.8236891274270002 -0.819925318323046 -0.7703724458716203 -0.6756658564576018 -0.5323076506264653 -0.3315621794647686 -0.05571138937673953 -0.0 -1.0218604791313337 -2.506989119552924 -3.2128714064767747 -3.6721786745814486 -5.213968948823245 -6.279893894165987 -7.663314388263948 -11.19594501171624 -11.760750590354652 -12.444132200525024 -12.856451052375474 -15.191830885812568 -16.474796925299753 -17.21945209230351 -17.632817081835164 -17.834421927459363 -17.911336606822534 -17.906495152795035 -17.794214798659254 -17.481530785581956 -16.807173966167834 -15.355581832038636 -13.983371642243776 -13.360024449140656 -12.301588313598858 -10.85067305187328 -7.511831312988372 -6.036726468049322 -4.418796256940586 -2.937750821115503 -2.1411825168965355 -0.0 -0.0 -0.0 -0.0 -0.0 -0.0 -0.0 -0.0 -0.0 -0.0 -0.0 -0.0 -0.0 -0.0 -0.0 -0.0 
-0.0 -0.0 -0.0 -0.0 -0.0 -0.0 -0.0 -0.0 -0.0 -0.0 -0.0 -0.0 -0.0 -0.0 -0.0 -0.0 -0.0 -0.0 -0.0 -0.0 -0.0 -0.0 -0.0 -0.0 -0.0 -0.0 -0.0 -0.0 -0.0 -0.0 -0.0 -0.0 -0.0 -0.0 -0.0 -0.0 -0.0 -0.0 -0.0 -0.0 -0.0 -0.42094574821188696 -0.7953296965526925 -1.0046595820364774 -1.1216607131536092 -1.1746447356330734 -1.1763497743865834 -1.1320348218811598 -1.0421076159754175 -0.9024763557886994 -0.7029988582166836 -0.4223862067286183 -0.011942365363401299 -0.70260187759315 -2.4743234994359344 -3.2247550552459785 -3.701923420467303 -5.556800121765902 -6.368275413002447 -8.160041978267758 -11.832904883116052 -12.01960249920614 -12.672177914576688 -13.030681189279768 -15.292523882903321 -16.6393753118783 -17.3854719414075 -17.724102552501382 -17.835228568154353 -17.899973790738507 -18.01656531380439 -18.096369932738412 -17.963168810231526 -17.425524595422385 -16.06351881505977 -14.411155166791414 -13.850187326741493 -12.84967680265945 -11.869094131797908 -7.8689172762160355 -6.505879441389129 -5.054254719738746 -3.1036067671072884 -2.3616758741255173 -0.4777260521559708 -0.0 -0.0 -0.0 -0.0 -0.0 -0.0 -0.0 -0.0 -0.0 -0.0 -0.0 -0.0 -0.0 -0.0 -0.0 
-0.0 -0.0 -0.0 -0.0 -0.0 -0.0 -0.0 -0.0 -0.0 -0.0 -0.0 -0.0 -0.0 -0.0 -0.0 -0.3896481766855334 -0.7192565205622006 -0.9440392340456347 -1.0980284763907961 -1.199526885084889 -1.2603472346592122 -1.2894130679592888 -1.2944279522720266 -1.2826579220192749 -1.2611225317402623 -1.2362623070578684 -1.2131693566913582 -1.1946405470827985 -1.1804758391429429 -1.167379335249794 -1.1494821231120267 -1.1191374745457712 -1.0675083683713416 -0.9845574224433579 -0.8580961937512075 -0.6711867121253511 -0.39552976761554076 -0.0 -0.0 -0.0 -0.0 -0.5946685491775806 -0.9732350642377845 -1.1857291636662652 -1.3056467784539583 -1.3615422023457455 -1.366265567300208 -1.3251413331317063 -1.2386166147836857 -1.1026067445691567 -0.9069031034234294 -0.6299320646667058 -0.22189545011849265 -0.0 -2.376461802298989 -3.1935320592760217 -3.696059977557773 -5.691597210148602 -6.370358519494518 -8.392764239468278 -12.193739891678334 -12.164853657926713 -12.805458219625091 -13.299509227140648 -15.605062900983938 -16.646453380285227 -17.396001284217128 -17.61632793363056 -17.54360824129442 -17.552755099176935 -17.874463208312836 -18.200177690283134 -18.237276129727174 -17.808269233387083 -16.519943089791454 -14.686254614698512 -14.169728893566125 -13.210807868766208 -12.520576231207937 -8.123889111807998 -6.800122870533843 -5.3993836921351335 -3.2385921502704593 -2.5399131727522763 -0.939397418977541 -0.0 -0.0 -0.0 -0.0 -0.0 -0.0 -0.0 -0.0 -0.0 -0.0 -0.0 -0.0 -0.0 -0.0 -0.0 
-0.0 -0.0 -0.0 -0.0 -0.0 -0.0 -0.0 -0.0 -0.0 -0.0 -0.0 -0.0 -0.0 -0.0 -0.1547919025261826 -0.6658379833221397 -0.9565955825425865 -1.1129368178772303 -1.1630451163108024 -1.1119417452971858 -0.9455846903457507 -0.6158447051873661 -0.0 -0.0 -0.0 -0.0 -0.0 -0.0 -0.0 -0.0 -0.0 -0.0 -0.0 -0.0 -0.1199755909240712 -0.3231945594157208 -0.3236766513684324 -0.13428023939826303 -0.0 -0.0 -0.0 -0.6591626765506099 -1.0387848992868234 -1.2526577699048536 -1.3742196241610865 -1.4320545952520816 -1.4390867687418245 -1.4007648583625603 -1.31774159315481 -1.186292348334906 -0.9969038868763609 -0.7295613828353207 -0.33891104983943093 -0.0 -2.199241744235442 -3.117078837762097 -3.6544510486159885 -5.656514706618013 -6.285668731276509 -8.433835045327472 -12.318749926173254 -12.215579253138614 -12.857723378640124 -13.434004463915166 -15.749393551739214 -16.61764226397188 -17.34437198775315 -17.43524826802922 -17.10833805583055 -17.014245797806588 -17.63731167956145 -18.191471363280733 -18.345429524773813 -17.984576127472117 -16.75169875877641 -14.82308846486266 -14.335362475330815 -13.40252432649716 -12.849758033926667 -8.27240140339391 -6.946401240880887 -5.557103065244466 -3.3435150826468485 -2.6800250309243956 -1.2521769738245583 -0.0 -0.0 -0.0 -0.0 -0.0 -0.0 -0.0 -0.0 -0.0 -0.0 -0.0 -0.0 -0.0 -0.0 -0.0 
-0.0 -0.0 -0.0 -0.0 -0.0 -0.0 -0.0 -0.0 -0.0 -0.0 -0.0 -0.0 -0.0 -0.0 -0.09836140405459405 -0.7290728207359585 -1.0961164512059989 -1.3170121813519748 -1.4302876302430183 -1.448304875943976 -1.3674511606116606 -1.4866761426058972 -1.381523220401212 -0.8140362150996326 -0.927829494834021 -0.9561859422622118 -0.8975017622559267 -0.745602039175326 -0.48731756966155027 -0.09690687303078196 -0.0 -0.0 -0.0 -0.0 -0.0 -0.0 -0.0 -0.0 -0.0 -0.0 -0.0 -0.6186073373166476 -0.9966677783303064 -1.2106850627622008 -1.3332323801844024 -1.3927276633094952 -1.40215031901598 -1.3671564096946838 -1.2888008802883586 -1.1641066651700134 -0.9850402851948389 -0.7349068330796745 -0.3775418033838279 -0.0 -1.9106027463007618 -2.9906080047517585 -3.5758717236597297 -5.442897816882549 -6.109164206211791 -8.310066886983186 -12.225595914464357 -12.181170397838066 -12.83506794881575 -13.43272625579414 -15.742021772790991 -16.64751824642008 -17.304751008083592 -17.34332312912216 -16.96051224051885 -16.86928147898167 -17.553445623603068 -18.134645132939617 -18.305118686679023 -17.96196162794216 -16.764349827118323 -14.818600253780557 -14.343441984419039 -13.425099261808755 -12.863146909142381 -8.305372514924017 -6.950677026932251 -5.547528520955455 -3.419050387333793 -2.7850126714063936 -1.4757522809317896 -0.0 -0.0 -0.0 -0.0 -0.0 -0.0 -0.0 -0.0 -0.0 -0.0 -0.0 -0.0 -0.0 -0.0 -0.0 
-0.0 -0.0 -0.0 -0.0 -0.0 -0.0 -0.0 -0.0 -0.0 -0.0 -0.0 -0.0 -0.0 -0.0 -0.0 -0.6990396236133438 -1.2069459060649985 -1.545968138478992 -1.7752184964671556 -1.9197582403915123 -1.9908967563737545 -1.9921119998701424 -1.9203276086448202 -1.764034475113483 -1.4957180280352866 -1.0441072019666144 -0.1273828223002586 -0.0 -0.0 -0.0 -0.0 -0.0 -0.0 -0.0 -0.0 -0.0 -0.0 -0.0 -0.0 -0.0 -0.0 -0.4472295093215423 -0.8198065050943009 -1.0324554542267426 -1.155541467519035 -1.2169989978701725 -1.229850363699534 -1.2001228299906712 -1.1296278225147334 -1.0167896201868374 -0.8562738329215898 -0.6371278152373345 -0.3376172461481086 -0.0 -1.4251730433538985 -2.8051652123962456 -3.4578140509136364 -4.980504880770909 -5.829184014699468 -8.023243432719658 -11.90967351643902 -12.060561155889786 -12.735543810516386 -13.307659321899877 -15.587467600849502 -16.728787326700253 -17.300290321265933 -17.396638388891223 -17.238367635101778 -17.256810673798967 -17.650604836317594 -18.02716616328364 -18.104926673330187 -17.724197121540183 -16.539742514490428 -14.648575396473973 -14.16775442337511 -13.238850306636913 -12.534548367331993 -8.204352216111426 -6.8048233170242485 -5.344204393587247 -3.4656283847646536 -2.8569969513228815 -1.6361872696551845 -0.0 -0.0 -0.0 -0.0 -0.0 -0.0 -0.0 -0.0 -0.0 -0.0 -0.0 -0.0 -0.0 -0.0 -0.0 
-0.0 -0.0 -0.0 -0.0 -0.0 -0.0 -0.0 -0.0 -0.0 -0.0 -0.0 -0.0 -0.0 -0.0 -0.0 -0.6803265968751974 -1.3400607804210958 -1.7888999272708141 -2.1123094630910075 -2.3456917135412167 -2.506803446701088 -2.6050807064983132 -2.6450541942527352 -2.627601498553646 -2.5500262857211227 -2.4049753956421527 -2.1772171532433657 -1.8344712618369305 -1.2943534322840673 -0.20499734171402495 -0.0 -0.0 -0.0 -0.0 -0.0 -0.0 -0.0 -0.0 -0.0 -0.0 -0.0 -0.04965739191375577 -0.4058903732701756 -0.6133577765776922 -0.7364379567567426 -0.8016671480350545 -0.8220653583862153 -0.8044648652390896 -0.7523249811362183 -0.6669728723985168 -0.5481975583085608 -0.3945735241729091 -0.20375936338499415 -0.0 -0.35470754870235655 -2.5439808951063525 -3.2960355597665036 -3.922205928574391 -5.421560867458185 -7.543534129678766 -11.337490794503655 -11.841783255140207 -12.549618395968567 -13.235383544177198 -15.70852016326826 -16.7708449452392 -17.286402980841256 -17.46638660129373 -17.484986405041195 -17.529486953285563 -17.670150518771784 -17.784390213557092 -17.693794169309026 -17.220299038330598 -16.0245309225517 -14.253985942356303 -13.744910027928219 -12.793041508697824 -11.788634847123552 -7.928724204860551 -6.4837811249326744 -4.822681284694835 -3.4833653483076112 -2.8973873409280815 -1.7472337633417008 -0.0 -0.0 -0.0 -0.0 -0.0 -0.0 -0.0 -0.0 -0.0 -0.0 -0.0 -0.0 -0.0 -0.0 -0.0 
-0.0 -0.0 -0.0 -0.0 -0.0 -0.0 -0.0 -0.0 -0.0 -0.0 -0.0 -0.0 -0.0 -0.0 -0.0 -0.7868354179946141 -1.525757522366661 -2.0348929047353432 -2.409496040619293 -2.6893880220320434 -2.895034698362543 -3.0379663670071144 -3.1247314430288897 -3.1585892127686503 -3.1401807273613636 -3.0675566352036197 -2.9355443498341494 -2.734001796727976 -2.443425970307639 -2.022256775256424 -1.3561362254596054 -0.0 -0.0 -0.0 -0.0 -0.0 -0.0 -0.0 -0.0 -0.0 -0.28558215863908004 -0.37024040753170356 -0.15652626995564276 -0.0 -0.0 -0.0 -0.0 -0.0 -0.0 -0.0 -0.0 -0.0 -0.0 -0.008667505172573002 -0.09307251034610528 -2.3545617227022864 -3.357853967096532 -3.9661602352623975 -5.289759890025032 -7.306353935082066 -11.057481851366823 -12.21334409718225 -13.045834401421711 -13.561710814049901 -15.711488102051508 -16.675158881708228 -17.172084060112326 -17.392957438542 -17.455682939917516 -17.443943523878055 -17.389227521381002 -17.254565235737367 -16.945522801364216 -16.316414214842393 -15.073254183871219 -13.472727351957959 -12.8977336620983 -11.902004892711975 -10.416347326182784 -7.365112589254328 -6.045335284545881 -3.83617591227911 -3.4720055657326236 -2.9069910427608074 -1.8170294664144364 -0.0 -0.0 -0.0 -0.0 -0.0 -0.0 -0.0 -0.0 -0.0 -0.0 -0.0 -0.0 -0.0 -0.0 -0.0 
-0.0 -0.0 -0.0 -0.0 -0.0 -0.0 -0.0 -0.0 -0.0 -0.0 -0.0 -0.0 -0.0 -0.0 -0.0 -1.0633757173895528 -3.0166141022895525 -3.7342960175219098 -4.254668475943049 -4.621746069820183 -4.941245443649038 -5.181837913034497 -5.351361684506422 -5.454442760328618 -5.493227142121767 -5.467628779415948 -5.375173121576322 -5.210328445253586 -4.962909220333074 -4.614302898669038 -4.127206371450921 -3.408342421902495 -2.041951408994033 -1.493542547298515 -1.3268472514689365 -1.1198392309324303 -0.8575056221226666 -0.5107828753280123 -0.01036999577993247 -0.0 -0.32318027385891185 -0.5591432099150686 -0.49187213284162135 -0.13892789024713223 -0.0 -0.0 -0.0 -0.0 -0.0 -0.0 -0.0 -0.0 -0.0 -0.01658050904566256 -0.4099275914118146 -2.2851090925928004 -3.697146889445156 -4.447075569189332 -5.03553237183787 -7.618913696875219 -10.883494701929708 -12.32627186044501 -13.183777839333896 -13.701393918111512 -15.427917794355105 -16.35370768072278 -16.845223334532943 -17.053243618530555 -17.056808900161947 -16.899724547259634 -16.59454336762569 -16.11889031668688 -15.410525571151581 -14.691840618182473 -13.521735577625453 -12.276264235082538 -11.726680905991412 -10.799285441666894 -8.912144323954815 -7.026924445908611 -5.604182800399668 -3.7834182936345 -3.670886569988887 -3.443063592202699 -2.673835587565296 -1.0483622522421936 -0.0 -0.0 -0.0 -0.0 -0.0 -0.0 -0.0 -0.0 -0.0 -0.0 -0.0 -0.0 -0.0 -0.0 
-0.0 -0.0 -0.0 -0.0 -0.0 -0.0 -0.0 -0.0 -0.0 -0.0 -0.0 -0.0 -0.0 -0.0 -0.6886150525697503 -1.4440578468735208 -4.20435309487449 -4.903921596011685 -5.589467830495986 -5.936039588599533 -6.070561780304596 -6.31414272553949 -6.489473145299058 -6.6010753650622265 -6.65139724166589 -6.641059593481768 -6.568847871824438 -6.431418160925296 -6.222570422190806 -5.9316876794895474 -5.540218831500088 -5.012485297659155 -4.26404905585926 -2.9637671519082023 -2.1956817920579543 -1.9804195982266137 -1.7065525284835505 -1.340908282211807 -0.7999123928217658 -0.0 -0.03582316219292989 -0.45478587363546674 -0.5088521215661493 -0.31710686265676896 -0.0 -0.0 -0.0 -0.0 -0.0 -0.0 -0.0 -0.0 -0.0 -0.0 -0.6694387858010394 -1.4643912906856318 -3.759569289607069 -4.656434522526791 -5.221274181826439 -7.888755692630259 -10.335773626310507 -11.997324281992135 -12.998667242898104 -13.634720170436145 -14.847004282563551 -15.705471947188265 -16.159498130069878 -16.298945408913657 -16.152049377019456 -15.67341662922027 -15.267671831791816 -14.9675857923391 -14.469642356631748 -13.71783344975864 -12.626333681656192 -11.710910654743255 -11.014686654866743 -9.968488772764319 -8.013530140313911 -6.802063983365788 -4.844031908201385 -3.908661317996817 -4.2698596303238405 -4.19298915797865 -3.540268163914979 -1.9467425825930569 -0.0 -0.0 -0.0 -0.0 -0.0 -0.0 -0.0 -0.0 -0.0 -0.0 -0.0 -0.0 -0.0 -0.0 
-0.0 -0.0 -0.0 -0.0 -0.0 -0.0 -0.0 -0.0 -0.0 -0.0 -0.0 -0.1234543696607795 -0.28871722574860115 -0.7336943227276534 -1.2989944976542318 -1.8406694629873013 -4.988100842188649 -5.5555590780270965 -6.447844242034019 -7.203813937886975 -7.813965288946356 -8.28658985691953 -8.628361829483236 -8.843931400510312 -8.935534345799242 -8.90259410817264 -8.741127078080954 -8.442652634232928 -7.992012318517181 -7.362555494185732 -6.503579475134778 -5.958393947569998 -5.40823262204983 -4.6658778413536846 -3.5321189326467253 -2.4722439151496323 -2.195028236062859 -1.8237597945792885 -1.270174984640224 -0.13235333712549288 -0.0 -0.0 -0.12268835974281747 -0.16442756139396816 -0.0 -0.0 -0.0 -0.0 -0.0 -0.0 -0.0 -0.0 -0.0 -0.0 -0.8827238455047623 -1.3369386405396066 -3.590358033682538 -4.700830851946684 -5.347172572720982 -8.011574747601387 -9.166303585415045 -11.031093737834698 -12.480779767312074 -13.363581697319992 -13.992449659207576 -14.592630433023349 -14.824064273110299 -14.729650559496605 -14.247916255615143 -13.671486643056106 -13.522899468606894 -13.257866804283411 -12.859165773496692 -12.289554541511393 -11.653171881978656 -10.900469872846969 -9.859450475148336 -8.455320456177251 -7.44574837797186 -6.49614384235161 -3.8077014015350423 -4.081373190426097 -4.598941059877995 -4.586423616235252 -4.0065249488797585 -2.4502806731867346 -0.0 -0.0 -0.0 -0.0 -0.0 -0.0 -0.0 -0.0 -0.0 -0.0 -0.0 -0.0 -0.0 -0.0 
-0.0 -0.0 -0.0 -0.0 -0.0 -0.0 -0.0 -0.0 -0.0 -0.0 -0.0 -0.28548153117542024 -0.8325031728402487 -1.330306164255597 -1.7890411291849369 -2.2038104409728683 -5.597312139020371 -6.089775967650517 -7.092792438071819 -8.127494078123608 -8.94105444558429 -9.561250235774281 -10.013227740116559 -10.314104937885922 -10.474065146164707 -10.49754529765918 -10.383658010603638 -10.125643323259387 -9.708840156778473 -9.10552637727773 -8.260736936137848 -7.039602249289251 -6.17850705505786 -5.63362073655587 -4.9328490941667 -3.970596572247226 -2.534786915325568 -2.160861379837494 -1.601230654259028 -0.43323145030971755 -0.0 -0.0 -0.0 -0.0 -0.0 -0.0 -0.0 -0.0 -0.0 -0.0 -0.0 -0.0 -0.0 -0.0 -1.0572340844681687 -1.5616489911604776 -3.1049639485110454 -4.782712641546394 -5.367907591789974 -8.02181978952019 -9.226874891794704 -9.89496242119669 -11.468682302556813 -12.879872928053752 -13.599585746533077 -13.942228513040387 -13.993791796123007 -13.745478659378069 -12.937538922329262 -12.752234722203392 -12.695637323902705 -12.529806171190547 -12.223434546502588 -11.730405492802173 -10.967651860590479 -9.721958493315281 -8.151532996943986 -7.766493598736478 -7.163182494897098 -6.134480058809961 -3.6455868150531234 -4.165145107412693 -4.77422333727015 -4.806225045596983 -4.294288731074646 -2.797795592537683 -0.0 -0.0 -0.0 -0.0 -0.0 -0.0 -0.0 -0.0 -0.0 -0.0 -0.0 -0.0 -0.0 -0.0 
-0.0 -0.0 -0.0 -0.0 -0.0 -0.0 -0.0 -0.0 -0.0 -0.0 -0.0 -0.291087861489773 -1.2075241959501122 -1.7617157552198486 -2.1772043624805515 -2.516004778540891 -6.0880499343945225 -6.508449941260048 -7.597888091006222 -8.814441936406768 -9.700058927323177 -10.353931623551164 -10.826032096331598 -11.143274865876752 -11.320158417390097 -11.363231135190514 -11.272784590248065 -11.042840435328104 -10.659335909228579 -10.094956944791647 -9.294533337947867 -8.119952432074935 -6.739274407550647 -6.308863777588208 -5.770857377975815 -5.078960360143768 -4.121701874282195 -2.416833246648496 -1.848918167447313 -0.6627772165028686 -0.0 -0.0 -0.0 -0.0 -0.0 -0.0 -0.0 -0.0 -0.0 -0.0 -0.0 -0.0 -0.0 -0.0 -1.1981113555090743 -1.7399601564419804 -2.058499604085214 -4.92964652234747 -5.4896928226163135 -7.9301495846110654 -9.177125251661115 -9.866346757591039 -10.259135521835773 -12.148496278662565 -13.088814114520835 -13.50419578039019 -13.568046074318922 -13.258880577778939 -12.257566400903327 -12.30792523428931 -12.254309739100304 -12.068223467098441 -11.71028854158445 -11.11733044206474 -10.140545520332495 -8.15741453211815 -7.869757286033382 -7.443006267220724 -6.786662717957787 -5.9656507898744735 -3.4392764025435105 -4.16218836913853 -4.834488626541525 -4.907202757342652 -4.468790410415538 -3.055587874265778 -0.0 -0.0 -0.0 -0.0 -0.0 -0.0 -0.0 -0.0 -0.0 -0.0 -0.0 -0.0 -0.0 -0.0 
-0.0 -0.0 -0.0 -0.0 -0.0 -0.0 -0.0 -0.0 -0.0 -0.0 -0.0 -0.13338065565372434 -1.4772735553038285 -2.365298366086579 -2.7512149255200176 -2.7741539768052657 -6.483067841203452 -6.839449194099691 -7.995542994762886 -9.32124257881814 -10.218301320309001 -10.863496863410813 -11.326127886722025 -11.639739945197173 -11.821312794529977 -11.878150859671136 -11.810482023996771 -11.611850908344772 -11.2674960717135 -10.74923904550167 -10.00076573930477 -8.881922816401978 -7.157467193322938 -6.807115415899114 -6.3615043955541 -5.783354501953843 -4.993971143187052 -3.7558007586796625 -2.038044130819595 -0.8398177878879645 -0.0 -0.0 -0.0 -0.0 -0.0 -0.0 -0.0 -0.0 -0.0 -0.0 -0.0 -0.0 -0.0 -0.0 -1.3089558141859838 -1.8798825764862175 -2.208634015231731 -4.542580884759712 -5.4171742953516215 -7.735387219044113 -9.014657250374817 -9.722993076828642 -10.126089656693644 -11.066977127128796 -12.25188112666916 -12.792143015922642 -13.252301208091968 -13.1191880511855 -12.263439549262635 -12.322296308209292 -12.143883087843973 -11.683999530139 -10.928825318164842 -10.285683350700403 -9.214196589788518 -7.822676549173639 -7.486180530840123 -7.008977489769391 -6.29047992351267 -5.2858251827361284 -3.178704903650673 -4.0697034905333425 -4.794162207347206 -4.911953980220176 -4.5596330113693355 -3.251786163040236 -0.0 -0.0 -0.0 -0.0 -0.0 -0.0 -0.0 -0.0 -0.0 -0.0 -0.0 -0.0 -0.0 -0.0 
-0.0 -0.0 -0.0 -0.0 -0.0 -0.0 -0.0 -0.0 -0.0 -0.0 -0.0 -0.0 -1.6691258320465943 -2.9699244173521655 -3.3195997803964667 -2.9800089588348113 -6.794650972827086 -7.097094124678632 -8.303432831150559 -9.683057929927005 -10.554300285117801 -11.161840454803833 -11.591891161019086 -11.885598699273244 -12.063501256978531 -12.133564190234829 -12.094486122609936 -11.93691597761983 -11.642657022724217 -11.180193550305157 -10.490367971759039 -9.431205479506769 -7.46733395689559 -7.178190206229085 -6.7945122650527825 -6.31116819552938 -5.573657265080392 -4.487204990712295 -2.1817333154847343 -0.9748555144872999 -0.0 -0.0 -0.0 -0.0 -0.0 -0.0 -0.0 -0.0 -0.0 -0.0 -0.0 -0.0 -0.0 -0.0 -1.3922784115430653 -1.9865345534465129 -2.3231870571747244 -3.7672039610764325 -5.058290978183946 -7.42507014182916 -8.723371284057432 -9.445334845824886 -9.854658703064016 -10.038439981050827 -10.764729094867313 -11.329666749800811 -11.431248661490223 -11.022826178538393 -10.138056788034234 -10.254260215086777 -10.246616198116108 -10.081927624441882 -9.725295228294264 -9.134878286136468 -8.249166422506615 -7.364565152776919 -6.967538674646633 -6.4256576468442965 -5.628080896684199 -4.149007566581161 -2.846460816145206 -3.8776490338938756 -4.655288564493176 -4.830559857667217 -4.5840667540858515 -3.4008995479819744 -0.0 -0.0 -0.0 -0.0 -0.0 -0.0 -0.0 -0.0 -0.0 -0.0 -0.0 -0.0 -0.0 -0.0 
-0.0 -0.0 -0.0 -0.0 -0.0 -0.0 -0.0 -0.0 -0.0 -0.0 -0.0 -0.0 -1.7969137248965 -3.400953884802774 -3.7362158459234394 -3.1363028893834697 -7.030444714416863 -7.289644084570014 -8.532563487940271 -9.924874831216954 -10.743695279641106 -11.285613215358175 -11.65420745959421 -11.904506865242286 -12.06726480156379 -12.153540428586028 -12.15729951660382 -12.059895501087341 -11.833625847187838 -11.4398912519768 -10.815538072977132 -9.818230283406402 -7.760091616503515 -7.448333289160318 -7.109615034990838 -6.966099679483425 -5.982280761399787 -4.9770542626421115 -2.790681419571735 -1.0741983142689426 -0.0 -0.0 -0.0 -0.0 -0.0 -0.0 -0.0 -0.0 -0.0 -0.0 -0.0 -0.0 -0.0 -0.0 -1.4497733594443707 -2.063245693932679 -2.406205688244373 -2.7747865677446906 -4.75306682692545 -6.966488944784977 -8.261252125731081 -8.985357147467242 -9.392156297756316 -9.568360100212644 -9.556427259404392 -9.377953245751723 -9.017210771474343 -8.269639014281156 -7.3237928855840115 -7.434595841984062 -7.517185388574465 -7.539852681705661 -7.482244184221631 -7.332472744140304 -7.082814357019347 -6.725705870090861 -6.247738823310629 -5.613234329320987 -4.697346336217821 -2.557243698258137 -2.4081054661646197 -3.5626294835503165 -4.409495242714552 -4.666975107093732 -4.554403190459896 -3.6707424405913014 -0.0 -0.0 -0.0 -0.0 -0.0 -0.0 -0.0 -0.0 -0.0 -0.0 -0.0 -0.0 -0.0 -0.0 
-0.0 -0.0 -0.0 -0.0 -0.0 -0.0 -0.0 -0.0 -0.0 -0.0 -0.0 -0.0 -1.8678367123351856 -3.6924534129557953 -4.0249691846988265 -3.3968645185552524 -7.19534210841274 -7.422112025569403 -8.69045635445497 -10.066942879336265 -10.815697130337554 -11.262909985495549 -11.52698456296213 -11.688861154600257 -11.811991803658232 -11.923721688170694 -12.003276368782252 -12.00257972278543 -11.87154698574439 -11.561578758123444 -11.007933618607519 -10.072386004222917 -8.111061187728065 -7.63285323247915 -7.327814439761482 -7.420354369862107 -6.26620720551593 -5.314421848553149 -3.406034590871852 -1.1417361631348342 -0.0 -0.0 -0.0 -0.0 -0.0 -0.0 -0.0 -0.0 -0.0 -0.0 -0.0 -0.0 -0.0 -0.0 -1.482480060815319 -2.1121291077131743 -2.460249577746245 -2.6802690377959473 -4.473922639972886 -6.2712841154188155 -7.5080758718997345 -8.203328646482124 -8.583186790009117 -8.731810030789024 -8.69542986095324 -8.50395782451006 -8.145389986810908 -7.359934317519378 -6.551018426979821 -6.701872192678467 -6.799873280236012 -6.814806834186816 -6.72903856826262 -6.531113537750246 -6.210955670914829 -5.7564751456257115 -5.148733127466613 -4.344185342823732 -3.1651475989293303 -1.9126534659842789 -1.7773570260746772 -3.0678622295568694 -4.03348006017192 -4.422065527290965 -4.481021363788698 -4.055018206842615 -0.0 -0.0 -0.0 -0.0 -0.0 -0.0 -0.0 -0.0 -0.0 -0.0 -0.0 -0.0 -0.0 -0.0 
-0.0 -0.0 -0.0 -0.0 -0.0 -0.0 -0.0 -0.0 -0.0 -0.0 -0.0 -0.0 -1.8850268229443246 -3.861742576940561 -4.19893934843164 -3.5769664350008727 -7.292201572502787 -7.497489488311163 -8.78256301219507 -10.127472911243665 -10.802328025730315 -11.133524116857895 -11.233912334570324 -11.21032701986853 -11.222452432316508 -11.387739240362809 -11.627543835102415 -11.791313731458821 -11.78975319626143 -11.574613690877477 -11.091126558536262 -10.213244485934167 -8.354960365030673 -7.7411030005257295 -7.461017847869529 -7.708512530959835 -6.4477269504085175 -5.53547818438137 -3.7948933080568956 -1.1797915898370428 -0.0 -0.0 -0.0 -0.0 -0.0 -0.0 -0.0 -0.0 -0.0 -0.0 -0.0 -0.0 -0.0 -0.0 -1.490870488181204 -2.1343868109892923 -2.486811252840123 -2.7085585755766814 -4.141444962830786 -5.1621694821380775 -5.766673288997833 -6.160312554210452 -6.403998285285548 -6.519338925424837 -6.506951276274059 -6.344079266547814 -5.95355647620804 -5.236432392519678 -4.926098284901018 -5.242256140050717 -5.376597839449742 -5.34946693958719 -5.165106711367604 -4.813955337343744 -4.268192411528434 -3.46238247151694 -2.1956289415056616 -1.6376766473846003 -1.0473952051716322 -0.6133040637961776 -0.5771927132572872 -2.2037348396854055 -3.4700301931879745 -4.096490853157816 -4.37348651736428 -4.283245316935869 -0.0 -0.0 -0.0 -0.0 -0.0 -0.0 -0.0 -0.0 -0.0 -0.0 -0.0 -0.0 -0.0 -0.0 
-0.0 -0.0 -0.0 -0.0 -0.0 -0.0 -0.0 -0.0 -0.0 -0.0 -0.0 -0.0 -1.848428466822391 -3.9165203219302045 -4.264136592082449 -3.66787630731469 -7.322113959738889 -7.517320648288929 -8.812865150043049 -10.123176928267473 -10.742401992774711 -10.972023022057972 -10.879152502175272 -10.506897062005494 -10.153222024835639 -10.473960267014101 -11.089413643897409 -11.501521944588223 -11.6421985469013 -11.512515407499318 -11.085975090833397 -10.255382224744146 -8.502833709326252 -7.778787339242108 -7.515847258088249 -7.848440297885898 -6.538161348316231 -5.657524034452045 -4.038509799221923 -1.1895418865961576 -0.0 -0.0 -0.0 -0.0 -0.0 -0.0 -0.0 -0.0 -0.0 -0.0 -0.0 -0.0 -0.0 -0.0 -1.474879001201809 -2.1304618429919584 -2.486528435774354 -2.8203464663406845 -3.713223860012701 -4.858403071949013 -5.508525731413378 -5.927467703855072 -6.186699313110371 -6.311086411983927 -6.301962589054806 -6.135021996786441 -5.725015645511807 -4.639037018880301 -3.914277170354917 -3.8490886635006176 -3.735543821009355 -3.568880708181553 -3.340954180937888 -3.0378599952805687 -2.634206689346782 -2.0761788187570285 -1.207386754534196 -0.0 -0.0 -0.0 -0.0 -1.409976881701383 -2.5333092706907667 -3.6962652487326673 -4.240301596082424 -4.398823014639856 -0.2279249535937379 -0.0 -0.0 -0.0 -0.0 -0.0 -0.0 -0.0 -0.0 -0.0 -0.0 -0.0 -0.0 -0.0 
-0.0 -0.0 -0.0 -0.0 -0.0 -0.0 -0.0 -0.0 -0.0 -0.0 -0.0 -0.0 -1.7546824624062056 -3.857217011900117 -4.220778360718984 -3.667222906327993 -7.284414757319945 -7.481961879079079 -8.78401034792152 -10.067526346206838 -10.674147983391142 -10.881986070693046 -10.734643719761095 -10.20159820793674 -9.481081875755114 -9.897046621671027 -10.781185225502382 -11.3129209535986 -11.510471039782733 -11.413962228885953 -11.012309506938067 -10.210690154543531 -8.562745275741843 -7.749150997207769 -7.495324890229091 -7.8479225531338255 -6.542377613792802 -5.68849510108188 -4.168676764895993 -1.1712078422595904 -0.0 -0.0 -0.0 -0.0 -0.0 -0.0 -0.0 -0.0 -0.0 -0.0 -0.0 -0.0 -0.3625167634971944 -0.0 -1.4338785851132516 -2.1000853322763327 -2.459264244111528 -3.3244456075738666 -3.0469043444341297 -4.440536902630393 -5.158135991796565 -5.6097881967172984 -5.887347107702032 -6.021542147556138 -6.015368803977239 -5.8432973592367 -5.411516444043931 -4.1949544141065065 -3.662848992062575 -3.5866980194517626 -3.455380201985738 -3.260400698314854 -2.9860551148981442 -2.601008701183265 -2.029375873940032 -0.9768786654452299 -0.0 -0.0 -0.0 -0.0 -0.0 -2.1065945941498305 -2.4556443110054147 -3.2455465194940136 -4.0873822693239 -4.419097822879974 -0.5103434656007125 -0.0 -0.0 -0.0 -0.0 -0.0 -0.0 -0.0 -0.0 -0.0 -0.0 -0.0 -0.0 -0.0 
-0.0 -0.0 -0.0 -0.0 -0.0 -0.0 -0.0 -0.0 -0.0 -0.0 -0.0 -0.0 -1.5959099039421991 -3.6768193035903924 -4.062968685234047 -3.569886799674674 -7.176464638985832 -7.390654554724274 -8.69713515296451 -9.967294286150203 -10.61457129384526 -10.90735558122299 -10.93217058227947 -10.768613440430963 -10.613393012382947 -10.747920664326404 -11.094642926581555 -11.373995903073975 -11.459568481345913 -11.310695447459956 -10.886960614340305 -10.089243122005833 -8.540962354146505 -7.653639258376534 -7.399588393627125 -7.707034949391172 -6.460344656636519 -5.630155496466919 -4.199233610237591 -1.1240832571911776 -0.0 -0.0 -0.0 -0.0 -0.0 -0.0 -0.0 -0.0 -0.0 -0.0 -0.0 -0.0 -0.4871980377426472 -0.0 -1.3665952600101523 -2.042231489139838 -2.404080532204754 -2.6293131562328775 -2.771448669874665 -3.7997074809655196 -4.667073525917825 -5.177277446687393 -5.484042685193611 -5.63292197771528 -5.631496880156493 -5.454027946957102 -4.997552487728994 -3.613164028181281 -3.33545464143708 -3.2423717942112145 -3.083838638831693 -2.844256048274819 -2.491027426947743 -1.9414076805070055 -0.8423742593518142 -0.0 -0.0 -0.0 -0.0 -0.0 -0.0 -1.3409819579913447 -2.4132625948428803 -2.95466417710455 -3.9156572732984296 -4.349102542061202 -0.5901308976385611 -0.0 -0.0 -0.0 -0.0 -0.0 -0.0 -0.0 -0.0 -0.0 -0.0 -0.0 -0.0 -0.0 
-0.0 -0.0 -0.0 -0.0 -0.0 -0.0 -0.0 -0.0 -0.0 -0.0 -0.0 -0.0 -1.3563318297368816 -3.3579675567812357 -3.776476366025342 -3.366295774949829 -6.993119419007167 -7.241447719369635 -8.55145801367514 -9.819471952478091 -10.545160225045272 -10.973643082783003 -11.206613389291796 -11.320137075828201 -11.388028648110062 -11.461879402210702 -11.536581991034204 -11.558945263059229 -11.4670861160758 -11.20674529753925 -10.718529449568125 -9.89896234665511 -8.44262851160247 -7.492290517568852 -7.226035505576839 -7.41820291303091 -6.287122549191053 -5.478750516012468 -4.134645341671558 -1.0464156120692425 -0.0 -0.0 -0.0 -0.0 -0.0 -0.0 -0.0 -0.0 -0.0 -0.0 -0.0 -0.0 -0.42986923900159046 -0.0 -1.2709358074631487 -1.9549653348120433 -2.31909470343941 -2.5450361700412825 -2.687156758040975 -2.7679784987865803 -3.9139081296759093 -4.571575290668263 -4.940101385917506 -5.118204904814078 -5.127976826435178 -4.946712424232361 -4.4619914335315585 -2.9633461436487076 -2.9112137204493003 -2.7897864479887424 -2.5838866935713636 -2.2598300565745157 -1.7280983849478495 -0.5705525219657271 -0.0 -0.0 -0.0 -0.0 -0.0 -0.0 -0.0 -1.2610544357987614 -2.3403094202976282 -2.882975274321935 -3.718714575755318 -4.184814891306855 -0.5237774126804482 -0.0 -0.0 -0.0 -0.0 -0.0 -0.0 -0.0 -0.0 -0.0 -0.0 -0.0 -0.0 -0.0 
-0.0 -0.0 -0.0 -0.0 -0.0 -0.0 -0.0 -0.0 -0.0 -0.0 -0.0 -0.0 -1.0027008047023975 -2.8643217581230322 -3.332658364728964 -3.0392343115613376 -6.725669624490938 -7.030946054046442 -8.34368624661754 -9.610839229915722 -10.422948446907586 -10.97439103757137 -11.348980047616745 -11.594514512046812 -11.740719105928063 -11.803190337169193 -11.783805471724243 -11.671754190450006 -11.445391795636024 -11.07217121520616 -10.502145775291435 -9.64421629775893 -8.27196085612919 -7.2639826521428565 -6.96899742622158 -6.964015686714305 -6.0112943979901585 -5.22376749609006 -3.972442610095176 -0.9350915057264662 -0.0 -0.0 -0.0 -0.0 -0.0 -0.0 -0.0 -0.0 -0.0 -0.0 -0.0 -0.0 -0.18853455608788847 -0.0 -1.1436742926744836 -1.8351307018226568 -2.201169247480853 -2.427602520612354 -2.5695466838314505 -2.649723288630567 -2.6782000367598497 -3.643176674161982 -4.188146262915579 -4.437803712065577 -4.476968277717413 -4.298295497954149 -3.781609321630085 -2.446545566444676 -2.365568841737663 -2.191863141327003 -1.8888562439389365 -1.3507997830164447 -0.0 -0.0 -0.0 -0.0 -0.0 -0.0 -0.0 -0.0 -0.0 -1.146581909965145 -2.2337971743269636 -2.777911614301748 -3.4811942547985386 -3.9113396761703867 -0.3051031108725785 -0.0 -0.0 -0.0 -0.0 -0.0 -0.0 -0.0 -0.0 -0.0 -0.0 -0.0 -0.0 -0.0 
-0.0 -0.0 -0.0 -0.0 -0.0 -0.0 -0.0 -0.0 -0.0 -0.0 -0.0 -0.0 -0.44938316747814716 -2.113039164939593 -2.6711241896541713 -2.5609953690509153 -6.359714456015098 -6.753778601597443 -8.067202664681865 -9.320079868583916 -10.200515599318283 -10.837940853787686 -11.294657908854088 -11.604120760135954 -11.784974696526294 -11.846750069456718 -11.792202319915397 -11.617914782228453 -11.31352271147943 -10.85906348983779 -10.218545389024285 -9.323895516209223 -8.03175939408165 -6.966559517335849 -6.618845921778849 -6.311115975444544 -5.610504304703262 -4.8437101751848255 -3.702771179454639 -1.4027908996853118 -0.0 -0.0 -0.0 -0.0 -0.0 -0.0 -0.0 -0.0 -0.0 -0.0 -0.0 -0.0 -0.0 -0.0 -0.9798799639877763 -1.677754423128297 -2.0453080980319878 -2.2719882862869762 -2.413558989921189 -2.4929013039531687 -2.520075554281448 -2.49819411172976 -2.4249106678548977 -2.291318401002103 -2.0769598783789904 -1.7331321627644083 -1.1057079332347637 -0.0 -0.0 -0.0 -0.0 -0.0 -0.0 -0.0 -0.0 -0.0 -0.0 -0.0 -0.0 -0.0 -0.0 -0.9918730155813832 -2.0887778807631805 -2.6346671860432647 -3.003376991810612 -3.2798537221803223 -0.0 -0.0 -0.0 -0.0 -0.0 -0.0 -0.0 -0.0 -0.0 -0.0 -0.0 -0.0 -0.0 -0.0 
-0.0 -0.0 -0.0 -0.0 -0.0 -0.0 -0.0 -0.0 -0.0 -0.0 -0.0 -0.0 -0.0 -0.8403965083754512 -1.6333454264000662 -2.1061871593832455 -5.870547641737614 -6.401510552993649 -7.710787190817763 -8.919852568920296 -9.832607180774279 -10.516482907066607 -11.015631374997337 -11.356699572319085 -11.55543114670553 -11.620269853798312 -11.554069530551597 -11.354600120886397 -11.014037505204428 -10.51718388460169 -9.83757154703523 -8.929879617297395 -7.721738690508603 -6.596679033060839 -6.16019252074644 -5.647371834879425 -5.038823961055973 -4.293838592843317 -3.304884804541551 -1.5640776819052022 -0.3200063133327776 -0.0 -0.0 -0.0 -0.0 -0.0 -0.0 -0.0 -0.0 -0.0 -0.0 -0.0 -0.0 -0.0 -0.7718172758250845 -1.474872457174243 -1.84345711233719 -2.070070838863594 -2.2110032568465483 -2.2892455577433326 -2.3148161285503335 -2.2906651046727093 -2.214105681370259 -2.07552064514484 -1.852776276621152 -1.4921388775654933 -0.8145016703178602 -0.0 -0.0 -0.0 -0.0 -0.0 -0.0 -0.0 -0.0 -0.0 -0.0 -0.0 -0.0 -0.0 -0.0 -0.7875783333999996 -1.897077948398782 -2.445288050779476 -2.8147863354650657 -3.091554992073268 -0.0 -0.0 -0.0 -0.0 -0.0 -0.0 -0.0 -0.0 -0.0 -0.0 -0.0 -0.0 -0.0 -0.0 
-0.0 -0.0 -0.0 -0.0 -0.0 -0.0 -0.0 -0.0 -0.0 -0.0 -0.0 -0.0 -0.0 -0.0 -0.0 -1.3210642973797666 -5.211541880139956 -5.960232215813196 -7.256069788884493 -8.37610096940453 -9.267701586109172 -9.955198910432493 -10.46537460133802 -10.818069710803545 -11.026295315871337 -11.097440170322692 -11.034115722657123 -10.834456154382748 -10.491855059219741 -9.994076226031503 -9.321676542796217 -8.446324848644071 -7.334747292772027 -6.14862378496268 -5.5683237044806715 -4.902328078199089 -4.179658564425183 -3.460629464333675 -2.736997359515207 -1.4892383056903626 -1.1959066669003644 -1.1598813506418948 -0.9826813958836361 -0.57081702409761 -0.0 -0.0 -0.0 -0.0 -0.0 -0.0 -0.0 -0.0 -0.0 -0.0 -0.5066285893431217 -1.213007799454522 -1.5819104038752556 -1.8079914890141475 -1.9478852575688776 -2.024619680708504 -2.0481186252953423 -2.02110792416377 -1.9404585440782434 -1.7956355659584688 -1.5623051996381283 -1.1798842015422233 -0.4318786611323582 -0.0 -0.0 -0.0 -0.0 -0.0 -0.0 -0.0 -0.0 -0.0 -0.0 -0.0 -0.0 -0.0 -0.0 -0.5172985595237343 -1.6445047817503458 -2.1959844029982345 -2.566634134308517 -2.843866620332802 -0.0 -0.0 -0.0 -0.0 -0.0 -0.0 -0.0 -0.0 -0.0 -0.0 -0.0 -0.0 -0.0 -0.0 
-0.0 -0.0 -0.0 -0.0 -0.0 -0.0 -0.0 -0.0 -0.0 -0.0 -0.0 -0.09757723730712609 -0.0 -0.0 -0.0 -0.0 -4.276233819288436 -5.450766281216458 -6.671139784088185 -7.642428513376204 -8.424841063294778 -9.045498889029822 -9.520266332227276 -9.859624611968368 -10.070422692191276 -10.156446292328056 -10.118557209388076 -9.954560745056572 -9.65877388365601 -9.221161023366161 -8.625757821316213 -7.847815611521664 -6.848505277470679 -5.609157773528443 -4.801562650082394 -3.7461453157582993 -2.4633717252601577 -1.8194577115318655 -1.9033920387045566 -1.2337459673404394 -1.564270958075586 -1.6930341377392095 -1.6305276535860131 -1.330518913570574 -0.0 -0.0 -0.0 -0.0 -0.0 -0.0 -0.0 -0.0 -0.0 -0.0 -0.16072344789049803 -0.8669235970301504 -1.2348394033789936 -1.4595496491076143 -1.5976936542225566 -1.672201317440514 -1.69280695157146 -1.6619007937896226 -1.5757285664271865 -1.422460298930799 -1.174587725196675 -0.7611414004521093 -0.0 -0.0 -0.0 -0.0 -0.0 -0.0 -0.0 -0.0 -0.0 -0.0 -0.0 -0.0 -0.0 -0.0 -0.0 -0.1485901933853263 -1.3037180375994115 -1.860318951334446 -2.2328318141513988 -2.510870300665114 -0.0 -0.0 -0.0 -0.0 -0.0 -0.0 -0.0 -0.0 -0.0 -0.0 -0.0 -0.0 -0.0 -0.0 
-0.0 -0.0 -0.0 -0.0 -0.0 -0.0 -0.0 -0.0 -0.0 -0.0 -0.0 -0.5387776760381895 -0.0 -0.0 -0.0 -0.0 -2.6792626485851114 -4.684129906406612 -5.889925641892479 -6.643336766095074 -7.126479065138701 -7.430753714103099 -7.631126368875096 -7.799516841458143 -7.981581631147135 -8.168943767436495 -8.314745461596402 -8.370753227051237 -8.302434341148262 -8.084388440089928 -7.690926814629315 -7.0854547105240275 -6.202942984190397 -4.936508632432873 -3.781313049144923 -2.002961334873038 -1.7176398281734369 -1.3333922219610728 -0.7516241395334915 -1.2179151566419077 -1.7382628235275464 -1.9437515608581444 -1.9270711702347867 -1.6679389137543938 -0.0 -0.0 -0.0 -0.0 -0.0 -0.0 -0.0 -0.0 -0.0 -0.0 -0.0 -0.380149023849489 -0.7438952230810075 -0.9652486548117727 -1.1000043456033617 -1.170664093929735 -1.1865484918364406 -1.1494565210451297 -1.0545894722929456 -0.8879447783299459 -0.6164972478048052 -0.14977039634404815 -0.0 -0.0 -0.0 -0.0 -0.0 -0.0 -0.0 -0.0 -0.0 -0.0 -0.0 -0.0 -0.0 -0.0 -0.0 -0.0 -0.8109933531354183 -1.3772986272261944 -1.7534346895456536 -2.033135439673421 -0.0 -0.0 -0.0 -0.0 -0.0 -0.0 -0.0 -0.0 -0.0 -0.0 -0.0 -0.0 -0.0 -0.0 
-0.0 -0.0 -0.0 -0.0 -0.0 -0.0 -0.0 -0.0 -0.0 -0.0 -0.0 -0.767619887881691 -0.0 -0.0 -0.0 -0.0 -1.4458692538956974 -3.5832255382831693 -4.707963310831953 -5.349428670604839 -5.833576434755292 -6.1898443635758635 -6.448330618430934 -6.625023697793284 -6.728888621570894 -6.764672165450965 -6.734095938502837 -6.636258826056251 -6.467483819623457 -6.363373378140774 -6.384720372624318 -5.986444969717183 -5.192534399031394 -3.9492755750063053 -2.3023403610061735 -1.1705134535347765 -0.8819338421543541 -0.49248179230386036 -0.0 -1.1204167240761282 -1.7906249796663876 -2.0466605026191296 -2.0588542569064914 -1.825408072419153 -0.0 -0.0 -0.0 -0.0 -0.0 -0.0 -0.0 -0.0 -0.0 -0.0 -0.0 -0.0 -0.0 -0.12744326257251448 -0.25226266731550395 -0.3127081401005329 -0.3167617000011149 -0.2645756662771661 -0.1485389136370423 -0.0 -0.0 -0.0 -0.0 -0.0 -0.0 -0.0 -0.0 -0.0 -0.0 -0.0 -0.0 -0.0 -0.0 -0.0 -0.0 -0.0 -0.0 -0.0 -0.0 -0.5388225672069438 -0.9260309206078813 -1.211020547402092 -0.0 -0.0 -0.0 -0.0 -0.0 -0.0 -0.0 -0.0 -0.0 -0.0 -0.0 -0.0 -0.0 -0.0 
-0.0 -0.0 -0.0 -0.0 -0.0 -0.0 -0.0 -0.0 -0.0 -0.0 -0.0 -0.8659077595601846 -0.0 -0.0 -0.0 -0.0 -0.0 -1.671358887302863 -2.7822321512917876 -3.3922591363736334 -3.8065327761439156 -4.103924448825059 -4.317280605412839 -4.4631967054033925 -4.550705883992022 -4.584544683697077 -4.566501197524232 -4.495871869739248 -4.369315070939196 -4.180020583374954 -4.124673279439886 -3.9103913490728734 -3.2533655732119877 -2.256676475886863 -0.2626939521363912 -0.0 -0.0 -0.0 -0.0 -0.9383016534625573 -1.7457126191517844 -2.0423537376310112 -2.0773742147840486 -1.8643421911779066 -0.0 -0.0 -0.0 -0.0 -0.0 -0.0 -0.0 -0.0 -0.0 -0.0 -0.0 -0.0 -0.0 -0.0 -0.0 -0.0 -0.0 -0.0 -0.0 -0.0 -0.0 -0.0 -0.0 -0.0 -0.0 -0.0 -0.0 -0.0 -0.0 -0.0 -0.0 -0.0 -0.0 -0.0 -0.0 -0.0 -0.0 -0.0 -0.0 -0.0 -0.0 -0.0 -0.0 -0.0 -0.0 -0.0 -0.0 -0.0 -0.0 -0.0 -0.0 -0.0 -0.0 -0.0 -0.0 -0.0 
-0.0 -0.0 -0.0 -0.0 -0.0 -0.0 -0.0 -0.0 -0.0 -0.0 -0.0 -0.85945676466644 -0.0 -0.0 -0.0 -0.0 -0.0 -1.38124086256016 -2.6250710914317694 -3.267382956551609 -3.6970897398619043 -4.003972354633574 -4.224022788508473 -4.375093741503374 -4.466825383363154 -4.5042863068672325 -4.4894621115636 -4.421771263628015 -4.297942088427602 -4.149284368011824 -4.1184083139570875 -3.745120150693225 -2.999042371306634 -2.1846269775314866 -0.04654982980679886 -0.0 -0.0 -0.0 -0.0 -0.6582086035498732 -1.6086522174038171 -1.9428782403370881 -1.9987586741156371 -1.8042465543309636 -0.0 -0.0 -0.0 -0.0 -0.0 -0.0 -0.0 -0.0 -0.0 -0.0 -0.0 -0.0 -0.0 -0.0 -0.0 -0.0 -0.0 -0.0 -0.0 -0.0 -0.0 -0.0 -0.0 -0.0 -0.0 -0.0 -0.0 -0.0 -0.0 -0.0 -0.0 -0.0 -0.0 -0.0 -0.0 -0.0 -0.0 -0.0 -0.0 -0.0 -0.0 -0.0 -0.0 -0.0 -0.0 -0.0 -0.0 -0.0 -0.0 -0.0 -0.0 -0.0 -0.0 -0.0 -0.0 -0.0 
-0.0 -0.0 -0.0 -0.0 -0.0 -0.0 -0.0 -0.0 -0.0 -0.0 -0.0 -0.7510887798079057 -0.0 -0.0 -0.0 -0.0 -0.0 -1.1169829515421072 -2.4304833014392693 -3.0894887112081695 -3.5280024720266026 -3.840998492091299 -4.100031690214198 -4.472128075618291 -4.7644023616429045 -4.966807073316544 -5.069205210997486 -5.061879208617787 -4.933752532695262 -4.6694007981525605 -4.244139827300472 -3.613804870193547 -2.889890282514695 -2.1357506383656593 -0.3676908628224431 -0.0 -0.0 -0.0 -0.0 -0.24952690909316186 -1.3709526655145603 -1.7444195125437127 -1.821589264983885 -1.6454161474890898 -0.0 -0.0 -0.0 -0.0 -0.0 -0.0 -0.0 -0.0 -0.0 -0.0 -0.0 -0.0 -0.0 -0.0 -0.0 -0.0 -0.0 -0.0 -0.0 -0.0 -0.0 -0.0 -0.0 -0.0 -0.0 -0.0 -0.0 -0.0 -0.0 -0.0 -0.0 -0.0 -0.0 -0.0 -0.0 -0.0 -0.0 -0.0 -0.0 -0.0 -0.0 -0.0 -0.0 -0.0 -0.0 -0.0 -0.0 -0.0 -0.0 -0.0 -0.0 -0.0 -0.0 -0.0 -0.0 -0.0 
-0.0 -0.0 -0.0 -0.0 -0.0 -0.0 -0.0 -0.0 -0.0 -0.0 -0.0 -0.5238045402323896 -0.0 -0.0 -0.0 -0.0 -0.0 -0.9102671070142003 -2.19349093881093 -2.849807800207253 -3.595765950909322 -4.395305280739623 -4.97648559368093 -5.383407772655951 -5.640415686378308 -5.76076043931901 -5.750204977049611 -5.608375360499426 -5.32869019004657 -4.896830746599466 -4.286801450748842 -3.451420428370277 -2.760216012833244 -2.081881806565164 -0.7701696468891565 -0.0 -0.0 -0.0 -0.0 -0.0 -1.0059870516148137 -1.425925240478608 -1.5272114720261274 -1.3704660121700663 -0.0 -0.0 -0.0 -0.0 -0.0 -0.0 -0.0 -0.0 -0.0 -0.0 -0.0 -0.0 -0.0 -0.0 -0.0 -0.0 -0.0 -0.0 -0.0 -0.0 -0.0 -0.0 -0.0 -0.0 -0.0 -0.0 -0.0 -0.0 -0.0 -0.0 -0.0 -0.0 -0.0 -0.0 -0.0 -0.0 -0.0 -0.0 -0.0 -0.0 -0.0 -0.0 -0.0 -0.0 -0.0 -0.0 -0.0 -0.0 -0.0 -0.0 -0.0 -0.0 -0.0 -0.0 -0.0 -0.0 
-0.0 -0.0 -0.0 -0.0 -0.0 -0.0 -0.0 -0.0 -0.0 -0.0 -0.0 -0.12334391028576694 -0.0 -0.0 -0.0 -0.0 -0.0 -0.7879878408181017 -1.9127246699428677 -2.5376733416248203 -3.6180410878647393 -4.466746842994542 -5.067862082761063 -5.479421094867969 -5.731344233444047 -5.839094103362454 -5.808856696761175 -5.639325566610587 -5.321436439701761 -4.835916615722738 -4.146886509157127 -3.185289985419328 -2.57273357004225 -1.992413281387033 -1.0504237019541711 -0.0 -0.0 -0.0 -0.0 -0.0 -0.4455345226179387 -0.9312322565862496 -1.063809569303676 -0.928953669639721 -0.0 -0.0 -0.0 -0.0 -0.0 -0.0 -0.0 -0.0 -0.0 -0.0 -0.0 -0.0 -0.0 -0.0 -0.0 -0.0 -0.0 -0.0 -0.0 -0.0 -0.0 -0.0 -0.0 -0.0 -0.0 -0.0 -0.0 -0.0 -0.0 -0.0 -0.0 -0.0 -0.0 -0.0 -0.0 -0.0 -0.0 -0.0 -0.0 -0.0 -0.0 -0.0 -0.0 -0.0 -0.0 -0.0 -0.0 -0.0 -0.0 -0.0 -0.0 -0.0 -0.0 -0.0 -0.0 -0.0 
-0.0 -0.0 -0.0 -0.0 -0.0 -0.0 -0.0 -0.0 -0.0 -0.0 -0.0 -0.0 -0.0 -0.0 -0.0 -0.0 -0.0 -0.7587352139691089 -1.5989871933403754 -2.143636157107471 -3.3070564851764708 -4.149869673512881 -4.746187794496997 -5.153864356163342 -5.402447667452762 -5.506995012588048 -5.473186901802093 -5.298942681107006 -4.97378563798794 -4.475454813579137 -3.7606493686905593 -2.7371206532866235 -2.2996193192444765 -1.8339568291214356 -1.1793701497199025 -0.09381615357691094 -0.0 -0.0 -0.0 -0.0 -0.0 -0.07519712442645499 -0.26257662765165257 -0.15428751194821624 -0.0 -0.0 -0.0 -0.0 -0.0 -0.0 -0.0 -0.0 -0.0 -0.0 -0.0 -0.0 -0.0 -0.0 -0.0 -0.0 -0.0 -0.0 -0.0 -0.0 -0.0 -0.0 -0.0 -0.0 -0.0 -0.0 -0.0 -0.0 -0.0 -0.0 -0.0 -0.0 -0.0 -0.0 -0.0 -0.0 -0.0 -0.0 -0.0 -0.0 -0.0 -0.0 -0.0 -0.0 -0.0 -0.0 -0.0 -0.0 -0.0 -0.0 -0.0 -0.0 -0.0 -0.0 -0.0 -0.0 
-0.0 -0.0 -0.0 -0.0 -0.0 -0.0 -0.0 -0.0 -0.0 -0.0 -0.0 -0.0 -0.0 -0.0 -0.0 -0.0 -0.17358309321432153 -0.811597568037929 -1.2960683765775443 -1.6771746471595785 -2.6692070846218257 -3.4460364695397274 -4.003126929672955 -4.387017264323094 -4.6220680498931275 -4.720636003705689 -4.686908624382573 -4.517927897141745 -4.202521023229438 -3.7171935863100583 -3.0145869411343824 -2.1467705930305105 -1.886735170220187 -1.5590567910354884 -1.145899098875626 -0.6151922962323149 -0.0 -0.0 -0.0 -0.0 -0.0 -0.0 -0.0 -0.0 -0.0 -0.0 -0.0 -0.0 -0.0 -0.0 -0.0 -0.0 -0.0 -0.0 -0.0 -0.0 -0.0 -0.0 -0.0 -0.0 -0.0 -0.0 -0.0 -0.0 -0.0 -0.0 -0.0 -0.0 -0.0 -0.0 -0.0 -0.0 -0.0 -0.0 -0.0 -0.0 -0.0 -0.0 -0.0 -0.0 -0.0 -0.0 -0.0 -0.0 -0.0 -0.0 -0.0 -0.0 -0.0 -0.0 -0.0 -0.0 -0.0 -0.0 -0.0 -0.0 -0.0 -0.0 -0.0 -0.0 
-0.0 -0.0 -0.0 -0.0 -0.0 -0.0 -0.0 -0.0 -0.0 -0.0 -0.0 -0.0 -0.0 -0.0 -0.0 -0.0 -0.0 -0.0 -0.0 -0.0 -0.0 -0.0 -0.0 -0.0 -0.0 -0.0 -0.0 -0.0 -0.0 -0.0 -0.0 -0.0 -0.0 -0.0 -0.0 -0.0 -0.0 -0.0 -0.0 -0.0 -0.0 -0.0 -0.0 -0.0 -0.0 -0.0 -0.0 -0.0 -0.0 -0.0 -0.0 -0.0 -0.0 -0.0 -0.0 -0.0 -0.0 -0.0 -0.0 -0.0 -0.0 -0.0 -0.0 -0.0 -0.0 -0.0 -0.0 -0.0 -0.0 -0.0 -0.0 -0.0 -0.0 -0.0 -0.0 -0.0 -0.0 -0.0 -0.0 -0.0 -0.0 -0.0 -0.0 -0.0 -0.0 -0.0 -0.0 -0.0 -0.0 -0.0 -0.0 -0.0 -0.0 -0.0 -0.0 -0.0 -0.0 -0.0 -0.0 -0.0 
-0.0 -0.0 -0.0 -0.0 -0.0 -0.0 -0.0 -0.0 -0.0 -0.0 -0.0 -0.0 -0.0 -0.0 -0.0 -0.0 -0.0 -0.0 -0.0 -0.0 -0.0 -0.0 -0.0 -0.0 -0.0 -0.0 -0.0 -0.0 -0.0 -0.0 -0.0 -0.0 -0.0 -0.0 -0.0 -0.0 -0.0 -0.0 -0.0 -0.0 -0.0 -0.0 -0.0 -0.0 -0.0 -0.0 -0.0 -0.0 -0.0 -0.0 -0.0 -0.0 -0.0 -0.0 -0.0 -0.0 -0.0 -0.0 -0.0 -0.0 -0.0 -0.0 -0.0 -0.0 -0.0 -0.0 -0.0 -0.0 -0.0 -0.0 -0.0 -0.0 -0.0 -0.0 -0.0 -0.0 -0.0 -0.0 -0.0 -0.0 -0.0 -0.0 -0.0 -0.0 -0.0 -0.0 -0.0 -0.0 -0.0 -0.0 -0.0 -0.0 -0.0 -0.0 -0.0 -0.0 -0.0 -0.0 -0.0 -0.0 
-0.0 -0.0 -0.0 -0.0 -0.0 -0.0 -0.0 -0.0 -0.0 -0.0 -0.0 -0.0 -0.0 -0.0 -0.0 -0.0 -0.0 -0.0 -0.0 -0.0 -0.0 -0.0 -0.0 -0.0 -0.0 -0.0 -0.0 -0.0 -0.0 -0.0 -0.0 -0.0 -0.0 -0.0 -0.0 -0.0 -0.0 -0.0 -0.0 -0.0 -0.0 -0.0 -0.0 -0.0 -0.0 -0.0 -0.0 -0.0 -0.0 -0.0 -0.0 -0.0 -0.0 -0.0 -0.0 -0.0 -0.0 -0.0 -0.0 -0.0 -0.0 -0.0 -0.0 -0.0 -0.0 -0.0 -0.0 -0.0 -0.0 -0.0 -0.0 -0.0 -0.0 -0.0 -0.0 -0.0 -0.0 -0.0 -0.0 -0.0 -0.0 -0.0 -0.0 -0.0 -0.0 -0.0 -0.0 -0.0 -0.0 -0.0 -0.0 -0.0 -0.0 -0.0 -0.0 -0.0 -0.0 -0.0 -0.0 -0.0 
-0.0 -0.0 -0.0 -0.0 -0.0 -0.0 -0.0 -0.0 -0.0 -0.0 -0.0 -0.0 -0.0 -0.0 -0.0 -0.0 -0.0 -0.0 -0.0 -0.0 -0.0 -0.0 -0.0 -0.0 -0.0 -0.0 -0.0 -0.0 -0.0 -0.0 -0.0 -0.0 -0.0 -0.0 -0.0 -0.0 -0.0 -0.0 -0.0 -0.0 -0.0 -0.0 -0.0 -0.0 -0.0 -0.0 -0.0 -0.0 -0.0 -0.0 -0.0 -0.0 -0.0 -0.0 -0.0 -0.0 -0.0 -0.0 -0.0 -0.0 -0.0 -0.0 -0.0 -0.0 -0.0 -0.0 -0.0 -0.0 -0.0 -0.0 -0.0 -0.0 -0.0 -0.0 -0.0 -0.0 -0.0 -0.0 -0.0 -0.0 -0.0 -0.0 -0.0 -0.0 -0.0 -0.0 -0.0 -0.0 -0.0 -0.0 -0.0 -0.0 -0.0 -0.0 -0.0 -0.0 -0.0 -0.0 -0.0 -0.0 
-0.0 -0.0 -0.0 -0.0 -0.0 -0.0 -0.0 -0.0 -0.0 -0.0 -0.0 -0.0 -0.0 -0.0 -0.0 -0.0 -0.0 -0.0 -0.0 -0.0 -0.0 -0.0 -0.0 -0.0 -0.0 -0.0 -0.0 -0.0 -0.0 -0.0 -0.0 -0.0 -0.0 -0.0 -0.0 -0.0 -0.0 -0.0 -0.0 -0.0 -0.0 -0.0 -0.0 -0.0 -0.0 -0.0 -0.0 -0.0 -0.0 -0.0 -0.0 -0.0 -0.0 -0.0 -0.0 -0.0 -0.0 -0.0 -0.0 -0.0 -0.0 -0.0 -0.0 -0.0 -0.0 -0.0 -0.0 -0.0 -0.0 -0.0 -0.0 -0.0 -0.0 -0.0 -0.0 -0.0 -0.0 -0.0 -0.0 -0.0 -0.0 -0.0 -0.0 -0.0 -0.0 -0.0 -0.0 -0.0 -0.0 -0.0 -0.0 -0.0 -0.0 -0.0 -0.0 -0.0 -0.0 -0.0 -0.0 -0.0 
-0.0 -0.0 -0.0 -0.0 -0.0 -0.0 -0.0 -0.0 -0.0 -0.0 -0.0 -0.0 -0.0 -0.0 -0.0 -0.0 -0.0 -0.0 -0.0 -0.0 -0.0 -0.0 -0.0 -0.0 -0.0 -0.0 -0.0 -0.0 -0.0 -0.0 -0.0 -0.0 -0.0 -0.0 -0.0 -0.0 -0.0 -0.0 -0.0 -0.0 -0.0 -0.0 -0.0 -0.0 -0.0 -0.0 -0.0 -0.0 -0.0 -0.0 -0.0 -0.0 -0.0 -0.0 -0.0 -0.0 -0.0 -0.0 -0.0 -0.0 -0.0 -0.0 -0.0 -0.0 -0.0 -0.0 -0.0 -0.0 -0.0 -0.0 -0.0 -0.0 -0.0 -0.0 -0.0 -0.0 -0.0 -0.0 -0.0 -0.0 -0.0 -0.0 -0.0 -0.0 -0.0 -0.0 -0.0 -0.0 -0.0 -0.0 -0.0 -0.0 -0.0 -0.0 -0.0 -0.0 -0.0 -0.0 -0.0 -0.0 
-0.0 -0.0 -0.0 -0.0 -0.0 -0.0 -0.0 -0.0 -0.0 -0.0 -0.0 -0.0 -0.0 -0.0 -0.0 -0.0 -0.0 -0.0 -0.0 -0.0 -0.0 -0.0 -0.0 -0.0 -0.0 -0.0 -0.0 -0.0 -0.0 -0.0 -0.0 -0.0 -0.0 -0.0 -0.0 -0.0 -0.0 -0.0 -0.0 -0.0 -0.0 -0.0 -0.0 -0.0 -0.0 -0.0 -0.0 -0.0 -0.0 -0.0 -0.0 -0.0 -0.0 -0.0 -0.0 -0.0 -0.0 -0.0 -0.0 -0.0 -0.0 -0.0 -0.0 -0.0 -0.0 -0.0 -0.0 -0.0 -0.0 -0.0 -0.0 -0.0 -0.0 -0.0 -0.0 -0.0 -0.0 -0.0 -0.0 -0.0 -0.0 -0.0 -0.0 -0.0 -0.0 -0.0 -0.0 -0.0 -0.0 -0.0 -0.0 -0.0 -0.0 -0.0 -0.0 -0.0 -0.0 -0.0 -0.0 -0.0 
-0.0 -0.0 -0.0 -0.0 -0.0 -0.0 -0.0 -0.0 -0.0 -0.0 -0.0 -0.0 -0.0 -0.0 -0.0 -0.0 -0.0 -0.0 -0.0 -0.0 -0.0 -0.0 -0.0 -0.0 -0.0 -0.0 -0.0 -0.0 -0.0 -0.0 -0.0 -0.0 -0.0 -0.0 -0.0 -0.0 -0.0 -0.0 -0.0 -0.0 -0.0 -0.0 -0.0 -0.0 -0.0 -0.0 -0.0 -0.0 -0.0 -0.0 -0.0 -0.0 -0.0 -0.0 -0.0 -0.0 -0.0 -0.0 -0.0 -0.0 -0.0 -0.0 -0.0 -0.0 -0.0 -0.0 -0.0 -0.0 -0.0 -0.0 -0.0 -0.0 -0.0 -0.0 -0.0 -0.0 -0.0 -0.0 -0.0 -0.0 -0.0 -0.0 -0.0 -0.0 -0.0 -0.0 -0.0 -0.0 -0.0 -0.0 -0.0 -0.0 -0.0 -0.0 -0.0 -0.0 -0.0 -0.0 -0.0 -0.0 
-0.0 -0.0 -0.0 -0.0 -0.0 -0.0 -0.0 -0.0 -0.0 -0.0 -0.0 -0.0 -0.0 -0.0 -0.0 -0.0 -0.0 -0.0 -0.0 -0.0 -0.0 -0.0 -0.0 -0.0 -0.0 -0.0 -0.0 -0.0 -0.0 -0.0 -0.0 -0.0 -0.0 -0.0 -0.0 -0.0 -0.0 -0.0 -0.0 -0.0 -0.0 -0.0 -0.0 -0.0 -0.0 -0.0 -0.0 -0.0 -0.0 -0.0 -0.0 -0.0 -0.0 -0.0 -0.0 -0.0 -0.0 -0.0 -0.0 -0.0 -0.0 -0.0 -0.0 -0.0 -0.0 -0.0 -0.0 -0.0 -0.0 -0.0 -0.0 -0.0 -0.0 -0.0 -0.0 -0.0 -0.0 -0.0 -0.0 -0.0 -0.0 -0.0 -0.0 -0.0 -0.0 -0.0 -0.0 -0.0 -0.0 -0.0 -0.0 -0.0 -0.0 -0.0 -0.0 -0.0 -0.0 -0.0 -0.0 -0.0 
-0.0 -0.0 -0.0 -0.0 -0.0 -0.0 -0.0 -0.0 -0.0 -0.0 -0.0 -0.0 -0.0 -0.0 -0.0 -0.0 -0.0 -0.0 -0.0 -0.0 -0.0 -0.0 -0.0 -0.0 -0.0 -0.0 -0.0 -0.0 -0.0 -0.0 -0.0 -0.0 -0.0 -0.0 -0.0 -0.0 -0.0 -0.0 -0.0 -0.0 -0.0 -0.0 -0.0 -0.0 -0.0 -0.0 -0.0 -0.0 -0.0 -0.0 -0.0 -0.0 -0.0 -0.0 -0.0 -0.0 -0.0 -0.0 -0.0 -0.0 -0.0 -0.0 -0.0 -0.0 -0.0 -0.0 -0.0 -0.0 -0.0 -0.0 -0.0 -0.0 -0.0 -0.0 -0.0 -0.0 -0.0 -0.0 -0.0 -0.0 -0.0 -0.0 -0.0 -0.0 -0.0 -0.0 -0.0 -0.0 -0.0 -0.0 -0.0 -0.0 -0.0 -0.0 -0.0 -0.0 -0.0 -0.0 -0.0 -0.0 
-0.0 -0.0 -0.0 -0.0 -0.0 -0.0 -0.0 -0.0 -0.0 -0.0 -0.0 -0.0 -0.0 -0.0 -0.0 -0.0 -0.0 -0.0 -0.0 -0.0 -0.0 -0.0 -0.0 -0.0 -0.0 -0.0 -0.0 -0.0 -0.0 -0.0 -0.0 -0.0 -0.0 -0.0 -0.0 -0.0 -0.0 -0.0 -0.0 -0.0 -0.0 -0.0 -0.0 -0.0 -0.0 -0.0 -0.0 -0.0 -0.0 -0.0 -0.0 -0.0 -0.0 -0.0 -0.0 -0.0 -0.0 -0.0 -0.0 -0.0 -0.0 -0.0 -0.0 -0.0 -0.0 -0.0 -0.0 -0.0 -0.0 -0.0 -0.0 -0.0 -0.0 -0.0 -0.0 -0.0 -0.0 -0.0 -0.0 -0.0 -0.0 -0.0 -0.0 -0.0 -0.0 -0.0 -0.0 -0.0 -0.0 -0.0 -0.0 -0.0 -0.0 -0.0 -0.0 -0.0 -0.0 -0.0 -0.0 -0.0 
