0.0 0.0 0.0 0.0 0.0 0.0 0.0 0.0 0.0 0.0 0.0 0.0 0.0 0.0 0.0 0.0 0.0 0.0 0.0 0.0 0.0 0.0 0.0 0.0 0.0 0.0 0.0 0.0 0.0 0.0 0.0 0.0 0.0 0.0 0.0 0.0 0.0 0.0 0.0 0.0 0.0 0.0 0.0 0.0 0.0 0.0 0.0 0.0 0.0 0.0 0.0 0.0 0.0 0.0 0.0 0.0 0.0 0.0 0.0 0.0 0.0 0.0 0.0 0.0 0.0 0.0 0.0 0.0 0.0 0.0 0.0 0.0 0.0 0.0 0.0 0.0 0.0 0.0 0.0 0.0 0.0 0.0 0.0 0.0 0.0 0.0 0.0 0.0 0.0 0.0 0.0 0.0 0.0 0.0 0.0 0.0 0.0 0.0 0.0 0.0 
0.0 0.0 0.0 0.0 0.0 0.0 0.0 0.0 0.0 0.0 0.0 0.0 0.0 0.0 0.0 0.0 0.0 0.0 0.0 0.0 0.0 0.0 0.0 0.0 0.0 0.0 0.0 0.0 0.0 0.0 0.0 0.0 0.0 0.0 0.0 0.0 0.0 0.0 0.0 0.0 0.0 0.0 0.0 0.0 0.0 0.0 0.0 0.0 0.0 0.0 0.0 0.0 9.119484999688476e-18 -3.976231127928532e-18 1.5262509214454552e-18 7.613447800138845e-17 2.4711379974977637e-15 4.322634709415054e-14 6.275110134674988e-13 7.54212177807036e-12 7.256633654380859e-11 5.494623791508011e-10 3.2506798862721955e-9 1.4987569140273775e-8 5.3816624387155914e-8 1.5050339336908185e-7 3.276590594130304e-7 5.557154529849541e-7 7.358741872855921e-7 7.64213050724735e-7 6.286607209216405e-7 4.201835707036215e-7 2.436718483000393e-7 1.406801302026522e-7 9.482294899132965e-8 7.917128446318532e-8 8.320714285960859e-8 1.0541715374220644e-7 1.3514487432742856e-7 1.503584750704134e-7 1.354289244631377e-7 9.63649226539433e-8 5.372460983454143e-8 2.341484330224315e-8 7.978572451680027e-9 2.128514247389691e-9 4.461145494035073e-10 7.397694329863519e-11 9.834291928708113e-12 1.0759161575226048e-12 1.0822202101009435e-13 1.93064890586175e-14 1.0512142207407778e-14 6.469092301711075e-15 3.326094895641933e-15 1.2819736146997256e-15 1.8150949418736562e-16 -1.2539670383525363e-17 -5.63128721455409e-19 0.0 
0.0 0.0 0.0 0.0 0.0 0.0 0.0 0.0 0.0 0.0 0.0 0.0 0.0 0.0 0.0 0.0 0.0 0.0 0.0 0.0 0.0 0.0 0.0 0.0 0.0 0.0 0.0 0.0 0.0 0.0 0.0 0.0 0.0 0.0 0.0 0.0 0.0 0.0 0.0 0.0 0.0 0.0 0.0 0.0 0.0 0.0 0.0 0.0 0.0 0.0 0.0 0.0 1.1938694692293286e-17 -5.116932579701597e-18 6.039918714847031e-18 2.3920940917213712e-16 9.22167118491894e-15 1.9729484251196985e-13 3.2427988014278426e-12 4.1245304749133113e-11 4.055747987703597e-10 3.085910130172958e-9 1.8191783665332146e-8 8.318607160959384e-8 2.9530693820956307e-7 8.142973330228177e-7 1.7436404043740427e-6 2.9018082850125892e-6 3.7628580315454036e-6 3.820691312338938e-6 3.0663845878519725e-6 1.9803955572128183e-6 1.063279449956193e-6 5.004838491613084e-7 2.2224689155950896e-7 1.0144005051999088e-7 5.247989906162557e-8 3.4089335594841685e-8 2.8138659721544512e-8 2.5530459795749845e-8 2.167728353335341e-8 1.5921608479273174e-8 9.949572205531209e-9 5.338289454267259e-9 2.479143415672748e-9 9.889829893614204e-10 3.314722519026475e-10 9.093636753428968e-11 1.998289643826813e-11 3.4664073543498077e-12 4.712480568611012e-13 5.0338048952961065e-14 4.4759441296105575e-15 2.551686713478242e-16 1.3674046545522827e-17 -2.2663128430289363e-18 4.046904260926679e-18 5.169156056182515e-21 1.973542746581654e-22 0.0 
0.0 0.0 0.0 0.0 0.0 0.0 0.0 0.0 0.0 0.0 0.0 0.0 0.0 0.0 0.0 0.0 0.0 0.0 0.0 0.0 0.0 0.0 0.0 0.0 0.0 0.0 0.0 0.0 0.0 0.0 0.0 0.0 0.0 0.0 0.0 0.0 0.0 0.0 0.0 0.0 0.0 0.0 0.0 0.0 0.0 0.0 0.0 0.0 0.0 0.0 0.0 0.0 1.647347715387765e-17 -7.175504038815409e-18 -1.834471329949343e-17 1.7886870594100378e-15 4.7333425784245413e-14 9.743322484455342e-13 1.5851860407167223e-11 2.0081123246488656e-10 1.9711947229105918e-9 1.4986063186370978e-8 8.830958949135385e-8 4.037588498204849e-7 1.433493034762947e-6 3.95484738013827e-6 8.47914832049132e-6 1.4149485862820858e-5 1.8449879110467245e-5 1.894060822382292e-5 1.5527149050719896e-5 1.0426148845961731e-5 5.97521056921027e-6 3.0897038795791745e-6 1.5295693272800381e-6 7.645536571705304e-7 4.0465293322995786e-7 2.3666554399038268e-7 1.5789166492555435e-7 1.187340051481095e-7 9.396343499822861e-8 7.288200147698087e-8 5.290114016643753e-8 3.4470132834793096e-8 1.9260954259676963e-8 8.86692248037389e-9 3.271726896771505e-9 9.519181030740525e-10 2.1642764887774578e-10 3.8273479155806524e-11 5.257823276734854e-12 5.628002659184295e-13 4.727898952689204e-14 2.9303166822926085e-15 8.404070414375768e-17 2.3997463263048916e-18 2.617537339057126e-19 -9.25247506884174e-19 -4.3126193728843863e-20 0.0 
0.0 0.0 0.0 0.0 0.0 0.0 0.0 0.0 0.0 0.0 0.0 0.0 0.0 0.0 0.0 0.0 0.0 0.0 0.0 0.0 0.0 0.0 0.0 0.0 0.0 0.0 0.0 0.0 0.0 0.0 0.0 0.0 0.0 0.0 0.0 0.0 0.0 0.0 0.0 0.0 0.0 0.0 0.0 0.0 0.0 0.0 0.0 0.0 0.0 0.0 0.0 0.0 2.3843138610712893e-17 -8.67638898822314e-18 6.161898240693397e-16 1.1878287087173495e-14 2.224960565124904e-13 4.024089731197096e-12 6.221931265950442e-11 7.723974156524777e-10 7.51906152218528e-9 5.6961215666451765e-8 3.351604415087137e-7 1.5316977725239958e-6 5.439727400890597e-6 1.5025103373440907e-5 3.229581859478202e-5 5.416575012470424e-5 7.131688821465435e-5 7.456848559287566e-5 6.321331028329265e-5 4.494925187913694e-5 2.8101422374898035e-5 1.6240179284692835e-5 9.039802733223586e-6 5.018206361721546e-6 2.8865179675260683e-6 1.7935931002469764e-6 1.246213549433939e-6 9.604853486024602e-7 7.726365159558158e-7 6.087426898778566e-7 4.4905516835215826e-7 2.966638237515864e-7 1.6735955049299633e-7 7.749109293791362e-8 2.868693384437945e-8 8.362916572461028e-9 1.904141157216551e-9 3.372596844808495e-10 4.644008055653933e-11 4.99194508890618e-12 4.2211518615434847e-13 2.7864552985275354e-14 1.4448881623127037e-15 1.0193578418078713e-16 6.111269258176091e-19 -2.3086066856797596e-18 -1.7195457109146581e-19 0.0 
0.0 0.0 0.0 0.0 0.0 0.0 0.0 0.0 0.0 0.0 0.0 0.0 0.0 0.0 0.0 0.0 0.0 0.0 0.0 0.0 0.0 0.0 0.0 0.0 0.0 0.0 0.0 0.0 0.0 0.0 0.0 0.0 0.0 0.0 0.0 0.0 0.0 0.0 0.0 0.0 0.0 0.0 0.0 0.0 0.0 0.0 0.0 0.0 0.0 0.0 0.0 0.0 4.8515801621715506e-17 8.185489204305175e-16 1.0354944411516567e-14 1.1679871266570755e-13 1.348058670817209e-12 1.6938480265551983e-11 2.1536571959807605e-10 2.449488825571108e-9 2.297506932215066e-8 1.712977760113304e-7 1.0009358201709426e-6 4.5613211037568306e-6 1.6190477087107666e-5 4.478276605493784e-5 9.664045713124472e-5 0.00016341382392620848 0.00021855263212620387 0.00023517164352806634 0.00020948720747299672 0.00016090128044159141 0.00011144178905587178 7.205639763379591e-5 4.450082873557244e-5 2.6947936275973314e-5 1.6613036720293278e-5 1.0888340954728455e-5 7.857439275778024e-6 6.195249432051249e-6 5.0527906875214825e-6 4.029885136291501e-6 3.0094675311883177e-6 2.008675742702419e-6 1.1411377449526189e-6 5.306279820802061e-7 1.9695319998881643e-7 5.753103236489888e-8 1.3128222768987828e-8 2.3331731457400243e-9 3.232176013416709e-10 3.5134070860658146e-11 3.032632897671923e-12 2.088506164963203e-13 1.1724110230020338e-14 6.513740067946588e-16 3.2283463654459656e-18 -3.583946585713149e-18 -7.757773665133543e-19 0.0 
0.0 0.0 0.0 0.0 0.0 0.0 0.0 0.0 0.0 0.0 0.0 0.0 0.0 0.0 0.0 0.0 0.0 0.0 0.0 0.0 0.0 0.0 0.0 0.0 0.0 0.0 0.0 0.0 0.0 0.0 0.0 0.0 0.0 0.0 0.0 0.0 0.0 0.0 0.0 0.0 0.0 0.0 0.0 0.0 0.0 0.0 0.0 0.0 0.0 0.0 0.0 0.0 1.080648900733199e-15 1.3956867210276703e-14 1.531197218879921e-13 1.4450505601388993e-12 1.2327612160051762e-11 1.0162931355632082e-10 8.628219431595507e-10 7.491426151495647e-9 6.099660606657036e-8 4.2563642728509287e-7 2.413297516495513e-6 1.084989829826022e-5 3.8310364546405084e-5 0.00010597307919630511 0.00022990090276964935 0.000393676724999545 0.0005394737073210029 0.0006058839036350264 0.0005777364724373063 0.0004872874316028219 0.0003755388050944805 0.0002687940929530754 0.0001810045837832787 0.0001177527710738845 7.70282377910724e-5 5.293847114255036e-5 3.947222054642999e-5 3.165059924125075e-5 2.6032638042905644e-5 2.0937520337371483e-5 1.5791550006428122e-5 1.0634651743603246e-5 6.080538413546186e-6 2.8395712855295733e-6 1.0573895822639108e-6 3.099328273688476e-7 7.108354257137199e-8 1.2744659911766644e-8 1.7941851698406116e-9 2.0085645498503433e-10 1.826226965420148e-11 1.3726113641126628e-12 8.773130187036467e-14 5.017647443226584e-15 1.2639583207395208e-16 -6.601899112923303e-18 -4.542768925223796e-18 0.0 
0.0 0.0 0.0 0.0 0.0 0.0 0.0 0.0 0.0 0.0 0.0 0.0 0.0 0.0 0.0 0.0 0.0 0.0 0.0 0.0 0.0 0.0 0.0 0.0 0.0 0.0 0.0 0.0 0.0 0.0 0.0 0.0 0.0 0.0 0.0 0.0 0.0 0.0 0.0 0.0 0.0 0.0 0.0 0.0 0.0 0.0 0.0 0.0 0.0 0.0 0.0 0.0 1.5980095848759417e-14 1.8742137656919884e-13 1.9221913455857255e-12 1.661587169568453e-11 1.2413597418387164e-10 8.230305912947903e-10 5.031799760393957e-9 2.985277824543745e-8 1.767252599066004e-7 1.007026144495248e-6 5.121900247466866e-6 2.182150052030492e-5 7.514957418151416e-5 0.00020608156335705585 0.0004486483387963635 0.0007811488808250381 0.0011077634360767636 0.0013179720102236088 0.001365080010390508 0.0012707927157605459 0.0010796514239515128 0.0008406762279174705 0.0006074265757195286 0.0004199807937180014 0.0002898137698623339 0.00020806429158105557 0.0001594351912295723 0.00012904634586850008 0.00010625183212420663 8.569463692355823e-5 6.505044591666439e-5 4.412409358046686e-5 2.5380047900752047e-5 1.1911077654383845e-5 4.458679145824095e-6 1.3167213196685146e-6 3.0586333506428804e-7 5.610815863318967e-8 8.229264004737083e-9 9.881458699094772e-10 1.0025670854013616e-10 8.769021736251261e-12 6.680008716109209e-13 4.3978920149158045e-14 2.365616930491772e-15 3.6932406601460165e-17 3.1174112802734573e-16 0.0 
0.0 0.0 0.0 0.0 0.0 0.0 0.0 0.0 0.0 0.0 0.0 0.0 0.0 0.0 0.0 0.0 0.0 0.0 0.0 0.0 0.0 0.0 0.0 0.0 0.0 0.0 0.0 0.0 0.0 0.0 0.0 0.0 0.0 0.0 0.0 0.0 0.0 0.0 0.0 0.0 0.0 0.0 0.0 0.0 0.0 0.0 0.0 0.0 0.0 0.0 0.0 0.0 1.8653406453435495e-13 2.0617100524142152e-12 1.9909892993478704e-11 1.6089196669463473e-10 1.1068839735626242e-9 6.580469241109485e-9 3.435454594410221e-8 1.6114151148242838e-7 7.021284451024992e-7 2.9341256181812692e-6 1.1740803601595003e-5 4.300674847622044e-5 0.0001362481906160692 0.0003588556086095784 0.00077237143110202 0.0013620839155423978 0.002005829464949014 0.00254207146217707 0.002858545186838822 0.002902121703134616 0.002665588429769838 0.0022176568944567675 0.0016990334818170055 0.0012408661924273748 0.0009007935893684009 0.0006734959187797302 0.000526944487786545 0.00042641940703150793 0.0003479110088776944 0.0002790542693939478 0.0002120836483389042 0.00014455859057992717 8.36519303824778e-5 3.95474905307174e-5 1.4964302073941376e-5 4.500193336314403e-6 1.0793021517831693e-6 2.0927023608703716e-7 3.3600443345580584e-8 4.605399746236745e-9 5.509927034324734e-10 5.7200270631374096e-11 5.046756382992837e-12 3.68347353172143e-13 2.1711812453221825e-14 1.2036791588994087e-15 4.0393734188198524e-15 0.0 
0.0 0.0 0.0 0.0 0.0 0.0 0.0 0.0 0.0 0.0 0.0 0.0 0.0 0.0 0.0 0.0 0.0 0.0 0.0 0.0 0.0 0.0 0.0 0.0 0.0 0.0 0.0 0.0 0.0 0.0 0.0 0.0 0.0 0.0 0.0 0.0 0.0 0.0 0.0 0.0 0.0 0.0 0.0 0.0 0.0 0.0 0.0 0.0 0.0 0.0 0.0 0.0 1.8049960715806309e-12 1.871312537919668e-11 1.6980345989566167e-10 1.288089645476762e-9 8.26401085941138e-9 4.53413250315456e-8 2.1529780871987003e-7 8.95676193196675e-7 3.3111831244521262e-6 1.1109386184964693e-5 3.4666225692506726e-5 0.00010150769207246634 0.00027309502149151674 0.0006501490616682318 0.0013294616296987277 0.00231576870528184 0.0034787994008547603 0.004612570169976473 0.005502120203016981 0.0059332479978771785 0.005760386951979738 0.0050475807189257465 0.004072058857031756 0.003133109183772598 0.0023882832520399533 0.0018511035631733124 0.0014659259184059915 0.0011721672633142445 0.0009353101935146489 0.0007373009487564017 0.0005566430125322243 0.00038008881481707525 0.00022161297287073733 0.00010625182597290284 4.121241497251265e-5 1.2939714774872253e-5 3.335048966008754e-6 7.223185100077382e-7 1.346340318999286e-7 2.184069785513744e-8 3.055472197733355e-9 3.585523213775786e-10 3.4413080363166114e-11 2.6497682112050856e-12 1.617214210478647e-13 1.0407442522381602e-14 4.329659706822227e-14 0.0 
0.0 0.0 0.0 0.0 0.0 0.0 0.0 0.0 0.0 0.0 0.0 0.0 0.0 0.0 0.0 0.0 0.0 0.0 0.0 0.0 0.0 0.0 0.0 0.0 0.0 0.0 0.0 0.0 0.0 0.0 0.0 0.0 0.0 0.0 0.0 0.0 0.0 0.0 0.0 0.0 0.0 0.0 0.0 0.0 0.0 0.0 0.0 0.0 0.0 0.0 0.0 0.0 1.4640357922631245e-11 1.4151471038748966e-10 1.2002180945888984e-9 8.53344600010679e-9 5.121470724383472e-8 2.6139851485672164e-7 1.146951190412211e-6 4.378121751670944e-6 1.4681743471199133e-5 4.368881695585499e-5 0.00011709281224091997 0.0002876818811263069 0.0006533132936418333 0.0013580468784138296 0.002534068211752869 0.004196408740746298 0.006197530880349452 0.008281308218783368 0.010109350278988516 0.011248538526223163 0.011333273489356872 0.010368378378449613 0.008780720078496652 0.007103836421163226 0.0056593725374036365 0.004506537969282356 0.003571589837164079 0.0027876883299595367 0.002145021152721625 0.0016376738363692506 0.0012150652796648583 0.0008282339968471581 0.000489107144650385 0.00024160055981455687 9.891783606718989e-5 3.3904100102131404e-5 9.914201692798465e-6 2.5091623389020478e-6 5.487109730917149e-7 1.0194183331044393e-7 1.573555097040203e-8 1.971211757627904e-9 1.9738441428298265e-10 1.5644050545077834e-11 9.765201064779963e-13 7.345749024013473e-14 3.91912085456655e-13 0.0 
0.0 0.0 0.0 0.0 0.0 0.0 0.0 0.0 0.0 0.0 0.0 0.0 0.0 0.0 0.0 0.0 0.0 0.0 0.0 0.0 0.0 0.0 0.0 0.0 0.0 0.0 0.0 0.0 0.0 0.0 0.0 0.0 0.0 0.0 0.0 0.0 0.0 0.0 0.0 0.0 0.0 0.0 0.0 0.0 0.0 0.0 0.0 0.0 0.0 0.0 0.0 0.0 9.985505696430488e-11 8.986706136913381e-10 7.092415306264906e-9 4.708764658715431e-8 2.6418939178646623e-7 1.2576265082418119e-6 5.124339035028193e-6 1.8098818427245224e-5 5.603929147406736e-5 0.00015335853771977024 0.0003740317070314417 0.0008230137677325973 0.0016560250277470184 0.0030670610072484976 0.005209832428942542 0.008076058498728604 0.011461175917604382 0.015035536837566948 0.018332952967000597 0.02068015386314888 0.021415790016619272 0.020376621076367226 0.018072591256274556 0.015293170353883084 0.012599303321818352 0.010167644888127336 0.00797158035287937 0.006024104335376834 0.0044300021252746775 0.003234817867642093 0.0023317875140124924 0.0015826060408085261 0.0009574589408679972 0.0005008784009935759 0.00022561733045055625 8.815483130074222e-5 2.993190309309857e-5 8.721377311934684e-6 2.1325500138435283e-6 4.2825292555295667e-7 6.956791448278394e-8 9.021266051289204e-9 9.269779616038664e-10 7.513279957927888e-11 4.800675781073773e-12 4.454874554009828e-13 2.9580156472565007e-12 0.0 
0.0 0.0 0.0 0.0 0.0 0.0 0.0 0.0 0.0 0.0 0.0 0.0 0.0 0.0 0.0 0.0 0.0 0.0 0.0 0.0 0.0 0.0 0.0 0.0 0.0 0.0 0.0 0.0 0.0 0.0 0.0 0.0 0.0 0.0 0.0 0.0 0.0 0.0 0.0 0.0 0.0 0.0 0.0 0.0 0.0 0.0 0.0 0.0 0.0 0.0 0.0 0.0 5.69525795002624e-10 4.7986815406106785e-9 3.5253457648484356e-8 2.1804059827495294e-7 1.1415921525931858e-6 5.0712066297475685e-6 1.923537061682083e-5 6.305926118153012e-5 0.00018111219610887457 0.0004604995010221079 0.001043890685237928 0.0021263517399918615 0.003937071532291834 0.006707134733872798 0.010590264747869522 0.015546190861325552 0.021311661817456154 0.027469407860961255 0.033389965579492226 0.038085173074412906 0.04044471605569198 0.03990923597228771 0.03686894964954547 0.03231416541182096 0.027163538425921726 0.02193410717158898 0.01689756937909333 0.012371744184694281 0.008721540474348529 0.006079627801890066 0.004231743748295402 0.0028595806922098272 0.0017977768174826047 0.00102229249258382 0.0005182544617530065 0.00023060086970986003 8.795699598560001e-5 2.8004274353117486e-5 7.280084589804169e-6 1.5238985474404532e-6 2.5511905883286325e-7 3.3929390512229574e-8 3.573717891596383e-9 2.9768949418968824e-10 1.9683098111852786e-11 2.350199688667049e-12 1.8342616192677877e-11 0.0 
0.0 0.0 0.0 0.0 0.0 0.0 0.0 0.0 0.0 0.0 0.0 0.0 0.0 0.0 0.0 0.0 0.0 0.0 0.0 0.0 0.0 0.0 0.0 0.0 0.0 0.0 0.0 0.0 0.0 0.0 0.0 0.0 0.0 0.0 0.0 0.0 0.0 0.0 0.0 0.0 0.0 0.0 0.0 0.0 0.0 0.0 0.0 0.0 0.0 0.0 0.0 0.0 2.683870683704878e-9 2.1405852409979338e-8 1.4737659910852846e-7 8.510565088476394e-7 4.158663933085035e-6 1.7250470122644257e-5 6.104217939813283e-5 0.00018626499981436542 0.0004975106753179715 0.001179740384609072 0.0025073908758814272 0.0048081998792193405 0.008392659333478701 0.01350880896732073 0.02032296735749787 0.028854271776094242 0.03888656840252944 0.04990829855814119 0.06096835190378744 0.07050721810155222 0.07662835930901471 0.07794890537314589 0.07432588501662897 0.0667639815550092 0.05672687419974687 0.04559020113405601 0.034556789395983174 0.024731920725785506 0.016941391990333638 0.011394411141276959 0.007678303868039199 0.005165500221154135 0.00338521604426265 0.0020900233545388613 0.0011693764731015633 0.000569192530775047 0.00023258516144748548 7.776502054325954e-5 2.0946712667865116e-5 4.512663900689502e-6 7.762874292078734e-7 1.0632911916409872e-7 1.1595926961266305e-8 1.0083456385305171e-9 7.049793753881376e-11 1.0762758520333587e-11 9.208003767088258e-11 0.0 
0.0 0.0 0.0 0.0 0.0 0.0 0.0 0.0 0.0 0.0 0.0 0.0 0.0 0.0 0.0 0.0 0.0 0.0 0.0 0.0 0.0 0.0 0.0 0.0 0.0 0.0 0.0 0.0 0.0 0.0 0.0 0.0 0.0 0.0 0.0 0.0 0.0 0.0 0.0 0.0 0.0 0.0 0.0 0.0 0.0 0.0 0.0 0.0 0.0 0.0 0.0 0.0 1.0307578904203476e-8 7.884791874949987e-8 5.146928345546168e-7 2.797161054723256e-6 1.2815420614071528e-5 4.980140253643873e-5 0.0001650223757161841 0.0004707954597038941 0.0011742585862474677 0.0026066472047799596 0.005225451187496298 0.009546031751274697 0.01601540756445056 0.02496664906223785 0.036712234546221044 0.05154315579499097 0.0694383786917401 0.08967199929319337 0.11056612686688755 0.12945981375137966 0.14309800174825155 0.14863286247645546 0.14476316564867847 0.13217079667058157 0.11309845122054402 0.09063782049480437 0.0680645116587219 0.0481427933188996 0.03248475015827576 0.02134406216200804 0.013991072735484217 0.009315231068177433 0.006263454544723327 0.004083462150110791 0.002427309633394804 0.0012437946849234455 0.0005288741929805557 0.00018261505713314895 5.06709222068443e-5 1.1264635970000626e-5 2.0096711355850774e-6 2.87757037088463e-7 3.31508345492596e-8 3.0834014706964018e-9 2.340087578571255e-10 4.224532066958949e-11 3.698281453390373e-10 0.0 
0.0 0.0 0.0 0.0 0.0 0.0 0.0 0.0 0.0 0.0 0.0 0.0 0.0 0.0 0.0 0.0 0.0 0.0 0.0 0.0 0.0 0.0 0.0 0.0 0.0 0.0 0.0 0.0 0.0 0.0 0.0 0.0 0.0 0.0 0.0 0.0 0.0 0.0 0.0 0.0 0.0 0.0 0.0 0.0 0.0 0.0 0.0 0.0 0.0 0.0 0.0 0.0 3.1900669093653626e-8 2.3697348954055503e-7 1.4865500055487184e-6 7.69623181966712e-6 3.338341274786511e-5 0.0001224752275562287 0.0003828094440772744 0.0010291420680096008 0.0024161539302647627 0.005057324513806777 0.009636105606403093 0.016962954634650303 0.027843164254711547 0.043018781540915145 0.0633079626867442 0.08954757335018962 0.1219007238848429 0.15896972326140962 0.19752197428689727 0.23285572471052332 0.25948413525278624 0.27231880252702084 0.2682684745624285 0.24737717379601845 0.21295462037855722 0.17088038651044976 0.1280544781987602 0.0902128709553481 0.060383916942044286 0.03898217146408906 0.024870683478192275 0.01620025768547548 0.010899518336475653 0.007264789398998791 0.004451018668893279 0.002350565368976894 0.0010293826501427009 0.00036682178194091396 0.00010559292561540751 2.454548454734155e-5 4.624124393958559e-6 7.071299266504974e-7 8.801251310432554e-8 8.932787278776643e-9 7.445358513346928e-10 1.4008533711803288e-10 1.1794412211525774e-9 0.0 
0.0 0.0 0.0 0.0 0.0 0.0 0.0 0.0 0.0 0.0 0.0 0.0 0.0 0.0 0.0 0.0 0.0 0.0 0.0 0.0 0.0 0.0 0.0 0.0 0.0 0.0 0.0 0.0 0.0 0.0 0.0 0.0 0.0 0.0 0.0 0.0 0.0 0.0 0.0 0.0 0.0 0.0 0.0 0.0 0.0 0.0 0.0 0.0 0.0 0.0 0.0 0.0 7.906854052608272e-8 5.765177279536123e-7 3.5213543233779307e-6 1.761238436639706e-5 7.33099891797352e-5 0.0002570518650333012 0.0007667851725278017 0.0019666007375620234 0.004403586690152437 0.008805887336910024 0.016148472344079984 0.02775962797229474 0.045290226846298784 0.07058154249642286 0.10559477568070035 0.15198727993304897 0.20979631384318756 0.2759953646963179 0.344332990952753 0.40643484493938814 0.4532081900150688 0.47649224137962903 0.47110202471924634 0.4365130102952899 0.37759325052326675 0.3041522645153323 0.22842375028010695 0.1608232838785607 0.10696039552241103 0.06791997684975236 0.04213216124386958 0.02657243024579473 0.017493057066616476 0.011620147362461381 0.007203005199287809 0.003888449371110732 0.0017562915308396755 0.0006516835704026948 0.00019741182226891304 4.882368096254263e-5 9.885831423313317e-6 1.6383824691142333e-6 2.2206823533620207e-7 2.4548423763528454e-8 2.215610970455645e-9 3.8862507162535794e-10 2.97819516426024e-9 0.0 
0.0 0.0 0.0 0.0 0.0 0.0 0.0 0.0 0.0 0.0 0.0 0.0 0.0 0.0 0.0 0.0 0.0 0.0 0.0 0.0 0.0 0.0 0.0 0.0 0.0 0.0 0.0 0.0 0.0 0.0 0.0 0.0 0.0 0.0 0.0 0.0 0.0 0.0 0.0 0.0 0.0 0.0 0.0 0.0 0.0 0.0 0.0 0.0 0.0 0.0 0.0 0.0 1.5716789355322557e-7 1.1353535267101335e-6 6.834395546938909e-6 3.349393900649505e-5 0.000135840806048629 0.0004622629022005102 0.0013362316176919744 0.0033221200797599096 0.007220254536184046 0.01405196512639626 0.02524444121312283 0.043026940911606235 0.07061789014803459 0.11191991724174535 0.17086842569450006 0.25021965859713646 0.3493811743514651 0.46235182981084866 0.5777154904806024 0.6808539395195236 0.7569101388260561 0.7936439750876292 0.7839018249988204 0.7272944832579015 0.6311812043498517 0.5105576823610138 0.38473797391442544 0.2708892054237962 0.17905200219258124 0.11200282490560536 0.0677094906317919 0.041220824516604866 0.026196920569376832 0.01704543346016973 0.010570483680533689 0.005821983483714957 0.0027276707852574786 0.0010647132449426325 0.000343241030154057 9.11024944747073e-5 1.988249149384763e-5 3.552721826367435e-6 5.172314407192983e-7 6.098216778102043e-8 5.808588171600406e-9 8.979673881685602e-10 5.973334752585367e-9 0.0 
0.0 0.0 0.0 0.0 0.0 0.0 0.0 0.0 0.0 0.0 0.0 0.0 0.0 0.0 0.0 0.0 0.0 0.0 0.0 0.0 0.0 0.0 0.0 0.0 0.0 0.0 0.0 0.0 0.0 0.0 0.0 0.0 0.0 0.0 0.0 0.0 0.0 0.0 0.0 0.0 0.0 0.0 0.0 0.0 0.0 0.0 0.0 0.0 0.0 0.0 0.0 0.0 2.54264340346235e-7 1.836324737040563e-6 1.1020708128212107e-5 5.364998591343131e-5 0.00021525945667135373 0.0007222740930509865 0.002055665262389013 0.005036421908288688 0.010816335328714915 0.02088590572168667 0.03743669066052851 0.06412384603341054 0.1065209681650274 0.17154979667969014 0.2659414522824632 0.39387502782174116 0.5537364345050563 0.7352561227369768 0.9194197034480727 1.0820223455247049 1.199323196899673 1.2533713068316399 1.23516793494549 1.1456627916384914 0.996242268235452 0.8086996132827551 0.6113559361080103 0.43057469536761844 0.2832672682694861 0.17528915303783452 0.10400388269140383 0.06145607331053681 0.03760168065161423 0.023729605734719463 0.014592945642960112 0.008171419638073931 0.003971763494339022 0.0016310748903674709 0.0005576909383596398 0.00015741844182903133 3.647312153723532e-5 6.886730411732925e-6 1.0525321769073065e-6 1.2931131077747558e-7 1.2724463092945123e-8 1.7266867209648996e-9 9.655335422121531e-9 0.0 
0.0 0.0 0.0 0.0 0.0 0.0 0.0 0.0 0.0 0.0 0.0 0.0 0.0 0.0 0.0 0.0 0.0 0.0 0.0 0.0 0.0 0.0 0.0 0.0 0.0 0.0 0.0 0.0 0.0 0.0 0.0 0.0 0.0 0.0 0.0 0.0 0.0 0.0 0.0 0.0 0.0 0.0 0.0 0.0 0.0 0.0 0.0 0.0 0.0 0.0 0.0 0.0 3.477709016146459e-7 2.5352668745404324e-6 1.534053090024346e-5 7.50993021520443e-5 0.00030196714580595026 0.001011855202958262 0.0028701550671325626 0.007012814173804214 0.0150710661995292 0.029262356875242753 0.05296523526197455 0.0918184075170229 0.15439736923739783 0.2513549673429206 0.39290174320397436 0.5850919187692452 0.8252847391421056 1.0981530854370514 1.375013116494858 1.6186130463839585 1.7924541269167689 1.8701729184959275 1.8403158424782906 1.7063827191074479 1.485877965167649 1.2096182026134341 0.9172538655739965 0.6469909754965653 0.42513045422155465 0.2619610713641793 0.15401683077793238 0.0892370709584635 0.05281485474255905 0.032174232328584164 0.01941384862362337 0.010921538133797207 0.005437757477767077 0.0023142982387208168 0.0008240329903199161 0.00024222563665752105 5.827599579337391e-5 1.1377678503024284e-5 1.7895772748942062e-6 2.252100414794652e-7 2.2581902430301418e-8 2.7676760286004344e-9 1.3037124809592453e-8 0.0 
0.0 0.0 0.0 0.0 0.0 0.0 0.0 0.0 0.0 0.0 0.0 0.0 0.0 0.0 0.0 0.0 0.0 0.0 0.0 0.0 0.0 0.0 0.0 0.0 0.0 0.0 0.0 0.0 0.0 0.0 0.0 0.0 0.0 0.0 0.0 0.0 0.0 0.0 0.0 0.0 0.0 0.0 0.0 0.0 0.0 0.0 0.0 0.0 0.0 0.0 0.0 0.0 4.3138400823136813e-7 3.1999081043906535e-6 1.9678670709945764e-5 9.760038498367284e-5 0.0003958235039069435 0.0013313520697267977 0.0037779538471763505 0.00923399753203977 0.019921776746594764 0.039030204518838846 0.07151228624586044 0.12540878605655362 0.2126639062128249 0.3481004798060468 0.5460665130351455 0.8152153428966216 1.1522701031798874 1.5364970482216227 1.9280720327485703 2.273881897865741 2.520947838503564 2.6311252779715426 2.5888642899696803 2.4008351272065918 2.0929580311947604 1.7079510953003134 1.2994850504886364 0.9198780036217737 0.6064841964721004 0.3747759452836428 0.22031499633390444 0.1263769589635669 0.07283322960122389 0.04273031584456722 0.024973763217235392 0.013839516001820538 0.006898182034860893 0.002969281539731614 0.0010743889493999921 0.00032134818642421987 7.86197063926227e-5 1.5587722968898227e-5 2.485525787994978e-6 3.1651886466697543e-7 3.2043499071385205e-8 3.7200117744975548e-9 1.5763408793874488e-8 0.0 
0.0 0.0 0.0 0.0 0.0 0.0 0.0 0.0 0.0 0.0 0.0 0.0 0.0 0.0 0.0 0.0 0.0 0.0 0.0 0.0 0.0 0.0 0.0 0.0 0.0 0.0 0.0 0.0 0.0 0.0 0.0 0.0 0.0 0.0 0.0 0.0 0.0 0.0 0.0 0.0 0.0 0.0 0.0 0.0 0.0 0.0 0.0 0.0 0.0 0.0 0.0 0.0 5.279970771705657e-7 3.983547050098697e-6 2.486344174749309e-5 0.00012463182445071123 0.0005080943919486415 0.0017082667130692037 0.004826452899628955 0.011742230126699518 0.025312438742581083 0.04982431391894704 0.09201015439580648 0.1624664497182918 0.2765715344160382 0.4535838641152064 0.712759536463734 1.0663599680512221 1.5109717396756994 2.0199907262389094 2.5412216053428307 3.003997269780814 3.336694450640902 3.48691112822759 3.433089171343083 3.184896288686228 2.7786059983627123 2.271867682345689 1.7348265003378203 1.2348810366417646 0.8202721953304345 0.5112700490388278 0.30249369223487876 0.17299049927109075 0.09768928283049393 0.0552312411481041 0.03096138166710137 0.01658049268749012 0.008076250159517528 0.003427718757388959 0.001229890996329057 0.00036604235500713764 8.930874234383933e-5 1.7684981425919132e-5 2.8194325139965632e-6 3.5923585681926317e-7 3.6404951524402473e-8 4.267698508706394e-9 1.8751461471336988e-8 0.0 
0.0 0.0 0.0 0.0 0.0 0.0 0.0 0.0 0.0 0.0 0.0 0.0 0.0 0.0 0.0 0.0 0.0 0.0 0.0 0.0 0.0 0.0 0.0 0.0 0.0 0.0 0.0 0.0 0.0 0.0 0.0 0.0 0.0 0.0 0.0 0.0 0.0 0.0 0.0 0.0 0.0 0.0 0.0 0.0 0.0 0.0 0.0 0.0 0.0 0.0 0.0 0.0 6.639955679589684e-7 5.035328128400853e-6 3.1531827208696134e-5 0.00015807660480961626 0.0006418552453696971 0.002140125829492795 0.005979371801532267 0.014390375600291144 0.030815034246016892 0.06061065490433137 0.11227855958260356 0.1988819884066403 0.33905628637003504 0.5565307700836133 0.8760668910883812 1.3144431325310577 1.8684450320922519 2.504854838338024 3.157984242178911 3.7392170217284404 4.158632660213475 4.349656080847145 4.2841025891195486 3.9742654950769363 3.4677694750780903 2.8390789579348468 2.1757224188369966 1.5590325826151927 1.045846342518403 0.6596405985888797 0.3942290055852139 0.22581274701174978 0.12575773142093163 0.06891940453048093 0.037053555098030655 0.01901368890000516 0.008915328687953299 0.003661513116787495 0.0012764970438186327 0.000370304262078148 8.831563593162291e-5 1.7142553746257252e-5 2.686599992180239e-6 3.37469255201954e-7 3.383115623291278e-8 4.364609467388931e-9 2.3305715455468934e-8 0.0 
0.0 0.0 0.0 0.0 0.0 0.0 0.0 0.0 0.0 0.0 0.0 0.0 0.0 0.0 0.0 0.0 0.0 0.0 0.0 0.0 0.0 0.0 0.0 0.0 0.0 0.0 0.0 0.0 0.0 0.0 0.0 0.0 0.0 0.0 0.0 0.0 0.0 0.0 0.0 0.0 0.0 0.0 0.0 0.0 0.0 0.0 0.0 0.0 0.0 0.0 0.0 0.0 8.363109243699153e-7 6.278207043300617e-6 3.891668484154785e-5 0.00019300801082232957 0.0007742052939145415 0.0025459489180268274 0.007009947843198566 0.016652127111194175 0.03536422727241124 0.06942653733025594 0.12895510094777296 0.22924633323101173 0.3917816046438613 0.6442537323573868 1.0166674275656091 1.5304977338404182 2.1829518770562197 2.9339748271589334 3.7042171770942947 4.388263238959486 4.880671487337777 5.103743389094003 5.024413374378552 4.657800293752913 4.062319379103575 3.3282503449925294 2.558517724820577 1.845162957083092 1.250141675012485 0.7980507818269604 0.4820511163282636 0.27720690566960476 0.1531691537293387 0.08214677987461717 0.04276706413970822 0.021155573368854496 0.0095599951714696 0.0037861814745530293 0.0012726649816719323 0.00035570417438861193 8.169395396076605e-5 1.5275012502969707e-5 2.30980099844152e-6 2.808292506903286e-7 2.7425684841574834e-8 4.318042526225235e-9 2.9789571880635432e-8 0.0 
0.0 0.0 0.0 0.0 0.0 0.0 0.0 0.0 0.0 0.0 0.0 0.0 0.0 0.0 0.0 0.0 0.0 0.0 0.0 0.0 0.0 0.0 0.0 0.0 0.0 0.0 0.0 0.0 0.0 0.0 0.0 0.0 0.0 0.0 0.0 0.0 0.0 0.0 0.0 0.0 0.0 0.0 0.0 0.0 0.0 0.0 0.0 0.0 0.0 0.0 0.0 0.0 1.0095187355332745e-6 7.420768194089442e-6 4.509519622820708e-5 0.00021957824672226697 0.0008656036315350861 0.0027999342352060703 0.007595140870842208 0.017837050443184867 0.037677054202290096 0.0740987963000741 0.13856542825672263 0.24820907899003383 0.42661548277022665 0.7041701711777854 1.114625029471386 1.6832534110262478 2.407947132214883 3.2430873631012767 4.0977787360579585 4.853121887930889 5.392772844505037 5.6328171886409795 5.538768802687374 5.129122442982794 4.470387827916439 3.663845736448567 2.822706379717708 2.045512845873197 1.396404239047401 0.8996583081783401 0.5479053800890277 0.31623550855131394 0.17402336454612116 0.09211122098475888 0.04698501500952315 0.022697916899938567 0.010014034853696382 0.0038718750231300832 0.0012686283668443073 0.0003445692434377452 7.66254808216212e-5 1.3833037457603064e-5 2.0191187598860653e-6 2.3808515046986261e-7 2.2901501467984445e-8 4.605780579062775e-9 3.722773171638989e-8 0.0 
0.0 0.0 0.0 0.0 0.0 0.0 0.0 0.0 0.0 0.0 0.0 0.0 0.0 0.0 0.0 0.0 0.0 0.0 0.0 0.0 0.0 0.0 0.0 0.0 0.0 0.0 0.0 0.0 0.0 0.0 0.0 0.0 0.0 0.0 0.0 0.0 0.0 0.0 0.0 0.0 0.0 0.0 0.0 0.0 0.0 0.0 0.0 0.0 0.0 0.0 0.0 0.0 1.1286207314892924e-6 8.091102481654487e-6 4.8005219637852446e-5 0.0002287024665379623 0.0008841096959221233 0.002812012502603135 0.007528593149949914 0.017548882878392052 0.03707436560084572 0.07349057746994193 0.13913426747603339 0.25226370768220585 0.43746379636641247 0.7260482457337056 1.1532240024909206 1.7462537463594194 2.503812956421272 3.377476641558106 4.269800213251657 5.054498742140817 5.610351148754869 5.8522861384531675 5.747557730455828 5.317812617534858 4.633007013308142 3.7978295898745245 2.928759958833263 2.1267548500657236 1.4566965740339284 0.942368370874034 0.575994554291831 0.33287344499217564 0.1826308905787694 0.09585107398025915 0.048266716643853964 0.023000494196197457 0.010037316952606951 0.003853409988841941 0.0012573148913608305 0.0003407469014952294 7.581686362864162e-5 1.3789445221161807e-5 2.061803519903877e-6 2.5768521269480506e-7 2.7871113742320198e-8 6.027817192746088e-9 4.344839611638111e-8 0.0 
0.0 0.0 0.0 0.0 0.0 0.0 0.0 0.0 0.0 0.0 0.0 0.0 0.0 0.0 0.0 0.0 0.0 0.0 0.0 0.0 0.0 0.0 0.0 0.0 0.0 0.0 0.0 0.0 0.0 0.0 0.0 0.0 0.0 0.0 0.0 0.0 0.0 0.0 0.0 0.0 0.0 0.0 0.0 0.0 0.0 0.0 0.0 0.0 0.0 0.0 0.0 0.0 1.1310179150389194e-6 7.932768248816491e-6 4.607297993507456e-5 0.0002152922143238132 0.0008185713634747541 0.0025705093138452166 0.006830364228811183 0.01591139220382028 0.03385883270102694 0.0680373828683597 0.13089193127396306 0.24074263280357555 0.42188880350061553 0.7048880517773342 1.1241184379632003 1.7065651409267097 2.4512372784926164 3.3101567919201154 4.186369972005895 4.9547472914299355 5.496278925992783 5.728895385903457 5.6228673885256155 5.201243245257737 4.532115461826348 3.7157983755699506 2.864881715068985 2.0787132931059755 1.4220413249163921 0.9186819981948101 0.560749970759432 0.32352081431070545 0.1769349355087981 0.09228256863909004 0.046054198210391695 0.021775166729290335 0.009489354464312018 0.003674093359215129 0.001223341019360784 0.0003434571280305161 8.10076462104057e-5 1.6222799766770054e-5 2.8298935833385344e-6 4.429625863573548e-7 6.340108856872143e-8 1.1734734648533182e-8 4.5738277470794896e-8 0.0 
0.0 0.0 0.0 0.0 0.0 0.0 0.0 0.0 0.0 0.0 0.0 0.0 0.0 0.0 0.0 0.0 0.0 0.0 0.0 0.0 0.0 0.0 0.0 0.0 0.0 0.0 0.0 0.0 0.0 0.0 0.0 0.0 0.0 0.0 0.0 0.0 0.0 0.0 0.0 0.0 0.0 0.0 0.0 0.0 0.0 0.0 0.0 0.0 0.0 0.0 0.0 0.0 9.81361097939373e-7 6.790772842603613e-6 3.8954934402735654e-5 0.00018022642674213609 0.0006808990287702136 0.0021349978343946007 0.005698193346874882 0.013414417124080756 0.028984979099263505 0.059250521809677305 0.11583213424940049 0.21591517959026385 0.38231299681571446 0.6435194147621458 1.0312365954224751 1.569965292057546 2.2581433339405117 3.0510011624594284 3.8592135800447545 4.567990976522251 5.067968404549743 5.2834372982445625 5.1872255721963905 4.800893060291407 4.186200224861317 3.4334077631785176 2.6452474256917946 1.9148552897861428 1.304786181495969 0.8388999100501852 0.5098095540672162 0.29321299590263544 0.15996127650989797 0.08312961229716011 0.0412882593194498 0.019491495445819792 0.008572999828277281 0.0034115782318566656 0.0011980149150721652 0.0003680587825802964 0.00010002890589980497 2.455037324490225e-5 5.5176890762458304e-6 1.1268115780020115e-6 2.0429135844141834e-7 3.5203931210715576e-8 4.39578611233144e-8 0.0 
0.0 0.0 0.0 0.0 0.0 0.0 0.0 0.0 0.0 0.0 0.0 0.0 0.0 0.0 0.0 0.0 0.0 0.0 0.0 0.0 0.0 0.0 0.0 0.0 0.0 0.0 0.0 0.0 0.0 0.0 0.0 0.0 0.0 0.0 0.0 0.0 0.0 0.0 0.0 0.0 0.0 0.0 0.0 0.0 0.0 0.0 0.0 0.0 0.0 0.0 0.0 0.0 7.183492305411314e-7 4.957324622469525e-6 2.8474058654656597e-5 0.00013245585280169695 0.0005058410454118291 0.0016128140734188272 0.00439984030906604 0.01061370598279012 0.02346123339707725 0.048832890501918476 0.09676093795479253 0.18233238513014724 0.32590365236356017 0.5528548144082218 0.8907995690736095 1.3601228826255953 1.9579882170417298 2.644753607840699 3.343992624375437 3.958492430710515 4.394836666806136 4.5866079052988225 4.508431648029566 4.177671026844821 3.6469243515222916 2.9934296556704467 2.305921350867183 1.6664535465115753 1.131784355455493 0.7246582696035018 0.43890040267908836 0.25212099771078833 0.1376385913122342 0.07160121577645 0.03560977176943507 0.016926743424526238 0.007619982472714267 0.003199132049603163 0.0012406105978053441 0.0004461372165985058 0.00014996399210216529 4.677256358872774e-5 1.3196384980751475e-5 3.266685583680871e-6 6.927960489697158e-7 1.2613536344894237e-7 4.757687044330453e-8 0.0 
0.0 0.0 0.0 0.0 0.0 0.0 0.0 0.0 0.0 0.0 0.0 0.0 0.0 0.0 0.0 0.0 0.0 0.0 0.0 0.0 0.0 0.0 0.0 0.0 0.0 0.0 0.0 0.0 0.0 0.0 0.0 0.0 0.0 0.0 0.0 0.0 0.0 0.0 0.0 0.0 0.0 0.0 0.0 0.0 0.0 0.0 0.0 0.0 0.0 0.0 0.0 0.0 4.4431243274989285e-7 3.085121378767602e-6 1.8063774160297462e-5 8.616716813812521e-5 0.0003394676350274533 0.0011218219935450243 0.0031767021356153076 0.00792776471910152 0.017987748612098065 0.038093216052273754 0.07636033145646309 0.1452939205879117 0.2621085046933087 0.4481820236479909 0.7260837338001217 1.1113985322699758 1.6000736627002012 2.158787319826187 2.7264339369501918 3.226686825601291 3.5854169587912756 3.747666426309947 3.6901032878827684 3.424799385065924 2.994059408394096 2.461039955361982 1.8982959454258779 1.3731806435502516 0.933087509498324 0.5978282218778972 0.3628099679766037 0.20930388542221182 0.11496022006095748 0.060180813158958846 0.030126412866885978 0.01451297755641599 0.0067785112326681 0.003094892070843608 0.0013916252957490891 0.0006130349942082662 0.00025682210017124145 9.788279875733763e-5 3.265083552456681e-5 9.286158577772398e-6 2.2131232488587246e-6 4.3731969601713427e-7 8.771254770110586e-8 0.0 
0.0 0.0 0.0 0.0 0.0 0.0 0.0 0.0 0.0 0.0 0.0 0.0 0.0 0.0 0.0 0.0 0.0 0.0 0.0 0.0 0.0 0.0 0.0 0.0 0.0 0.0 0.0 0.0 0.0 0.0 0.0 0.0 0.0 0.0 0.0 0.0 0.0 0.0 0.0 0.0 0.0 0.0 0.0 0.0 0.0 0.0 0.0 0.0 0.0 0.0 0.0 0.0 2.5094067126449477e-7 1.7241150440734717e-6 1.0505537936785789e-5 5.233694830976416e-5 0.00021552572486043109 0.0007429194903442503 0.0021828157561046137 0.005608973936654898 0.012998619303063329 0.027951482138910008 0.05674838668867693 0.10928255650950937 0.19929842251729243 0.34365480946174715 0.559595877563468 0.8582170699813135 1.23502077589802 1.6635734642729811 2.097809926132937 2.4813717576355496 2.7589688943754966 2.887887826331529 2.8482669955508007 2.647822966800435 2.318756941614181 1.910038349175823 1.4776856275233505 1.0733263216924334 0.7333386116180138 0.4732264827799076 0.28981448713890384 0.16898702921513903 0.09383454107347597 0.049572246551392626 0.024997744452992864 0.012219716911696888 0.005989128249101485 0.0030675174781184733 0.0016569919991294103 0.0008986933522726954 0.0004545250261494456 0.00020243045170126466 7.673873383129439e-5 2.4258590518093016e-5 6.299848794279579e-6 1.3279431064591854e-6 2.3346652142850488e-7 0.0 
0.0 0.0 0.0 0.0 0.0 0.0 0.0 0.0 0.0 0.0 0.0 0.0 0.0 0.0 0.0 0.0 0.0 0.0 0.0 0.0 0.0 0.0 0.0 0.0 0.0 0.0 0.0 0.0 0.0 0.0 0.0 0.0 0.0 0.0 0.0 0.0 0.0 0.0 0.0 0.0 0.0 0.0 0.0 0.0 0.0 0.0 0.0 0.0 0.0 0.0 0.0 0.0 1.6501590519793516e-7 9.907906876228393e-7 6.337434192951117e-6 3.29536208643666e-5 0.00014015319745567557 0.0004932744723665017 0.001465232618302821 0.0037848228147401215 0.008819358515593703 0.019161899130937125 0.039504929316398915 0.07734807755841344 0.143040141265233 0.24903576299608537 0.4077705725370927 0.6268507175830482 0.9022936857487683 1.2144015178942928 1.5299724378470017 1.8088806857284478 2.011494956783598 2.106701264212247 2.0797777757453493 1.93608127704987 1.698728464831288 1.4031064453632507 1.0898915339326107 0.7964940796354024 0.5490218724132605 0.35844201334679243 0.22254211153753722 0.13160174131998165 0.07398484235124579 0.03941077542636812 0.019960120833513752 0.009891096131563366 0.005156920929289455 0.0030573957947891165 0.0020155462573149584 0.0013190969221475544 0.0007766326831319262 0.0003900885481047344 0.0001627174324876885 5.544844542599156e-5 1.5249472036477391e-5 3.352797520555008e-6 5.890769193022275e-7 0.0 
0.0 0.0 0.0 0.0 0.0 0.0 0.0 0.0 0.0 0.0 0.0 0.0 0.0 0.0 0.0 0.0 0.0 0.0 0.0 0.0 0.0 0.0 0.0 0.0 0.0 0.0 0.0 0.0 0.0 0.0 0.0 0.0 0.0 0.0 0.0 0.0 0.0 0.0 0.0 0.0 0.0 0.0 0.0 0.0 0.0 0.0 0.0 0.0 0.0 0.0 0.0 0.0 1.5866864844018417e-7 6.654724535241157e-7 4.358894573762137e-6 2.3004418362545157e-5 9.769500544259553e-5 0.00033826876215004644 0.0009784030626542638 0.002457585312291747 0.005627902972084885 0.012238963724909107 0.02563259301461649 0.05121119997841516 0.09633741952214905 0.16974920211112168 0.2801317604847945 0.4327887929873468 0.6248840205006335 0.8425616079521224 1.062471477913975 1.2562868427499176 1.396142828516352 1.4609018377064786 1.4416624624633512 1.3430737326736744 1.1807214145086542 0.9780283333695856 0.7626545838330161 0.5605861273368589 0.38980718773029843 0.2575273270227655 0.16209795974879493 0.09717490834801373 0.05525299684787506 0.029619956200362146 0.015026036827948452 0.007560157427608809 0.004277183342314072 0.003017646971856692 0.0024138306607897966 0.0018440171809770698 0.0012179459893949087 0.0006669576863646171 0.00029695328386117494 0.00010623888388952064 3.028474417059371e-5 6.835157877381935e-6 1.217601795583914e-6 0.0 
0.0 0.0 0.0 0.0 0.0 0.0 0.0 0.0 0.0 0.0 0.0 0.0 0.0 0.0 0.0 0.0 0.0 0.0 0.0 0.0 0.0 0.0 0.0 0.0 0.0 0.0 0.0 0.0 0.0 0.0 0.0 0.0 0.0 0.0 0.0 0.0 0.0 0.0 0.0 0.0 0.0 0.0 0.0 0.0 0.0 0.0 0.0 0.0 0.0 0.0 0.0 0.0 1.8557513470094528e-7 4.868970620920014e-7 3.157260200479491e-6 1.6527710468138456e-5 6.87426386930529e-5 0.0002300749141150479 0.0006362676144059385 0.0015239248531534763 0.003370599130263532 0.007265905281634821 0.015428102981786374 0.031503313158021996 0.06045024699235776 0.10818523794012097 0.18074029132654426 0.28205170054636763 0.410572102712759 0.5569818930233201 0.7049373119358049 0.8343108584691077 0.9257683318202796 0.9659887563726759 0.9510790872008215 0.8856256241484994 0.7796044663564667 0.6471433371683164 0.5057983419728678 0.37294236939136044 0.2606952231083678 0.17365295119637247 0.11051002504988876 0.06709581948671334 0.03862062289732143 0.020867811284986486 0.010615003334330044 0.005451640480159606 0.003418333753103837 0.0028962985839477017 0.0027279651997418343 0.0023345569784872463 0.0016684228656496146 0.0009669450110795524 0.00044872290419221766 0.00016549384812420418 4.824927786510791e-5 1.1074588778377103e-5 1.9958171674651542e-6 0.0 
0.0 0.0 0.0 0.0 0.0 0.0 0.0 0.0 0.0 0.0 0.0 0.0 0.0 0.0 0.0 0.0 0.0 0.0 0.0 0.0 0.0 0.0 0.0 0.0 0.0 0.0 0.0 0.0 0.0 0.0 0.0 0.0 0.0 0.0 0.0 0.0 0.0 0.0 0.0 0.0 0.0 0.0 0.0 0.0 0.0 0.0 0.0 0.0 0.0 0.0 0.0 0.0 2.0408124208905775e-7 3.2877868957054564e-7 2.070920770958113e-6 1.0719002147198052e-5 4.375769032058773e-5 0.00014240922709097675 0.00037924202569458373 0.0008703497024215578 0.001862093694358096 0.003982971895530693 0.008593870883349229 0.017984701845384508 0.035311164417951804 0.06443684189382515 0.1095198522030312 0.1736323171573815 0.25631032695758516 0.35152465067702837 0.4478424592690673 0.5309672672237753 0.5877524232538217 0.6103767625182971 0.5981771622386844 0.5555374628909063 0.4887608818855148 0.4057637545669126 0.31694343907263806 0.23337868283186125 0.16306349546218155 0.10894095381153723 0.06994240706092614 0.043131417564006486 0.025309974920357765 0.013893947000433254 0.007127839739400595 0.003755019869969318 0.0026239347294628977 0.00260662977897258 0.0027614028193836764 0.0025459700337189615 0.0019129239206340308 0.0011488190390636433 0.0005472232904447991 0.00020580896299692244 6.090829057611503e-5 1.4144806152583182e-5 2.5719187325824513e-6 0.0 
0.0 0.0 0.0 0.0 0.0 0.0 0.0 0.0 0.0 0.0 0.0 0.0 0.0 0.0 0.0 0.0 0.0 0.0 0.0 0.0 0.0 0.0 0.0 0.0 0.0 0.0 0.0 0.0 0.0 0.0 0.0 0.0 0.0 0.0 0.0 0.0 0.0 0.0 0.0 0.0 0.0 0.0 0.0 0.0 0.0 0.0 0.0 0.0 0.0 0.0 0.0 0.0 1.8959383836208267e-7 1.8654312873536377e-7 1.1223653578568546e-6 5.765349629778503e-6 2.328069262812853e-5 7.458350866351455e-5 0.0001945816637218264 0.0004373884812503668 0.0009280771550544034 0.0020165490885264243 0.00449340983073643 0.00971335773025385 0.01956399869968227 0.03641600559318488 0.06300427969422266 0.10168951935072026 0.15272059746165384 0.21240082976490565 0.27289088393981664 0.32427421215294583 0.35790049462442125 0.3694072098460105 0.35954891306679626 0.3320655654724897 0.29105330734800616 0.24084380665911964 0.18723376650018547 0.1368949341399717 0.09493572741074141 0.06326010681230482 0.04098024596196895 0.025867872012256942 0.015666200149398516 0.00883813235445474 0.0046032179828859035 0.002478719052943835 0.0018834709106121264 0.002088338627982268 0.00238172309931808 0.002298940862302042 0.0017821474665267161 0.0010949662588512967 0.0005306875715637664 0.00020231326258115362 6.0527029126712196e-5 1.4181244103882761e-5 2.5969599895689117e-6 0.0 
0.0 0.0 0.0 0.0 0.0 0.0 0.0 0.0 0.0 0.0 0.0 0.0 0.0 0.0 0.0 0.0 0.0 0.0 0.0 0.0 0.0 0.0 0.0 0.0 0.0 0.0 0.0 0.0 0.0 0.0 0.0 0.0 0.0 0.0 0.0 0.0 0.0 0.0 0.0 0.0 0.0 0.0 0.0 0.0 0.0 0.0 0.0 0.0 0.0 0.0 0.0 0.0 1.4316217704949772e-7 8.659509346185478e-8 4.841082104549574e-7 2.476154206457935e-6 9.955638275720143e-6 3.1757961060254735e-5 8.285549364077018e-5 0.00018916548780710372 0.000420097926545959 0.0009786865781331948 0.0023252383576870374 0.005238950851713449 0.010775869104070678 0.0202481212124476 0.035280635746585035 0.057537044543954294 0.08757250498492962 0.12329568823434603 0.15961346510436525 0.19002867084103284 0.2091610556598359 0.21465280629731223 0.20742615315066706 0.19016641061534684 0.16554761479185937 0.13603327264427192 0.10476397885224968 0.07555941065863422 0.05157491548078218 0.0340452393710705 0.022256360228227745 0.014494457892018387 0.009148462107430887 0.005337592459536257 0.0028240924168366397 0.0015305228427600396 0.0012067954712209844 0.0014183306954206859 0.001687547997348323 0.0016755041159119614 0.0013256048745309242 0.0008273212814626168 0.00040601297347621525 0.0001563735436871825 4.718221419224292e-5 1.113380699632104e-5 2.051006935268105e-6 0.0 
0.0 0.0 0.0 0.0 0.0 0.0 0.0 0.0 0.0 0.0 0.0 0.0 0.0 0.0 0.0 0.0 0.0 0.0 0.0 0.0 0.0 0.0 0.0 0.0 0.0 0.0 0.0 0.0 0.0 0.0 0.0 0.0 0.0 0.0 0.0 0.0 0.0 0.0 0.0 0.0 0.0 0.0 0.0 0.0 0.0 0.0 0.0 0.0 0.0 0.0 0.0 0.0 8.628169180900842e-8 3.303640786496398e-8 1.6399943929852683e-7 8.371952828092101e-7 3.373304566322632e-6 1.087304339765801e-5 2.933992615888692e-5 7.275993494951891e-5 0.00018530711651283335 0.0004953351857718026 0.0012830728634603465 0.0029966687265436023 0.006188680919613613 0.011491423323557019 0.019741385515467395 0.03196541884226553 0.04869704649852546 0.06885078413839503 0.08939040105343479 0.10645838388569703 0.11703747870289313 0.11990512993505123 0.11556487052025692 0.10547978445310059 0.09124427085240186 0.0743629649161728 0.056592902845417487 0.04006596450029244 0.026682869715213768 0.017262504397284138 0.011305269101865726 0.007576086308927482 0.004967802041105371 0.0029799738847731696 0.0015885367165591234 0.0008477950523905401 0.00066012305622992 0.0007892984473953401 0.0009607033175129953 0.0009714297606872389 0.0007797250242025958 0.0004923737290763693 0.00024400602952716132 9.475528112665064e-5 2.8791440730318295e-5 6.8348070507785615e-6 1.2654316017095537e-6 0.0 
0.0 0.0 0.0 0.0 0.0 0.0 0.0 0.0 0.0 0.0 0.0 0.0 0.0 0.0 0.0 0.0 0.0 0.0 0.0 0.0 0.0 0.0 0.0 0.0 0.0 0.0 0.0 0.0 0.0 0.0 0.0 0.0 0.0 0.0 0.0 0.0 0.0 0.0 0.0 0.0 0.0 0.0 0.0 0.0 0.0 0.0 0.0 0.0 0.0 0.0 0.0 0.0 4.108086172557208e-8 1.0535339901999427e-8 4.3513940924949505e-8 2.224248146944819e-7 9.09443415100179e-7 3.0603534643436566e-6 9.193444571519121e-6 2.7726486248899894e-5 8.811920313743789e-5 0.000273621550820087 0.0007568985681768062 0.0017933039041199178 0.003656462681712934 0.006613404437810027 0.011039627584858146 0.017482883274550845 0.026286163064522187 0.036893973673873655 0.047670649687569885 0.05664247304487896 0.06240946044215151 0.06439257404520163 0.06259564782777702 0.05744406569019478 0.04972117331532384 0.040404233833389216 0.030548502461847156 0.02131741174432318 0.013821273409142992 0.008639706179358022 0.005527874522971864 0.0037076985633143983 0.002464757438085139 0.0014913772811057714 0.0007893514841954291 0.00040621184680691367 0.0002994406459800274 0.0003530269723287442 0.00043420221497268816 0.0004446450868470614 0.00036087123518001253 0.00023003852913908244 0.00011492337293462929 4.493839116482892e-5 1.3735979111183646e-5 3.2774474040571067e-6 6.094299458696585e-7 0.0 
0.0 0.0 0.0 0.0 0.0 0.0 0.0 0.0 0.0 0.0 0.0 0.0 0.0 0.0 0.0 0.0 0.0 0.0 0.0 0.0 0.0 0.0 0.0 0.0 0.0 0.0 0.0 0.0 0.0 0.0 0.0 0.0 0.0 0.0 0.0 0.0 0.0 0.0 0.0 0.0 0.0 0.0 0.0 0.0 0.0 0.0 0.0 0.0 0.0 0.0 0.0 0.0 1.536349061316004e-8 2.856834258785076e-9 9.086656980242978e-9 4.6982822227103483e-8 2.0181379536260587e-7 7.686847157385572e-7 2.91640391346603e-6 1.1609208161038377e-5 4.487671965221489e-5 0.00015240479368378707 0.00043321365438934604 0.001025213045714448 0.0020612853069504377 0.0036554606300083243 0.005975674652184972 0.00928105203316877 0.01370945565182688 0.01892761412550236 0.02412609099879563 0.028495601018797584 0.03160222485787902 0.03321538996507995 0.03303230077714451 0.030875314223687344 0.027042057786908824 0.022186990950380094 0.016951761958829168 0.011906184787628152 0.00764411120794166 0.004599076288358604 0.0027627148074337382 0.001743174796945025 0.001113525420131103 0.000656950429240741 0.0003384808180186423 0.00016496271010062934 0.00011119325254940785 0.00012577025368294123 0.00015490719364600475 0.00016009554314331498 0.00013110865300099866 8.424001763058767e-5 4.237450414605089e-5 1.6668019207466784e-5 5.120782563494578e-6 1.2271700357777506e-6 2.290322736143738e-7 0.0 
0.0 0.0 0.0 0.0 0.0 0.0 0.0 0.0 0.0 0.0 0.0 0.0 0.0 0.0 0.0 0.0 0.0 0.0 0.0 0.0 0.0 0.0 0.0 0.0 0.0 0.0 0.0 0.0 0.0 0.0 0.0 0.0 0.0 0.0 0.0 0.0 0.0 0.0 0.0 0.0 0.0 0.0 0.0 0.0 0.0 0.0 0.0 0.0 0.0 0.0 0.0 0.0 4.497657793373773e-9 6.621589602797099e-10 1.516558405002439e-9 8.20904794302004e-9 4.049244523533114e-8 1.9974599221127804e-7 1.028108496634174e-6 5.069960186904554e-6 2.1630028437262258e-5 7.594233318434085e-5 0.00021731221916980375 0.0005134347388706109 0.0010311789855410771 0.0018356594977395773 0.0030226918341348177 0.0047084671110655275 0.006894561584788705 0.009330718550479747 0.011627166491866006 0.01356337038914819 0.015160743537051151 0.01635776156396317 0.01678844194210507 0.016102048618436154 0.014393839814995 0.012094851149405195 0.009553867957302098 0.006963645592449838 0.0045775238905719825 0.00271021277819756 0.0015030879211753619 0.0008332513264426875 0.0004712899483976438 0.0002560354339876964 0.0001245387550834726 5.645424174607634e-5 3.375738858233003e-5 3.558084201232546e-5 4.3500693186459784e-5 4.525221110735712e-5 3.733958156826155e-5 2.415492397466854e-5 1.2222379022835364e-5 4.832198269551706e-6 1.4910465161572777e-6 3.586532807670816e-7 6.714788706291492e-8 0.0 
0.0 0.0 0.0 0.0 0.0 0.0 0.0 0.0 0.0 0.0 0.0 0.0 0.0 0.0 0.0 0.0 0.0 0.0 0.0 0.0 0.0 0.0 0.0 0.0 0.0 0.0 0.0 0.0 0.0 0.0 0.0 0.0 0.0 0.0 0.0 0.0 0.0 0.0 0.0 0.0 0.0 0.0 0.0 0.0 0.0 0.0 0.0 0.0 0.0 0.0 0.0 0.0 1.028197763952225e-9 1.300050643032693e-10 2.1208730780666309e-10 1.3186009987336257e-9 8.579996514156455e-9 5.797866887113765e-8 3.6962241225085194e-7 2.00894618469146e-6 8.86840354364444e-6 3.1444703060445086e-5 9.034898396181542e-5 0.00021535892423163536 0.00044213397425028504 0.0008181484663058851 0.001411141175632404 0.0022737778860168366 0.003351545906069894 0.004447575493790786 0.005366588889516945 0.006112017705725457 0.00683902607790736 0.0075551539502207235 0.00798231455057285 0.007839632172393304 0.007170141461465002 0.0062364604358537985 0.005188028127800062 0.004015101152716937 0.0027743247584319213 0.0016686137417499087 0.0008796451547491945 0.000424811021800352 0.00019920401729600515 9.197773616296409e-5 3.9997379504054745e-5 1.6400273456682143e-5 8.441574667733612e-6 7.99882737667529e-6 9.599699337503086e-6 1.0025354562319517e-5 8.324810267235843e-6 5.416894952358345e-6 2.7549205206357977e-6 1.0939399186509243e-6 3.3881023978131994e-7 8.175454234946026e-8 1.5347056332774568e-8 0.0 
0.0 0.0 0.0 0.0 0.0 0.0 0.0 0.0 0.0 0.0 0.0 0.0 0.0 0.0 0.0 0.0 0.0 0.0 0.0 0.0 0.0 0.0 0.0 0.0 0.0 0.0 0.0 0.0 0.0 0.0 0.0 0.0 0.0 0.0 0.0 0.0 0.0 0.0 0.0 0.0 0.0 0.0 0.0 0.0 0.0 0.0 0.0 0.0 0.0 0.0 0.0 0.0 1.8320465063874903e-10 2.1247962669609592e-11 2.7779775806451366e-11 2.279334885610992e-10 2.0286338940588756e-9 1.6810755888522443e-8 1.1735819814962309e-7 6.588831762316095e-7 2.9400018728377967e-6 1.0490019190117861e-5 3.0516433565959255e-5 7.490936167156121e-5 0.00016271455254124423 0.0003266009231182176 0.0006120346116410956 0.001042829767944639 0.0015624531747757094 0.002034371823224519 0.002357376947286168 0.002581599009584788 0.002845641448354654 0.00317554804051388 0.003414744384856057 0.0034075212952330396 0.0031853759051798506 0.0028880096670776483 0.002557629015105936 0.0021204575679260656 0.0015528962266790729 0.0009653252766443896 0.000502875428592851 0.0002230223264461925 8.807320701543424e-5 3.279000260926061e-5 1.181354622187528e-5 4.156253253474703e-6 1.7699578785646649e-6 1.4355746799463844e-6 1.6633277954085593e-6 1.7382422731049295e-6 1.4508357861728269e-6 9.487847444644291e-7 4.846392931191159e-7 1.9316081183081006e-7 6.001405164010469e-8 1.4519969878209163e-8 2.731808860256047e-9 0.0 
0.0 0.0 0.0 0.0 0.0 0.0 0.0 0.0 0.0 0.0 0.0 0.0 0.0 0.0 0.0 0.0 0.0 0.0 0.0 0.0 0.0 0.0 0.0 0.0 0.0 0.0 0.0 0.0 0.0 0.0 0.0 0.0 0.0 0.0 0.0 0.0 0.0 0.0 0.0 0.0 0.0 0.0 0.0 0.0 0.0 0.0 0.0 0.0 0.0 0.0 0.0 0.0 2.5398992374808105e-11 2.843885485530989e-12 3.922232160112145e-12 4.366005869806583e-11 4.69264197294819e-10 4.221888717522139e-9 3.0359509111391934e-8 1.722527484960034e-7 7.739393619966477e-7 2.7979313321374714e-6 8.395851657853678e-6 2.1955454239726388e-5 5.2760631843252574e-5 0.00011918120529320772 0.0002463650985829015 0.0004442374100124938 0.0006758216740800269 0.0008636922985687524 0.0009581687306402522 0.0009963805252486862 0.0010608277426621341 0.0011736620883343474 0.0012667192008778436 0.0012740480156322705 0.0012163651511319304 0.0011558434562242144 0.001094899521660716 0.0009712804073007026 0.0007509843912127936 0.0004835440431912177 0.0002541641198100095 0.00010904756990315143 3.8955796045563006e-5 1.2105159649181916e-5 3.4739634193759192e-6 9.774141460751816e-7 3.233215967082686e-7 2.0813727033130935e-7 2.2628176225202515e-7 2.3550260228328263e-7 1.9732691594015568e-7 1.2958923824136635e-7 6.643967745187581e-8 2.6564110979145865e-8 8.275291570654077e-9 2.006623728148195e-9 3.7823484897951053e-10 0.0 
0.0 0.0 0.0 0.0 0.0 0.0 0.0 0.0 0.0 0.0 0.0 0.0 0.0 0.0 0.0 0.0 0.0 0.0 0.0 0.0 0.0 0.0 0.0 0.0 0.0 0.0 0.0 0.0 0.0 0.0 0.0 0.0 0.0 0.0 0.0 0.0 0.0 0.0 0.0 0.0 0.0 0.0 0.0 0.0 0.0 0.0 0.0 0.0 0.0 0.0 0.0 0.0 2.7350261293512868e-12 3.089391514252159e-13 5.973044061364436e-13 8.006729366557368e-12 9.255601768416228e-11 8.549684592030375e-10 6.208581833111791e-9 3.546559548628975e-8 1.6136893404443754e-7 6.010773324199308e-7 1.92266089568154e-6 5.612500062618165e-6 1.551336935301868e-5 3.978199939823615e-5 8.9454450577599e-5 0.0001680824421506454 0.00025789183788424533 0.00032396150936646247 0.0003452114719917721 0.00033930737406768016 0.00034343156701284873 0.00037007014308551567 0.0003960328752203649 0.0003992541365192016 0.00038975133064739534 0.0003900349048256389 0.00039530931416811453 0.0003727167161631074 0.00030161572308424404 0.00020018059577073353 0.0001067789579142131 4.551859503999628e-5 1.5593314001385333e-5 4.379662899432159e-6 1.051697508106819e-6 2.3173544678915456e-7 5.55932929298048e-8 2.513504570226773e-8 2.4221126018849037e-8 2.48928658033205e-8 2.090603993196957e-8 1.3777252626902447e-8 7.0855412770958055e-9 2.8404589938444805e-9 8.868313869277453e-10 2.1544223073986112e-10 4.067222644144364e-11 0.0 
0.0 0.0 0.0 0.0 0.0 0.0 0.0 0.0 0.0 0.0 0.0 0.0 0.0 0.0 0.0 0.0 0.0 0.0 0.0 0.0 0.0 0.0 0.0 0.0 0.0 0.0 0.0 0.0 0.0 0.0 0.0 0.0 0.0 0.0 0.0 0.0 0.0 0.0 0.0 0.0 0.0 0.0 0.0 0.0 0.0 0.0 0.0 0.0 0.0 0.0 0.0 0.0 2.2829783340694383e-13 2.7178534505056017e-14 8.503851147850737e-14 1.2347511668743359e-12 1.4607320240404386e-11 1.3612496553385284e-10 9.947112564296844e-10 5.7477747842875584e-9 2.687999677914596e-8 1.0641699576310662e-7 3.80663294674329e-7 1.2946206487889928e-6 4.1437812817229835e-6 1.176875096423271e-5 2.7979045147308148e-5 5.382517313458434e-5 8.279782601352376e-5 0.00010251564278405092 0.00010566358320845921 9.846299909898552e-5 9.394837353930572e-5 9.727333989668696e-5 0.0001022817719102564 0.0001030721372145434 0.00010319565848759468 0.00010916589286485227 0.00011798755639133881 0.00011715543663558999 9.828313398556241e-5 6.679796365853068e-5 3.6126351692563736e-5 1.5447049087215588e-5 5.221847707137462e-6 1.4050341901810779e-6 3.066102950121929e-7 5.6606308226847e-8 9.944497768690055e-9 2.7349677439384066e-9 2.0589219523346403e-9 2.0503919042145967e-9 1.7219321082604168e-9 1.1378567311641493e-9 5.867057270280886e-10 2.3571722208453993e-10 7.372986205013337e-11 1.7938997912100316e-11 3.390765636784343e-12 0.0 
0.0 0.0 0.0 0.0 0.0 0.0 0.0 0.0 0.0 0.0 0.0 0.0 0.0 0.0 0.0 0.0 0.0 0.0 0.0 0.0 0.0 0.0 0.0 0.0 0.0 0.0 0.0 0.0 0.0 0.0 0.0 0.0 0.0 0.0 0.0 0.0 0.0 0.0 0.0 0.0 0.0 0.0 0.0 0.0 0.0 0.0 0.0 0.0 0.0 0.0 0.0 0.0 1.4680588407456053e-14 1.826492735985501e-15 9.979204345684748e-15 1.5133189372407953e-13 1.8053358792792409e-12 1.6918428197510337e-11 1.248889916822309e-10 7.395116716487951e-10 3.657970218198104e-9 1.6145787686496142e-8 6.770881259857989e-8 2.706729826941684e-7 9.729676523622665e-7 2.948564685245527e-6 7.228497385188547e-6 1.406506787296168e-5 2.1622682319368277e-5 2.64710948350804e-5 2.6590924689749475e-5 2.3660955421073813e-5 2.125060652762653e-5 2.0958307350286218e-5 2.1517939060484688e-5 2.166463767538035e-5 2.2339071920051536e-5 2.503024175474342e-5 2.867582147312055e-5 2.9697153279876215e-5 2.5605603865391417e-5 1.7714185319042084e-5 9.686712951861654e-6 4.163146702912722e-6 1.404002815814483e-6 3.720486582876198e-7 7.796981693408043e-8 1.315348260776278e-8 1.88704432767417e-9 3.106954738129522e-10 1.4383522751607052e-10 1.3170478189856664e-10 1.1006188652405848e-10 7.286317712729915e-11 3.7649121569610325e-11 1.515350372320724e-11 4.7468560528482405e-12 1.1562717116753012e-12 2.1857741241114802e-13 0.0 
0.0 0.0 0.0 0.0 0.0 0.0 0.0 0.0 0.0 0.0 0.0 0.0 0.0 0.0 0.0 0.0 0.0 0.0 0.0 0.0 0.0 0.0 0.0 0.0 0.0 0.0 0.0 0.0 0.0 0.0 0.0 0.0 0.0 0.0 0.0 0.0 0.0 0.0 0.0 0.0 0.0 0.0 0.0 0.0 0.0 0.0 0.0 0.0 0.0 0.0 0.0 0.0 6.540001326309812e-16 -1.6525075947901892e-17 7.87954489710195e-16 1.4376660138536233e-14 1.7368622745514615e-13 1.6431902048289165e-12 1.2395348311052166e-11 7.723634904416797e-11 4.2370567420908215e-10 2.1969344016590914e-9 1.0960010748025806e-8 4.984096318182969e-8 1.9261800261219176e-7 6.042884716007651e-7 1.503317751951981e-6 2.9380333560296355e-6 4.507295476818402e-6 5.469906652803135e-6 5.388271010616369e-6 4.6142138344269976e-6 3.9116165880489056e-6 3.6571849931701753e-6 3.6511182358952294e-6 3.676241196379978e-6 3.921267248331566e-6 4.653001053581997e-6 5.607902774877816e-6 6.0030712532621965e-6 5.282447060666599e-6 3.701880709238249e-6 2.0410769973061716e-6 8.813585778694783e-7 2.9754253664816914e-7 7.849374626311692e-8 1.6204901037551247e-8 2.633514056739875e-9 3.43740408185736e-10 4.0613640946988196e-11 9.194076340698794e-12 6.653165348701697e-12 5.455109891530779e-12 3.6127887670224134e-12 1.8698066465768065e-12 7.536311525753031e-13 2.3612732025842064e-13 5.742963711515031e-14 1.0640791200051333e-14 0.0 
0.0 0.0 0.0 0.0 0.0 0.0 0.0 0.0 0.0 0.0 0.0 0.0 0.0 0.0 0.0 0.0 0.0 0.0 0.0 0.0 0.0 0.0 0.0 0.0 0.0 0.0 0.0 0.0 0.0 0.0 0.0 0.0 0.0 0.0 0.0 0.0 0.0 0.0 0.0 0.0 0.0 0.0 0.0 0.0 0.0 0.0 0.0 0.0 0.0 0.0 0.0 0.0 5.166899496704793e-18 -5.056756333947089e-18 -2.3448071550639852e-17 9.66295077238423e-16 1.3393230458975706e-14 1.3271989471956261e-13 1.086625619768332e-12 7.888917672140678e-12 5.3909356974420785e-11 3.479925844764027e-10 2.0082552071768212e-9 9.741973885207558e-9 3.820600423224681e-8 1.1886916545393376e-7 2.9067648278807496e-7 5.567600949250836e-7 8.360309258678953e-7 9.906118073032618e-7 9.456883137153205e-7 7.710021759557864e-7 6.075420109718579e-7 5.280777190051411e-7 5.063163926425871e-7 5.087269437596697e-7 5.625595553301199e-7 7.047414506141479e-7 8.860106804117428e-7 9.726670618896292e-7 8.686435440375552e-7 6.143500457280167e-7 3.40746666433797e-7 1.4768685715490645e-7 4.9947782793513146e-8 1.3168495120626172e-8 2.7056882271408483e-9 4.338238291327583e-10 5.4628528713524814e-11 5.611948093334146e-12 6.733772114682172e-13 2.8086318616678e-13 2.1527206253327244e-13 1.4191825027762882e-13 7.350347360023007e-14 2.958992780132773e-14 9.01397761040353e-15 2.0350295962208785e-15 1.7625475410945868e-16 0.0 
0.0 0.0 0.0 0.0 0.0 0.0 0.0 0.0 0.0 0.0 0.0 0.0 0.0 0.0 0.0 0.0 0.0 0.0 0.0 0.0 0.0 0.0 0.0 0.0 0.0 0.0 0.0 0.0 0.0 0.0 0.0 0.0 0.0 0.0 0.0 0.0 0.0 0.0 0.0 0.0 0.0 0.0 0.0 0.0 0.0 0.0 0.0 0.0 0.0 0.0 0.0 0.0 0.0 0.0 0.0 0.0 0.0 0.0 0.0 0.0 0.0 0.0 0.0 0.0 0.0 0.0 0.0 0.0 0.0 0.0 0.0 0.0 0.0 0.0 0.0 0.0 0.0 0.0 0.0 0.0 0.0 0.0 0.0 0.0 0.0 0.0 0.0 0.0 0.0 0.0 0.0 0.0 0.0 0.0 0.0 0.0 0.0 0.0 0.0 0.0 
0.0 0.0 0.0 0.0 0.0 0.0 0.0 0.0 0.0 0.0 0.0 0.0 0.0 0.0 0.0 0.0 0.0 0.0 0.0 0.0 0.0 0.0 0.0 0.0 0.0 0.0 0.0 0.0 0.0 0.0 0.0 0.0 0.0 0.0 0.0 0.0 0.0 0.0 0.0 0.0 0.0 0.0 0.0 0.0 0.0 0.0 0.0 0.0 0.0 0.0 0.0 0.0 0.0 0.0 0.0 0.0 0.0 0.0 0.0 0.0 0.0 0.0 0.0 0.0 0.0 0.0 0.0 0.0 0.0 0.0 0.0 0.0 0.0 0.0 0.0 0.0 0.0 0.0 0.0 0.0 0.0 0.0 0.0 0.0 0.0 0.0 0.0 0.0 0.0 0.0 0.0 0.0 0.0 0.0 0.0 0.0 0.0 0.0 0.0 0.0 
0.0 0.0 0.0 0.0 0.0 0.0 0.0 0.0 0.0 0.0 0.0 0.0 0.0 0.0 0.0 0.0 0.0 0.0 0.0 0.0 0.0 0.0 0.0 0.0 0.0 0.0 0.0 0.0 0.0 0.0 0.0 0.0 0.0 0.0 0.0 0.0 0.0 0.0 0.0 0.0 0.0 0.0 0.0 0.0 0.0 0.0 0.0 0.0 0.0 0.0 0.0 0.0 0.0 0.0 0.0 0.0 0.0 0.0 0.0 0.0 0.0 0.0 0.0 0.0 0.0 0.0 0.0 0.0 0.0 0.0 0.0 0.0 0.0 0.0 0.0 0.0 0.0 0.0 0.0 0.0 0.0 0.0 0.0 0.0 0.0 0.0 0.0 0.0 0.0 0.0 0.0 0.0 0.0 0.0 0.0 0.0 0.0 0.0 0.0 0.0 
0.0 0.0 0.0 0.0 0.0 0.0 0.0 0.0 0.0 0.0 0.0 0.0 0.0 0.0 0.0 0.0 0.0 0.0 0.0 0.0 0.0 0.0 0.0 0.0 0.0 0.0 0.0 0.0 0.0 0.0 0.0 0.0 0.0 0.0 0.0 0.0 0.0 0.0 0.0 0.0 0.0 0.0 0.0 0.0 0.0 0.0 0.0 0.0 0.0 0.0 0.0 0.0 0.0 0.0 0.0 0.0 0.0 0.0 0.0 0.0 0.0 0.0 0.0 0.0 0.0 0.0 0.0 0.0 0.0 0.0 0.0 0.0 0.0 0.0 0.0 0.0 0.0 0.0 0.0 0.0 0.0 0.0 0.0 0.0 0.0 0.0 0.0 0.0 0.0 0.0 0.0 0.0 0.0 0.0 0.0 0.0 0.0 0.0 0.0 0.0 
0.0 0.0 0.0 0.0 0.0 0.0 0.0 0.0 0.0 0.0 0.0 0.0 0.0 0.0 0.0 0.0 0.0 0.0 0.0 0.0 0.0 0.0 0.0 0.0 0.0 0.0 0.0 0.0 0.0 0.0 0.0 0.0 0.0 0.0 0.0 0.0 0.0 0.0 0.0 0.0 0.0 0.0 0.0 0.0 0.0 0.0 0.0 0.0 0.0 0.0 0.0 0.0 0.0 0.0 0.0 0.0 0.0 0.0 0.0 0.0 0.0 0.0 0.0 0.0 0.0 0.0 0.0 0.0 0.0 0.0 0.0 0.0 0.0 0.0 0.0 0.0 0.0 0.0 0.0 0.0 0.0 0.0 0.0 0.0 0.0 0.0 0.0 0.0 0.0 0.0 0.0 0.0 0.0 0.0 0.0 0.0 0.0 0.0 0.0 0.0 
0.0 0.0 0.0 0.0 0.0 0.0 0.0 0.0 0.0 0.0 0.0 0.0 0.0 0.0 0.0 0.0 0.0 0.0 0.0 0.0 0.0 0.0 0.0 0.0 0.0 0.0 0.0 0.0 0.0 0.0 0.0 0.0 0.0 0.0 0.0 0.0 0.0 0.0 0.0 0.0 0.0 0.0 0.0 0.0 0.0 0.0 0.0 0.0 0.0 0.0 0.0 0.0 0.0 0.0 0.0 0.0 0.0 0.0 0.0 0.0 0.0 0.0 0.0 0.0 0.0 0.0 0.0 0.0 0.0 0.0 0.0 0.0 0.0 0.0 0.0 0.0 0.0 0.0 0.0 0.0 0.0 0.0 0.0 0.0 0.0 0.0 0.0 0.0 0.0 0.0 0.0 0.0 0.0 0.0 0.0 0.0 0.0 0.0 0.0 0.0 
0.0 0.0 0.0 0.0 0.0 0.0 0.0 0.0 0.0 0.0 0.0 0.0 0.0 0.0 0.0 0.0 0.0 0.0 0.0 0.0 0.0 0.0 0.0 0.0 0.0 0.0 0.0 0.0 0.0 0.0 0.0 0.0 0.0 0.0 0.0 0.0 0.0 0.0 0.0 0.0 0.0 0.0 0.0 0.0 0.0 0.0 0.0 0.0 0.0 0.0 0.0 0.0 0.0 0.0 0.0 0.0 0.0 0.0 0.0 0.0 0.0 0.0 0.0 0.0 0.0 0.0 0.0 0.0 0.0 0.0 0.0 0.0 0.0 0.0 0.0 0.0 0.0 0.0 0.0 0.0 0.0 0.0 0.0 0.0 0.0 0.0 0.0 0.0 0.0 0.0 0.0 0.0 0.0 0.0 0.0 0.0 0.0 0.0 0.0 0.0 
0.0 0.0 0.0 0.0 0.0 0.0 0.0 0.0 0.0 0.0 0.0 0.0 0.0 0.0 0.0 0.0 0.0 0.0 0.0 0.0 0.0 0.0 0.0 0.0 0.0 0.0 0.0 0.0 0.0 0.0 0.0 0.0 0.0 0.0 0.0 0.0 0.0 0.0 0.0 0.0 0.0 0.0 0.0 0.0 0.0 0.0 0.0 0.0 0.0 0.0 0.0 0.0 0.0 0.0 0.0 0.0 0.0 0.0 0.0 0.0 0.0 0.0 0.0 0.0 0.0 0.0 0.0 0.0 0.0 0.0 0.0 0.0 0.0 0.0 0.0 0.0 0.0 0.0 0.0 0.0 0.0 0.0 0.0 0.0 0.0 0.0 0.0 0.0 0.0 0.0 0.0 0.0 0.0 0.0 0.0 0.0 0.0 0.0 0.0 0.0 
0.0 0.0 0.0 0.0 0.0 0.0 0.0 0.0 0.0 0.0 0.0 0.0 0.0 0.0 0.0 0.0 0.0 0.0 0.0 0.0 0.0 0.0 0.0 0.0 0.0 0.0 0.0 0.0 0.0 0.0 0.0 0.0 0.0 0.0 0.0 0.0 0.0 0.0 0.0 0.0 0.0 0.0 0.0 0.0 0.0 0.0 0.0 0.0 0.0 0.0 0.0 0.0 0.0 0.0 0.0 0.0 0.0 0.0 0.0 0.0 0.0 0.0 0.0 0.0 0.0 0.0 0.0 0.0 0.0 0.0 0.0 0.0 0.0 0.0 0.0 0.0 0.0 0.0 0.0 0.0 0.0 0.0 0.0 0.0 0.0 0.0 0.0 0.0 0.0 0.0 0.0 0.0 0.0 0.0 0.0 0.0 0.0 0.0 0.0 0.0 
0.0 0.0 0.0 0.0 0.0 0.0 0.0 0.0 0.0 0.0 0.0 0.0 0.0 0.0 0.0 0.0 0.0 0.0 0.0 0.0 0.0 0.0 0.0 0.0 0.0 0.0 0.0 0.0 0.0 0.0 0.0 0.0 0.0 0.0 0.0 0.0 0.0 0.0 0.0 0.0 0.0 0.0 0.0 0.0 0.0 0.0 0.0 0.0 0.0 0.0 0.0 0.0 0.0 0.0 0.0 0.0 0.0 0.0 0.0 0.0 0.0 0.0 0.0 0.0 0.0 0.0 0.0 0.0 0.0 0.0 0.0 0.0 0.0 0.0 0.0 0.0 0.0 0.0 0.0 0.0 0.0 0.0 0.0 0.0 0.0 0.0 0.0 0.0 0.0 0.0 0.0 0.0 0.0 0.0 0.0 0.0 0.0 0.0 0.0 0.0 
0.0 0.0 0.0 0.0 0.0 0.0 0.0 0.0 0.0 0.0 0.0 0.0 0.0 0.0 0.0 0.0 0.0 0.0 0.0 0.0 0.0 0.0 0.0 0.0 0.0 0.0 0.0 0.0 0.0 0.0 0.0 0.0 0.0 0.0 0.0 0.0 0.0 0.0 0.0 0.0 0.0 0.0 0.0 0.0 0.0 0.0 0.0 0.0 0.0 0.0 0.0 0.0 0.0 0.0 0.0 0.0 0.0 0.0 0.0 0.0 0.0 0.0 0.0 0.0 0.0 0.0 0.0 0.0 0.0 0.0 0.0 0.0 0.0 0.0 0.0 0.0 0.0 0.0 0.0 0.0 0.0 0.0 0.0 0.0 0.0 0.0 0.0 0.0 0.0 0.0 0.0 0.0 0.0 0.0 0.0 0.0 0.0 0.0 0.0 0.0 
0.0 0.0 0.0 0.0 0.0 0.0 0.0 0.0 0.0 0.0 0.0 0.0 0.0 0.0 0.0 0.0 0.0 0.0 0.0 0.0 0.0 0.0 0.0 0.0 0.0 0.0 0.0 0.0 0.0 0.0 0.0 0.0 0.0 0.0 0.0 0.0 0.0 0.0 0.0 0.0 0.0 0.0 0.0 0.0 0.0 0.0 0.0 0.0 0.0 0.0 0.0 0.0 0.0 0.0 0.0 0.0 0.0 0.0 0.0 0.0 0.0 0.0 0.0 0.0 0.0 0.0 0.0 0.0 0.0 0.0 0.0 0.0 0.0 0.0 0.0 0.0 0.0 0.0 0.0 0.0 0.0 0.0 0.0 0.0 0.0 0.0 0.0 0.0 0.0 0.0 0.0 0.0 0.0 0.0 0.0 0.0 0.0 0.0 0.0 0.0 
0.0 0.0 0.0 0.0 0.0 0.0 0.0 0.0 0.0 0.0 0.0 0.0 0.0 0.0 0.0 0.0 0.0 0.0 0.0 0.0 0.0 0.0 0.0 0.0 0.0 0.0 0.0 0.0 0.0 0.0 0.0 0.0 0.0 0.0 0.0 0.0 0.0 0.0 0.0 0.0 0.0 0.0 0.0 0.0 0.0 0.0 0.0 0.0 0.0 0.0 0.0 0.0 0.0 0.0 0.0 0.0 0.0 0.0 0.0 0.0 0.0 0.0 0.0 0.0 0.0 0.0 0.0 0.0 0.0 0.0 0.0 0.0 0.0 0.0 0.0 0.0 0.0 0.0 0.0 0.0 0.0 0.0 0.0 0.0 0.0 0.0 0.0 0.0 0.0 0.0 0.0 0.0 0.0 0.0 0.0 0.0 0.0 0.0 0.0 0.0 
0.0 0.0 0.0 0.0 0.0 0.0 0.0 0.0 0.0 0.0 0.0 0.0 0.0 0.0 0.0 0.0 0.0 0.0 0.0 0.0 0.0 0.0 0.0 0.0 0.0 0.0 0.0 0.0 0.0 0.0 0.0 0.0 0.0 0.0 0.0 0.0 0.0 0.0 0.0 0.0 0.0 0.0 0.0 0.0 0.0 0.0 0.0 0.0 0.0 0.0 0.0 0.0 0.0 0.0 0.0 0.0 0.0 0.0 0.0 0.0 0.0 0.0 0.0 0.0 0.0 0.0 0.0 0.0 0.0 0.0 0.0 0.0 0.0 0.0 0.0 0.0 0.0 0.0 0.0 0.0 0.0 0.0 0.0 0.0 0.0 0.0 0.0 0.0 0.0 0.0 0.0 0.0 0.0 0.0 0.0 0.0 0.0 0.0 0.0 0.0 
0.0 0.0 0.0 0.0 0.0 0.0 0.0 0.0 0.0 0.0 0.0 0.0 0.0 0.0 0.0 0.0 0.0 0.0 0.0 0.0 0.0 0.0 0.0 0.0 0.0 0.0 0.0 0.0 0.0 0.0 0.0 0.0 0.0 0.0 0.0 0.0 0.0 0.0 0.0 0.0 0.0 0.0 0.0 0.0 0.0 0.0 0.0 0.0 0.0 0.0 0.0 0.0 0.0 0.0 0.0 0.0 0.0 0.0 0.0 0.0 0.0 0.0 0.0 0.0 0.0 0.0 0.0 0.0 0.0 0.0 0.0 0.0 0.0 0.0 0.0 0.0 0.0 0.0 0.0 0.0 0.0 0.0 0.0 0.0 0.0 0.0 0.0 0.0 0.0 0.0 0.0 0.0 0.0 0.0 0.0 0.0 0.0 0.0 0.0 0.0 
0.0 0.0 0.0 0.0 0.0 0.0 0.0 0.0 0.0 0.0 0.0 0.0 0.0 0.0 0.0 0.0 0.0 0.0 0.0 0.0 0.0 0.0 0.0 0.0 0.0 0.0 0.0 0.0 0.0 0.0 0.0 0.0 0.0 0.0 0.0 0.0 0.0 0.0 0.0 0.0 0.0 0.0 0.0 0.0 0.0 0.0 0.0 0.0 0.0 0.0 0.0 0.0 0.0 0.0 0.0 0.0 0.0 0.0 0.0 0.0 0.0 0.0 0.0 0.0 0.0 0.0 0.0 0.0 0.0 0.0 0.0 0.0 0.0 0.0 0.0 0.0 0.0 0.0 0.0 0.0 0.0 0.0 0.0 0.0 0.0 0.0 0.0 0.0 0.0 0.0 0.0 0.0 0.0 0.0 0.0 0.0 0.0 0.0 0.0 0.0 
0.0 0.0 0.0 0.0 0.0 0.0 0.0 0.0 0.0 0.0 0.0 0.0 0.0 0.0 0.0 0.0 0.0 0.0 0.0 0.0 0.0 0.0 0.0 0.0 0.0 0.0 0.0 0.0 0.0 0.0 0.0 0.0 0.0 0.0 0.0 0.0 0.0 0.0 0.0 0.0 0.0 0.0 0.0 0.0 0.0 0.0 0.0 0.0 0.0 0.0 0.0 0.0 0.0 0.0 0.0 0.0 0.0 0.0 0.0 0.0 0.0 0.0 0.0 0.0 0.0 0.0 0.0 0.0 0.0 0.0 0.0 0.0 0.0 0.0 0.0 0.0 0.0 0.0 0.0 0.0 0.0 0.0 0.0 0.0 0.0 0.0 0.0 0.0 0.0 0.0 0.0 0.0 0.0 0.0 0.0 0.0 0.0 0.0 0.0 0.0 
0.0 0.0 0.0 0.0 0.0 0.0 0.0 0.0 0.0 0.0 0.0 0.0 0.0 0.0 0.0 0.0 0.0 0.0 0.0 0.0 0.0 0.0 0.0 0.0 0.0 0.0 0.0 0.0 0.0 0.0 0.0 0.0 0.0 0.0 0.0 0.0 0.0 0.0 0.0 0.0 0.0 0.0 0.0 0.0 0.0 0.0 0.0 0.0 0.0 0.0 0.0 0.0 0.0 0.0 0.0 0.0 0.0 0.0 0.0 0.0 0.0 0.0 0.0 0.0 0.0 0.0 0.0 0.0 0.0 0.0 0.0 0.0 0.0 0.0 0.0 0.0 0.0 0.0 0.0 0.0 0.0 0.0 0.0 0.0 0.0 0.0 0.0 0.0 0.0 0.0 0.0 0.0 0.0 0.0 0.0 0.0 0.0 0.0 0.0 0.0 
0.0 0.0 0.0 0.0 0.0 0.0 0.0 0.0 0.0 0.0 0.0 0.0 0.0 0.0 0.0 0.0 0.0 0.0 0.0 0.0 0.0 0.0 0.0 0.0 0.0 0.0 0.0 0.0 0.0 0.0 0.0 0.0 0.0 0.0 0.0 0.0 0.0 0.0 0.0 0.0 0.0 0.0 0.0 0.0 0.0 0.0 0.0 0.0 0.0 0.0 0.0 0.0 0.0 0.0 0.0 0.0 0.0 0.0 0.0 0.0 0.0 0.0 0.0 0.0 0.0 0.0 0.0 0.0 0.0 0.0 0.0 0.0 0.0 0.0 0.0 0.0 0.0 0.0 0.0 0.0 0.0 0.0 0.0 0.0 0.0 0.0 0.0 0.0 0.0 0.0 0.0 0.0 0.0 0.0 0.0 0.0 0.0 0.0 0.0 0.0 
0.0 0.0 0.0 0.0 0.0 0.0 0.0 0.0 0.0 0.0 0.0 0.0 0.0 0.0 0.0 0.0 0.0 0.0 0.0 0.0 0.0 0.0 0.0 0.0 0.0 0.0 0.0 0.0 0.0 0.0 0.0 0.0 0.0 0.0 0.0 0.0 0.0 0.0 0.0 0.0 0.0 0.0 0.0 0.0 0.0 0.0 0.0 0.0 0.0 0.0 0.0 0.0 0.0 0.0 0.0 0.0 0.0 0.0 0.0 0.0 0.0 0.0 0.0 0.0 0.0 0.0 0.0 0.0 0.0 0.0 0.0 0.0 0.0 0.0 0.0 0.0 0.0 0.0 0.0 0.0 0.0 0.0 0.0 0.0 0.0 0.0 0.0 0.0 0.0 0.0 0.0 0.0 0.0 0.0 0.0 0.0 0.0 0.0 0.0 0.0 
0.0 0.0 0.0 0.0 0.0 0.0 0.0 0.0 0.0 0.0 0.0 0.0 0.0 0.0 0.0 0.0 0.0 0.0 0.0 0.0 0.0 0.0 0.0 0.0 0.0 0.0 0.0 0.0 0.0 0.0 0.0 0.0 0.0 0.0 0.0 0.0 0.0 0.0 0.0 0.0 0.0 0.0 0.0 0.0 0.0 0.0 0.0 0.0 0.0 0.0 0.0 0.0 0.0 0.0 0.0 0.0 0.0 0.0 0.0 0.0 0.0 0.0 0.0 0.0 0.0 0.0 0.0 0.0 0.0 0.0 0.0 0.0 0.0 0.0 0.0 0.0 0.0 0.0 0.0 0.0 0.0 0.0 0.0 0.0 0.0 0.0 0.0 0.0 0.0 0.0 0.0 0.0 0.0 0.0 0.0 0.0 0.0 0.0 0.0 0.0 
0.0 0.0 0.0 0.0 0.0 0.0 0.0 0.0 0.0 0.0 0.0 0.0 0.0 0.0 0.0 0.0 0.0 0.0 0.0 0.0 0.0 0.0 0.0 0.0 0.0 0.0 0.0 0.0 0.0 0.0 0.0 0.0 0.0 0.0 0.0 0.0 0.0 0.0 0.0 0.0 0.0 0.0 0.0 0.0 0.0 0.0 0.0 0.0 0.0 0.0 0.0 0.0 0.0 0.0 0.0 0.0 0.0 0.0 0.0 0.0 0.0 0.0 0.0 0.0 0.0 0.0 0.0 0.0 0.0 0.0 0.0 0.0 0.0 0.0 0.0 0.0 0.0 0.0 0.0 0.0 0.0 0.0 0.0 0.0 0.0 0.0 0.0 0.0 0.0 0.0 0.0 0.0 0.0 0.0 0.0 0.0 0.0 0.0 0.0 0.0 
0.0 0.0 0.0 0.0 0.0 0.0 0.0 0.0 0.0 0.0 0.0 0.0 0.0 0.0 0.0 0.0 0.0 0.0 0.0 0.0 0.0 0.0 0.0 0.0 0.0 0.0 0.0 0.0 0.0 0.0 0.0 0.0 0.0 0.0 0.0 0.0 0.0 0.0 0.0 0.0 0.0 0.0 0.0 0.0 0.0 0.0 0.0 0.0 0.0 0.0 0.0 0.0 0.0 0.0 0.0 0.0 0.0 0.0 0.0 0.0 0.0 0.0 0.0 0.0 0.0 0.0 0.0 0.0 0.0 0.0 0.0 0.0 0.0 0.0 0.0 0.0 0.0 0.0 0.0 0.0 0.0 0.0 0.0 0.0 0.0 0.0 0.0 0.0 0.0 0.0 0.0 0.0 0.0 0.0 0.0 0.0 0.0 0.0 0.0 0.0 
0.0 0.0 0.0 0.0 0.0 0.0 0.0 0.0 0.0 0.0 0.0 0.0 0.0 0.0 0.0 0.0 0.0 0.0 0.0 0.0 0.0 0.0 0.0 0.0 0.0 0.0 0.0 0.0 0.0 0.0 0.0 0.0 0.0 0.0 0.0 0.0 0.0 0.0 0.0 0.0 0.0 0.0 0.0 0.0 0.0 0.0 0.0 0.0 0.0 0.0 0.0 0.0 0.0 0.0 0.0 0.0 0.0 0.0 0.0 0.0 0.0 0.0 0.0 0.0 0.0 0.0 0.0 0.0 0.0 0.0 0.0 0.0 0.0 0.0 0.0 0.0 0.0 0.0 0.0 0.0 0.0 0.0 0.0 0.0 0.0 0.0 0.0 0.0 0.0 0.0 0.0 0.0 0.0 0.0 0.0 0.0 0.0 0.0 0.0 0.0 
0.0 0.0 0.0 0.0 0.0 0.0 0.0 0.0 0.0 0.0 0.0 0.0 0.0 0.0 0.0 0.0 0.0 0.0 0.0 0.0 0.0 0.0 0.0 0.0 0.0 0.0 0.0 0.0 0.0 0.0 0.0 0.0 0.0 0.0 0.0 0.0 0.0 0.0 0.0 0.0 0.0 0.0 0.0 0.0 0.0 0.0 0.0 0.0 0.0 0.0 0.0 0.0 0.0 0.0 0.0 0.0 0.0 0.0 0.0 0.0 0.0 0.0 0.0 0.0 0.0 0.0 0.0 0.0 0.0 0.0 0.0 0.0 0.0 0.0 0.0 0.0 0.0 0.0 0.0 0.0 0.0 0.0 0.0 0.0 0.0 0.0 0.0 0.0 0.0 0.0 0.0 0.0 0.0 0.0 0.0 0.0 0.0 0.0 0.0 0.0 
0.0 0.0 0.0 0.0 0.0 0.0 0.0 0.0 0.0 0.0 0.0 0.0 0.0 0.0 0.0 0.0 0.0 0.0 0.0 0.0 0.0 0.0 0.0 0.0 0.0 0.0 0.0 0.0 0.0 0.0 0.0 0.0 0.0 0.0 0.0 0.0 0.0 0.0 0.0 0.0 0.0 0.0 0.0 0.0 0.0 0.0 0.0 0.0 0.0 0.0 0.0 0.0 0.0 0.0 0.0 0.0 0.0 0.0 0.0 0.0 0.0 0.0 0.0 0.0 0.0 0.0 0.0 0.0 0.0 0.0 0.0 0.0 0.0 0.0 0.0 0.0 0.0 0.0 0.0 0.0 0.0 0.0 0.0 0.0 0.0 0.0 0.0 0.0 0.0 0.0 0.0 0.0 0.0 0.0 0.0 0.0 0.0 0.0 0.0 0.0 
0.0 0.0 0.0 0.0 0.0 0.0 0.0 0.0 0.0 0.0 0.0 0.0 0.0 0.0 0.0 0.0 0.0 0.0 0.0 0.0 0.0 0.0 0.0 0.0 0.0 0.0 0.0 0.0 0.0 0.0 0.0 0.0 0.0 0.0 0.0 0.0 0.0 0.0 0.0 0.0 0.0 0.0 0.0 0.0 0.0 0.0 0.0 0.0 0.0 0.0 0.0 0.0 0.0 0.0 0.0 0.0 0.0 0.0 0.0 0.0 0.0 0.0 0.0 0.0 0.0 0.0 0.0 0.0 0.0 0.0 0.0 0.0 0.0 0.0 0.0 0.0 0.0 0.0 0.0 0.0 0.0 0.0 0.0 0.0 0.0 0.0 0.0 0.0 0.0 0.0 0.0 0.0 0.0 0.0 0.0 0.0 0.0 0.0 0.0 0.0 
0.0 0.0 0.0 0.0 0.0 0.0 0.0 0.0 0.0 0.0 0.0 0.0 0.0 0.0 0.0 0.0 0.0 0.0 0.0 0.0 0.0 0.0 0.0 0.0 0.0 0.0 0.0 0.0 0.0 0.0 0.0 0.0 0.0 0.0 0.0 0.0 0.0 0.0 0.0 0.0 0.0 0.0 0.0 0.0 0.0 0.0 0.0 0.0 0.0 0.0 0.0 0.0 0.0 0.0 0.0 0.0 0.0 0.0 0.0 0.0 0.0 0.0 0.0 0.0 0.0 0.0 0.0 0.0 0.0 0.0 0.0 0.0 0.0 0.0 0.0 0.0 0.0 0.0 0.0 0.0 0.0 0.0 0.0 0.0 0.0 0.0 0.0 0.0 0.0 0.0 0.0 0.0 0.0 0.0 0.0 0.0 0.0 0.0 0.0 0.0 
0.0 0.0 0.0 0.0 0.0 0.0 0.0 0.0 0.0 0.0 0.0 0.0 0.0 0.0 0.0 0.0 0.0 0.0 0.0 0.0 0.0 0.0 0.0 0.0 0.0 0.0 0.0 0.0 0.0 0.0 0.0 0.0 0.0 0.0 0.0 0.0 0.0 0.0 0.0 0.0 0.0 0.0 0.0 0.0 0.0 0.0 0.0 0.0 0.0 0.0 0.0 0.0 0.0 0.0 0.0 0.0 0.0 0.0 0.0 0.0 0.0 0.0 0.0 0.0 0.0 0.0 0.0 0.0 0.0 0.0 0.0 0.0 0.0 0.0 0.0 0.0 0.0 0.0 0.0 0.0 0.0 0.0 0.0 0.0 0.0 0.0 0.0 0.0 0.0 0.0 0.0 0.0 0.0 0.0 0.0 0.0 0.0 0.0 0.0 0.0 
0.0 0.0 0.0 0.0 0.0 0.0 0.0 0.0 0.0 0.0 0.0 0.0 0.0 0.0 0.0 0.0 0.0 0.0 0.0 0.0 0.0 0.0 0.0 0.0 0.0 0.0 0.0 0.0 0.0 0.0 0.0 0.0 0.0 0.0 0.0 0.0 0.0 0.0 0.0 0.0 0.0 0.0 0.0 0.0 0.0 0.0 0.0 0.0 0.0 0.0 0.0 0.0 0.0 0.0 0.0 0.0 0.0 0.0 0.0 0.0 0.0 0.0 0.0 0.0 0.0 0.0 0.0 0.0 0.0 0.0 0.0 0.0 0.0 0.0 0.0 0.0 0.0 0.0 0.0 0.0 0.0 0.0 0.0 0.0 0.0 0.0 0.0 0.0 0.0 0.0 0.0 0.0 0.0 0.0 0.0 0.0 0.0 0.0 0.0 0.0 
0.0 0.0 0.0 0.0 0.0 0.0 0.0 0.0 0.0 0.0 0.0 0.0 0.0 0.0 0.0 0.0 0.0 0.0 0.0 0.0 0.0 0.0 0.0 0.0 0.0 0.0 0.0 0.0 0.0 0.0 0.0 0.0 0.0 0.0 0.0 0.0 0.0 0.0 0.0 0.0 0.0 0.0 0.0 0.0 0.0 0.0 0.0 0.0 0.0 0.0 0.0 0.0 0.0 0.0 0.0 0.0 0.0 0.0 0.0 0.0 0.0 0.0 0.0 0.0 0.0 0.0 0.0 0.0 0.0 0.0 0.0 0.0 0.0 0.0 0.0 0.0 0.0 0.0 0.0 0.0 0.0 0.0 0.0 0.0 0.0 0.0 0.0 0.0 0.0 0.0 0.0 0.0 0.0 0.0 0.0 0.0 0.0 0.0 0.0 0.0 
0.0 0.0 0.0 0.0 0.0 0.0 0.0 0.0 0.0 0.0 0.0 0.0 0.0 0.0 0.0 0.0 0.0 0.0 0.0 0.0 0.0 0.0 0.0 0.0 0.0 0.0 0.0 0.0 0.0 0.0 0.0 0.0 0.0 0.0 0.0 0.0 0.0 0.0 0.0 0.0 0.0 0.0 0.0 0.0 0.0 0.0 0.0 0.0 0.0 0.0 0.0 0.0 0.0 0.0 0.0 0.0 0.0 0.0 0.0 0.0 0.0 0.0 0.0 0.0 0.0 0.0 0.0 0.0 0.0 0.0 0.0 0.0 0.0 0.0 0.0 0.0 0.0 0.0 0.0 0.0 0.0 0.0 0.0 0.0 0.0 0.0 0.0 0.0 0.0 0.0 0.0 0.0 0.0 0.0 0.0 0.0 0.0 0.0 0.0 0.0 
0.0 0.0 0.0 0.0 0.0 0.0 0.0 0.0 0.0 0.0 0.0 0.0 0.0 0.0 0.0 0.0 0.0 0.0 0.0 0.0 0.0 0.0 0.0 0.0 0.0 0.0 0.0 0.0 0.0 0.0 0.0 0.0 0.0 0.0 0.0 0.0 0.0 0.0 0.0 0.0 0.0 0.0 0.0 0.0 0.0 0.0 0.0 0.0 0.0 0.0 0.0 0.0 0.0 0.0 0.0 0.0 0.0 0.0 0.0 0.0 0.0 0.0 0.0 0.0 0.0 0.0 0.0 0.0 0.0 0.0 0.0 0.0 0.0 0.0 0.0 0.0 0.0 0.0 0.0 0.0 0.0 0.0 0.0 0.0 0.0 0.0 0.0 0.0 0.0 0.0 0.0 0.0 0.0 0.0 0.0 0.0 0.0 0.0 0.0 0.0 
0.0 0.0 0.0 0.0 0.0 0.0 0.0 0.0 0.0 0.0 0.0 0.0 0.0 0.0 0.0 0.0 0.0 0.0 0.0 0.0 0.0 0.0 0.0 0.0 0.0 0.0 0.0 0.0 0.0 0.0 0.0 0.0 0.0 0.0 0.0 0.0 0.0 0.0 0.0 0.0 0.0 0.0 0.0 0.0 0.0 0.0 0.0 0.0 0.0 0.0 0.0 0.0 0.0 0.0 0.0 0.0 0.0 0.0 0.0 0.0 0.0 0.0 0.0 0.0 0.0 0.0 0.0 0.0 0.0 0.0 0.0 0.0 0.0 0.0 0.0 0.0 0.0 0.0 0.0 0.0 0.0 0.0 0.0 0.0 0.0 0.0 0.0 0.0 0.0 0.0 0.0 0.0 0.0 0.0 0.0 0.0 0.0 0.0 0.0 0.0 
0.0 0.0 0.0 0.0 0.0 0.0 0.0 0.0 0.0 0.0 0.0 0.0 0.0 0.0 0.0 0.0 0.0 0.0 0.0 0.0 0.0 0.0 0.0 0.0 0.0 0.0 0.0 0.0 0.0 0.0 0.0 0.0 0.0 0.0 0.0 0.0 0.0 0.0 0.0 0.0 0.0 0.0 0.0 0.0 0.0 0.0 0.0 0.0 0.0 0.0 0.0 0.0 0.0 0.0 0.0 0.0 0.0 0.0 0.0 0.0 0.0 0.0 0.0 0.0 0.0 0.0 0.0 0.0 0.0 0.0 0.0 0.0 0.0 0.0 0.0 0.0 0.0 0.0 0.0 0.0 0.0 0.0 0.0 0.0 0.0 0.0 0.0 0.0 0.0 0.0 0.0 0.0 0.0 0.0 0.0 0.0 0.0 0.0 0.0 0.0 
0.0 0.0 0.0 0.0 0.0 0.0 0.0 0.0 0.0 0.0 0.0 0.0 0.0 0.0 0.0 0.0 0.0 0.0 0.0 0.0 0.0 0.0 0.0 0.0 0.0 0.0 0.0 0.0 0.0 0.0 0.0 0.0 0.0 0.0 0.0 0.0 0.0 0.0 0.0 0.0 0.0 0.0 0.0 0.0 0.0 0.0 0.0 0.0 0.0 0.0 0.0 0.0 0.0 0.0 0.0 0.0 0.0 0.0 0.0 0.0 0.0 0.0 0.0 0.0 0.0 0.0 0.0 0.0 0.0 0.0 0.0 0.0 0.0 0.0 0.0 0.0 0.0 0.0 0.0 0.0 0.0 0.0 0.0 0.0 0.0 0.0 0.0 0.0 0.0 0.0 0.0 0.0 0.0 0.0 0.0 0.0 0.0 0.0 0.0 0.0 
0.0 0.0 0.0 0.0 0.0 0.0 0.0 0.0 0.0 0.0 0.0 0.0 0.0 0.0 0.0 0.0 0.0 0.0 0.0 0.0 0.0 0.0 0.0 0.0 0.0 0.0 0.0 0.0 0.0 0.0 0.0 0.0 0.0 0.0 0.0 0.0 0.0 0.0 0.0 0.0 0.0 0.0 0.0 0.0 0.0 0.0 0.0 0.0 0.0 0.0 0.0 0.0 0.0 0.0 0.0 0.0 0.0 0.0 0.0 0.0 0.0 0.0 0.0 0.0 0.0 0.0 0.0 0.0 0.0 0.0 0.0 0.0 0.0 0.0 0.0 0.0 0.0 0.0 0.0 0.0 0.0 0.0 0.0 0.0 0.0 0.0 0.0 0.0 0.0 0.0 0.0 0.0 0.0 0.0 0.0 0.0 0.0 0.0 0.0 0.0 
0.0 0.0 0.0 0.0 0.0 0.0 0.0 0.0 0.0 0.0 0.0 0.0 0.0 0.0 0.0 0.0 0.0 0.0 0.0 0.0 0.0 0.0 0.0 0.0 0.0 0.0 0.0 0.0 0.0 0.0 0.0 0.0 0.0 0.0 0.0 0.0 0.0 0.0 0.0 0.0 0.0 0.0 0.0 0.0 0.0 0.0 0.0 0.0 0.0 0.0 0.0 0.0 0.0 0.0 0.0 0.0 0.0 0.0 0.0 0.0 0.0 0.0 0.0 0.0 0.0 0.0 0.0 0.0 0.0 0.0 0.0 0.0 0.0 0.0 0.0 0.0 0.0 0.0 0.0 0.0 0.0 0.0 0.0 0.0 0.0 0.0 0.0 0.0 0.0 0.0 0.0 0.0 0.0 0.0 0.0 0.0 0.0 0.0 0.0 0.0 
0.0 0.0 0.0 0.0 0.0 0.0 0.0 0.0 0.0 0.0 0.0 0.0 0.0 0.0 0.0 0.0 0.0 0.0 0.0 0.0 0.0 0.0 0.0 0.0 0.0 0.0 0.0 0.0 0.0 0.0 0.0 0.0 0.0 0.0 0.0 0.0 0.0 0.0 0.0 0.0 0.0 0.0 0.0 0.0 0.0 0.0 0.0 0.0 0.0 0.0 0.0 0.0 0.0 0.0 0.0 0.0 0.0 0.0 0.0 0.0 0.0 0.0 0.0 0.0 0.0 0.0 0.0 0.0 0.0 0.0 0.0 0.0 0.0 0.0 0.0 0.0 0.0 0.0 0.0 0.0 0.0 0.0 0.0 0.0 0.0 0.0 0.0 0.0 0.0 0.0 0.0 0.0 0.0 0.0 0.0 0.0 0.0 0.0 0.0 0.0 
0.0 0.0 0.0 0.0 0.0 0.0 0.0 0.0 0.0 0.0 0.0 0.0 0.0 0.0 0.0 0.0 0.0 0.0 0.0 0.0 0.0 0.0 0.0 0.0 0.0 0.0 0.0 0.0 0.0 0.0 0.0 0.0 0.0 0.0 0.0 0.0 0.0 0.0 0.0 0.0 0.0 0.0 0.0 0.0 0.0 0.0 0.0 0.0 0.0 0.0 0.0 0.0 0.0 0.0 0.0 0.0 0.0 0.0 0.0 0.0 0.0 0.0 0.0 0.0 0.0 0.0 0.0 0.0 0.0 0.0 0.0 0.0 0.0 0.0 0.0 0.0 0.0 0.0 0.0 0.0 0.0 0.0 0.0 0.0 0.0 0.0 0.0 0.0 0.0 0.0 0.0 0.0 0.0 0.0 0.0 0.0 0.0 0.0 0.0 0.0 
0.0 0.0 0.0 0.0 0.0 0.0 0.0 0.0 0.0 0.0 0.0 0.0 0.0 0.0 0.0 0.0 0.0 0.0 0.0 0.0 0.0 0.0 0.0 0.0 0.0 0.0 0.0 0.0 0.0 0.0 0.0 0.0 0.0 0.0 0.0 0.0 0.0 0.0 0.0 0.0 0.0 0.0 0.0 0.0 0.0 0.0 0.0 0.0 0.0 0.0 0.0 0.0 0.0 0.0 0.0 0.0 0.0 0.0 0.0 0.0 0.0 0.0 0.0 0.0 0.0 0.0 0.0 0.0 0.0 0.0 0.0 0.0 0.0 0.0 0.0 0.0 0.0 0.0 0.0 0.0 0.0 0.0 0.0 0.0 0.0 0.0 0.0 0.0 0.0 0.0 0.0 0.0 0.0 0.0 0.0 0.0 0.0 0.0 0.0 0.0 
0.0 0.0 0.0 0.0 0.0 0.0 0.0 0.0 0.0 0.0 0.0 0.0 0.0 0.0 0.0 0.0 0.0 0.0 0.0 0.0 0.0 0.0 0.0 0.0 0.0 0.0 0.0 0.0 0.0 0.0 0.0 0.0 0.0 0.0 0.0 0.0 0.0 0.0 0.0 0.0 0.0 0.0 0.0 0.0 0.0 0.0 0.0 0.0 0.0 0.0 0.0 0.0 0.0 0.0 0.0 0.0 0.0 0.0 0.0 0.0 0.0 0.0 0.0 0.0 0.0 0.0 0.0 0.0 0.0 0.0 0.0 0.0 0.0 0.0 0.0 0.0 0.0 0.0 0.0 0.0 0.0 0.0 0.0 0.0 0.0 0.0 0.0 0.0 0.0 0.0 0.0 0.0 0.0 0.0 0.0 0.0 0.0 0.0 0.0 0.0 
0.0 0.0 0.0 0.0 0.0 0.0 0.0 0.0 0.0 0.0 0.0 0.0 0.0 0.0 0.0 0.0 0.0 0.0 0.0 0.0 0.0 0.0 0.0 0.0 0.0 0.0 0.0 0.0 0.0 0.0 0.0 0.0 0.0 0.0 0.0 0.0 0.0 0.0 0.0 0.0 0.0 0.0 0.0 0.0 0.0 0.0 0.0 0.0 0.0 0.0 0.0 0.0 0.0 0.0 0.0 0.0 0.0 0.0 0.0 0.0 0.0 0.0 0.0 0.0 0.0 0.0 0.0 0.0 0.0 0.0 0.0 0.0 0.0 0.0 0.0 0.0 0.0 0.0 0.0 0.0 0.0 0.0 0.0 0.0 0.0 0.0 0.0 0.0 0.0 0.0 0.0 0.0 0.0 0.0 0.0 0.0 0.0 0.0 0.0 0.0 
0.0 0.0 0.0 0.0 0.0 0.0 0.0 0.0 0.0 0.0 0.0 0.0 0.0 0.0 0.0 0.0 0.0 0.0 0.0 0.0 0.0 0.0 0.0 0.0 0.0 0.0 0.0 0.0 0.0 0.0 0.0 0.0 0.0 0.0 0.0 0.0 0.0 0.0 0.0 0.0 0.0 0.0 0.0 0.0 0.0 0.0 0.0 0.0 0.0 0.0 0.0 0.0 0.0 0.0 0.0 0.0 0.0 0.0 0.0 0.0 0.0 0.0 0.0 0.0 0.0 0.0 0.0 0.0 0.0 0.0 0.0 0.0 0.0 0.0 0.0 0.0 0.0 0.0 0.0 0.0 0.0 0.0 0.0 0.0 0.0 0.0 0.0 0.0 0.0 0.0 0.0 0.0 0.0 0.0 0.0 0.0 0.0 0.0 0.0 0.0 
0.0 0.0 0.0 0.0 0.0 0.0 0.0 0.0 0.0 0.0 0.0 0.0 0.0 0.0 0.0 0.0 0.0 0.0 0.0 0.0 0.0 0.0 0.0 0.0 0.0 0.0 0.0 0.0 0.0 0.0 0.0 0.0 0.0 0.0 0.0 0.0 0.0 0.0 0.0 0.0 0.0 0.0 0.0 0.0 0.0 0.0 0.0 0.0 0.0 0.0 0.0 0.0 0.0 0.0 0.0 0.0 0.0 0.0 0.0 0.0 0.0 0.0 0.0 0.0 0.0 0.0 0.0 0.0 0.0 0.0 0.0 0.0 0.0 0.0 0.0 0.0 0.0 0.0 0.0 0.0 0.0 0.0 0.0 0.0 0.0 0.0 0.0 0.0 0.0 0.0 0.0 0.0 0.0 0.0 0.0 0.0 0.0 0.0 0.0 0.0 
0.0 0.0 0.0 0.0 0.0 0.0 0.0 0.0 0.0 0.0 0.0 0.0 0.0 0.0 0.0 0.0 0.0 0.0 0.0 0.0 0.0 0.0 0.0 0.0 0.0 0.0 0.0 0.0 0.0 0.0 0.0 0.0 0.0 0.0 0.0 0.0 0.0 0.0 0.0 0.0 0.0 0.0 0.0 0.0 0.0 0.0 0.0 0.0 0.0 0.0 0.0 0.0 0.0 0.0 0.0 0.0 0.0 0.0 0.0 0.0 0.0 0.0 0.0 0.0 0.0 0.0 0.0 0.0 0.0 0.0 0.0 0.0 0.0 0.0 0.0 0.0 0.0 0.0 0.0 0.0 0.0 0.0 0.0 0.0 0.0 0.0 0.0 0.0 0.0 0.0 0.0 0.0 0.0 0.0 0.0 0.0 0.0 0.0 0.0 0.0 
0.0 0.0 0.0 0.0 0.0 0.0 0.0 0.0 0.0 0.0 0.0 0.0 0.0 0.0 0.0 0.0 0.0 0.0 0.0 0.0 0.0 0.0 0.0 0.0 0.0 0.0 0.0 0.0 0.0 0.0 0.0 0.0 0.0 0.0 0.0 0.0 0.0 0.0 0.0 0.0 0.0 0.0 0.0 0.0 0.0 0.0 0.0 0.0 0.0 0.0 0.0 0.0 0.0 0.0 0.0 0.0 0.0 0.0 0.0 0.0 0.0 0.0 0.0 0.0 0.0 0.0 0.0 0.0 0.0 0.0 0.0 0.0 0.0 0.0 0.0 0.0 0.0 0.0 0.0 0.0 0.0 0.0 0.0 0.0 0.0 0.0 0.0 0.0 0.0 0.0 0.0 0.0 0.0 0.0 0.0 0.0 0.0 0.0 0.0 0.0 
0.0 0.0 0.0 0.0 0.0 0.0 0.0 0.0 0.0 0.0 0.0 0.0 0.0 0.0 0.0 0.0 0.0 0.0 0.0 0.0 0.0 0.0 0.0 0.0 0.0 0.0 0.0 0.0 0.0 0.0 0.0 0.0 0.0 0.0 0.0 0.0 0.0 0.0 0.0 0.0 0.0 0.0 0.0 0.0 0.0 0.0 0.0 0.0 0.0 0.0 0.0 0.0 0.0 0.0 0.0 0.0 0.0 0.0 0.0 0.0 0.0 0.0 0.0 0.0 0.0 0.0 0.0 0.0 0.0 0.0 0.0 0.0 0.0 0.0 0.0 0.0 0.0 0.0 0.0 0.0 0.0 0.0 0.0 0.0 0.0 0.0 0.0 0.0 0.0 0.0 0.0 0.0 0.0 0.0 0.0 0.0 0.0 0.0 0.0 0.0 
0.0 0.0 0.0 0.0 0.0 0.0 0.0 0.0 0.0 0.0 0.0 0.0 0.0 0.0 0.0 0.0 0.0 0.0 0.0 0.0 0.0 0.0 0.0 0.0 0.0 0.0 0.0 0.0 0.0 0.0 0.0 0.0 0.0 0.0 0.0 0.0 0.0 0.0 0.0 0.0 0.0 0.0 0.0 0.0 0.0 0.0 0.0 0.0 0.0 0.0 0.0 0.0 0.0 0.0 0.0 0.0 0.0 0.0 0.0 0.0 0.0 0.0 0.0 0.0 0.0 0.0 0.0 0.0 0.0 0.0 0.0 0.0 0.0 0.0 0.0 0.0 0.0 0.0 0.0 0.0 0.0 0.0 0.0 0.0 0.0 0.0 0.0 0.0 0.0 0.0 0.0 0.0 0.0 0.0 0.0 0.0 0.0 0.0 0.0 0.0 
0.0 0.0 0.0 0.0 0.0 0.0 0.0 0.0 0.0 0.0 0.0 0.0 0.0 0.0 0.0 0.0 0.0 0.0 0.0 0.0 0.0 0.0 0.0 0.0 0.0 0.0 0.0 0.0 0.0 0.0 0.0 0.0 0.0 0.0 0.0 0.0 0.0 0.0 0.0 0.0 0.0 0.0 0.0 0.0 0.0 0.0 0.0 0.0 0.0 0.0 0.0 0.0 0.0 0.0 0.0 0.0 0.0 0.0 0.0 0.0 0.0 0.0 0.0 0.0 0.0 0.0 0.0 0.0 0.0 0.0 0.0 0.0 0.0 0.0 0.0 0.0 0.0 0.0 0.0 0.0 0.0 0.0 0.0 0.0 0.0 0.0 0.0 0.0 0.0 0.0 0.0 0.0 0.0 0.0 0.0 0.0 0.0 0.0 0.0 0.0 
0.0 0.0 0.0 0.0 0.0 0.0 0.0 0.0 0.0 0.0 0.0 0.0 0.0 0.0 0.0 0.0 0.0 0.0 0.0 0.0 0.0 0.0 0.0 0.0 0.0 0.0 0.0 0.0 0.0 0.0 0.0 0.0 0.0 0.0 0.0 0.0 0.0 0.0 0.0 0.0 0.0 0.0 0.0 0.0 0.0 0.0 0.0 0.0 0.0 0.0 0.0 0.0 0.0 0.0 0.0 0.0 0.0 0.0 0.0 0.0 0.0 0.0 0.0 0.0 0.0 0.0 0.0 0.0 0.0 0.0 0.0 0.0 0.0 0.0 0.0 0.0 0.0 0.0 0.0 0.0 0.0 0.0 0.0 0.0 0.0 0.0 0.0 0.0 0.0 0.0 0.0 0.0 0.0 0.0 0.0 0.0 0.0 0.0 0.0 0.0 
