0.0 0.0 0.0 0.0 0.0 0.0 0.0 0.0 0.0 0.0 0.0 0.0 0.0 0.0 0.0 0.0 0.0 0.0 0.0 0.0 0.0 0.0 0.0 0.0 0.0 0.0 0.0 0.0 0.0 0.0 0.0 0.0 0.0 0.0 0.0 0.0 0.0 0.0 0.0 0.0 0.0 0.0 0.0 0.0 -7.23262383656941e-18 5.760482549559492e-17 -9.552659929075458e-19 3.664078271443998e-18 6.483672703834941e-18 5.748322194658201e-17 5.745013082367106e-16 8.042972100328681e-15 6.647672850735447e-14 4.607356602154223e-13 2.6353132664487707e-12 1.2658124778425567e-11 5.940861693118669e-11 3.259288903152488e-10 2.013435169752875e-9 1.2269764043582086e-8 6.245666652153595e-8 2.518304864153138e-7 8.035872488929709e-7 2.002111042730277e-6 3.921627958513223e-6 6.058686459896953e-6 7.47247947174159e-6 7.462202470862907e-6 6.19006800341823e-6 4.423736703184548e-6 2.885323034044613e-6 1.8512059182074348e-6 1.2584521635088723e-6 9.349853245046242e-7 7.343802593640939e-7 5.684580296690996e-7 4.0583461173256e-7 2.5977814406829426e-7 1.534981597800008e-7 9.473545249108612e-8 7.224732765213515e-8 6.712634269634822e-8 6.230605197796234e-8 5.012363574491084e-8 3.2903665490027516e-8 1.7347713031349588e-8 7.371463604258757e-9 2.6097917900094405e-9 8.163142447213603e-10 2.4441282502746013e-10 7.252776528595257e-11 1.9912470206486052e-11 4.759057216984503e-12 9.62258897141531e-13 1.583773571509683e-13 2.1990309909204076e-14 2.5506682613477807e-15 1.703207239687992e-16 1.348381645427594e-17 7.420533418207344e-18 
0.0 0.0 0.0 0.0 0.0 0.0 0.0 0.0 0.0 0.0 0.0 0.0 0.0 0.0 0.0 0.0 0.0 0.0 0.0 0.0 0.0 0.0 0.0 0.0 0.0 0.0 0.0 0.0 0.0 0.0 0.0 0.0 0.0 0.0 0.0 0.0 0.0 0.0 0.0 0.0 0.0 0.0 0.0 0.0 -9.572370807205638e-18 7.619874651560713e-17 -1.6059421129304169e-18 1.68307063449637e-17 3.063202413459883e-17 8.855216401829282e-16 8.402028384174685e-15 8.057106793561314e-14 6.295212119146819e-13 4.197691062298042e-12 2.3037414901524483e-11 1.0199678389622361e-10 3.8192223810743166e-10 1.2839512710929508e-9 4.382189688904288e-9 1.715953636555951e-8 7.078326141416534e-8 2.639759226198123e-7 8.254944688587183e-7 2.074241448882201e-6 4.182762670633324e-6 6.804110052391514e-6 9.08242744759762e-6 1.0163947325580047e-5 9.823854588571289e-6 8.503372697092551e-6 6.889591363754236e-6 5.468883719871108e-6 4.398016923938041e-6 3.6180696464627645e-6 2.986889920695175e-6 2.3783997087172177e-6 1.7542940069657395e-6 1.1817222804042033e-6 7.506335215215289e-7 4.963500343509646e-7 3.8339432865813054e-7 3.4150201431571357e-7 3.0262243839547804e-7 2.358474287911587e-7 1.520995579919214e-7 7.987927499455739e-8 3.453419972467219e-8 1.292258658145265e-8 4.50617898572099e-9 1.5543908717177117e-9 5.19810997499359e-10 1.549992278595485e-10 3.930131679434315e-11 8.411995817447978e-12 1.4817043730022055e-12 2.2273786172204685e-13 2.858920355423699e-14 2.8261485049104152e-15 2.5494846916737143e-16 4.0670496438950565e-17 
0.0 0.0 0.0 0.0 0.0 0.0 0.0 0.0 0.0 0.0 0.0 0.0 0.0 0.0 0.0 0.0 0.0 0.0 0.0 0.0 0.0 0.0 0.0 0.0 0.0 0.0 0.0 0.0 0.0 0.0 0.0 0.0 0.0 0.0 0.0 0.0 0.0 0.0 0.0 0.0 0.0 0.0 0.0 0.0 -1.132054374140665e-17 9.030763202202572e-17 -4.779969258342234e-18 1.6167703375865912e-16 1.4054716672330653e-15 1.2095904241127081e-14 9.530423755849231e-14 7.538502501097305e-13 5.2898879884524264e-12 3.2987268398029314e-11 1.7335355378837494e-10 7.4101752899092e-10 2.633583777492524e-9 7.828582550779836e-9 2.0294441608562846e-8 5.0003299117234515e-8 1.2865059154225284e-7 3.5205564494755667e-7 9.521886108274974e-7 2.301392013322469e-6 4.751630279263501e-6 8.275938647130321e-6 1.2258931298197497e-5 1.568699613787242e-5 1.7699805148815415e-5 1.8068032560836697e-5 1.7186769471274615e-5 1.5672617061832846e-5 1.3962785122087673e-5 1.2244935447707566e-5 1.0498803428082832e-5 8.620631761779152e-6 6.620841785333216e-6 4.728605603394777e-6 3.2266541074876322e-6 2.2526318830023124e-6 1.7310041540901375e-6 1.4576589333204237e-6 1.2168377760721716e-6 9.090810239384638e-7 5.729127185838308e-7 3.004634364787125e-7 1.3422535417732353e-7 5.4763651855191705e-8 2.1933189210245257e-8 8.724840233053137e-9 3.235895167760947e-9 1.0404786527818507e-9 2.823607651078156e-10 6.508204996793551e-11 1.2482389350723191e-11 2.038086149092825e-12 2.81289679920359e-13 3.031110569702323e-14 2.762546992827841e-15 2.457283628870726e-16 
0.0 0.0 0.0 0.0 0.0 0.0 0.0 0.0 0.0 0.0 0.0 0.0 0.0 0.0 0.0 0.0 0.0 0.0 0.0 0.0 0.0 0.0 0.0 0.0 0.0 0.0 0.0 0.0 0.0 0.0 0.0 0.0 0.0 0.0 0.0 0.0 0.0 0.0 0.0 0.0 0.0 0.0 0.0 0.0 -1.325840469288603e-17 1.1346826326831644e-16 1.1336139742938243e-16 2.2696026343373434e-15 1.8676003534407117e-14 1.3317845288250644e-13 8.91038457139066e-13 5.89409822151495e-12 3.6152654971897056e-11 2.054523927985168e-10 1.0178356738965427e-9 4.189671586279433e-9 1.4443333185963907e-8 4.1411289416373e-8 1.0075753833594097e-7 2.1686355208676483e-7 4.386563756553782e-7 8.92679106082524e-7 1.8871084490288764e-6 3.965733667519761e-6 7.787906322914892e-6 1.3706629905535198e-5 2.1306981636651362e-5 2.9319979653107905e-5 3.611554700812552e-5 4.055183088793525e-5 4.2345065551012286e-5 4.1858017987387694e-5 3.964879229074288e-5 3.627033830778169e-5 3.207068419834325e-5 2.715928017362241e-5 2.1738177707884006e-5 1.6394898130134387e-5 1.1857768238410805e-5 8.57733198999517e-6 6.491327799605154e-6 5.154000411186363e-6 4.030696613490929e-6 2.866882386341288e-6 1.7597771151804743e-6 9.260701122460861e-7 4.347733202604268e-7 1.9756621673880554e-7 9.078821372098638e-8 4.053765765669666e-8 1.629722520317236e-8 5.607882683942484e-9 1.6321328078641724e-9 4.05373339328571e-10 8.39472515793473e-11 1.462159543032563e-11 2.1198124699780074e-12 2.376335997778423e-13 2.209842325928097e-14 1.7045326915056807e-15 
0.0 0.0 0.0 0.0 0.0 0.0 0.0 0.0 0.0 0.0 0.0 0.0 0.0 0.0 0.0 0.0 0.0 0.0 0.0 0.0 0.0 0.0 0.0 0.0 0.0 0.0 0.0 0.0 0.0 0.0 0.0 0.0 0.0 0.0 0.0 0.0 0.0 0.0 0.0 0.0 0.0 0.0 0.0 0.0 -1.9657820837376612e-17 3.9618623927216584e-16 3.1190411115329572e-15 2.8946157341339353e-14 2.219954017834113e-13 1.4171956669614951e-12 8.19025639736478e-12 4.500131734718424e-11 2.3215859744943534e-10 1.146979426797791e-9 5.158397105207104e-9 1.9972421772700367e-8 6.605356417571055e-8 1.8341778883896613e-7 4.3208513990139303e-7 8.883152590852276e-7 1.664274817997844e-6 3.0062056241187966e-6 5.48685444722938e-6 1.0103010164601208e-5 1.8071570339565337e-5 3.013075884191595e-5 4.581150882171709e-5 6.33028386290476e-5 8.001539889122269e-5 9.356866976364618e-5 0.00010232942142404723 0.00010563269440424054 0.00010374273661261556 9.768667027395084e-5 8.862240650750048e-5 7.727702306395553e-5 6.428197331498082e-5 5.080787449352737e-5 3.842095239520583e-5 2.8397743616466014e-5 2.10540593274791e-5 1.575572151746843e-5 1.1490969706215028e-5 7.726829716250521e-6 4.607395958198583e-6 2.4529422824480585e-6 1.2355001813294488e-6 6.348506682483175e-7 3.312489173501297e-7 1.6295140797123218e-7 7.06750436191964e-8 2.621820783589738e-8 8.266639623842159e-9 2.2204688385987437e-9 4.937099953800846e-10 9.07370981098023e-11 1.3668829721291207e-11 1.5781118854115264e-12 1.49746910669944e-13 1.1406900125351172e-14 
0.0 0.0 0.0 0.0 0.0 0.0 0.0 0.0 0.0 0.0 0.0 0.0 0.0 0.0 0.0 0.0 0.0 0.0 0.0 0.0 0.0 0.0 0.0 0.0 0.0 0.0 0.0 0.0 0.0 0.0 0.0 0.0 0.0 0.0 0.0 0.0 0.0 0.0 0.0 0.0 0.0 0.0 0.0 0.0 1.5027010173756177e-16 3.1965107251266625e-15 3.1884139743793375e-14 2.724063022932273e-13 1.9738848721491423e-12 1.1716018372918742e-11 6.123074003314186e-11 2.928354527441093e-10 1.2948487749693984e-9 5.505974667696458e-9 2.195537590223683e-8 7.824777003676348e-8 2.447184118373177e-7 6.542051544384252e-7 1.496704178960521e-6 2.9896287046059852e-6 5.400886734001669e-6 9.260734371924746e-6 1.575344461378971e-5 2.685794842181122e-5 4.487324967228549e-5 7.109221178784384e-5 0.00010466772773068418 0.00014262772042900355 0.00018068622387060825 0.00021424860703905647 0.00023901210963415723 0.0002520034320618105 0.00025251741646946455 0.0002422266571377894 0.00022392760803749753 0.00019978036097090425 0.00017118422787258235 0.0001399629238665107 0.00010898131034114339 8.142777418721113e-5 5.918954479882859e-5 4.212890936745043e-5 2.8861154989672406e-5 1.8402051931776405e-5 1.069735823670712e-5 5.809110320382979e-6 3.1581539877333223e-6 1.807773991877846e-6 1.0385495149509248e-6 5.510487274289784e-7 2.561969183561607e-7 1.0223362417287156e-7 3.467435653094668e-8 9.92781310855435e-9 2.3258247311184875e-9 4.4370399781567704e-10 6.867710166034967e-11 8.1151854834177e-12 7.858495787529674e-13 6.091280654239248e-14 
0.0 0.0 0.0 0.0 0.0 0.0 0.0 0.0 0.0 0.0 0.0 0.0 0.0 0.0 0.0 0.0 0.0 0.0 0.0 0.0 0.0 0.0 0.0 0.0 0.0 0.0 0.0 0.0 0.0 0.0 0.0 0.0 0.0 0.0 0.0 0.0 0.0 0.0 0.0 0.0 0.0 0.0 0.0 0.0 2.0166411444621363e-15 2.7550840575048566e-14 2.7169586286939135e-13 2.213849250149307e-12 1.5197667584179083e-11 8.462528674021012e-11 4.066185741495366e-10 1.734032263633458e-9 6.680892930256107e-9 2.4375709302353217e-8 8.427043442454583e-8 2.687098030217522e-7 7.758791366719103e-7 1.96682821449642e-6 4.342106657556971e-6 8.443885218506604e-6 1.4875489889049468e-5 2.4749064711824078e-5 4.046944926835633e-5 6.594552920412775e-5 0.00010565375923437692 0.00016223720342704862 0.000234493602465661 0.00031729983969739663 0.00040266514458976103 0.0004811083589006341 0.0005426688154036963 0.0005793655935482694 0.0005879172243249031 0.0005708358369410878 0.0005344759299737219 0.00048443156742579907 0.00042353396277208913 0.00035395028119763425 0.00028040955430650143 0.00021037948773359316 0.0001504361309992824 0.00010312245611626239 6.735517563883176e-5 4.124947994237243e-5 2.3619949747378692e-5 1.3136608807159785e-5 7.5991395975263685e-6 4.681382207219363e-6 2.8711156067511717e-6 1.6213421101445065e-6 8.057265937429876e-7 3.4459810856950056e-7 1.2458797148512968e-7 3.755552429428873e-8 9.161951998543921e-9 1.8016570884745444e-9 2.860602881185043e-10 3.472604897375585e-11 3.4620569034229607e-12 2.779488250655306e-13 
0.0 0.0 0.0 0.0 0.0 0.0 0.0 0.0 0.0 0.0 0.0 0.0 0.0 0.0 0.0 0.0 0.0 0.0 0.0 0.0 0.0 0.0 0.0 0.0 0.0 0.0 0.0 0.0 0.0 0.0 0.0 0.0 0.0 0.0 0.0 0.0 0.0 0.0 0.0 0.0 0.0 0.0 0.0 0.0 1.487264651182973e-14 1.8712808742626232e-13 1.7775637906243166e-12 1.3904339456487591e-11 9.106880775993427e-11 4.811404530773651e-10 2.164452117947339e-9 8.466102245394276e-9 2.9346905430579396e-8 9.437891084657982e-8 2.857722911894346e-7 8.097424582000436e-7 2.1281778953907903e-6 5.05129041636762e-6 1.0686994902368297e-5 2.023329804560898e-5 3.4997976867212654e-5 5.7265875235438196e-5 9.176131582251777e-5 0.00014601268733528065 0.00022885076119574728 0.0003464753996255005 0.0004985362337959243 0.0006767411170951997 0.0008654310247620237 0.0010443051028878095 0.0011909090375527398 0.0012855476676984208 0.0013176808512865821 0.0012904289364895824 0.001218155673907391 0.0011146597973598976 0.0009857341134878088 0.0008332997135699165 0.000665507251372178 0.000499556245473092 0.0003535177507104462 0.00023720514535218313 0.00015100634677332113 9.076113442740885e-5 5.188598373513132e-5 2.9357037090369754e-5 1.7443736261472693e-5 1.1042429824430817e-5 6.998788231458357e-6 4.1344429638446145e-6 2.1691031025274175e-6 9.79950293055843e-7 3.7163324328636835e-7 1.1633791196340245e-7 2.9288406719612793e-8 5.9203134716525346e-9 9.667733256336772e-10 1.2147853613569165e-10 1.2603422281487965e-11 1.0622539399979373e-12 
0.0 0.0 0.0 0.0 0.0 0.0 0.0 0.0 0.0 0.0 0.0 0.0 0.0 0.0 0.0 0.0 0.0 0.0 0.0 0.0 0.0 0.0 0.0 0.0 0.0 0.0 0.0 0.0 0.0 0.0 0.0 0.0 0.0 0.0 0.0 0.0 0.0 0.0 0.0 0.0 0.0 0.0 0.0 0.0 9.174503741202962e-14 1.0769582157027808e-12 9.726071919954484e-12 7.263671921398965e-11 4.532432877087995e-10 2.277055868342395e-9 9.652089503187959e-9 3.50650647071122e-8 1.11311286534081e-7 3.221961579978825e-7 8.687718924471976e-7 2.1989967319265555e-6 5.235210751433671e-6 1.1534030652427474e-5 2.3241388160103628e-5 4.2817371664827204e-5 7.312144915711834e-5 0.00011893529812737237 0.00018947617339960685 0.00029910636939310014 0.00046541190796504093 0.0007033850924928252 0.0010177123337595493 0.0013970212426987238 0.0018112079362270538 0.0022165440459486615 0.002561752406926241 0.002798241599658916 0.0028957443532591854 0.002856499526898675 0.002712499527620966 0.0024958960810242637 0.0022188253703975293 0.0018833954211902103 0.0015072743453391306 0.001130721245988139 0.0007971104867250435 0.0005313891027220234 0.00033633113182934403 0.0002020786607767863 0.00011621207609326022 6.597465093658269e-5 3.881614009365985e-5 2.4205925062015344e-5 1.5359845656852442e-5 9.290599811955144e-6 5.0575631254507025e-6 2.3757864720117613e-6 9.333616115296298e-7 3.013506948387804e-7 7.821092346075987e-8 1.633104865209327e-8 2.7686819678824655e-9 3.6489887465081217e-10 3.993784317823039e-11 3.57618573878862e-12 
0.0 0.0 0.0 0.0 0.0 0.0 0.0 0.0 0.0 0.0 0.0 0.0 0.0 0.0 0.0 0.0 0.0 0.0 0.0 0.0 0.0 0.0 0.0 0.0 0.0 0.0 0.0 0.0 0.0 0.0 0.0 0.0 0.0 0.0 0.0 0.0 0.0 0.0 0.0 0.0 0.0 0.0 0.0 0.0 4.778706989146057e-13 5.148880604767719e-12 4.34941911868291e-11 3.068595986343501e-10 1.815716977212748e-9 8.67953435797717e-9 3.485917338767395e-8 1.1894938653613535e-7 3.515002250533325e-7 9.362583470249286e-7 2.3051329597458464e-6 5.325741330002952e-6 1.1648853727061683e-5 2.3974070109624636e-5 4.6143856475352705e-5 8.304735140788079e-5 0.00014098472180323657 0.0002301309364259076 0.000368506624297103 0.000583344774090741 0.0009093792302168184 0.001381149135835898 0.002018607829799031 0.002811353781977859 0.0037055264616745647 0.004609660703603336 0.0054068616765690185 0.005978861986669086 0.006246230642122647 0.006204872821111318 0.005921417552088365 0.005465263916806549 0.004863662678625262 0.004125894596679285 0.003298052386220697 0.0024732397353573695 0.0017457051995899298 0.0011671715596238454 0.0007421871347921474 0.00044873177742507306 0.000259137841705199 0.00014586349033050128 8.320688569016469e-5 4.973424032386443e-5 3.069265397311773e-5 1.852051346667486e-5 1.0240590405238364e-5 4.92328543709e-6 1.985235394430536e-6 6.593845788445408e-7 1.7693837280524327e-7 3.8434609863679227e-8 6.824020573506041e-9 9.511256634201485e-10 1.1026437561880648e-10 1.0470010060783847e-11 
0.0 0.0 0.0 0.0 0.0 0.0 0.0 0.0 0.0 0.0 0.0 0.0 0.0 0.0 0.0 0.0 0.0 0.0 0.0 0.0 0.0 0.0 0.0 0.0 0.0 0.0 0.0 0.0 0.0 0.0 0.0 0.0 0.0 0.0 0.0 0.0 0.0 0.0 0.0 0.0 0.0 0.0 0.0 0.0 2.2261592113855933e-12 2.1653272209219425e-11 1.6749790489605815e-10 1.0945396347708068e-9 6.053155180285999e-9 2.7322808415059985e-8 1.0382527793858524e-7 3.343729966119232e-7 9.29355571731774e-7 2.3163897252367676e-6 5.32749064040049e-6 1.1527905358003041e-5 2.3741590715763538e-5 4.650433142718058e-5 8.657300999277375e-5 0.00015359221992513548 0.000261292336306977 0.0004313736910489675 0.0006992933338628045 0.0011164686265418451 0.0017499930500335069 0.0026736345922591023 0.0039430855282757485 0.005562391335906568 0.007446903967815305 0.009418698139742842 0.011221164373640609 0.01257415974931497 0.013276897921102801 0.013293532762159608 0.0127461383008356 0.01177679917727261 0.010458447250637687 0.008840144563237933 0.007045569132678909 0.005281339256574116 0.0037382392226976225 0.00251209831960351 0.0016058877203819666 0.0009743647213914306 0.000561844174928066 0.0003118723495591924 0.00017171958881972976 9.729746771074108e-5 5.709535023907175e-5 3.3459388786598286e-5 1.837736338417927e-5 8.913404827557127e-6 3.665897089205542e-6 1.252752229373119e-6 3.489825583111814e-7 7.929010371378991e-8 1.4799655681354854e-8 2.180857552415993e-9 2.6629935452676157e-10 2.6534237065991863e-11 
0.0 0.0 0.0 0.0 0.0 0.0 0.0 0.0 0.0 0.0 0.0 0.0 0.0 0.0 0.0 0.0 0.0 0.0 0.0 0.0 0.0 0.0 0.0 0.0 0.0 0.0 0.0 0.0 0.0 0.0 0.0 0.0 0.0 0.0 0.0 0.0 0.0 0.0 0.0 0.0 0.0 0.0 0.0 0.0 9.256325975133614e-12 8.148409428658733e-11 5.705383351498193e-10 3.384934128643817e-9 1.7129839788475823e-8 7.186860178584247e-8 2.562154354471679e-7 7.787250983535145e-7 2.0514389215919486e-6 4.8615840890121816e-6 1.0696407056613196e-5 2.2318832029459502e-5 4.462211012128139e-5 8.538667053018915e-5 0.00015661491837354883 0.00027704706520981177 0.0004755119469572469 0.0007974137367781329 0.0013128176848671333 0.0021189650827094747 0.0033423261451593594 0.005127653813667339 0.0075983106700514905 0.01079997387178492 0.014624915347160062 0.018766452292172088 0.022705479447208812 0.02581259898803663 0.027591582461998016 0.027876498964670083 0.026845766300065133 0.02478307028458427 0.0219070352645497 0.018412753807543734 0.014611233679111074 0.010932423099343298 0.0077420901878589715 0.0052098567671035306 0.0033310158712042425 0.002016459051426571 0.0011561439275917626 0.0006335928363084458 0.00033923458116366895 0.0001831163223710637 0.0001012308991760734 5.638724978776916e-5 3.0094884991518342e-5 1.4500180930432564e-5 6.033281929402287e-6 2.114475996794745e-6 6.104927590978702e-7 1.4467283464245514e-7 2.8220800023917697e-8 4.3527563626453105e-9 5.533431099788231e-10 5.7227810651996834e-11 
0.0 0.0 0.0 0.0 0.0 0.0 0.0 0.0 0.0 0.0 0.0 0.0 0.0 0.0 0.0 0.0 0.0 0.0 0.0 0.0 0.0 0.0 0.0 0.0 0.0 0.0 0.0 0.0 0.0 0.0 0.0 0.0 0.0 0.0 0.0 0.0 0.0 0.0 0.0 0.0 0.0 0.0 0.0 0.0 3.3464700997318474e-11 2.728900387972938e-10 1.7477771372079054e-9 9.377283831065457e-9 4.2740386612146993e-8 1.6344618024738623e-7 5.379033598857324e-7 1.5311857228647352e-6 3.832982085589336e-6 8.75420402623166e-6 1.8855384631127493e-5 3.9034246400594806e-5 7.798956616481796e-5 0.0001494069397354119 0.0002747039965827992 0.0004892815430932088 0.0008507493891585688 0.0014509431956339191 0.0024282623558786382 0.00396932126304433 0.006311289729749175 0.009720064865989152 0.014426895073291592 0.02055692278629879 0.028013603179363467 0.036334103222114215 0.04455828668648198 0.05136476209048387 0.05558656461096166 0.05665570013903561 0.054740647514298656 0.050403733208660824 0.04427257085333556 0.03695620212944855 0.029168479994421747 0.0217409486682517 0.01534400896283206 0.01028043895871577 0.0065332072442751965 0.00392659113009923 0.0022355217128476983 0.001215266479973558 0.0006404328352268422 0.00033414889494833705 0.00017488046517158377 9.156801048586889e-5 4.6557642410479645e-5 2.1867503841508522e-5 9.075980131592299e-6 3.2285831486221797e-6 9.570808556275386e-7 2.3426162730163355e-7 4.727464683435515e-8 7.560438681581757e-9 9.969257974335418e-10 1.0777542850561579e-10 
0.0 0.0 0.0 0.0 0.0 0.0 0.0 0.0 0.0 0.0 0.0 0.0 0.0 0.0 0.0 0.0 0.0 0.0 0.0 0.0 0.0 0.0 0.0 0.0 0.0 0.0 0.0 0.0 0.0 0.0 0.0 0.0 0.0 0.0 0.0 0.0 0.0 0.0 0.0 0.0 0.0 0.0 0.0 0.0 1.0220893791724418e-10 7.930202991198567e-10 4.760734291254747e-9 2.3489117687681734e-8 9.674495053760707e-8 3.3381422247273026e-7 9.976228469093276e-7 2.6253212313489493e-6 6.226198777897886e-6 1.383526895324819e-5 2.972731282887836e-5 6.239974025659334e-5 0.00012709043620329167 0.00024772977542631905 0.00046218279414974363 0.0008352502764807539 0.001476230202730793 0.0025626778439618073 0.004364288117501791 0.007244381436393284 0.011653479685835742 0.01806603816445875 0.026871840447733025 0.038316552316634715 0.05236686404391619 0.06837206850002475 0.08464661354287963 0.09858729887364728 0.1076667886551784 0.11037925954962377 0.10674218293144537 0.09788318321082672 0.08538821777156896 0.07080095902481531 0.05559123671513934 0.04124258138974213 0.0289300701931404 0.019213580703715018 0.012079916124636087 0.007186637182759267 0.004064502831594536 0.002203402975937416 0.0011560035683071679 0.0005925854172302838 0.0002978471574485496 0.00014692096677358467 7.029580867662782e-5 3.156262035104816e-5 1.2815492934195491e-5 4.55287324606162e-6 1.367694370032879e-6 3.4271781110733505e-7 7.138497095560736e-8 1.1949150089951448e-8 1.6846513516610765e-9 2.0257553458492576e-10 
0.0 0.0 0.0 0.0 0.0 0.0 0.0 0.0 0.0 0.0 0.0 0.0 0.0 0.0 0.0 0.0 0.0 0.0 0.0 0.0 0.0 0.0 0.0 0.0 0.0 0.0 0.0 0.0 0.0 0.0 0.0 0.0 0.0 0.0 0.0 0.0 0.0 0.0 0.0 0.0 0.0 0.0 0.0 0.0 2.55836993509605e-10 1.925615383650619e-9 1.1103322032332183e-8 5.178641918082918e-8 1.9761549633281043e-7 6.237879751275578e-7 1.6955649504294089e-6 4.103850191188856e-6 9.194716148555583e-6 1.9967775673218504e-5 4.316491831242929e-5 9.252573362343964e-5 0.00019309635590235107 0.0003851652358453638 0.0007343531409720839 0.0013557160828016287 0.0024463180907846713 0.004331557108540047 0.007518720489102519 0.012706006695698423 0.020749492415621032 0.032496495961552775 0.04858929607971572 0.06945464082762143 0.09515500503039967 0.12469421326616344 0.15508567858122935 0.1814373521367358 0.19878551463085312 0.2039608592140339 0.19680432992715555 0.1796106115437818 0.15580458142551235 0.12859346699266672 0.10064929669736399 0.07442194864370039 0.051894850776152815 0.03412985627061616 0.021197677886255234 0.012471987240143227 0.0070120317681410865 0.003802588196222444 0.0019994833715407134 0.0010188343064801773 0.0004995402305233778 0.00023511437120391176 0.00010602370356543703 4.505512601078303e-5 1.763153480566583e-5 6.177279326159702e-6 1.869329628511232e-6 4.822290309067308e-7 1.0608055188660431e-7 1.9544911043945444e-8 3.194642061574658e-9 4.713438966625927e-10 
0.0 0.0 0.0 0.0 0.0 0.0 0.0 0.0 0.0 0.0 0.0 0.0 0.0 0.0 0.0 0.0 0.0 0.0 0.0 0.0 0.0 0.0 0.0 0.0 0.0 0.0 0.0 0.0 0.0 0.0 0.0 0.0 0.0 0.0 0.0 0.0 0.0 0.0 0.0 0.0 0.0 0.0 0.0 0.0 5.260846885758391e-10 3.860202669035322e-9 2.1646992724479568e-8 9.743822954950599e-8 3.5442656779027805e-7 1.0544791706591482e-6 2.676405822064922e-6 6.068818743945756e-6 1.2986895381521982e-5 2.7676070146045047e-5 5.99301344285736e-5 0.0001298582191661124 0.0002752205702002794 0.0005603403988207938 0.0010957534622468665 0.00207961906304799 0.0038513011230222383 0.006975580427457965 0.012357853074094245 0.021280921259525656 0.03532642025462709 0.05602206489517288 0.08449043777937143 0.12148698986557147 0.1671170270528048 0.21950199861804798 0.2731313408035786 0.31914882498726993 0.34872003009734964 0.35644011346631344 0.3425128542714777 0.31149102896145076 0.26962474400063297 0.2223896503507677 0.17409148135877722 0.12863691893485277 0.08937590211321818 0.05833264284361089 0.03585244637494779 0.02088306090814763 0.011672650477096891 0.006328972775845635 0.0033366343088230607 0.0016971059065109123 0.0008203031962015899 0.0003741394871669918 0.0001612642340352449 6.534013665248259e-5 2.469560581468499e-5 8.565788654355468e-6 2.6476584657184094e-6 7.257877899210619e-7 1.779355909865353e-7 3.875289064937257e-8 7.755931094032533e-9 1.398246934929208e-9 
0.0 0.0 0.0 0.0 0.0 0.0 0.0 0.0 0.0 0.0 0.0 0.0 0.0 0.0 0.0 0.0 0.0 0.0 0.0 0.0 0.0 0.0 0.0 0.0 0.0 0.0 0.0 0.0 0.0 0.0 0.0 0.0 0.0 0.0 0.0 0.0 0.0 0.0 0.0 0.0 0.0 0.0 0.0 0.0 9.271814502856468e-10 6.5457233265312456e-9 3.5550393671983444e-8 1.552713894180805e-7 5.47680515927091e-7 1.5791612394061906e-6 3.884639550969637e-6 8.584758041412604e-6 1.8089310579885573e-5 3.8248121643293444e-5 8.219592747038144e-5 0.00017678395234905302 0.0003747466566746069 0.0007734474981016396 0.0015515890729209966 0.003037004237196362 0.005787847635093172 0.01073189731525804 0.019382661724206208 0.033936266948888114 0.057149111721540906 0.0917372984930694 0.1397725098086336 0.20263864664454823 0.2802508764266308 0.3687185098309822 0.45797923013205544 0.5329279553417403 0.5793187871303519 0.5893940537689454 0.564922017615543 0.5139968469947955 0.4461962486834439 0.36934415205973553 0.2899183540104968 0.21441919327618916 0.14874515884065587 0.0966517324758098 0.05900598254349835 0.03411607994344814 0.018955285305258415 0.010240362202530402 0.005385811321064731 0.002727063915566587 0.0013039351585636576 0.0005828764797160579 0.00024424926443520424 9.610394101891969e-5 3.570100944099113e-5 1.2499961087076094e-5 4.054788942488046e-6 1.223411356279322e-6 3.446321839297537e-7 8.853728659752332e-8 2.0528337115433725e-8 4.122555366414824e-9 
0.0 0.0 0.0 0.0 0.0 0.0 0.0 0.0 0.0 0.0 0.0 0.0 0.0 0.0 0.0 0.0 0.0 0.0 0.0 0.0 0.0 0.0 0.0 0.0 0.0 0.0 0.0 0.0 0.0 0.0 0.0 0.0 0.0 0.0 0.0 0.0 0.0 0.0 0.0 0.0 0.0 0.0 0.0 0.0 1.5607215962575508e-9 1.0239189499958508e-8 5.2445357362518404e-8 2.1851934308776243e-7 7.449699292191653e-7 2.108487799658523e-6 5.1807540146489525e-6 1.1622721581579307e-5 2.4981551773387933e-5 5.322014316251992e-5 0.00011305001695370714 0.0002384040409130643 0.000499764750616264 0.001038385326929595 0.002129112867545398 0.00428689007668679 0.008385329093441581 0.015868492553223847 0.029100787165148956 0.051557402527678396 0.08770593578924354 0.14217465082923716 0.2187472652875336 0.319863554245486 0.4447222076769569 0.5857687133249632 0.7260712381300883 0.8421642063833723 0.9131504267931947 0.9287871420577245 0.8930211276155559 0.8177116536348233 0.7151689570540072 0.5953814686304596 0.46849575080528916 0.34636909280290057 0.23981735106420143 0.15541694202507927 0.09458182957484271 0.054462796273239765 0.030087410622685242 0.016125114984915905 0.008396100915337368 0.0042029532131226885 0.00198357703301425 0.0008732185059549835 0.0003598394200360394 0.00013966043248972988 5.188430103292043e-5 1.867830769620868e-5 6.478716760383926e-6 2.171269212787919e-6 6.907875295014439e-7 1.9872628519786224e-7 4.9930082149673604e-8 1.0536831686102957e-8 
0.0 0.0 0.0 0.0 0.0 0.0 0.0 0.0 0.0 0.0 0.0 0.0 0.0 0.0 0.0 0.0 0.0 0.0 0.0 0.0 0.0 0.0 0.0 0.0 0.0 0.0 0.0 0.0 0.0 0.0 0.0 0.0 0.0 0.0 0.0 0.0 0.0 0.0 0.0 0.0 0.0 0.0 0.0 0.0 2.7866372141614563e-9 1.6625228931522692e-8 7.806601311235181e-8 3.011607791212415e-7 9.693277459168947e-7 2.667328571763667e-6 6.594303161625561e-6 1.528518830235076e-5 3.401850209323697e-5 7.35151473668137e-5 0.0001546706969473701 0.00032000277776246235 0.0006628849522790453 0.0013818695663183 0.002876772219613419 0.005906467189525795 0.011761010984971522 0.022568791630770524 0.04180122940428769 0.07457188433421007 0.1276085213735974 0.20830278204431224 0.32310609832233705 0.4759607190411711 0.6646151933923126 0.876279655156287 1.0856864054223885 1.2601230780189256 1.3711188285394353 1.404286039299182 1.3634119169706411 1.2617861639533647 1.1130635000874773 0.9304404264556262 0.7315429800221817 0.5386889949027931 0.37128663111080334 0.2398814775210011 0.145792851368911 0.08384037199132253 0.04610422901278819 0.024450853276468565 0.012529588365243515 0.006161166524438848 0.002859866515263161 0.0012413399842194721 0.0005058387185011811 0.00019517985660167823 7.309087072776809e-5 2.7222498513360286e-5 1.0093902773906918e-5 3.694545529738369e-6 1.2790467098845767e-6 3.9281204090362393e-7 1.0271597098269021e-7 2.2159572684460283e-8 
0.0 0.0 0.0 0.0 0.0 0.0 0.0 0.0 0.0 0.0 0.0 0.0 0.0 0.0 0.0 0.0 0.0 0.0 0.0 0.0 0.0 0.0 0.0 0.0 0.0 0.0 0.0 0.0 0.0 0.0 0.0 0.0 0.0 0.0 0.0 0.0 0.0 0.0 0.0 0.0 0.0 0.0 0.0 0.0 5.149736579160048e-9 2.8634899046955624e-8 1.2457467568737036e-7 4.432813535193416e-7 1.3253130824881003e-6 3.470573974430907e-6 8.462497371895598e-6 1.9930437600829922e-5 4.531402280764035e-5 9.871755178258518e-5 0.00020641791515659232 0.000422783646185084 0.0008722227491735901 0.0018256605645087846 0.00383121210208978 0.007930482106237454 0.015908298795494963 0.030735544194027787 0.057251258663367575 0.10255262970225137 0.17613294554620904 0.2889766995165962 0.4511805408746738 0.6686890120699636 0.9373782886820516 1.2385949924237702 1.5387542699316423 1.7960547083033733 1.9728873199022883 2.046107491651601 2.012813439735765 1.8827559528824365 1.6702212511823116 1.3957892226292221 1.09152847286398 0.7972737236285831 0.5452357939363048 0.3505681760563488 0.21281023133122157 0.12239774044342955 0.06709167139720006 0.03520444403791306 0.01771816879474954 0.008535496426603468 0.0038918407539368398 0.001668060654026797 0.0006745928777110355 0.0002597235531354586 9.814773260439583e-5 3.766172464323389e-5 1.4720667121317625e-5 5.726435954891536e-6 2.0843992570039447e-6 6.619144410021692e-7 1.7616042539425177e-7 3.8315947763424684e-8 
0.0 0.0 0.0 0.0 0.0 0.0 0.0 0.0 0.0 0.0 0.0 0.0 0.0 0.0 0.0 0.0 0.0 0.0 0.0 0.0 0.0 0.0 0.0 0.0 0.0 0.0 0.0 0.0 0.0 0.0 0.0 0.0 0.0 0.0 0.0 0.0 0.0 0.0 0.0 0.0 0.0 0.0 0.0 0.0 8.651615317164794e-9 4.656659948399474e-8 1.9468189341194418e-7 6.596870192157983e-7 1.8676572302705548e-6 4.6556909516230334e-6 1.0992656588115868e-5 2.55904775041027e-5 5.808930483284767e-5 0.00012633632588705408 0.0002634599209322763 0.0005397673499249817 0.0011193616657504703 0.0023578623225353626 0.004962824312280555 0.010268063508532845 0.020589375621153906 0.03986258756434376 0.07454391225426044 0.1340476087628824 0.231059080841889 0.38081015304328436 0.5979099515135424 0.8911293458543635 1.2551227950372608 1.6660446607876847 2.0824004984796063 2.4522481185414344 2.7252597624156962 2.86299430282115 2.84809988547802 2.682035461659137 2.3811646436424705 1.9805222075942994 1.5351716412622598 1.109301913073325 0.751047857814637 0.47974735577727984 0.2906282602189413 0.16719692408209222 0.09144034693948769 0.04754860232261282 0.023552485925237135 0.011142753494652624 0.005006608840345472 0.0021279930092533783 0.0008581931157849815 0.00033079313650876996 0.00012593217255841665 4.925593203143256e-5 1.9857577144164877e-5 7.977161951633841e-6 2.9715435789149063e-6 9.559156436837433e-7 2.556880770679014e-7 5.568068215059964e-8 
0.0 0.0 0.0 0.0 0.0 0.0 0.0 0.0 0.0 0.0 0.0 0.0 0.0 0.0 0.0 0.0 0.0 0.0 0.0 0.0 0.0 0.0 0.0 0.0 0.0 0.0 0.0 0.0 0.0 0.0 0.0 0.0 0.0 0.0 0.0 0.0 0.0 0.0 0.0 0.0 0.0 0.0 0.0 0.0 1.2022948800141433e-8 6.401775615246244e-8 2.6401267794685754e-7 8.788599548763618e-7 2.4337691285410653e-6 5.921292989497323e-6 1.3662381917403106e-5 3.1248876104850305e-5 7.015079374527537e-5 0.00015182855821340818 0.0003172615036515612 0.0006555848620942461 0.0013753400914362477 0.0029202886467444913 0.006152651431546972 0.012681509248193461 0.025349013620040196 0.04912104688016995 0.09225323574000754 0.16672761848568513 0.2886783575296433 0.4779096316460721 0.7541722126836101 1.130326858523396 1.6017330952427131 2.1407751680696023 2.697015601309788 3.2040615153161722 3.5933724756613223 3.8064597740858246 3.808364371745844 3.5916441051260386 3.1780990121221038 2.623779589732001 2.0130110012220426 1.4379572192579095 0.9631876892262163 0.6106570756876262 0.3687728271196494 0.2120543230095126 0.11576143236242092 0.059802068033715794 0.029294289779217334 0.013697768756667695 0.006106777298529785 0.0025911983033938975 0.0010481701410415124 0.0004059521137772707 0.0001553082193843991 6.112925174036238e-5 2.485988849926746e-5 1.0072062575671047e-5 3.77232152447638e-6 1.2165730958863728e-6 3.2585853377877036e-7 7.116754919118097e-8 
0.0 0.0 0.0 0.0 0.0 0.0 0.0 0.0 0.0 0.0 0.0 0.0 0.0 0.0 0.0 0.0 0.0 0.0 0.0 0.0 0.0 0.0 0.0 0.0 0.0 0.0 0.0 0.0 0.0 0.0 0.0 0.0 0.0 0.0 0.0 0.0 0.0 0.0 0.0 0.0 0.0 0.0 0.0 0.0 1.3300352342939873e-8 7.072565111507551e-8 2.9152026676969134e-7 9.715576984165105e-7 2.7015818341313677e-6 6.616536652362259e-6 1.5354369156744767e-5 3.5146940163761105e-5 7.873486238207063e-5 0.00017060161780219725 0.0003595136190125187 0.0007534870653633184 0.0016033473662801102 0.0034329265205132273 0.007241625458730413 0.014885817957448996 0.029704570579726353 0.057678949135116495 0.10887245455920487 0.1978331548516078 0.3440653022528488 0.571799232369588 0.9060472318416894 1.3647581804936069 1.9459106209844508 2.6190636393048847 3.3223733574310406 3.969438001274048 4.469473365413068 4.74498849799547 4.748331581565705 4.467645978508274 3.932708253077074 3.221770400149925 2.448373406480001 1.7310073778046697 1.148252480494262 0.7227255661976218 0.43486604651570976 0.24980721965019012 0.13621689363910672 0.07013087380538212 0.03417461291727135 0.015910894206001613 0.007088551016012018 0.003019588216705061 0.0012300729220162028 0.0004797990566411006 0.00018421391786205044 7.239983975800938e-5 2.93315287671433e-5 1.185914600172527e-5 4.4492674219149466e-6 1.444378679147047e-6 3.9224379500225726e-7 8.782251294156864e-8 
0.0 0.0 0.0 0.0 0.0 0.0 0.0 0.0 0.0 0.0 0.0 0.0 0.0 0.0 0.0 0.0 0.0 0.0 0.0 0.0 0.0 0.0 0.0 0.0 0.0 0.0 0.0 0.0 0.0 0.0 0.0 0.0 0.0 0.0 0.0 0.0 0.0 0.0 0.0 0.0 0.0 0.0 0.0 0.0 1.1538482861103164e-8 6.159314918612278e-8 2.559195895603966e-7 8.663712358195139e-7 2.4768666707896477e-6 6.3063151005132116e-6 1.5250794620155198e-5 3.5973159207800503e-5 8.19779158100665e-5 0.0001800300093351111 0.00038566285316460287 0.0008229650400720634 0.0017765365977053355 0.003832993655294624 0.008104132691431018 0.016662491700468005 0.03328783634518156 0.06483833596166273 0.12289486852368006 0.22413000036939462 0.39084686179492406 0.65099356202542 1.034090161828049 1.5626643429615188 2.2372655105595713 3.0244521397364523 3.8498918724226563 4.60606608625105 5.181953173198291 5.4885349189267885 5.475643845236204 5.133043797861652 4.497201842866627 3.662254053943046 2.7635770684650662 1.9391935224334658 1.2771547817793476 0.7994018103985938 0.47958907031112746 0.275365317781723 0.15025715542666024 0.07741291090360763 0.03774925741793983 0.01760202095062615 0.007866774395076673 0.003368410872299093 0.0013816994118817268 0.000543024097360811 0.00020963533009347594 8.252170220632421e-5 3.3458154140336566e-5 1.3615741566632597e-5 5.197499837041493e-6 1.7422495591468504e-6 4.981875843997342e-7 1.2044997634648655e-7 
0.0 0.0 0.0 0.0 0.0 0.0 0.0 0.0 0.0 0.0 0.0 0.0 0.0 0.0 0.0 0.0 0.0 0.0 0.0 0.0 0.0 0.0 0.0 0.0 0.0 0.0 0.0 0.0 0.0 0.0 0.0 0.0 0.0 0.0 0.0 0.0 0.0 0.0 0.0 0.0 0.0 0.0 0.0 0.0 7.842473688108205e-9 4.224848519444957e-8 1.7882131013522777e-7 6.264211786561255e-7 1.8959903827656665e-6 5.20116988112043e-6 1.3564914731909973e-5 3.385020775806883e-5 7.99388311334468e-5 0.00018022405157197354 0.0003954441582538368 0.0008611255073838211 0.0018835350779507873 0.004089798734958587 0.008673730421017036 0.017881427792912005 0.03582826924270796 0.06995406584001036 0.13272077982006994 0.24198695655588015 0.4217519134821758 0.7024200959628197 1.1163191481997687 1.6881820131759628 2.41884414756722 3.2715985000438232 4.163022691000926 4.971451652980294 5.5743362713495115 5.880721484233868 5.846276504443726 5.465356471762772 4.776152638140135 3.877900008692763 2.9161426643480994 2.038803670030788 1.3382153813201711 0.8354661069079263 0.5007255241626338 0.2878683189005134 0.15765310831534154 0.08165423316401153 0.040043490620111546 0.01875485694865204 0.008403595671111937 0.0036043469478424543 0.0014833480881870044 0.0005870713927244068 0.0002291457199339132 9.149806395529551e-5 3.784211522137548e-5 1.588305451774734e-5 6.361587041359527e-6 2.2899378557443104e-6 7.215155128450097e-7 1.9670977636842365e-7 
0.0 0.0 0.0 0.0 0.0 0.0 0.0 0.0 0.0 0.0 0.0 0.0 0.0 0.0 0.0 0.0 0.0 0.0 0.0 0.0 0.0 0.0 0.0 0.0 0.0 0.0 0.0 0.0 0.0 0.0 0.0 0.0 0.0 0.0 0.0 0.0 0.0 0.0 0.0 0.0 0.0 0.0 0.0 0.0 4.203666235765e-9 2.306376008230239e-8 1.0150651447777242e-7 3.802635907677004e-7 1.271817192564964e-6 3.9049680630902486e-6 1.1249454169667796e-5 3.0082478375500858e-5 7.426488694415861e-5 0.00017300890987644155 0.00038996023086976006 0.0008659476312637903 0.0019145988996035338 0.004177437555754924 0.00889033405942368 0.018405273601608357 0.03701034325385734 0.07231029851805106 0.1367856192750248 0.24819853928494526 0.4306883184985819 0.7153204284549394 1.1349565082349562 1.7136547475685358 2.450386174614287 3.3067011698773907 4.1974825694570645 4.998501512748379 5.586078981529604 5.873783986274203 5.826022710258072 5.441779267991301 4.7564108277390655 3.86407070905018 2.907866827303391 2.0349610846336903 1.337106160589818 0.8355540045221713 0.5014329722570431 0.2891820464601396 0.15936250721296558 0.08326290679106846 0.041182262776986535 0.01938110397198683 0.008682578021473875 0.003712743604755333 0.0015268637960095153 0.0006082648970976109 0.00024135440461932692 9.891846401338688e-5 4.245661443212088e-5 1.877693115343087e-5 8.08639298212538e-6 3.19936002253447e-6 1.1244300895991271e-6 3.424661999439355e-7 
0.0 0.0 0.0 0.0 0.0 0.0 0.0 0.0 0.0 0.0 0.0 0.0 0.0 0.0 0.0 0.0 0.0 0.0 0.0 0.0 0.0 0.0 0.0 0.0 0.0 0.0 0.0 0.0 0.0 0.0 0.0 0.0 0.0 0.0 0.0 0.0 0.0 0.0 0.0 0.0 0.0 0.0 0.0 0.0 1.835629876105172e-9 1.0458280681757844e-8 5.0163318078824806e-8 2.1320339997391515e-7 8.292424557664894e-7 2.9110215252618084e-6 9.237267445829619e-6 2.621926740006823e-5 6.716219821745137e-5 0.0001607510906581568 0.0003700965749668331 0.0008336093571548033 0.0018561483855654738 0.004063492299747 0.008680699341593691 0.018067908711566476 0.03648490539919797 0.07127226583056888 0.1341065412700573 0.24138230532983176 0.41562424645001184 0.6863521092710095 1.0846813094331709 1.6324009206735484 2.3270638329040083 3.1321726529045733 3.9683840860854 4.71819376177997 5.263461107269623 5.524159129690962 5.473019000256975 5.114568833624958 4.4813167686616655 3.6556925356446124 2.7660295876168055 1.947370865586986 1.2865768813814953 0.807049031656939 0.48551572163902135 0.28090179134471954 0.15575629106609148 0.0821000396783631 0.040947557859597285 0.019345683416056365 0.008651664836329844 0.003682241615149756 0.0015116879996150737 0.0006061483976850932 0.0002445427658759702 0.0001027671746262919 4.5724658741803115e-5 2.135121100722817e-5 9.922037717544429e-6 4.3008330311313626e-6 1.6565692173500448e-6 5.460010056523785e-7 
0.0 0.0 0.0 0.0 0.0 0.0 0.0 0.0 0.0 0.0 0.0 0.0 0.0 0.0 0.0 0.0 0.0 0.0 0.0 0.0 0.0 0.0 0.0 0.0 0.0 0.0 0.0 0.0 0.0 0.0 0.0 0.0 0.0 0.0 0.0 0.0 0.0 0.0 0.0 0.0 0.0 0.0 0.0 0.0 7.385128574370116e-10 4.537577134701988e-9 2.5775531241115652e-8 1.317462202594306e-7 6.005587276276251e-7 2.3399683936191324e-6 7.877333318183167e-6 2.303980418751552e-5 5.996675496386522e-5 0.0001451257684413368 0.00033711144573619575 0.0007638740798089587 0.0017057616890070596 0.0037421560376379778 0.008026598650805121 0.01680801477732476 0.03410500069715385 0.06664021197425311 0.12472479424528929 0.22250011665370542 0.37940372085096163 0.6212880302659682 0.9756695632102895 1.4619328069772053 2.078537235246953 2.794667196164463 3.541142450317524 4.2118737925249885 4.697537274372685 4.924686280536632 4.87364523240489 4.556970914282923 4.0078180334885465 3.293654936598907 2.517477424626836 1.7916809022699698 1.1944852139614515 0.7532761260112437 0.45399404625047 0.2629075548636661 0.14621982421199983 0.07750718632734571 0.038883181780682424 0.018424333980886567 0.008233659184581707 0.0034970749363548064 0.0014371752486237327 0.0005803084835286867 0.00023667417036837263 0.00010051866812115264 4.548033146688668e-5 2.2076288926259067e-5 1.094127746247287e-5 5.114584755206384e-6 2.110533969168141e-6 7.337688978041469e-7 
0.0 0.0 0.0 0.0 0.0 0.0 0.0 0.0 0.0 0.0 0.0 0.0 0.0 0.0 0.0 0.0 0.0 0.0 0.0 0.0 0.0 0.0 0.0 0.0 0.0 0.0 0.0 0.0 0.0 0.0 0.0 0.0 0.0 0.0 0.0 0.0 0.0 0.0 0.0 0.0 0.0 0.0 0.0 0.0 3.5960525219592454e-10 2.4683508601732813e-9 1.707767003040012e-8 1.0095879004284645e-7 5.017756984633111e-7 2.0341544562330517e-6 6.936713414232149e-6 2.0276930031224163e-5 5.250814787102607e-5 0.00012649456233632388 0.0002932173455095833 0.0006642119332933274 0.0014839344211828069 0.003261180878942554 0.007021901048062572 0.014782349000840281 0.030117776865145447 0.05887710580276312 0.1097551752925347 0.19432637543092046 0.3282408689116399 0.5324019542253159 0.8296149591591625 1.2370458182088528 1.7555483960508143 2.3613346749387847 2.996565936587093 3.5691946660677774 3.9821666157261286 4.169950030840621 4.119323515020129 3.8510110629093806 3.4009011174050925 2.8211534254653623 2.1848681262393854 1.5763136550916395 1.0622298053509749 0.6735550627373397 0.40612635207670106 0.23471835516481868 0.1304116891986091 0.06923510400825235 0.034842272475405806 0.016556934628555744 0.007415282168383397 0.0031589675921772256 0.0013060004115503267 0.0005316252671751577 0.0002175153914379858 9.153593710108985e-5 4.08984606530035e-5 2.0058599951485942e-5 1.0369601145924062e-5 5.12115635408886e-6 2.2187511615135578e-6 7.994600082262975e-7 
0.0 0.0 0.0 0.0 0.0 0.0 0.0 0.0 0.0 0.0 0.0 0.0 0.0 0.0 0.0 0.0 0.0 0.0 0.0 0.0 0.0 0.0 0.0 0.0 0.0 0.0 0.0 0.0 0.0 0.0 0.0 0.0 0.0 0.0 0.0 0.0 0.0 0.0 0.0 0.0 0.0 0.0 0.0 0.0 2.509876568664877e-10 1.8858216144448483e-9 1.425664243389743e-8 8.796674968131676e-8 4.4241747110225715e-7 1.7838372704264672e-6 5.99737600658257e-6 1.7234033001903325e-5 4.394670768499125e-5 0.00010472843374473864 0.0002415467586803499 0.0005469073047422582 0.001224306512682129 0.0026986872621446753 0.005829657668949167 0.012306391016832376 0.025105313580503275 0.049040326179058825 0.09114492356973818 0.16053963424782644 0.26919339960368455 0.43293371950582904 0.6695753064675034 0.9937965943094911 1.40827224319889 1.8951542427291626 2.4075948487887606 2.8700830957352967 3.202249686455622 3.3489666885740723 3.3012393968600486 3.0836445374364536 2.732751777128689 2.2874699298045806 1.7945995670221038 1.3120212102189197 0.8932746978586571 0.5693702444512028 0.3433026435936492 0.19776677923089403 0.10953669254991835 0.05811899780390149 0.02931526580730033 0.01398955933368493 0.00630165746394317 0.0027059611293997286 0.0011302415265668337 0.00046419178238506497 0.0001893856819111963 7.765688657560024e-5 3.3207303985325216e-5 1.5830237302191426e-5 8.268533508191087e-6 4.2153634335813095e-6 1.8852479893036483e-6 6.955025460488746e-7 
0.0 0.0 0.0 0.0 0.0 0.0 0.0 0.0 0.0 0.0 0.0 0.0 0.0 0.0 0.0 0.0 0.0 0.0 0.0 0.0 0.0 0.0 0.0 0.0 0.0 0.0 0.0 0.0 0.0 0.0 0.0 0.0 0.0 0.0 0.0 0.0 0.0 0.0 0.0 0.0 0.0 0.0 0.0 0.0 1.9811425398170968e-10 1.593631249679995e-9 1.217309675133726e-8 7.473510163661062e-8 3.703510802615692e-7 1.4650778414416196e-6 4.823738172768256e-6 1.3599603059143482e-5 3.421143390603399e-5 8.104902251823832e-5 0.000187218663061767 0.00042649005791688 0.0009618287576477929 0.002132362939980472 0.004618049482944473 0.009741497610336585 0.019817089339919075 0.03857910454158288 0.07147196033814075 0.1254579949632732 0.20939782644603605 0.33476601452472216 0.5147831865211041 0.7611216788875548 1.0766498369506046 1.4476302853088732 1.83748315728784 2.1885682058363143 2.439876068894676 2.5484126053531826 2.507111837749588 2.3385633299418016 2.0758750142190925 1.7481235449168073 1.3843961282693906 1.022541732452443 0.7023103483219297 0.4501046819493624 0.2717655408120949 0.1562708779047606 0.08635944008082766 0.045834700647737564 0.023210045815562148 0.01115287636214847 0.005069580563787923 0.0022006984055986103 0.000929730564264794 0.00038457743755946966 0.00015570381830031372 6.160543664376569e-5 2.4595793580847084e-5 1.0902823028799601e-5 5.5134117829165966e-6 2.822533159121287e-6 1.282552531372907e-6 4.799077434395787e-7 
0.0 0.0 0.0 0.0 0.0 0.0 0.0 0.0 0.0 0.0 0.0 0.0 0.0 0.0 0.0 0.0 0.0 0.0 0.0 0.0 0.0 0.0 0.0 0.0 0.0 0.0 0.0 0.0 0.0 0.0 0.0 0.0 0.0 0.0 0.0 0.0 0.0 0.0 0.0 0.0 0.0 0.0 0.0 0.0 1.449572833075734e-10 1.2388334766781987e-9 9.38040220811262e-9 5.6817099341632065e-8 2.7687130702840884e-7 1.076728702242273e-6 3.4903099063088752e-6 9.741676190809246e-6 2.4473442160608658e-5 5.844565916677362e-5 0.00013690917596532117 0.00031667062192272373 0.0007235641769099544 0.0016169756413855348 0.0035073621169186397 0.007369232384256351 0.014892281641803406 0.028807123446972047 0.053122359312050796 0.09295964390441626 0.15470649893926305 0.24642677177658112 0.3774268192104968 0.5560971940312365 0.784320439573923 1.0513824835414933 1.330254368759119 1.5802372032737064 1.7587022506135965 1.8343316733996624 1.8007908827784778 1.6753762482985761 1.4850862596772527 1.2523016816426848 0.9961340657091576 0.7406964158734636 0.5126339148621465 0.3308063714623236 0.2006144620962339 0.11554488262950396 0.06390500207821646 0.03402053392057055 0.01734510730145501 0.008417617015899298 0.0038706053074501635 0.0016997501597401361 0.0007245523566985602 0.0003001898780071378 0.00011987438419670246 4.554356536090359e-5 1.6751680149770858e-5 6.628325129936383e-6 3.0763109037998112e-6 1.526330173401456e-6 6.927114036741e-7 2.6072088575853034e-7 
0.0 0.0 0.0 0.0 0.0 0.0 0.0 0.0 0.0 0.0 0.0 0.0 0.0 0.0 0.0 0.0 0.0 0.0 0.0 0.0 0.0 0.0 0.0 0.0 0.0 0.0 0.0 0.0 0.0 0.0 0.0 0.0 0.0 0.0 0.0 0.0 0.0 0.0 0.0 0.0 0.0 0.0 0.0 0.0 9.119861176692553e-11 8.20583006644857e-10 6.167580540142057e-9 3.703444274932822e-8 1.7901190223247055e-7 6.929564191574176e-7 2.2514178066049066e-6 6.366808423936795e-6 1.6371844172366758e-5 4.021609299687994e-5 9.659598476751191e-5 0.00022758609884742677 0.0005264771668572221 0.0011836338040807498 0.0025658696145722765 0.00535824866394413 0.01073456107593186 0.020590051064468245 0.037723797699041835 0.06572938196294272 0.10904763791163645 0.17313063999323558 0.26409203892541766 0.3872490130115419 0.5432761960643541 0.7242323342914341 0.9117064746420789 1.0791030906373473 1.198421983238705 1.2477722036336025 1.2214144153625623 1.1312703000053206 0.9979347042982238 0.8388586866288603 0.6673789205563817 0.4982871001618428 0.3474388702853781 0.2262337448939291 0.13833005227213974 0.08016090085974223 0.044548861810103355 0.023860434674914867 0.012276452195762646 0.006028652819664644 0.0028074018890642165 0.0012458624530059096 0.0005332940079189089 0.0002195049240016737 8.576398253090902e-5 3.11881783493905e-5 1.0549456756414702e-5 3.6350607039925494e-6 1.4620591341606029e-6 6.703334150621202e-7 2.9729902475754895e-7 1.1156839817765109e-7 
0.0 0.0 0.0 0.0 0.0 0.0 0.0 0.0 0.0 0.0 0.0 0.0 0.0 0.0 0.0 0.0 0.0 0.0 0.0 0.0 0.0 0.0 0.0 0.0 0.0 0.0 0.0 0.0 0.0 0.0 0.0 0.0 0.0 0.0 0.0 0.0 0.0 0.0 0.0 0.0 0.0 0.0 0.0 0.0 4.777121857540149e-11 4.4780670915577213e-10 3.3652467998057548e-9 2.0269850351333197e-8 9.907505313586958e-8 3.9238100416105766e-7 1.3266101423885337e-6 3.965586270300352e-6 1.0805722593528979e-5 2.775938614665431e-5 6.822902607049263e-5 0.00016186661961837883 0.00037447699393263286 0.0008398528814770717 0.0018119927393263648 0.0037565992771417087 0.007461160893542523 0.014187629975769915 0.02579302552815864 0.04466015949115138 0.07371187001924186 0.11641965248270678 0.17645204884608032 0.2567101777573678 0.3570423856457232 0.4720972358475317 0.5905018027447668 0.696152789303793 0.7715148240796004 0.8017619261726388 0.7820771434829025 0.7201817565616465 0.6308533337914382 0.5271305596608755 0.4182964375121171 0.3130303636063823 0.21983721137446313 0.14469121158756518 0.08953466601796364 0.05245996067678445 0.029424284592470686 0.01589717108292594 0.008261513226976384 0.004105291687996922 0.0019346793299915282 0.0008654149440404327 0.0003698578224956027 0.00014993052554937252 5.682251427175926e-5 1.9708515531233444e-5 6.159325932871936e-6 1.8435406026338016e-6 6.124525413120255e-7 2.4300908673535665e-7 1.017464190451826e-7 3.75833150782834e-8 
0.0 0.0 0.0 0.0 0.0 0.0 0.0 0.0 0.0 0.0 0.0 0.0 0.0 0.0 0.0 0.0 0.0 0.0 0.0 0.0 0.0 0.0 0.0 0.0 0.0 0.0 0.0 0.0 0.0 0.0 0.0 0.0 0.0 0.0 0.0 0.0 0.0 0.0 0.0 0.0 0.0 0.0 0.0 0.0 2.050713406743849e-11 1.9947961658233032e-10 1.522208444510303e-9 9.43046871278903e-9 4.852088105685675e-8 2.0708762685261643e-7 7.722231324933986e-7 2.5567320923286576e-6 7.534497526262704e-6 2.0131605869012323e-5 4.959861902054765e-5 0.00011564930561577286 0.00026218284262321016 0.0005791019416140705 0.0012363252178139868 0.0025420126879556093 0.005011127993760581 0.00945743867191746 0.017057455210003382 0.029295801719487292 0.047961473498633306 0.07509963591052879 0.11271662056670262 0.16218285334704285 0.22302186190910184 0.2919042002956936 0.3623124042022728 0.42511296748823757 0.4699562444810283 0.4874775938711833 0.4741533746472567 0.43457685693076475 0.37833834911663755 0.3142519055890777 0.2484643876032478 0.18604012696721225 0.13140493296771336 0.08743411133735232 0.054895859483026124 0.03266653511950041 0.018572318342618032 0.010143574308515538 0.005321649533682039 0.0026695970298755887 0.0012688147986402542 0.0005694105687218687 0.00024144087196475186 9.565978857543393e-5 3.4907932214599916e-5 1.1505998912059042e-5 3.3417999406267757e-6 8.820664649725453e-7 2.3743291981006152e-7 7.533952792242698e-8 2.8052323929718377e-8 9.962916255528702e-9 
0.0 0.0 0.0 0.0 0.0 0.0 0.0 0.0 0.0 0.0 0.0 0.0 0.0 0.0 0.0 0.0 0.0 0.0 0.0 0.0 0.0 0.0 0.0 0.0 0.0 0.0 0.0 0.0 0.0 0.0 0.0 0.0 0.0 0.0 0.0 0.0 0.0 0.0 0.0 0.0 0.0 0.0 0.0 0.0 7.2154121082756074e-12 7.386641224223437e-11 5.939496982427735e-10 3.993931663171403e-9 2.320218407579187e-8 1.1376523692581906e-7 4.869294294201593e-7 1.7940700992808898e-6 5.61154897032135e-6 1.5207356283173535e-5 3.6716761341711916e-5 8.254231408201915e-5 0.000180520015449142 0.00038857400107030263 0.0008163489583879393 0.0016612628611121863 0.0032497995059417462 0.006089414793133847 0.010893244555234076 0.018529514189790833 0.03001013056510933 0.04645389520042857 0.06890136555543724 0.09796447885865055 0.13317269053117425 0.17248075709461178 0.21217138232618937 0.24725651305671623 0.27215791131263467 0.28171189409763947 0.27376538926452737 0.2506435937393238 0.21769378558261002 0.18017105828487362 0.14195295341627978 0.10614807451026588 0.07520794444682109 0.050506299855596855 0.032195244877069464 0.019511712912118048 0.011281547909681238 0.006238134599760626 0.003298474424094499 0.0016627851629393278 0.0007919391669144342 0.00035403074565324544 0.000147924074655738 5.693054262087167e-5 1.9898133424784416e-5 6.214175130369123e-6 1.685108776317054e-6 4.0136089142021674e-7 8.963829427921417e-8 2.152596369087158e-8 6.4962970813322346e-9 2.1147405633262435e-9 
0.0 0.0 0.0 0.0 0.0 0.0 0.0 0.0 0.0 0.0 0.0 0.0 0.0 0.0 0.0 0.0 0.0 0.0 0.0 0.0 0.0 0.0 0.0 0.0 0.0 0.0 0.0 0.0 0.0 0.0 0.0 0.0 0.0 0.0 0.0 0.0 0.0 0.0 0.0 0.0 0.0 0.0 0.0 0.0 2.187645302500417e-12 2.48848731204103e-11 2.2696739231006213e-10 1.7867158826120511e-9 1.2368131791120546e-8 7.022302058627604e-8 3.3487108325169345e-7 1.3142122131150557e-6 4.211426181546852e-6 1.134393307761065e-5 2.662294531866805e-5 5.7525437977487965e-5 0.00012106607160765094 0.00025330480518387334 0.0005223270333336833 0.001049005425872093 0.0020304250445824655 0.0037681481835447387 0.00667380852484411 0.011226274385189378 0.01796060157820225 0.027461894588330916 0.040281182706135475 0.05673053226423476 0.07647119388504228 0.09820407086403082 0.1196919456242045 0.138225533217587 0.15111883422366876 0.15601354210059828 0.15181782536762667 0.13942577951085447 0.12132199717650143 0.10031747964101762 0.07879691237553156 0.05875657501001241 0.04164909107692981 0.02815328041389289 0.018190946108186976 0.011227137399633252 0.006608110056029338 0.0037007412975095222 0.0019680418823076794 0.000991534351487642 0.000469504077878758 0.00020735083919215918 8.480883444116835e-5 3.156572939675102e-5 1.0536386171892756e-5 3.1115705823299572e-6 7.892201994714883e-7 1.72627011597635e-7 3.3453089478869257e-8 6.143381538163035e-9 1.3579546365813333e-9 3.685048802477051e-10 
0.0 0.0 0.0 0.0 0.0 0.0 0.0 0.0 0.0 0.0 0.0 0.0 0.0 0.0 0.0 0.0 0.0 0.0 0.0 0.0 0.0 0.0 0.0 0.0 0.0 0.0 0.0 0.0 0.0 0.0 0.0 0.0 0.0 0.0 0.0 0.0 0.0 0.0 0.0 0.0 0.0 0.0 0.0 0.0 6.649717409779216e-13 9.24137549163432e-12 1.0205233498397622e-10 9.544778957686882e-10 7.584193033415679e-9 4.695005902887129e-8 2.3544890696971056e-7 9.450985985691666e-7 3.0360136013682416e-6 8.064638557079917e-6 1.840965471419601e-5 3.838385528503324e-5 7.805356666882147e-5 0.0001592133257993593 0.00032256716806724876 0.0006382181728806955 0.0012174785665084288 0.0022279807149909805 0.0038938198465031295 0.006465873856114313 0.010214972599115128 0.015443927298068986 0.022460245194903295 0.031453603694991956 0.04221787111488117 0.05393673741430597 0.06524531610224206 0.07467602358486895 0.08105143660426059 0.08348147328647643 0.08147522829137802 0.07522598419185983 0.06570430439544625 0.05433284012029648 0.042552369819247524 0.031621673472620224 0.022391509873052114 0.015196891448861034 0.009922240589243661 0.006219563950038175 0.003721237895636073 0.0021096302400133893 0.0011269843925171433 0.0005654023979892177 0.00026449652607960514 0.00011454008015927535 4.557395912616644e-5 1.6340737881823306e-5 5.199026188564181e-6 1.4497733081432265e-6 3.436560649374893e-7 6.954689041928617e-8 1.212158210432399e-8 1.8196049146286783e-9 2.8691219017959526e-10 5.6502212122701e-11 
0.0 0.0 0.0 0.0 0.0 0.0 0.0 0.0 0.0 0.0 0.0 0.0 0.0 0.0 0.0 0.0 0.0 0.0 0.0 0.0 0.0 0.0 0.0 0.0 0.0 0.0 0.0 0.0 0.0 0.0 0.0 0.0 0.0 0.0 0.0 0.0 0.0 0.0 0.0 0.0 0.0 0.0 0.0 0.0 2.6803532613155073e-13 4.582262463065234e-12 5.824141749840004e-11 5.984602696080753e-10 5.0472362980281045e-9 3.2240872484800455e-8 1.6418293831749084e-7 6.613227413023559e-7 2.1109825469276012e-6 5.511465057195609e-6 1.222029261734931e-5 2.4542842709749835e-5 4.815626688141214e-5 9.586519075202997e-5 0.0001913001245843371 0.00037319001289990464 0.0007000959532907231 0.0012582850522452694 0.0021621039661277766 0.0035377552834920897 0.0055208582070531784 0.008270502341303854 0.011960184831962027 0.01670291167309253 0.022380537426723853 0.028519408374472616 0.03434623088346167 0.039093008235620196 0.04224900166286749 0.04349350596809729 0.04259376383228468 0.039517041104096 0.03461856969145196 0.028622519583133898 0.02236477282639904 0.016581191406295336 0.011735652742460993 0.007987289710507396 0.005251841642977248 0.003328717975831091 0.0020177129084040747 0.001156797070135678 0.0006213661918395286 0.00031069654707727027 0.00014341306405552735 6.065106787651769e-5 2.3345616382043514e-5 8.023011231359605e-6 2.425578118981329e-6 6.377729949314029e-7 1.4113673030509084e-7 2.6473350800724327e-8 4.222726914312116e-9 5.523723728711195e-10 6.749422015517726e-11 8.974271992916524e-12 
0.0 0.0 0.0 0.0 0.0 0.0 0.0 0.0 0.0 0.0 0.0 0.0 0.0 0.0 0.0 0.0 0.0 0.0 0.0 0.0 0.0 0.0 0.0 0.0 0.0 0.0 0.0 0.0 0.0 0.0 0.0 0.0 0.0 0.0 0.0 0.0 0.0 0.0 0.0 0.0 0.0 0.0 0.0 0.0 1.505173474200746e-13 2.8347778175903206e-12 3.7965440261265084e-11 4.021212405795237e-10 3.4517323693551106e-9 2.2239315232544458e-8 1.1359844924016413e-7 4.564566041780777e-7 1.4440877851719626e-6 3.6994270907988612e-6 7.941130507700649e-6 1.5261907537160935e-5 2.8672200637873373e-5 5.55182926970063e-5 0.00010927894789577564 0.0002105662556723867 0.0003880856352332065 0.0006825616580831442 0.0011482037292351109 0.001846255491021175 0.0028456930781842063 0.004232432506255203 0.0061007557226505455 0.008505746549189497 0.011374089102233155 0.0144557269006417 0.017364968864412487 0.019732966257028604 0.021323906851028755 0.021988501401341787 0.021595077591076088 0.02009138524617662 0.017630611113863593 0.014586044527350952 0.011403362742319087 0.008467191248957777 0.006009252295567251 0.00410522633957899 0.00271237617944827 0.0017306314877803901 0.0010584035412987331 0.0006129592536872415 0.0003320305916655373 0.00016642983543467378 7.622321542638064e-5 3.154515349593126e-5 1.1709678485426604e-5 3.829204474213552e-6 1.0907629538436562e-6 2.685517624850686e-7 5.5181934255504566e-8 9.561967310672275e-9 1.3988379117841898e-9 1.6375754536816453e-10 1.6922259275020364e-11 1.6225494369723721e-12 
0.0 0.0 0.0 0.0 0.0 0.0 0.0 0.0 0.0 0.0 0.0 0.0 0.0 0.0 0.0 0.0 0.0 0.0 0.0 0.0 0.0 0.0 0.0 0.0 0.0 0.0 0.0 0.0 0.0 0.0 0.0 0.0 0.0 0.0 0.0 0.0 0.0 0.0 0.0 0.0 0.0 0.0 0.0 0.0 9.538097762012057e-14 1.837776806761121e-12 2.4903725717126605e-11 2.655947814526814e-10 2.289319653831289e-9 1.47780930460683e-8 7.548067759716645e-8 3.023521332854763e-7 9.492375203022214e-7 2.3936817955449727e-6 4.998768064271073e-6 9.241084718425915e-6 1.669547439441294e-5 3.1573539281409565e-5 6.15014882455952e-5 0.00011711663764831118 0.00021151240504047004 0.00036215986024287566 0.00059276425189237 0.0009321353555809309 0.0014166009109209282 0.002094620502733614 0.0030159279975800874 0.0041997166935580825 0.005594297087396254 0.0070739798952433736 0.008470134409915972 0.009627218251703802 0.010431501832637762 0.010788403345093603 0.010614589073802073 0.009885789113778853 0.008690369319299904 0.007217470503764216 0.005678435916628654 0.004249661082146 0.0030392070375856793 0.00208813150212204 0.001384283987793097 0.0008853830223808637 0.0005436761240274627 0.0003172607331085678 0.00017366850326847432 8.787056396049863e-5 4.031730924791685e-5 1.6475037162155285e-5 5.9252697835183046e-6 1.841099167664894e-6 4.906676534141191e-7 1.1208662107722725e-7 2.1202063397637583e-8 3.3778025841817156e-9 4.530370049001702e-10 4.796598008282597e-11 4.414354460118641e-12 3.487725513083643e-13 
0.0 0.0 0.0 0.0 0.0 0.0 0.0 0.0 0.0 0.0 0.0 0.0 0.0 0.0 0.0 0.0 0.0 0.0 0.0 0.0 0.0 0.0 0.0 0.0 0.0 0.0 0.0 0.0 0.0 0.0 0.0 0.0 0.0 0.0 0.0 0.0 0.0 0.0 0.0 0.0 0.0 0.0 0.0 0.0 5.6050974869442365e-14 1.0848277859150317e-12 1.4736917141654922e-11 1.574264316560277e-10 1.3584749540637685e-9 8.773379199922125e-9 4.479453560476377e-8 1.7909604158242104e-7 5.599404349246434e-7 1.4009045813935978e-6 2.890006442207258e-6 5.268071754896702e-6 9.435595186483258e-6 1.783647273858633e-5 3.468092220676842e-5 6.51927601437626e-5 0.00011484426023140609 0.00019031093130795901 0.00030088949864106224 0.000459278673378936 0.0006845105545323124 0.0010043209028217984 0.0014449105717130254 0.002009771361174802 0.0026629642746448306 0.0033420316352453113 0.0039812084589881626 0.004525659158673961 0.004923322475655021 0.005112876243554925 0.0050414960779781425 0.0047023438497553055 0.004150024084132922 0.0034759062705187957 0.002768826996013665 0.002100020327446569 0.0015183434057981118 0.001049698009666977 0.0006968686451532089 0.00044503285768573135 0.00027292021889789 0.00015963510063611293 8.803858492048165e-5 4.499764518925249e-5 2.078162925526229e-5 8.452764770094427e-6 2.973635016711961e-6 8.852209256878175e-7 2.2149305593381637e-7 4.681310941475256e-8 8.081926969648868e-9 1.1718371859739966e-9 1.4281949481673183e-10 1.3600984025786575e-11 1.1259816273301302e-12 7.760824201734028e-14 
0.0 0.0 0.0 0.0 0.0 0.0 0.0 0.0 0.0 0.0 0.0 0.0 0.0 0.0 0.0 0.0 0.0 0.0 0.0 0.0 0.0 0.0 0.0 0.0 0.0 0.0 0.0 0.0 0.0 0.0 0.0 0.0 0.0 0.0 0.0 0.0 0.0 0.0 0.0 0.0 0.0 0.0 0.0 0.0 2.7760407619114528e-14 5.378427892251109e-13 7.310373291250955e-12 7.812945074405048e-11 6.744610118910946e-10 4.356815782493384e-9 2.2245825316092377e-8 8.893627016104675e-8 2.781397697879617e-7 6.975913005466946e-7 1.452908700965806e-6 2.7128496708664716e-6 5.053310732228812e-6 9.879237683704966e-6 1.9396715123353226e-5 3.6031071920091886e-5 6.198039591169664e-5 9.965836800353956e-5 0.0001522608772565635 0.0002246007824350504 0.0003257977451491132 0.0004710632747688439 0.0006744580970627502 0.0009358631008297891 0.0012339862857979598 0.0015386135469947436 0.001825496770189937 0.0020781382475604927 0.0022738655801139134 0.002376512711536183 0.002354240364101454 0.0022047993228344947 0.001958684278692853 0.0016585865029492034 0.0013400017845237302 0.0010303511763615383 0.0007523525532479044 0.000522426586245173 0.00034652005771032714 0.00022011601936616808 0.0001338738596228629 7.766034180790616e-5 4.2618778613359595e-5 2.1766184140552803e-5 1.005209978474277e-5 4.0691003249883185e-6 1.4103562600135418e-6 4.0782624793555664e-7 9.749099170156963e-8 1.938001925581183e-8 3.090906308802774e-9 4.1024323702523283e-10 4.549155970863068e-11 3.8960393769329786e-12 2.9183423802934425e-13 1.7964402623519884e-14 
0.0 0.0 0.0 0.0 0.0 0.0 0.0 0.0 0.0 0.0 0.0 0.0 0.0 0.0 0.0 0.0 0.0 0.0 0.0 0.0 0.0 0.0 0.0 0.0 0.0 0.0 0.0 0.0 0.0 0.0 0.0 0.0 0.0 0.0 0.0 0.0 0.0 0.0 0.0 0.0 0.0 0.0 0.0 0.0 1.1077242475701049e-14 2.1474373739552623e-13 2.919084875629002e-12 3.1204237585014095e-11 2.6944690638393515e-10 1.7411982335755882e-9 8.897413152869865e-9 3.564577940716195e-8 1.1209078428939134e-7 2.8528384704547244e-7 6.153335836876536e-7 1.2259064064064085e-6 2.476474212860735e-6 5.121260324865953e-6 1.0229036566944137e-5 1.8898643354884402e-5 3.2133801732076776e-5 5.096421949030187e-5 7.630163139926962e-5 0.00010932524854487743 0.00015361046175848373 0.0002168070583374953 0.0003065786940445003 0.00042339765798348416 0.0005572978225790252 0.0006947684645649177 0.0008262946184810088 0.0009459424481192882 0.0010428036547441026 0.0010975512335626614 0.0010932358767977073 0.0010287790079026343 0.0009193710375071258 0.0007848200430527061 0.0006402149606031057 0.0004969656376842483 0.00036580322166190096 0.0002555373828363567 0.0001699470189229762 0.00010750570992609169 6.442600206438176e-5 3.645111617999351e-5 1.9421574547934205e-5 9.658897142124128e-6 4.368505843143944e-6 1.738303102128306e-6 5.919616328632066e-7 1.6730597057943523e-7 3.875890427255893e-8 7.388620791086745e-9 1.1127189321543e-9 1.37755435519403e-10 1.4078046578831466e-11 1.0906993244233515e-12 7.398135781116616e-14 4.02722791415014e-15 
0.0 0.0 0.0 0.0 0.0 0.0 0.0 0.0 0.0 0.0 0.0 0.0 0.0 0.0 0.0 0.0 0.0 0.0 0.0 0.0 0.0 0.0 0.0 0.0 0.0 0.0 0.0 0.0 0.0 0.0 0.0 0.0 0.0 0.0 0.0 0.0 0.0 0.0 0.0 0.0 0.0 0.0 0.0 0.0 3.503208306552042e-15 6.792338347605342e-14 9.230246010388428e-13 9.868439696551437e-12 8.52459051597911e-11 5.51301899656797e-10 2.822613063562445e-9 1.1368318432643867e-8 3.621172097763831e-8 9.509926972169589e-8 2.1905682622155103e-7 4.831629945455955e-7 1.0813605163019682e-6 2.373948114843278e-6 4.840990112572643e-6 9.011335459837799e-6 1.5488073106610478e-5 2.4896839144319976e-5 3.745493117179122e-5 5.3051255796029355e-5 7.27416868623389e-5 0.00010015958589684344 0.00013959223554353535 0.00019229769873408821 0.00025468188336986444 0.0003209391699522398 0.0003859628412800854 0.0004452305842945203 0.0004920454469656063 0.0005171109784476839 0.000513579318529076 0.00048203011477944673 0.00042998634178693766 0.00036684204500845257 0.0002998362558543879 0.00023434887075999688 0.00017502060474149705 0.00012509629604597294 8.532330852081145e-5 5.475145850742988e-5 3.244634022934158e-5 1.7586417216772734e-5 8.749748166868054e-6 4.03368998978456e-6 1.7076010211223263e-6 6.469890777549019e-7 2.12890976988269e-7 5.8538663828125254e-8 1.3220527954669978e-8 2.4517126912484957e-9 3.565098144816775e-10 4.229442973585188e-11 4.100476890693085e-12 2.961472451196825e-13 1.8620881947755215e-14 8.75451523830434e-16 
0.0 0.0 0.0 0.0 0.0 0.0 0.0 0.0 0.0 0.0 0.0 0.0 0.0 0.0 0.0 0.0 0.0 0.0 0.0 0.0 0.0 0.0 0.0 0.0 0.0 0.0 0.0 0.0 0.0 0.0 0.0 0.0 0.0 0.0 0.0 0.0 0.0 0.0 0.0 0.0 0.0 0.0 0.0 0.0 8.697971082550896e-16 1.676284764529621e-14 2.274386156456616e-13 2.432152686827707e-12 2.1025395338327913e-11 1.3619236031547003e-10 7.000989078849633e-10 2.8500355946478276e-9 9.307047559698909e-9 2.58478765869602e-8 6.58894212998496e-8 1.6495340909657519e-7 4.086818138021464e-7 9.457983822406949e-7 1.977662284571831e-6 3.77424600389702e-6 6.7227738277517064e-6 1.1234674785319816e-5 1.7373101638546176e-5 2.4854504286953202e-5 3.397116436331395e-5 4.653167956762203e-5 6.499136845790666e-5 9.059944762434595e-5 0.00012222007785923748 0.000156969464284649 0.00019113225078382337 0.00022053830417411888 0.00024076155861618421 0.00024804313263186847 0.0002412140493468723 0.0002222640029731331 0.0001953650043579934 0.00016502728555160573 0.00013478399046059828 0.00010711245369745951 8.342711934232179e-5 6.371620124212466e-5 4.672313662829504e-5 3.1591793445747835e-5 1.8916178116903422e-5 9.821838150518218e-6 4.427518547415732e-6 1.7761698487369448e-6 6.484538008735745e-7 2.1716698378589553e-7 6.568201393389428e-8 1.7083044236123526e-8 3.7205423461508622e-9 6.712956693673083e-10 9.50257261796785e-11 1.0960277307206002e-11 1.0276959319996846e-12 7.089135740425812e-14 4.207565063099266e-15 1.2600763226426956e-16 
0.0 0.0 0.0 0.0 0.0 0.0 0.0 0.0 0.0 0.0 0.0 0.0 0.0 0.0 0.0 0.0 0.0 0.0 0.0 0.0 0.0 0.0 0.0 0.0 0.0 0.0 0.0 0.0 0.0 0.0 0.0 0.0 0.0 0.0 0.0 0.0 0.0 0.0 0.0 0.0 0.0 0.0 0.0 0.0 1.8165457713457435e-16 3.275354664117584e-15 4.411957195339236e-14 4.719559221760475e-13 4.086954596738882e-12 2.65541031769907e-11 1.375442285559469e-10 5.710699308472853e-10 1.947389416778782e-9 5.898817765039382e-9 1.711503582755078e-8 4.862202788148812e-8 1.3086877379996772e-7 3.1631002394239836e-7 6.833477730285209e-7 1.3631715385828917e-6 2.5694896085228024e-6 4.5339021406643115e-6 7.304137780384631e-6 1.076070271348266e-5 1.510916443131172e-5 2.137225022657291e-5 3.095687317802583e-5 4.4683924365850084e-5 6.200107604580852e-5 8.1046287991679e-5 9.905112696265316e-5 0.0001129366021023378 0.00012015788001988053 0.0001196059028448171 0.00011218942146034028 0.00010010253572336707 8.585855523551638e-5 7.162555272459195e-5 5.903847191323023e-5 4.912951435469685e-5 4.188183281723688e-5 3.5929870544925725e-5 2.9279911611564294e-5 2.1232465676483827e-5 1.3049261601231103e-5 6.6393170080476515e-6 2.7772168291482297e-6 9.704770486835033e-7 2.9059845593754935e-7 7.782527355116065e-8 1.942999096872963e-8 4.397475112835302e-9 8.819583666555017e-10 1.5173234343211082e-10 2.0797534044501693e-11 2.343949311248995e-12 2.1509219939748213e-13 1.441786968598596e-14 7.955093487283937e-16 -8.914412498890637e-18 
0.0 0.0 0.0 0.0 0.0 0.0 0.0 0.0 0.0 0.0 0.0 0.0 0.0 0.0 0.0 0.0 0.0 0.0 0.0 0.0 0.0 0.0 0.0 0.0 0.0 0.0 0.0 0.0 0.0 0.0 0.0 0.0 0.0 0.0 0.0 0.0 0.0 0.0 0.0 0.0 0.0 0.0 0.0 0.0 4.786791829018257e-17 5.083359995198365e-16 6.613268668389564e-15 7.08169459257142e-14 6.166679857359087e-13 4.0302591222026534e-12 2.117896711044068e-11 9.113150170704038e-11 3.3391006082757243e-10 1.1427274669652002e-9 3.824601887603818e-9 1.2117383147095101e-8 3.4735567138542044e-8 8.736476781673515e-8 1.9719520112933738e-7 4.1830813254734585e-7 8.441392903055442e-7 1.579160316446046e-6 2.6644831102881233e-6 4.107490366910842e-6 6.109657673626557e-6 9.274270767469569e-6 1.4370584494362474e-5 2.1813160564175744e-5 3.1174176343480186e-5 4.120694856028221e-5 5.018800876919538e-5 5.642226014938361e-5 5.873406243119935e-5 5.688895994528008e-5 5.1820094957880665e-5 4.508575642897865e-5 3.816597584772672e-5 3.207315119331333e-5 2.7506841975284423e-5 2.489850628624047e-5 2.3855082184982104e-5 2.2853973619927776e-5 2.008111490134982e-5 1.5149335322721672e-5 9.426773580566533e-6 4.751798025455816e-6 1.9205953075659585e-6 6.249617981176298e-7 1.644128614900103e-7 3.585704342448835e-8 6.895158131541367e-9 1.187138266784567e-9 1.9353057127865975e-10 2.931176032033979e-11 3.725216171893577e-12 4.038763234878877e-13 3.6166962996156893e-14 2.333261089840983e-15 9.497978689082229e-17 -1.4386891781785766e-18 
0.0 0.0 0.0 0.0 0.0 0.0 0.0 0.0 0.0 0.0 0.0 0.0 0.0 0.0 0.0 0.0 0.0 0.0 0.0 0.0 0.0 0.0 0.0 0.0 0.0 0.0 0.0 0.0 0.0 0.0 0.0 0.0 0.0 0.0 0.0 0.0 0.0 0.0 0.0 0.0 0.0 0.0 0.0 0.0 3.1426418270983836e-17 6.567486077623345e-17 7.455757271804346e-16 8.091202048843997e-15 7.274081706496921e-14 4.805456115375821e-13 2.5926450666458836e-12 1.1849023509875079e-11 4.824690752195387e-11 1.9059178616707463e-10 7.256980805662203e-10 2.492218148485593e-9 7.489457811651767e-9 1.964210285847375e-8 4.6929800564138395e-8 1.0717783586708868e-7 2.321683032498059e-7 4.5946649037105125e-7 8.150859248237736e-7 1.3374594521397685e-6 2.169855622976397e-6 3.63456563753753e-6 6.1115898926531685e-6 9.775999002826786e-6 1.4341240961686895e-5 1.9122164675821286e-5 2.3311019812991984e-5 2.6239784033665767e-5 2.7439245245544175e-5 2.673460269199021e-5 2.45188511970984e-5 2.1653831507007377e-5 1.896698291996786e-5 1.6860664644862687e-5 1.5556598368430913e-5 1.5263038327524605e-5 1.5659225632152746e-5 1.559599910130294e-5 1.3846909459753447e-5 1.0377331524248077e-5 6.3643447772926316e-6 3.1507782264856213e-6 1.2455712248230039e-6 3.9295622694323483e-7 9.816664659208582e-8 1.9502933541713394e-8 3.197158078282333e-9 4.261338430076107e-10 5.0987526286512756e-11 5.8287808727679685e-12 5.996717958463294e-13 5.829202307975726e-14 4.934333999642291e-15 2.6260545431491056e-16 -6.8062332964819406e-18 4.993485487729181e-19 
0.0 0.0 0.0 0.0 0.0 0.0 0.0 0.0 0.0 0.0 0.0 0.0 0.0 0.0 0.0 0.0 0.0 0.0 0.0 0.0 0.0 0.0 0.0 0.0 0.0 0.0 0.0 0.0 0.0 0.0 0.0 0.0 0.0 0.0 0.0 0.0 0.0 0.0 0.0 0.0 0.0 0.0 0.0 0.0 3.03760679454212e-17 9.84757619209506e-18 3.2690102719436736e-17 5.40024457910191e-16 6.844557327106124e-15 4.586922909682071e-14 2.5978298646954817e-13 1.3035940313723517e-12 6.07259978805564e-12 2.7623045814517945e-11 1.1619211101803034e-10 4.22025477322287e-10 1.3193775515629366e-9 3.630938394880542e-9 9.283883967517747e-9 2.291671048159966e-8 5.302418273555074e-8 1.1055056696303597e-7 2.0744059816076377e-7 3.6922903152343254e-7 6.682081112132992e-7 1.2475001926952819e-6 2.2688319054877557e-6 3.7995263166689692e-6 5.706817020902328e-6 7.721553485424398e-6 9.59892874605811e-6 1.117750493709901e-5 1.2248406988043946e-5 1.2560906400932825e-5 1.2151587548859803e-5 1.1452770374975237e-5 1.0897534774850878e-5 1.0553062301346183e-5 1.0391166748123626e-5 1.0520294764178593e-5 1.0780754754493382e-5 1.0484142338392729e-5 8.983390988613968e-6 6.4729900485975614e-6 3.821456154353837e-6 1.8284429325693375e-6 7.016630076858336e-7 2.156667580470862e-7 5.2430725658107976e-8 1.0053192780349694e-8 1.5567060747405243e-9 1.8597774033899296e-10 1.838027728382433e-11 1.5844561416275681e-12 1.1437702585662316e-13 8.456253086224413e-15 5.94513123704316e-16 -8.708415090968629e-18 3.2215587762130503e-20 -8.574638822827092e-19 
0.0 0.0 0.0 0.0 0.0 0.0 0.0 0.0 0.0 0.0 0.0 0.0 0.0 0.0 0.0 0.0 0.0 0.0 0.0 0.0 0.0 0.0 0.0 0.0 0.0 0.0 0.0 0.0 0.0 0.0 0.0 0.0 0.0 0.0 0.0 0.0 0.0 0.0 0.0 0.0 0.0 0.0 0.0 0.0 2.451350791391263e-17 -2.6556559275499482e-18 3.1297836966668654e-19 -4.680411085335033e-17 5.370267797902673e-16 3.2471576148749874e-15 2.0741081733322598e-14 1.18479743875339e-13 6.397706778431643e-13 3.276910810683036e-12 1.478780567695081e-11 5.597249042964198e-11 1.8220057024540552e-10 5.321460231233392e-10 1.4719498023602226e-9 3.930772149950197e-9 9.670815839560307e-9 2.126289739497501e-8 4.280451525718843e-8 8.470709020905533e-8 1.7397571935181668e-7 3.614669617064875e-7 7.042434660352622e-7 1.227232225962632e-6 1.8927170906673619e-6 2.6405210646281225e-6 3.454770344216709e-6 4.336621978193376e-6 5.173094185567048e-6 5.74637598873342e-6 6.000720875562371e-6 6.150464903493905e-6 6.390826826891238e-6 6.640296850320655e-6 6.781493145829989e-6 6.8688555481522e-6 6.8546129453679505e-6 6.396535233619926e-6 5.224594399215272e-6 3.5788116469207558e-6 2.0090420928719132e-6 9.169193164431305e-7 3.373463866356004e-7 1.0011800128329296e-7 2.362100674347688e-8 4.411941107759006e-9 6.652249899839869e-10 7.646379439636874e-11 7.074496234939209e-12 5.39194856886731e-13 3.055233259457536e-14 1.6318030254723487e-15 6.50334155378324e-17 5.876243373729473e-19 -1.8677985088841173e-19 1.1455147651256825e-17 
0.0 0.0 0.0 0.0 0.0 0.0 0.0 0.0 0.0 0.0 0.0 0.0 0.0 0.0 0.0 0.0 0.0 0.0 0.0 0.0 0.0 0.0 0.0 0.0 0.0 0.0 0.0 0.0 0.0 0.0 0.0 0.0 0.0 0.0 0.0 0.0 0.0 0.0 0.0 0.0 0.0 0.0 0.0 0.0 1.1211146564021016e-17 -2.9386847437286906e-19 -2.124042469757281e-19 -7.860066774372516e-18 1.0181498205464378e-16 6.876217238122643e-17 1.5295094379868871e-15 9.817078186022107e-15 6.035597465194263e-14 3.3557297708741265e-13 1.5837154918272347e-12 6.193306103477327e-12 2.1058681007441146e-11 6.575200210292873e-11 1.9681008913219883e-10 5.635622615074665e-10 1.4633237239562933e-9 3.402072709252277e-9 7.46284126922015e-9 1.668713095727547e-8 3.879012394311535e-8 8.817975143358842e-8 1.814107662543367e-7 3.2748362675997055e-7 5.232370159413573e-7 7.717435101632377e-7 1.102184359059913e-6 1.536628548516113e-6 2.0173442429043503e-6 2.422174835495695e-6 2.7153926260565585e-6 2.997798247160296e-6 3.3355372768345445e-6 3.628026603958484e-6 3.7721965265261036e-6 3.7944958416243326e-6 3.694703001874898e-6 3.330377710800566e-6 2.611890072434456e-6 1.7094764721913258e-6 9.134261019128782e-7 3.96167884618069e-7 1.386555048570771e-7 3.934972623037645e-8 8.923673912253357e-9 1.613328585397711e-9 2.3698001478474626e-10 2.6573788056032663e-11 2.396031346236255e-12 1.759413521562086e-13 9.213786425066334e-15 4.266367703945241e-16 1.1205984644243133e-17 1.3258649375930934e-18 -3.8685117734814457e-19 2.2824765289366548e-17 
0.0 0.0 0.0 0.0 0.0 0.0 0.0 0.0 0.0 0.0 0.0 0.0 0.0 0.0 0.0 0.0 0.0 0.0 0.0 0.0 0.0 0.0 0.0 0.0 0.0 0.0 0.0 0.0 0.0 0.0 0.0 0.0 0.0 0.0 0.0 0.0 0.0 0.0 0.0 0.0 0.0 0.0 0.0 0.0 5.854082554892463e-18 2.600973038611568e-19 -1.966870896688104e-19 -1.0145300745308799e-17 9.837982441178778e-17 -2.024552922608337e-18 1.1088646781003595e-16 6.056083939172671e-16 4.2936373438117575e-15 2.5685536788251193e-14 1.2500275881664173e-13 5.06215439187108e-13 1.8206236304527484e-12 6.164063281413202e-12 2.0065004061821766e-11 6.147749398718637e-11 1.6891546975841547e-10 4.2188282459487316e-10 1.038042222889813e-9 2.6752760818971514e-9 7.00895414933841e-9 1.7210242199374722e-8 3.712571092981627e-8 6.969434075060161e-8 1.1765016656017083e-7 1.9001529256188108e-7 3.06184861639728e-7 4.785341163173581e-7 6.841096605983461e-7 8.751736547059088e-7 1.041505185066335e-6 1.2235997491857967e-6 1.4342619450143808e-6 1.6087300334449413e-6 1.6895051988850864e-6 1.6887501409832534e-6 1.6156825998874836e-6 1.421334007464053e-6 1.082439628904406e-6 6.841326054072284e-7 3.5083305736388593e-7 1.4521639978675428e-7 4.830984133080008e-8 1.3037409254362877e-8 2.816001933351365e-9 4.876945990822938e-10 6.916341088647605e-11 7.520732959331898e-12 6.619668762581779e-13 4.7619038364833855e-14 2.4084906024233875e-15 1.1047923267422675e-16 9.36753611735061e-18 7.175953585355677e-19 -5.314674769042548e-19 3.027902145314088e-17 
0.0 0.0 0.0 0.0 0.0 0.0 0.0 0.0 0.0 0.0 0.0 0.0 0.0 0.0 0.0 0.0 0.0 0.0 0.0 0.0 0.0 0.0 0.0 0.0 0.0 0.0 0.0 0.0 0.0 0.0 0.0 0.0 0.0 0.0 0.0 0.0 0.0 0.0 0.0 0.0 0.0 0.0 0.0 0.0 5.402370733035562e-18 2.1851315118964325e-19 -2.181210925708807e-19 -1.1768996410043811e-17 1.197098058431022e-16 -1.9385957697503804e-18 4.2042195589287515e-17 2.955521297055962e-17 2.2327468226022353e-16 1.855542915029331e-15 8.740098906287897e-15 3.663237121879068e-14 1.4026816693446987e-13 5.130467318558041e-13 1.7933826830517043e-12 5.809925988643329e-12 1.6878313473545927e-11 4.5811803492073036e-11 1.27887698206651e-10 3.7552350087187317e-10 1.0798052206232262e-9 2.8069917172517957e-9 6.304438749509421e-9 1.2396520582387215e-8 2.2630581512082938e-8 4.110035913589959e-8 7.500731056450998e-8 1.2869617031137448e-7 1.954307288627761e-7 2.6184002973619897e-7 3.2719244161991125e-7 4.046139538634552e-7 4.934646817387132e-7 5.653696157553998e-7 5.973909828373656e-7 5.944086192680071e-7 5.622724803773256e-7 4.871160624001314e-7 3.6413149491080594e-7 2.249165352508157e-7 1.1207809336670081e-7 4.4784555894943104e-8 1.4287026308641476e-8 3.682837606251286e-9 7.573625534969517e-10 1.25061637459982e-10 1.7002988505798144e-11 1.7781693882107684e-12 1.5180490583470255e-13 1.0753093895018992e-14 5.245202836227439e-16 3.5201013894853216e-17 9.517020672320455e-18 6.753224079715579e-18 -5.015656394943867e-19 3.473177395739577e-17 
0.0 0.0 0.0 0.0 0.0 0.0 0.0 0.0 0.0 0.0 0.0 0.0 0.0 0.0 0.0 0.0 0.0 0.0 0.0 0.0 0.0 0.0 0.0 0.0 0.0 0.0 0.0 0.0 0.0 0.0 0.0 0.0 0.0 0.0 0.0 0.0 0.0 0.0 0.0 0.0 0.0 0.0 0.0 0.0 5.184213710072199e-18 2.1231841716003955e-19 -2.3079069206319396e-19 -1.2468503711493621e-17 1.3403635518038381e-16 1.1952477149194934e-18 4.074022380329483e-17 2.4853460881179447e-17 -1.9832900456832834e-17 1.943736840095968e-16 4.2018069716825685e-16 1.731725105280221e-15 7.63438756191501e-15 3.014790210183337e-14 1.1383466922723813e-13 3.934683347628743e-13 1.238556227546369e-12 3.798951461387414e-12 1.2376467012200502e-11 4.123257249936514e-11 1.2807279207366905e-10 3.4937051638222736e-10 8.20172638497217e-10 1.7251274146289344e-9 3.5329641905788945e-9 7.397091513538891e-9 1.5186173200066767e-8 2.8021488845176883e-8 4.4493732496800376e-8 6.197641389752989e-8 8.108816417853928e-8 1.0513024786171829e-7 1.3263213683865302e-7 1.5452852637431712e-7 1.640062438678203e-7 1.6263031217354587e-7 1.526204560925644e-7 1.3086371099561606e-7 9.662495011625763e-8 5.876959382995784e-8 2.870548455110696e-8 1.1176290497967583e-8 3.449267741946301e-9 8.548235806286316e-10 1.6785037142523647e-10 2.6377717283028452e-11 3.4173866254084575e-12 3.4040968016292996e-13 2.7873352984281824e-14 2.027313291084962e-15 1.0253518676169989e-16 2.852713275832521e-17 8.89338051026945e-18 2.3744497795588445e-17 -2.552736764435984e-19 3.799992708299008e-17 
0.0 0.0 0.0 0.0 0.0 0.0 0.0 0.0 0.0 0.0 0.0 0.0 0.0 0.0 0.0 0.0 0.0 0.0 0.0 0.0 0.0 0.0 0.0 0.0 0.0 0.0 0.0 0.0 0.0 0.0 0.0 0.0 0.0 0.0 0.0 0.0 0.0 0.0 0.0 0.0 0.0 0.0 0.0 0.0 4.751621859610352e-18 1.9601669456549822e-19 -2.2635702292900204e-19 -1.2245142332534803e-17 1.3905179445313025e-16 4.0308906934259405e-18 3.543824611768639e-17 4.6690007170099854e-17 -9.82646253779401e-18 1.1445044913557392e-16 4.391314814722969e-17 7.597260103206042e-18 5.842422936610231e-16 2.5442157651316306e-15 1.3991941780697086e-14 7.389150287722488e-14 3.428665957044208e-13 1.3420838960430348e-12 4.419291105497174e-12 1.2161757312223921e-11 2.8701035975566082e-11 6.033503106462278e-11 1.1856981929664978e-10 2.3471466943813165e-10 5.085748935187748e-10 1.1780559739563625e-9 2.6122204340003616e-9 5.03816637496599e-9 8.241144063321611e-9 1.1855293804733363e-8 1.6168231810446825e-8 2.1837621471569286e-8 2.8310826714148564e-8 3.340422718346983e-8 3.5564221027685134e-8 3.518130677701259e-8 3.2844384376534305e-8 2.798361459434447e-8 2.051209494196288e-8 1.2364002880606226e-8 5.9677816383067176e-9 2.2867280664281707e-9 6.908056829548913e-10 1.6663314635977543e-10 3.161801783582666e-11 4.7738448514340676e-12 5.926691577381278e-13 5.630944454396588e-14 4.40579627399519e-15 4.440963837948571e-16 4.7911154757595105e-17 3.844390532125206e-17 8.574769956844756e-18 3.962924394986854e-17 3.570397908204642e-21 4.0963936725345953e-17 
0.0 0.0 0.0 0.0 0.0 0.0 0.0 0.0 0.0 0.0 0.0 0.0 0.0 0.0 0.0 0.0 0.0 0.0 0.0 0.0 0.0 0.0 0.0 0.0 0.0 0.0 0.0 0.0 0.0 0.0 0.0 0.0 0.0 0.0 0.0 0.0 0.0 0.0 0.0 0.0 0.0 0.0 0.0 0.0 3.263203427830033e-18 1.388805388985166e-19 -2.0448084730020347e-19 -1.1118134693951275e-17 1.3446054557289763e-16 6.795904869873044e-18 2.807073994985637e-17 6.558713640520557e-17 -7.70133104096447e-18 9.96658475905501e-17 4.008449762064589e-17 6.67011392518693e-18 9.960631322456386e-16 1.030052290477205e-14 8.782010384600537e-14 6.01129610479945e-13 3.1692116770353204e-12 1.287737595382061e-11 4.0909673512252335e-11 1.0060666003935679e-10 1.9261443141704055e-10 2.8686046874004284e-10 3.3514739861923716e-10 3.136851302962439e-10 2.6080889058642987e-10 2.6186754156975983e-10 4.064744179564207e-10 7.335924792296127e-10 1.2095050310258687e-9 1.7929200342211889e-9 2.551138865280717e-9 3.5849890909397176e-9 4.76366848481152e-9 5.6821450916330275e-9 6.06515655568699e-9 5.988164877440004e-9 5.568062530963571e-9 4.72226515043945e-9 3.4442728118162413e-9 2.063710360073571e-9 9.88273686418685e-10 3.7461828886346085e-10 1.1149293809257383e-10 2.636950147059039e-11 4.873535892153603e-12 7.119580797089836e-13 8.51683132774532e-14 7.729882822887286e-15 5.947714379397928e-16 2.0339151624495554e-16 6.711367071802457e-17 4.8423591050106825e-17 8.856723317466108e-18 5.57967332576889e-17 -3.7292515747527206e-19 4.256695068266285e-17 
0.0 0.0 0.0 0.0 0.0 0.0 0.0 0.0 0.0 0.0 0.0 0.0 0.0 0.0 0.0 0.0 0.0 0.0 0.0 0.0 0.0 0.0 0.0 0.0 0.0 0.0 0.0 0.0 0.0 0.0 0.0 0.0 0.0 0.0 0.0 0.0 0.0 0.0 0.0 0.0 0.0 0.0 0.0 0.0 0.0 0.0 0.0 0.0 0.0 0.0 0.0 0.0 0.0 0.0 0.0 0.0 0.0 0.0 0.0 0.0 0.0 0.0 0.0 0.0 0.0 0.0 0.0 0.0 0.0 0.0 0.0 0.0 0.0 0.0 0.0 0.0 0.0 0.0 0.0 0.0 0.0 0.0 0.0 0.0 0.0 0.0 0.0 0.0 0.0 0.0 0.0 0.0 0.0 0.0 0.0 0.0 0.0 0.0 0.0 0.0 
0.0 0.0 0.0 0.0 0.0 0.0 0.0 0.0 0.0 0.0 0.0 0.0 0.0 0.0 0.0 0.0 0.0 0.0 0.0 0.0 0.0 0.0 0.0 0.0 0.0 0.0 0.0 0.0 0.0 0.0 0.0 0.0 0.0 0.0 0.0 0.0 0.0 0.0 0.0 0.0 0.0 0.0 0.0 0.0 0.0 0.0 0.0 0.0 0.0 0.0 0.0 0.0 0.0 0.0 0.0 0.0 0.0 0.0 0.0 0.0 0.0 0.0 0.0 0.0 0.0 0.0 0.0 0.0 0.0 0.0 0.0 0.0 0.0 0.0 0.0 0.0 0.0 0.0 0.0 0.0 0.0 0.0 0.0 0.0 0.0 0.0 0.0 0.0 0.0 0.0 0.0 0.0 0.0 0.0 0.0 0.0 0.0 0.0 0.0 0.0 
0.0 0.0 0.0 0.0 0.0 0.0 0.0 0.0 0.0 0.0 0.0 0.0 0.0 0.0 0.0 0.0 0.0 0.0 0.0 0.0 0.0 0.0 0.0 0.0 0.0 0.0 0.0 0.0 0.0 0.0 0.0 0.0 0.0 0.0 0.0 0.0 0.0 0.0 0.0 0.0 0.0 0.0 0.0 0.0 0.0 0.0 0.0 0.0 0.0 0.0 0.0 0.0 0.0 0.0 0.0 0.0 0.0 0.0 0.0 0.0 0.0 0.0 0.0 0.0 0.0 0.0 0.0 0.0 0.0 0.0 0.0 0.0 0.0 0.0 0.0 0.0 0.0 0.0 0.0 0.0 0.0 0.0 0.0 0.0 0.0 0.0 0.0 0.0 0.0 0.0 0.0 0.0 0.0 0.0 0.0 0.0 0.0 0.0 0.0 0.0 
0.0 0.0 0.0 0.0 0.0 0.0 0.0 0.0 0.0 0.0 0.0 0.0 0.0 0.0 0.0 0.0 0.0 0.0 0.0 0.0 0.0 0.0 0.0 0.0 0.0 0.0 0.0 0.0 0.0 0.0 0.0 0.0 0.0 0.0 0.0 0.0 0.0 0.0 0.0 0.0 0.0 0.0 0.0 0.0 0.0 0.0 0.0 0.0 0.0 0.0 0.0 0.0 0.0 0.0 0.0 0.0 0.0 0.0 0.0 0.0 0.0 0.0 0.0 0.0 0.0 0.0 0.0 0.0 0.0 0.0 0.0 0.0 0.0 0.0 0.0 0.0 0.0 0.0 0.0 0.0 0.0 0.0 0.0 0.0 0.0 0.0 0.0 0.0 0.0 0.0 0.0 0.0 0.0 0.0 0.0 0.0 0.0 0.0 0.0 0.0 
0.0 0.0 0.0 0.0 0.0 0.0 0.0 0.0 0.0 0.0 0.0 0.0 0.0 0.0 0.0 0.0 0.0 0.0 0.0 0.0 0.0 0.0 0.0 0.0 0.0 0.0 0.0 0.0 0.0 0.0 0.0 0.0 0.0 0.0 0.0 0.0 0.0 0.0 0.0 0.0 0.0 0.0 0.0 0.0 0.0 0.0 0.0 0.0 0.0 0.0 0.0 0.0 0.0 0.0 0.0 0.0 0.0 0.0 0.0 0.0 0.0 0.0 0.0 0.0 0.0 0.0 0.0 0.0 0.0 0.0 0.0 0.0 0.0 0.0 0.0 0.0 0.0 0.0 0.0 0.0 0.0 0.0 0.0 0.0 0.0 0.0 0.0 0.0 0.0 0.0 0.0 0.0 0.0 0.0 0.0 0.0 0.0 0.0 0.0 0.0 
0.0 0.0 0.0 0.0 0.0 0.0 0.0 0.0 0.0 0.0 0.0 0.0 0.0 0.0 0.0 0.0 0.0 0.0 0.0 0.0 0.0 0.0 0.0 0.0 0.0 0.0 0.0 0.0 0.0 0.0 0.0 0.0 0.0 0.0 0.0 0.0 0.0 0.0 0.0 0.0 0.0 0.0 0.0 0.0 0.0 0.0 0.0 0.0 0.0 0.0 0.0 0.0 0.0 0.0 0.0 0.0 0.0 0.0 0.0 0.0 0.0 0.0 0.0 0.0 0.0 0.0 0.0 0.0 0.0 0.0 0.0 0.0 0.0 0.0 0.0 0.0 0.0 0.0 0.0 0.0 0.0 0.0 0.0 0.0 0.0 0.0 0.0 0.0 0.0 0.0 0.0 0.0 0.0 0.0 0.0 0.0 0.0 0.0 0.0 0.0 
0.0 0.0 0.0 0.0 0.0 0.0 0.0 0.0 0.0 0.0 0.0 0.0 0.0 0.0 0.0 0.0 0.0 0.0 0.0 0.0 0.0 0.0 0.0 0.0 0.0 0.0 0.0 0.0 0.0 0.0 0.0 0.0 0.0 0.0 0.0 0.0 0.0 0.0 0.0 0.0 0.0 0.0 0.0 0.0 0.0 0.0 0.0 0.0 0.0 0.0 0.0 0.0 0.0 0.0 0.0 0.0 0.0 0.0 0.0 0.0 0.0 0.0 0.0 0.0 0.0 0.0 0.0 0.0 0.0 0.0 0.0 0.0 0.0 0.0 0.0 0.0 0.0 0.0 0.0 0.0 0.0 0.0 0.0 0.0 0.0 0.0 0.0 0.0 0.0 0.0 0.0 0.0 0.0 0.0 0.0 0.0 0.0 0.0 0.0 0.0 
0.0 0.0 0.0 0.0 0.0 0.0 0.0 0.0 0.0 0.0 0.0 0.0 0.0 0.0 0.0 0.0 0.0 0.0 0.0 0.0 0.0 0.0 0.0 0.0 0.0 0.0 0.0 0.0 0.0 0.0 0.0 0.0 0.0 0.0 0.0 0.0 0.0 0.0 0.0 0.0 0.0 0.0 0.0 0.0 0.0 0.0 0.0 0.0 0.0 0.0 0.0 0.0 0.0 0.0 0.0 0.0 0.0 0.0 0.0 0.0 0.0 0.0 0.0 0.0 0.0 0.0 0.0 0.0 0.0 0.0 0.0 0.0 0.0 0.0 0.0 0.0 0.0 0.0 0.0 0.0 0.0 0.0 0.0 0.0 0.0 0.0 0.0 0.0 0.0 0.0 0.0 0.0 0.0 0.0 0.0 0.0 0.0 0.0 0.0 0.0 
0.0 0.0 0.0 0.0 0.0 0.0 0.0 0.0 0.0 0.0 0.0 0.0 0.0 0.0 0.0 0.0 0.0 0.0 0.0 0.0 0.0 0.0 0.0 0.0 0.0 0.0 0.0 0.0 0.0 0.0 0.0 0.0 0.0 0.0 0.0 0.0 0.0 0.0 0.0 0.0 0.0 0.0 0.0 0.0 0.0 0.0 0.0 0.0 0.0 0.0 0.0 0.0 0.0 0.0 0.0 0.0 0.0 0.0 0.0 0.0 0.0 0.0 0.0 0.0 0.0 0.0 0.0 0.0 0.0 0.0 0.0 0.0 0.0 0.0 0.0 0.0 0.0 0.0 0.0 0.0 0.0 0.0 0.0 0.0 0.0 0.0 0.0 0.0 0.0 0.0 0.0 0.0 0.0 0.0 0.0 0.0 0.0 0.0 0.0 0.0 
0.0 0.0 0.0 0.0 0.0 0.0 0.0 0.0 0.0 0.0 0.0 0.0 0.0 0.0 0.0 0.0 0.0 0.0 0.0 0.0 0.0 0.0 0.0 0.0 0.0 0.0 0.0 0.0 0.0 0.0 0.0 0.0 0.0 0.0 0.0 0.0 0.0 0.0 0.0 0.0 0.0 0.0 0.0 0.0 0.0 0.0 0.0 0.0 0.0 0.0 0.0 0.0 0.0 0.0 0.0 0.0 0.0 0.0 0.0 0.0 0.0 0.0 0.0 0.0 0.0 0.0 0.0 0.0 0.0 0.0 0.0 0.0 0.0 0.0 0.0 0.0 0.0 0.0 0.0 0.0 0.0 0.0 0.0 0.0 0.0 0.0 0.0 0.0 0.0 0.0 0.0 0.0 0.0 0.0 0.0 0.0 0.0 0.0 0.0 0.0 
0.0 0.0 0.0 0.0 0.0 0.0 0.0 0.0 0.0 0.0 0.0 0.0 0.0 0.0 0.0 0.0 0.0 0.0 0.0 0.0 0.0 0.0 0.0 0.0 0.0 0.0 0.0 0.0 0.0 0.0 0.0 0.0 0.0 0.0 0.0 0.0 0.0 0.0 0.0 0.0 0.0 0.0 0.0 0.0 0.0 0.0 0.0 0.0 0.0 0.0 0.0 0.0 0.0 0.0 0.0 0.0 0.0 0.0 0.0 0.0 0.0 0.0 0.0 0.0 0.0 0.0 0.0 0.0 0.0 0.0 0.0 0.0 0.0 0.0 0.0 0.0 0.0 0.0 0.0 0.0 0.0 0.0 0.0 0.0 0.0 0.0 0.0 0.0 0.0 0.0 0.0 0.0 0.0 0.0 0.0 0.0 0.0 0.0 0.0 0.0 
0.0 0.0 0.0 0.0 0.0 0.0 0.0 0.0 0.0 0.0 0.0 0.0 0.0 0.0 0.0 0.0 0.0 0.0 0.0 0.0 0.0 0.0 0.0 0.0 0.0 0.0 0.0 0.0 0.0 0.0 0.0 0.0 0.0 0.0 0.0 0.0 0.0 0.0 0.0 0.0 0.0 0.0 0.0 0.0 0.0 0.0 0.0 0.0 0.0 0.0 0.0 0.0 0.0 0.0 0.0 0.0 0.0 0.0 0.0 0.0 0.0 0.0 0.0 0.0 0.0 0.0 0.0 0.0 0.0 0.0 0.0 0.0 0.0 0.0 0.0 0.0 0.0 0.0 0.0 0.0 0.0 0.0 0.0 0.0 0.0 0.0 0.0 0.0 0.0 0.0 0.0 0.0 0.0 0.0 0.0 0.0 0.0 0.0 0.0 0.0 
0.0 0.0 0.0 0.0 0.0 0.0 0.0 0.0 0.0 0.0 0.0 0.0 0.0 0.0 0.0 0.0 0.0 0.0 0.0 0.0 0.0 0.0 0.0 0.0 0.0 0.0 0.0 0.0 0.0 0.0 0.0 0.0 0.0 0.0 0.0 0.0 0.0 0.0 0.0 0.0 0.0 0.0 0.0 0.0 0.0 0.0 0.0 0.0 0.0 0.0 0.0 0.0 0.0 0.0 0.0 0.0 0.0 0.0 0.0 0.0 0.0 0.0 0.0 0.0 0.0 0.0 0.0 0.0 0.0 0.0 0.0 0.0 0.0 0.0 0.0 0.0 0.0 0.0 0.0 0.0 0.0 0.0 0.0 0.0 0.0 0.0 0.0 0.0 0.0 0.0 0.0 0.0 0.0 0.0 0.0 0.0 0.0 0.0 0.0 0.0 
0.0 0.0 0.0 0.0 0.0 0.0 0.0 0.0 0.0 0.0 0.0 0.0 0.0 0.0 0.0 0.0 0.0 0.0 0.0 0.0 0.0 0.0 0.0 0.0 0.0 0.0 0.0 0.0 0.0 0.0 0.0 0.0 0.0 0.0 0.0 0.0 0.0 0.0 0.0 0.0 0.0 0.0 0.0 0.0 0.0 0.0 0.0 0.0 0.0 0.0 0.0 0.0 0.0 0.0 0.0 0.0 0.0 0.0 0.0 0.0 0.0 0.0 0.0 0.0 0.0 0.0 0.0 0.0 0.0 0.0 0.0 0.0 0.0 0.0 0.0 0.0 0.0 0.0 0.0 0.0 0.0 0.0 0.0 0.0 0.0 0.0 0.0 0.0 0.0 0.0 0.0 0.0 0.0 0.0 0.0 0.0 0.0 0.0 0.0 0.0 
0.0 0.0 0.0 0.0 0.0 0.0 0.0 0.0 0.0 0.0 0.0 0.0 0.0 0.0 0.0 0.0 0.0 0.0 0.0 0.0 0.0 0.0 0.0 0.0 0.0 0.0 0.0 0.0 0.0 0.0 0.0 0.0 0.0 0.0 0.0 0.0 0.0 0.0 0.0 0.0 0.0 0.0 0.0 0.0 0.0 0.0 0.0 0.0 0.0 0.0 0.0 0.0 0.0 0.0 0.0 0.0 0.0 0.0 0.0 0.0 0.0 0.0 0.0 0.0 0.0 0.0 0.0 0.0 0.0 0.0 0.0 0.0 0.0 0.0 0.0 0.0 0.0 0.0 0.0 0.0 0.0 0.0 0.0 0.0 0.0 0.0 0.0 0.0 0.0 0.0 0.0 0.0 0.0 0.0 0.0 0.0 0.0 0.0 0.0 0.0 
0.0 0.0 0.0 0.0 0.0 0.0 0.0 0.0 0.0 0.0 0.0 0.0 0.0 0.0 0.0 0.0 0.0 0.0 0.0 0.0 0.0 0.0 0.0 0.0 0.0 0.0 0.0 0.0 0.0 0.0 0.0 0.0 0.0 0.0 0.0 0.0 0.0 0.0 0.0 0.0 0.0 0.0 0.0 0.0 0.0 0.0 0.0 0.0 0.0 0.0 0.0 0.0 0.0 0.0 0.0 0.0 0.0 0.0 0.0 0.0 0.0 0.0 0.0 0.0 0.0 0.0 0.0 0.0 0.0 0.0 0.0 0.0 0.0 0.0 0.0 0.0 0.0 0.0 0.0 0.0 0.0 0.0 0.0 0.0 0.0 0.0 0.0 0.0 0.0 0.0 0.0 0.0 0.0 0.0 0.0 0.0 0.0 0.0 0.0 0.0 
0.0 0.0 0.0 0.0 0.0 0.0 0.0 0.0 0.0 0.0 0.0 0.0 0.0 0.0 0.0 0.0 0.0 0.0 0.0 0.0 0.0 0.0 0.0 0.0 0.0 0.0 0.0 0.0 0.0 0.0 0.0 0.0 0.0 0.0 0.0 0.0 0.0 0.0 0.0 0.0 0.0 0.0 0.0 0.0 0.0 0.0 0.0 0.0 0.0 0.0 0.0 0.0 0.0 0.0 0.0 0.0 0.0 0.0 0.0 0.0 0.0 0.0 0.0 0.0 0.0 0.0 0.0 0.0 0.0 0.0 0.0 0.0 0.0 0.0 0.0 0.0 0.0 0.0 0.0 0.0 0.0 0.0 0.0 0.0 0.0 0.0 0.0 0.0 0.0 0.0 0.0 0.0 0.0 0.0 0.0 0.0 0.0 0.0 0.0 0.0 
0.0 0.0 0.0 0.0 0.0 0.0 0.0 0.0 0.0 0.0 0.0 0.0 0.0 0.0 0.0 0.0 0.0 0.0 0.0 0.0 0.0 0.0 0.0 0.0 0.0 0.0 0.0 0.0 0.0 0.0 0.0 0.0 0.0 0.0 0.0 0.0 0.0 0.0 0.0 0.0 0.0 0.0 0.0 0.0 0.0 0.0 0.0 0.0 0.0 0.0 0.0 0.0 0.0 0.0 0.0 0.0 0.0 0.0 0.0 0.0 0.0 0.0 0.0 0.0 0.0 0.0 0.0 0.0 0.0 0.0 0.0 0.0 0.0 0.0 0.0 0.0 0.0 0.0 0.0 0.0 0.0 0.0 0.0 0.0 0.0 0.0 0.0 0.0 0.0 0.0 0.0 0.0 0.0 0.0 0.0 0.0 0.0 0.0 0.0 0.0 
0.0 0.0 0.0 0.0 0.0 0.0 0.0 0.0 0.0 0.0 0.0 0.0 0.0 0.0 0.0 0.0 0.0 0.0 0.0 0.0 0.0 0.0 0.0 0.0 0.0 0.0 0.0 0.0 0.0 0.0 0.0 0.0 0.0 0.0 0.0 0.0 0.0 0.0 0.0 0.0 0.0 0.0 0.0 0.0 0.0 0.0 0.0 0.0 0.0 0.0 0.0 0.0 0.0 0.0 0.0 0.0 0.0 0.0 0.0 0.0 0.0 0.0 0.0 0.0 0.0 0.0 0.0 0.0 0.0 0.0 0.0 0.0 0.0 0.0 0.0 0.0 0.0 0.0 0.0 0.0 0.0 0.0 0.0 0.0 0.0 0.0 0.0 0.0 0.0 0.0 0.0 0.0 0.0 0.0 0.0 0.0 0.0 0.0 0.0 0.0 
0.0 0.0 0.0 0.0 0.0 0.0 0.0 0.0 0.0 0.0 0.0 0.0 0.0 0.0 0.0 0.0 0.0 0.0 0.0 0.0 0.0 0.0 0.0 0.0 0.0 0.0 0.0 0.0 0.0 0.0 0.0 0.0 0.0 0.0 0.0 0.0 0.0 0.0 0.0 0.0 0.0 0.0 0.0 0.0 0.0 0.0 0.0 0.0 0.0 0.0 0.0 0.0 0.0 0.0 0.0 0.0 0.0 0.0 0.0 0.0 0.0 0.0 0.0 0.0 0.0 0.0 0.0 0.0 0.0 0.0 0.0 0.0 0.0 0.0 0.0 0.0 0.0 0.0 0.0 0.0 0.0 0.0 0.0 0.0 0.0 0.0 0.0 0.0 0.0 0.0 0.0 0.0 0.0 0.0 0.0 0.0 0.0 0.0 0.0 0.0 
0.0 0.0 0.0 0.0 0.0 0.0 0.0 0.0 0.0 0.0 0.0 0.0 0.0 0.0 0.0 0.0 0.0 0.0 0.0 0.0 0.0 0.0 0.0 0.0 0.0 0.0 0.0 0.0 0.0 0.0 0.0 0.0 0.0 0.0 0.0 0.0 0.0 0.0 0.0 0.0 0.0 0.0 0.0 0.0 0.0 0.0 0.0 0.0 0.0 0.0 0.0 0.0 0.0 0.0 0.0 0.0 0.0 0.0 0.0 0.0 0.0 0.0 0.0 0.0 0.0 0.0 0.0 0.0 0.0 0.0 0.0 0.0 0.0 0.0 0.0 0.0 0.0 0.0 0.0 0.0 0.0 0.0 0.0 0.0 0.0 0.0 0.0 0.0 0.0 0.0 0.0 0.0 0.0 0.0 0.0 0.0 0.0 0.0 0.0 0.0 
0.0 0.0 0.0 0.0 0.0 0.0 0.0 0.0 0.0 0.0 0.0 0.0 0.0 0.0 0.0 0.0 0.0 0.0 0.0 0.0 0.0 0.0 0.0 0.0 0.0 0.0 0.0 0.0 0.0 0.0 0.0 0.0 0.0 0.0 0.0 0.0 0.0 0.0 0.0 0.0 0.0 0.0 0.0 0.0 0.0 0.0 0.0 0.0 0.0 0.0 0.0 0.0 0.0 0.0 0.0 0.0 0.0 0.0 0.0 0.0 0.0 0.0 0.0 0.0 0.0 0.0 0.0 0.0 0.0 0.0 0.0 0.0 0.0 0.0 0.0 0.0 0.0 0.0 0.0 0.0 0.0 0.0 0.0 0.0 0.0 0.0 0.0 0.0 0.0 0.0 0.0 0.0 0.0 0.0 0.0 0.0 0.0 0.0 0.0 0.0 
0.0 0.0 0.0 0.0 0.0 0.0 0.0 0.0 0.0 0.0 0.0 0.0 0.0 0.0 0.0 0.0 0.0 0.0 0.0 0.0 0.0 0.0 0.0 0.0 0.0 0.0 0.0 0.0 0.0 0.0 0.0 0.0 0.0 0.0 0.0 0.0 0.0 0.0 0.0 0.0 0.0 0.0 0.0 0.0 0.0 0.0 0.0 0.0 0.0 0.0 0.0 0.0 0.0 0.0 0.0 0.0 0.0 0.0 0.0 0.0 0.0 0.0 0.0 0.0 0.0 0.0 0.0 0.0 0.0 0.0 0.0 0.0 0.0 0.0 0.0 0.0 0.0 0.0 0.0 0.0 0.0 0.0 0.0 0.0 0.0 0.0 0.0 0.0 0.0 0.0 0.0 0.0 0.0 0.0 0.0 0.0 0.0 0.0 0.0 0.0 
0.0 0.0 0.0 0.0 0.0 0.0 0.0 0.0 0.0 0.0 0.0 0.0 0.0 0.0 0.0 0.0 0.0 0.0 0.0 0.0 0.0 0.0 0.0 0.0 0.0 0.0 0.0 0.0 0.0 0.0 0.0 0.0 0.0 0.0 0.0 0.0 0.0 0.0 0.0 0.0 0.0 0.0 0.0 0.0 0.0 0.0 0.0 0.0 0.0 0.0 0.0 0.0 0.0 0.0 0.0 0.0 0.0 0.0 0.0 0.0 0.0 0.0 0.0 0.0 0.0 0.0 0.0 0.0 0.0 0.0 0.0 0.0 0.0 0.0 0.0 0.0 0.0 0.0 0.0 0.0 0.0 0.0 0.0 0.0 0.0 0.0 0.0 0.0 0.0 0.0 0.0 0.0 0.0 0.0 0.0 0.0 0.0 0.0 0.0 0.0 
0.0 0.0 0.0 0.0 0.0 0.0 0.0 0.0 0.0 0.0 0.0 0.0 0.0 0.0 0.0 0.0 0.0 0.0 0.0 0.0 0.0 0.0 0.0 0.0 0.0 0.0 0.0 0.0 0.0 0.0 0.0 0.0 0.0 0.0 0.0 0.0 0.0 0.0 0.0 0.0 0.0 0.0 0.0 0.0 0.0 0.0 0.0 0.0 0.0 0.0 0.0 0.0 0.0 0.0 0.0 0.0 0.0 0.0 0.0 0.0 0.0 0.0 0.0 0.0 0.0 0.0 0.0 0.0 0.0 0.0 0.0 0.0 0.0 0.0 0.0 0.0 0.0 0.0 0.0 0.0 0.0 0.0 0.0 0.0 0.0 0.0 0.0 0.0 0.0 0.0 0.0 0.0 0.0 0.0 0.0 0.0 0.0 0.0 0.0 0.0 
0.0 0.0 0.0 0.0 0.0 0.0 0.0 0.0 0.0 0.0 0.0 0.0 0.0 0.0 0.0 0.0 0.0 0.0 0.0 0.0 0.0 0.0 0.0 0.0 0.0 0.0 0.0 0.0 0.0 0.0 0.0 0.0 0.0 0.0 0.0 0.0 0.0 0.0 0.0 0.0 0.0 0.0 0.0 0.0 0.0 0.0 0.0 0.0 0.0 0.0 0.0 0.0 0.0 0.0 0.0 0.0 0.0 0.0 0.0 0.0 0.0 0.0 0.0 0.0 0.0 0.0 0.0 0.0 0.0 0.0 0.0 0.0 0.0 0.0 0.0 0.0 0.0 0.0 0.0 0.0 0.0 0.0 0.0 0.0 0.0 0.0 0.0 0.0 0.0 0.0 0.0 0.0 0.0 0.0 0.0 0.0 0.0 0.0 0.0 0.0 
0.0 0.0 0.0 0.0 0.0 0.0 0.0 0.0 0.0 0.0 0.0 0.0 0.0 0.0 0.0 0.0 0.0 0.0 0.0 0.0 0.0 0.0 0.0 0.0 0.0 0.0 0.0 0.0 0.0 0.0 0.0 0.0 0.0 0.0 0.0 0.0 0.0 0.0 0.0 0.0 0.0 0.0 0.0 0.0 0.0 0.0 0.0 0.0 0.0 0.0 0.0 0.0 0.0 0.0 0.0 0.0 0.0 0.0 0.0 0.0 0.0 0.0 0.0 0.0 0.0 0.0 0.0 0.0 0.0 0.0 0.0 0.0 0.0 0.0 0.0 0.0 0.0 0.0 0.0 0.0 0.0 0.0 0.0 0.0 0.0 0.0 0.0 0.0 0.0 0.0 0.0 0.0 0.0 0.0 0.0 0.0 0.0 0.0 0.0 0.0 
0.0 0.0 0.0 0.0 0.0 0.0 0.0 0.0 0.0 0.0 0.0 0.0 0.0 0.0 0.0 0.0 0.0 0.0 0.0 0.0 0.0 0.0 0.0 0.0 0.0 0.0 0.0 0.0 0.0 0.0 0.0 0.0 0.0 0.0 0.0 0.0 0.0 0.0 0.0 0.0 0.0 0.0 0.0 0.0 0.0 0.0 0.0 0.0 0.0 0.0 0.0 0.0 0.0 0.0 0.0 0.0 0.0 0.0 0.0 0.0 0.0 0.0 0.0 0.0 0.0 0.0 0.0 0.0 0.0 0.0 0.0 0.0 0.0 0.0 0.0 0.0 0.0 0.0 0.0 0.0 0.0 0.0 0.0 0.0 0.0 0.0 0.0 0.0 0.0 0.0 0.0 0.0 0.0 0.0 0.0 0.0 0.0 0.0 0.0 0.0 
0.0 0.0 0.0 0.0 0.0 0.0 0.0 0.0 0.0 0.0 0.0 0.0 0.0 0.0 0.0 0.0 0.0 0.0 0.0 0.0 0.0 0.0 0.0 0.0 0.0 0.0 0.0 0.0 0.0 0.0 0.0 0.0 0.0 0.0 0.0 0.0 0.0 0.0 0.0 0.0 0.0 0.0 0.0 0.0 0.0 0.0 0.0 0.0 0.0 0.0 0.0 0.0 0.0 0.0 0.0 0.0 0.0 0.0 0.0 0.0 0.0 0.0 0.0 0.0 0.0 0.0 0.0 0.0 0.0 0.0 0.0 0.0 0.0 0.0 0.0 0.0 0.0 0.0 0.0 0.0 0.0 0.0 0.0 0.0 0.0 0.0 0.0 0.0 0.0 0.0 0.0 0.0 0.0 0.0 0.0 0.0 0.0 0.0 0.0 0.0 
0.0 0.0 0.0 0.0 0.0 0.0 0.0 0.0 0.0 0.0 0.0 0.0 0.0 0.0 0.0 0.0 0.0 0.0 0.0 0.0 0.0 0.0 0.0 0.0 0.0 0.0 0.0 0.0 0.0 0.0 0.0 0.0 0.0 0.0 0.0 0.0 0.0 0.0 0.0 0.0 0.0 0.0 0.0 0.0 0.0 0.0 0.0 0.0 0.0 0.0 0.0 0.0 0.0 0.0 0.0 0.0 0.0 0.0 0.0 0.0 0.0 0.0 0.0 0.0 0.0 0.0 0.0 0.0 0.0 0.0 0.0 0.0 0.0 0.0 0.0 0.0 0.0 0.0 0.0 0.0 0.0 0.0 0.0 0.0 0.0 0.0 0.0 0.0 0.0 0.0 0.0 0.0 0.0 0.0 0.0 0.0 0.0 0.0 0.0 0.0 
0.0 0.0 0.0 0.0 0.0 0.0 0.0 0.0 0.0 0.0 0.0 0.0 0.0 0.0 0.0 0.0 0.0 0.0 0.0 0.0 0.0 0.0 0.0 0.0 0.0 0.0 0.0 0.0 0.0 0.0 0.0 0.0 0.0 0.0 0.0 0.0 0.0 0.0 0.0 0.0 0.0 0.0 0.0 0.0 0.0 0.0 0.0 0.0 0.0 0.0 0.0 0.0 0.0 0.0 0.0 0.0 0.0 0.0 0.0 0.0 0.0 0.0 0.0 0.0 0.0 0.0 0.0 0.0 0.0 0.0 0.0 0.0 0.0 0.0 0.0 0.0 0.0 0.0 0.0 0.0 0.0 0.0 0.0 0.0 0.0 0.0 0.0 0.0 0.0 0.0 0.0 0.0 0.0 0.0 0.0 0.0 0.0 0.0 0.0 0.0 
0.0 0.0 0.0 0.0 0.0 0.0 0.0 0.0 0.0 0.0 0.0 0.0 0.0 0.0 0.0 0.0 0.0 0.0 0.0 0.0 0.0 0.0 0.0 0.0 0.0 0.0 0.0 0.0 0.0 0.0 0.0 0.0 0.0 0.0 0.0 0.0 0.0 0.0 0.0 0.0 0.0 0.0 0.0 0.0 0.0 0.0 0.0 0.0 0.0 0.0 0.0 0.0 0.0 0.0 0.0 0.0 0.0 0.0 0.0 0.0 0.0 0.0 0.0 0.0 0.0 0.0 0.0 0.0 0.0 0.0 0.0 0.0 0.0 0.0 0.0 0.0 0.0 0.0 0.0 0.0 0.0 0.0 0.0 0.0 0.0 0.0 0.0 0.0 0.0 0.0 0.0 0.0 0.0 0.0 0.0 0.0 0.0 0.0 0.0 0.0 
0.0 0.0 0.0 0.0 0.0 0.0 0.0 0.0 0.0 0.0 0.0 0.0 0.0 0.0 0.0 0.0 0.0 0.0 0.0 0.0 0.0 0.0 0.0 0.0 0.0 0.0 0.0 0.0 0.0 0.0 0.0 0.0 0.0 0.0 0.0 0.0 0.0 0.0 0.0 0.0 0.0 0.0 0.0 0.0 0.0 0.0 0.0 0.0 0.0 0.0 0.0 0.0 0.0 0.0 0.0 0.0 0.0 0.0 0.0 0.0 0.0 0.0 0.0 0.0 0.0 0.0 0.0 0.0 0.0 0.0 0.0 0.0 0.0 0.0 0.0 0.0 0.0 0.0 0.0 0.0 0.0 0.0 0.0 0.0 0.0 0.0 0.0 0.0 0.0 0.0 0.0 0.0 0.0 0.0 0.0 0.0 0.0 0.0 0.0 0.0 
0.0 0.0 0.0 0.0 0.0 0.0 0.0 0.0 0.0 0.0 0.0 0.0 0.0 0.0 0.0 0.0 0.0 0.0 0.0 0.0 0.0 0.0 0.0 0.0 0.0 0.0 0.0 0.0 0.0 0.0 0.0 0.0 0.0 0.0 0.0 0.0 0.0 0.0 0.0 0.0 0.0 0.0 0.0 0.0 0.0 0.0 0.0 0.0 0.0 0.0 0.0 0.0 0.0 0.0 0.0 0.0 0.0 0.0 0.0 0.0 0.0 0.0 0.0 0.0 0.0 0.0 0.0 0.0 0.0 0.0 0.0 0.0 0.0 0.0 0.0 0.0 0.0 0.0 0.0 0.0 0.0 0.0 0.0 0.0 0.0 0.0 0.0 0.0 0.0 0.0 0.0 0.0 0.0 0.0 0.0 0.0 0.0 0.0 0.0 0.0 
0.0 0.0 0.0 0.0 0.0 0.0 0.0 0.0 0.0 0.0 0.0 0.0 0.0 0.0 0.0 0.0 0.0 0.0 0.0 0.0 0.0 0.0 0.0 0.0 0.0 0.0 0.0 0.0 0.0 0.0 0.0 0.0 0.0 0.0 0.0 0.0 0.0 0.0 0.0 0.0 0.0 0.0 0.0 0.0 0.0 0.0 0.0 0.0 0.0 0.0 0.0 0.0 0.0 0.0 0.0 0.0 0.0 0.0 0.0 0.0 0.0 0.0 0.0 0.0 0.0 0.0 0.0 0.0 0.0 0.0 0.0 0.0 0.0 0.0 0.0 0.0 0.0 0.0 0.0 0.0 0.0 0.0 0.0 0.0 0.0 0.0 0.0 0.0 0.0 0.0 0.0 0.0 0.0 0.0 0.0 0.0 0.0 0.0 0.0 0.0 
0.0 0.0 0.0 0.0 0.0 0.0 0.0 0.0 0.0 0.0 0.0 0.0 0.0 0.0 0.0 0.0 0.0 0.0 0.0 0.0 0.0 0.0 0.0 0.0 0.0 0.0 0.0 0.0 0.0 0.0 0.0 0.0 0.0 0.0 0.0 0.0 0.0 0.0 0.0 0.0 0.0 0.0 0.0 0.0 0.0 0.0 0.0 0.0 0.0 0.0 0.0 0.0 0.0 0.0 0.0 0.0 0.0 0.0 0.0 0.0 0.0 0.0 0.0 0.0 0.0 0.0 0.0 0.0 0.0 0.0 0.0 0.0 0.0 0.0 0.0 0.0 0.0 0.0 0.0 0.0 0.0 0.0 0.0 0.0 0.0 0.0 0.0 0.0 0.0 0.0 0.0 0.0 0.0 0.0 0.0 0.0 0.0 0.0 0.0 0.0 
0.0 0.0 0.0 0.0 0.0 0.0 0.0 0.0 0.0 0.0 0.0 0.0 0.0 0.0 0.0 0.0 0.0 0.0 0.0 0.0 0.0 0.0 0.0 0.0 0.0 0.0 0.0 0.0 0.0 0.0 0.0 0.0 0.0 0.0 0.0 0.0 0.0 0.0 0.0 0.0 0.0 0.0 0.0 0.0 0.0 0.0 0.0 0.0 0.0 0.0 0.0 0.0 0.0 0.0 0.0 0.0 0.0 0.0 0.0 0.0 0.0 0.0 0.0 0.0 0.0 0.0 0.0 0.0 0.0 0.0 0.0 0.0 0.0 0.0 0.0 0.0 0.0 0.0 0.0 0.0 0.0 0.0 0.0 0.0 0.0 0.0 0.0 0.0 0.0 0.0 0.0 0.0 0.0 0.0 0.0 0.0 0.0 0.0 0.0 0.0 
0.0 0.0 0.0 0.0 0.0 0.0 0.0 0.0 0.0 0.0 0.0 0.0 0.0 0.0 0.0 0.0 0.0 0.0 0.0 0.0 0.0 0.0 0.0 0.0 0.0 0.0 0.0 0.0 0.0 0.0 0.0 0.0 0.0 0.0 0.0 0.0 0.0 0.0 0.0 0.0 0.0 0.0 0.0 0.0 0.0 0.0 0.0 0.0 0.0 0.0 0.0 0.0 0.0 0.0 0.0 0.0 0.0 0.0 0.0 0.0 0.0 0.0 0.0 0.0 0.0 0.0 0.0 0.0 0.0 0.0 0.0 0.0 0.0 0.0 0.0 0.0 0.0 0.0 0.0 0.0 0.0 0.0 0.0 0.0 0.0 0.0 0.0 0.0 0.0 0.0 0.0 0.0 0.0 0.0 0.0 0.0 0.0 0.0 0.0 0.0 
0.0 0.0 0.0 0.0 0.0 0.0 0.0 0.0 0.0 0.0 0.0 0.0 0.0 0.0 0.0 0.0 0.0 0.0 0.0 0.0 0.0 0.0 0.0 0.0 0.0 0.0 0.0 0.0 0.0 0.0 0.0 0.0 0.0 0.0 0.0 0.0 0.0 0.0 0.0 0.0 0.0 0.0 0.0 0.0 0.0 0.0 0.0 0.0 0.0 0.0 0.0 0.0 0.0 0.0 0.0 0.0 0.0 0.0 0.0 0.0 0.0 0.0 0.0 0.0 0.0 0.0 0.0 0.0 0.0 0.0 0.0 0.0 0.0 0.0 0.0 0.0 0.0 0.0 0.0 0.0 0.0 0.0 0.0 0.0 0.0 0.0 0.0 0.0 0.0 0.0 0.0 0.0 0.0 0.0 0.0 0.0 0.0 0.0 0.0 0.0 
0.0 0.0 0.0 0.0 0.0 0.0 0.0 0.0 0.0 0.0 0.0 0.0 0.0 0.0 0.0 0.0 0.0 0.0 0.0 0.0 0.0 0.0 0.0 0.0 0.0 0.0 0.0 0.0 0.0 0.0 0.0 0.0 0.0 0.0 0.0 0.0 0.0 0.0 0.0 0.0 0.0 0.0 0.0 0.0 0.0 0.0 0.0 0.0 0.0 0.0 0.0 0.0 0.0 0.0 0.0 0.0 0.0 0.0 0.0 0.0 0.0 0.0 0.0 0.0 0.0 0.0 0.0 0.0 0.0 0.0 0.0 0.0 0.0 0.0 0.0 0.0 0.0 0.0 0.0 0.0 0.0 0.0 0.0 0.0 0.0 0.0 0.0 0.0 0.0 0.0 0.0 0.0 0.0 0.0 0.0 0.0 0.0 0.0 0.0 0.0 
0.0 0.0 0.0 0.0 0.0 0.0 0.0 0.0 0.0 0.0 0.0 0.0 0.0 0.0 0.0 0.0 0.0 0.0 0.0 0.0 0.0 0.0 0.0 0.0 0.0 0.0 0.0 0.0 0.0 0.0 0.0 0.0 0.0 0.0 0.0 0.0 0.0 0.0 0.0 0.0 0.0 0.0 0.0 0.0 0.0 0.0 0.0 0.0 0.0 0.0 0.0 0.0 0.0 0.0 0.0 0.0 0.0 0.0 0.0 0.0 0.0 0.0 0.0 0.0 0.0 0.0 0.0 0.0 0.0 0.0 0.0 0.0 0.0 0.0 0.0 0.0 0.0 0.0 0.0 0.0 0.0 0.0 0.0 0.0 0.0 0.0 0.0 0.0 0.0 0.0 0.0 0.0 0.0 0.0 0.0 0.0 0.0 0.0 0.0 0.0 
0.0 0.0 0.0 0.0 0.0 0.0 0.0 0.0 0.0 0.0 0.0 0.0 0.0 0.0 0.0 0.0 0.0 0.0 0.0 0.0 0.0 0.0 0.0 0.0 0.0 0.0 0.0 0.0 0.0 0.0 0.0 0.0 0.0 0.0 0.0 0.0 0.0 0.0 0.0 0.0 0.0 0.0 0.0 0.0 0.0 0.0 0.0 0.0 0.0 0.0 0.0 0.0 0.0 0.0 0.0 0.0 0.0 0.0 0.0 0.0 0.0 0.0 0.0 0.0 0.0 0.0 0.0 0.0 0.0 0.0 0.0 0.0 0.0 0.0 0.0 0.0 0.0 0.0 0.0 0.0 0.0 0.0 0.0 0.0 0.0 0.0 0.0 0.0 0.0 0.0 0.0 0.0 0.0 0.0 0.0 0.0 0.0 0.0 0.0 0.0 
0.0 0.0 0.0 0.0 0.0 0.0 0.0 0.0 0.0 0.0 0.0 0.0 0.0 0.0 0.0 0.0 0.0 0.0 0.0 0.0 0.0 0.0 0.0 0.0 0.0 0.0 0.0 0.0 0.0 0.0 0.0 0.0 0.0 0.0 0.0 0.0 0.0 0.0 0.0 0.0 0.0 0.0 0.0 0.0 0.0 0.0 0.0 0.0 0.0 0.0 0.0 0.0 0.0 0.0 0.0 0.0 0.0 0.0 0.0 0.0 0.0 0.0 0.0 0.0 0.0 0.0 0.0 0.0 0.0 0.0 0.0 0.0 0.0 0.0 0.0 0.0 0.0 0.0 0.0 0.0 0.0 0.0 0.0 0.0 0.0 0.0 0.0 0.0 0.0 0.0 0.0 0.0 0.0 0.0 0.0 0.0 0.0 0.0 0.0 0.0 
