2.862422554799776e-17 3.534949870984198e-17 8.649002308756895e-16 7.492969863412543e-15 4.6350439512981923e-14 2.30316201233326e-13 9.618304211920324e-13 3.5548370933412528e-12 1.2961602135584556e-11 5.0547720955851495e-11 1.9484011058025996e-10 6.794266450313265e-10 2.033522129693581e-9 5.190044494128824e-9 1.2255800950935944e-8 3.1484964609475876e-8 9.340162180118544e-8 2.86470619845486e-7 7.955610158965892e-7 1.8644891441953638e-6 3.6242143806210272e-6 5.786980031741249e-6 7.570955045745511e-6 8.075348244651808e-6 7.040361442640988e-6 5.087453826445693e-6 3.198188935773989e-6 1.9301048165414515e-6 1.2622009520136828e-6 9.234104677799408e-7 7.169845654436968e-7 5.751590801685484e-7 4.889460420489496e-7 4.548726430568118e-7 4.559730364186412e-7 4.5400264610122624e-7 4.073025192939002e-7 3.073094347481188e-7 1.892865813031426e-7 9.676560830933199e-8 4.634500797884373e-8 2.6807168080115318e-8 1.990741872512147e-8 1.4781792097571644e-8 9.182604693343372e-9 4.5156455209299434e-9 1.7348055060997627e-9 5.181327511319302e-10 1.198986651968409e-10 2.1858847201181692e-11 3.0230121284321485e-12 3.277176501126295e-13 2.844050462869425e-14 1.5578760928356304e-15 0.0 0.0 0.0 0.0 0.0 0.0 0.0 0.0 0.0 0.0 0.0 0.0 0.0 0.0 0.0 0.0 0.0 0.0 0.0 0.0 0.0 0.0 0.0 0.0 0.0 0.0 0.0 0.0 0.0 0.0 0.0 0.0 0.0 0.0 0.0 0.0 0.0 0.0 0.0 0.0 0.0 0.0 0.0 0.0 0.0 0.0 
8.150265632389342e-17 1.035909319394144e-15 1.0830307655930952e-14 8.782769355911833e-14 5.435745997896854e-13 2.663547363943427e-12 1.0792636902673234e-11 3.732525990484318e-11 1.207771575915183e-10 4.0369297411917186e-10 1.3713315991521026e-9 4.403275302878148e-9 1.244617940879599e-8 2.983315941114101e-8 6.23315453046958e-8 1.2478292011048273e-7 2.697343663928038e-7 6.430778254142491e-7 1.5187956834639886e-6 3.191356348168828e-6 5.696526992801336e-6 8.488766642088793e-6 1.0560833739839314e-5 1.1028825804573581e-5 9.865688508789283e-6 7.88061755555835e-6 6.048466492495261e-6 4.794315641376567e-6 3.991740076280809e-6 3.364336891838147e-6 2.7979964950412342e-6 2.3210917716886048e-6 1.9769308601852095e-6 1.7652484658966134e-6 1.6440575483328977e-6 1.521390886411125e-6 1.2956358706266634e-6 9.49121370119959e-7 5.795540780378425e-7 3.0437042678996826e-7 1.6264893120421388e-7 1.1248169949825214e-7 9.342527479899679e-8 7.184841207205688e-8 4.5020795547724135e-8 2.218444608823128e-8 8.528162268973784e-9 2.548284177154674e-9 5.900484182961659e-10 1.0767179620504436e-10 1.4913735835160622e-11 1.6210840394874748e-12 1.414259529039704e-13 8.668247635999955e-15 0.0 0.0 0.0 0.0 0.0 0.0 0.0 0.0 0.0 0.0 0.0 0.0 0.0 0.0 0.0 0.0 0.0 0.0 0.0 0.0 0.0 0.0 0.0 0.0 0.0 0.0 0.0 0.0 0.0 0.0 0.0 0.0 0.0 0.0 0.0 0.0 0.0 0.0 0.0 0.0 0.0 0.0 0.0 0.0 0.0 0.0 
8.195771295904007e-16 1.0652071139192377e-14 1.0519655086875207e-13 8.475577056583544e-13 5.228501302438976e-12 2.5408885150362357e-11 1.0092385750332133e-10 3.3364076802233887e-10 9.877157105514824e-10 2.8757082361988257e-9 8.492118865449504e-9 2.453862783380952e-8 6.463926950193796e-8 1.4692844497147837e-7 2.87533513874021e-7 5.066694541218654e-7 8.779090460894204e-7 1.611054974475235e-6 3.0633538425481127e-6 5.531485685186264e-6 8.882802096379037e-6 1.231986989344105e-5 1.4784289243169715e-5 1.569116638706165e-5 1.5367379726591e-5 1.4587056954330003e-5 1.3874371056791216e-5 1.3194356319377193e-5 1.2262437762846476e-5 1.0949668600553641e-5 9.438134205369538e-6 8.011912958420453e-6 6.824999655534811e-6 5.870252429673277e-6 5.073852359265145e-6 4.3035355521431144e-6 3.4105366109428563e-6 2.38735005227308e-6 1.4361853725186774e-6 7.840261950832609e-7 4.803683424927746e-7 3.9210691185528315e-7 3.5252575498926783e-7 2.771074637639908e-7 1.7456580523334695e-7 8.614993887257066e-8 3.3148646445728246e-8 9.91680681172384e-9 2.3003743155846784e-9 4.209347440022734e-10 5.856724414006522e-11 6.4103916904363755e-12 5.65187047948929e-13 3.5840062446252565e-14 0.0 0.0 0.0 0.0 0.0 0.0 0.0 0.0 0.0 0.0 0.0 0.0 0.0 0.0 0.0 0.0 0.0 0.0 0.0 0.0 0.0 0.0 0.0 0.0 0.0 0.0 0.0 0.0 0.0 0.0 0.0 0.0 0.0 0.0 0.0 0.0 0.0 0.0 0.0 0.0 0.0 0.0 0.0 0.0 0.0 0.0 
5.8569938474557814e-15 7.607138274258968e-14 7.450459510836411e-13 5.984394948321057e-12 3.68028125818339e-11 1.7788173726981194e-10 6.978160963679173e-10 2.24386476247795e-9 6.274370887466957e-9 1.6524895493085444e-8 4.317245212648293e-8 1.1182091570636137e-7 2.7203331557678824e-7 5.856502458473423e-7 1.0953872889924424e-6 1.8168802037380643e-6 2.8336489142807216e-6 4.431909188225059e-6 7.049365068053228e-6 1.0921409395381605e-5 1.5696571206148323e-5 2.0442471121610818e-5 2.4320308671799913e-5 2.7264657470303127e-5 2.9869023119746302e-5 3.244402273663199e-5 3.4493160745541725e-5 3.514747820239923e-5 3.392552587679564e-5 3.1066665648948075e-5 2.73585744599794e-5 2.357279206022038e-5 2.0042677739105043e-5 1.672395947293444e-5 1.3552574119791569e-5 1.0533711519975575e-5 7.666383249181033e-6 5.0450112257014275e-6 2.963788641306371e-6 1.692511737805967e-6 1.1899150596377916e-6 1.1003979865062796e-6 1.0376924025762143e-6 8.256037784642022e-7 5.217673851807854e-7 2.579177916603008e-7 9.943471028268564e-8 2.9836645328920675e-8 6.954026193392485e-9 1.2817028544093846e-9 1.8040886107765461e-10 2.0092277109656256e-11 1.8168565241562824e-12 1.2034982081889302e-13 0.0 0.0 0.0 0.0 0.0 0.0 0.0 0.0 0.0 0.0 0.0 0.0 0.0 0.0 0.0 0.0 0.0 0.0 0.0 0.0 0.0 0.0 0.0 0.0 0.0 0.0 0.0 0.0 0.0 0.0 0.0 0.0 0.0 0.0 0.0 0.0 0.0 0.0 0.0 0.0 0.0 0.0 0.0 0.0 0.0 0.0 
3.540421313625095e-14 4.528678906979323e-13 4.391479407609645e-12 3.505246071911334e-11 2.1457269909570723e-10 1.031773599355432e-9 4.008898001080789e-9 1.263343686489001e-8 3.387888324685385e-8 8.247740251718142e-8 1.9302450488665794e-7 4.456658384546146e-7 9.870285780168506e-7 1.990480473588954e-6 3.5598184557182568e-6 5.689544316576414e-6 8.478527738060248e-6 1.2384656005899147e-5 1.8003535058491935e-5 2.5405596496509275e-5 3.383944272653993e-5 4.229345424159419e-5 5.0437844395339e-5 5.8899031088063676e-5 6.828059758251496e-5 7.780861725521306e-5 8.522141260676831e-5 8.828109242712558e-5 8.6182360812443e-5 7.981807700800636e-5 7.107617357921014e-5 6.161932878207374e-5 5.2098460558893155e-5 4.2411334451904354e-5 3.266783597395087e-5 2.3526251908409725e-5 1.5699159902694343e-5 9.604457024818757e-6 5.453790845347376e-6 3.2335275325957276e-6 2.5215703745071707e-6 2.505618333880985e-6 2.415528294621599e-6 1.9316055043426976e-6 1.223666122777082e-6 6.068768649115176e-7 2.3525321930933328e-7 7.121772383752495e-8 1.683049208833656e-8 3.1667959385304276e-9 4.60245424681605e-10 5.364276649152142e-11 5.157976970915372e-12 3.734160886063444e-13 0.0 0.0 0.0 0.0 0.0 0.0 0.0 0.0 0.0 0.0 0.0 0.0 0.0 0.0 0.0 0.0 0.0 0.0 0.0 0.0 0.0 0.0 0.0 0.0 0.0 0.0 0.0 0.0 0.0 0.0 0.0 0.0 0.0 0.0 0.0 0.0 0.0 0.0 0.0 0.0 0.0 0.0 0.0 0.0 0.0 0.0 
1.7157945928387458e-13 2.119133213765002e-12 2.012862243673934e-11 1.5854459894708738e-10 9.626531597503186e-10 4.600784405051836e-9 1.774231650455134e-8 5.516945589257324e-8 1.4400418266103862e-7 3.32575279376865e-7 7.176355363463124e-7 1.5039735515379455e-6 3.045994368449098e-6 5.7478973936059265e-6 9.851098478875173e-6 1.5367184306225735e-5 2.2554351185022592e-5 3.239373844645629e-5 4.5915747412430676e-5 6.2793685876186e-5 8.12328165897838e-5 9.978074554441239e-5 0.00011880252244693141 0.0001398320101298167 0.00016310084597586906 0.00018576637348497574 0.00020255492411055275 0.00020889027437895439 0.0002034125404616733 0.00018831258422823116 0.00016766865407760942 0.00014490121137366996 0.0001213273609208173 9.685426500117146e-5 7.21240946198314e-5 4.9354406701478595e-5 3.091077122055175e-5 1.782944075805382e-5 9.80503038751049e-6 5.865657258439935e-6 4.688107867403508e-6 4.6764984830356175e-6 4.485520922642516e-6 3.579010435437152e-6 2.2732531372625104e-6 1.1362424746914761e-6 4.466664827008042e-7 1.3827766781128702e-7 3.380387552560651e-8 6.671017752708339e-9 1.0376709883701281e-9 1.3180323881927984e-10 1.4010780380535175e-11 1.1433936935903933e-12 0.0 0.0 0.0 0.0 0.0 0.0 0.0 0.0 0.0 0.0 0.0 0.0 0.0 0.0 0.0 0.0 0.0 0.0 0.0 0.0 0.0 0.0 0.0 0.0 0.0 0.0 0.0 0.0 0.0 0.0 0.0 0.0 0.0 0.0 0.0 0.0 0.0 0.0 0.0 0.0 0.0 0.0 0.0 0.0 0.0 0.0 
7.633747187141654e-13 8.681950597133676e-12 7.831596918398328e-11 5.96044756285023e-10 3.5459327459832337e-9 1.6733835038342104e-8 6.390662823773204e-8 1.9649716477442454e-7 5.031127684635721e-7 1.1197951726725693e-6 2.2763264000040503e-6 4.415501653179925e-6 8.27379559056184e-6 1.4698526253927153e-5 2.4307698863294586e-5 3.747801100379569e-5 5.527211323740132e-5 8.015878406494262e-5 0.00011420104543947523 0.00015602772019662924 0.000201077765239043 0.0002461672897795949 0.00029230184361306647 0.00034210179081008965 0.00039433586923862465 0.00044164294697299444 0.0004729058505232573 0.000479535874904291 0.0004601057616201916 0.00042063105193147917 0.00037035426502030126 0.00031632318147482684 0.00026112142494574505 0.00020486402750610768 0.0001493916925877802 9.96989364009263e-5 6.0785872568465265e-5 3.435178873963345e-5 1.8741360106476745e-5 1.1001582287638063e-5 8.185461836161433e-6 7.52375156868372e-6 6.897087024793582e-6 5.421506577259023e-6 3.456857375891178e-6 1.760517810131886e-6 7.159503369200208e-7 2.3338693695984763e-7 6.130055314757465e-8 1.32322963710545e-8 2.295962751940694e-9 3.270443891594221e-10 3.8768080747163066e-11 3.5129357511834767e-12 0.0 0.0 0.0 0.0 0.0 0.0 0.0 0.0 0.0 0.0 0.0 0.0 0.0 0.0 0.0 0.0 0.0 0.0 0.0 0.0 0.0 0.0 0.0 0.0 0.0 0.0 0.0 0.0 0.0 0.0 0.0 0.0 0.0 0.0 0.0 0.0 0.0 0.0 0.0 0.0 0.0 0.0 0.0 0.0 0.0 0.0 
3.301002217832553e-12 3.298208099670976e-11 2.7085871159739167e-10 1.924098704443634e-9 1.0959272883075708e-8 5.034857708497347e-8 1.8899910218356825e-7 5.737660393506948e-7 1.4477064450162174e-6 3.1449045101573184e-6 6.1487120696044086e-6 1.1319578270700531e-5 2.0091148707941236e-5 3.424886457391588e-5 5.5552020494299094e-5 8.596164591962926e-5 0.00012916852500897703 0.0001913003523109958 0.00027647143582977676 0.0003805653433667319 0.0004923471062873467 0.0006038702909674475 0.0007161536287566246 0.0008324353931133226 0.0009465597656987778 0.0010402875724833823 0.0010900527664492645 0.0010805335467875508 0.0010135817715559207 0.0009071311854452996 0.0007834192745817829 0.0006570845454105852 0.0005326806656893463 0.0004107289507389402 0.0002953719810817165 0.00019570225477437967 0.0001196534678415251 6.869355256292853e-5 3.830368065559049e-5 2.2165748634574663e-5 1.47698511513193e-5 1.165308179253998e-5 9.650748129498768e-6 7.286838753796224e-6 4.659500282524094e-6 2.4585443445000457e-6 1.0648603361333368e-6 3.7861655661701717e-7 1.1034333257721652e-7 2.6540051437009686e-8 5.1271016759625346e-9 8.001405046684875e-10 1.0189132083104839e-10 9.783690932216186e-12 0.0 0.0 0.0 0.0 0.0 0.0 0.0 0.0 0.0 0.0 0.0 0.0 0.0 0.0 0.0 0.0 0.0 0.0 0.0 0.0 0.0 0.0 0.0 0.0 0.0 0.0 0.0 0.0 0.0 0.0 0.0 0.0 0.0 0.0 0.0 0.0 0.0 0.0 0.0 0.0 0.0 0.0 0.0 0.0 0.0 0.0 
1.4343735090940976e-11 1.2407481665552578e-10 8.969701359076053e-10 5.707126884143262e-9 3.00448024073674e-8 1.3097042350789846e-7 4.7534562361744137e-7 1.413714507461905e-6 3.5150780514023022e-6 7.517412766461752e-6 1.4388837052179335e-5 2.5787747047810726e-5 4.461244998579204e-5 7.490569273229986e-5 0.00012159641179919688 0.0001911756856245052 0.0002939477110606905 0.00044410511622921785 0.0006496730146041527 0.0009002223668770113 0.0011699232904892327 0.0014393858973813839 0.0017067245080968597 0.001972669352761267 0.0022178796742328625 0.0024000869696315166 0.0024694856228201184 0.002398123409339292 0.0021991449178579985 0.0019220948221452215 0.0016216084937152107 0.001329948504203002 0.001055475028626251 0.0007990985342702804 0.0005683819855854587 0.00037708115050685945 0.0002344236730007069 0.00013879084792266708 8.009914585159967e-5 4.666046528573989e-5 2.893323552077413e-5 1.9741192831299667e-5 1.4267273480927407e-5 1.0003564546240306e-5 6.327843858329765e-6 3.4705284135010447e-6 1.6150389365622401e-6 6.27226838905311e-7 1.9992525531483165e-7 5.1977974388463665e-8 1.071487969372405e-8 1.7533710278315327e-9 2.3076846076056304e-10 2.2704864214529088e-11 0.0 0.0 0.0 0.0 0.0 0.0 0.0 0.0 0.0 0.0 0.0 0.0 0.0 0.0 0.0 0.0 0.0 0.0 0.0 0.0 0.0 0.0 0.0 0.0 0.0 0.0 0.0 0.0 0.0 0.0 0.0 0.0 0.0 0.0 0.0 0.0 0.0 0.0 0.0 0.0 0.0 0.0 0.0 0.0 0.0 0.0 
6.035235791057475e-11 4.640751852009746e-10 2.961010450058369e-9 1.6541659850342124e-8 7.796379219060487e-8 3.1234762301035087e-7 1.0685778894406523e-6 3.065928421702778e-6 7.471549723703321e-6 1.5808221737386256e-5 3.0070528667108292e-5 5.371687365135411e-5 9.308730158346301e-5 0.00015768321843028117 0.00026007989190218517 0.00041714663692877385 0.000653406415381915 0.0009997920641013815 0.0014728172619392038 0.002050655321041225 0.002678800101851944 0.0033110331321067697 0.003930248003038922 0.004522237776883934 0.005038406917965638 0.005391371105532736 0.00548016247395052 0.005248848170884602 0.004733051648369749 0.004053236889682265 0.0033411908626643783 0.00267458710100051 0.002074330185684445 0.0015417903272274096 0.001086671532339612 0.0007240965101264087 0.0004586195290607872 0.0002793448793073903 0.00016593904025966194 9.80037125475301e-5 5.9164019114315956e-5 3.7203506930469325e-5 2.4122956156337432e-5 1.550176320404782e-5 9.415763011012678e-6 5.186833071241478e-6 2.4953072116664875e-6 1.0124613784842559e-6 3.365673913413317e-7 9.04937661488251e-8 1.9144297705042136e-8 3.188903920690864e-9 4.2469032428880956e-10 4.2138341948040025e-11 0.0 0.0 0.0 0.0 0.0 0.0 0.0 0.0 0.0 0.0 0.0 0.0 0.0 0.0 0.0 0.0 0.0 0.0 0.0 0.0 0.0 0.0 0.0 0.0 0.0 0.0 0.0 0.0 0.0 0.0 0.0 0.0 0.0 0.0 0.0 0.0 0.0 0.0 0.0 0.0 0.0 0.0 0.0 0.0 0.0 0.0 
2.2103943998369798e-10 1.5714982104368654e-9 9.147694665952646e-9 4.57827764076206e-8 1.932252201301997e-7 7.014259124611769e-7 2.2187371466919466e-6 6.047511101997977e-6 1.4339991643738274e-5 3.0096316328073078e-5 5.757117466067029e-5 0.00010437574984727764 0.00018458547983421763 0.0003196395557515912 0.0005382726693013893 0.0008782189348899031 0.0013917127914943087 0.002142954020559742 0.003169252410584949 0.004435311220798851 0.005837492391676914 0.007268538465317371 0.008655928267018578 0.00993065986943055 0.01098322122219687 0.01165262774778575 0.011750817921023053 0.011165544976715956 0.009968379754094767 0.008418151510435665 0.0068112157198559325 0.005334481698279515 0.004049144851746 0.002959657780148351 0.0020701844906350487 0.0013845944698684756 0.0008888498235334198 0.0005511161049482623 0.000332383271734701 0.000197342510059272 0.00011745939008707519 7.083601266980585e-5 4.2975913190529726e-5 2.563148602709167e-5 1.4603503159978733e-5 7.709617003740169e-6 3.6323019512611923e-6 1.46373593992381e-6 4.867879846838106e-7 1.3125679192702558e-7 2.7856326062633166e-8 4.652129566261446e-9 6.207183850864064e-10 6.167481108224681e-11 0.0 0.0 0.0 0.0 0.0 0.0 0.0 0.0 0.0 0.0 0.0 0.0 0.0 0.0 0.0 0.0 0.0 0.0 0.0 0.0 0.0 0.0 0.0 0.0 0.0 0.0 0.0 0.0 0.0 0.0 0.0 0.0 0.0 0.0 0.0 0.0 0.0 0.0 0.0 0.0 0.0 0.0 0.0 0.0 0.0 0.0 
6.961622108967394e-10 4.672568062599036e-9 2.5448990544581326e-8 1.1718163400497994e-7 4.5095996723035135e-7 1.4914227389791986e-6 4.3404869203766e-6 1.1148455557230359e-5 2.5614384445596535e-5 5.3491067908604e-5 0.00010385038555005635 0.00019325439633030933 0.00035177266346440194 0.0006249692163129976 0.0010739097357659261 0.0017770771254189436 0.0028394632776816402 0.004390659160736777 0.006520120248666709 0.009192059470143843 0.012230143214165181 0.015395182980031914 0.018452673450891154 0.021164325139818647 0.02327487308596042 0.024496597150490823 0.024513480742615112 0.02313957812902824 0.020525552090481354 0.01718648635386838 0.013731589668257129 0.010575118192203591 0.007881804866531061 0.0056728425518765046 0.003932498632518174 0.0026262254310098283 0.0016929281379580597 0.0010557141139679966 0.0006381455222860797 0.00037644397282989646 0.00021968235379204965 0.00012792975639252667 7.387055711156177e-5 4.1398400747786707e-5 2.1946147964237372e-5 1.0763728542585279e-5 4.758576406558796e-6 1.8268325989057216e-6 5.87826217959166e-7 1.552401864467397e-7 3.250314545057786e-8 5.383949229520494e-9 7.147805838305731e-10 7.078627446046918e-11 0.0 0.0 0.0 0.0 0.0 0.0 0.0 0.0 0.0 0.0 0.0 0.0 0.0 0.0 0.0 0.0 0.0 0.0 0.0 0.0 0.0 0.0 0.0 0.0 0.0 0.0 0.0 0.0 0.0 0.0 0.0 0.0 0.0 0.0 0.0 0.0 0.0 0.0 0.0 0.0 0.0 0.0 0.0 0.0 0.0 0.0 
1.8359661096302028e-9 1.172670838589264e-8 6.078195936657474e-8 2.6362305793238586e-7 9.479492506304977e-7 2.9149141583874317e-6 7.909678951431914e-6 1.927633978680227e-5 4.3132679633352546e-5 9.019110188659309e-5 0.00017886188694966329 0.0003429633285538048 0.0006426797352898657 0.0011692608597422328 0.0020465804988519564 0.0034325598231156195 0.005531976542426006 0.00859922404237406 0.01284077737659862 0.01826326741510892 0.024597652507061005 0.03135180593686622 0.03791565773023654 0.043617895930969 0.047822175819459356 0.049961513177955316 0.04954539302641548 0.04638782251015185 0.040889489116978754 0.03404880513627373 0.02700684528697378 0.02057264806763605 0.015118000691708664 0.010720352266862927 0.007335564668395436 0.004850858232297878 0.0031056330592395104 0.0019265118202302558 0.0011564345127751633 0.0006730828055010347 0.00038346037061250576 0.0002156512211816869 0.00011927446666943574 6.348046368956184e-5 3.1517490684301056e-5 1.4253391870822984e-5 5.770338418751568e-6 2.038560666280472e-6 6.128160834686468e-7 1.540222341577954e-7 3.111238626972836e-8 5.034991717974175e-9 6.587999990959568e-10 6.466012654595808e-11 0.0 0.0 0.0 0.0 0.0 0.0 0.0 0.0 0.0 0.0 0.0 0.0 0.0 0.0 0.0 0.0 0.0 0.0 0.0 0.0 0.0 0.0 0.0 0.0 0.0 0.0 0.0 0.0 0.0 0.0 0.0 0.0 0.0 0.0 0.0 0.0 0.0 0.0 0.0 0.0 0.0 0.0 0.0 0.0 0.0 0.0 
4.263892059570767e-9 2.5283971615422393e-8 1.2493459032145056e-7 5.170658980931939e-7 1.7691641121433489e-6 5.161856601788972e-6 1.3319831221119495e-5 3.130121898251634e-5 6.908013809875443e-5 0.00014597487662562723 0.0002971300688239856 0.0005871910258522732 0.0011300463236048977 0.0021006993237580327 0.0037437124759559996 0.006373767029834637 0.01038816076735591 0.016277051655090805 0.024481313907892013 0.03513102586603231 0.04784457218010895 0.06169262416501063 0.07533047099917178 0.08713368624426047 0.09551164612875737 0.09918673455437388 0.09739448137930873 0.09024911944919786 0.07891261672009287 0.0653604903063109 0.05159855205392047 0.039030133288220706 0.02836529781948622 0.01981664508987603 0.01332749291197014 0.008656064907867082 0.005447732430488222 0.00332842807930801 0.0019696189034657074 0.0011274176699224195 0.0006277032296431813 0.00034241620144434597 0.00018280744707645713 9.3580660409531e-5 4.428652087774355e-5 1.8770999585615897e-5 6.989577953558219e-6 2.241133375489514e-6 6.113758957258441e-7 1.4132082311841358e-7 2.666177980769443e-8 4.120993169126128e-9 5.263478403736418e-10 5.158807120895171e-11 0.0 0.0 0.0 0.0 0.0 0.0 0.0 0.0 0.0 0.0 0.0 0.0 0.0 0.0 0.0 0.0 0.0 0.0 0.0 0.0 0.0 0.0 0.0 0.0 0.0 0.0 0.0 0.0 0.0 0.0 0.0 0.0 0.0 0.0 0.0 0.0 0.0 0.0 0.0 0.0 0.0 0.0 0.0 0.0 0.0 0.0 
9.78074108682153e-9 4.9350130440260194e-8 2.2718426337319936e-7 8.99656975733076e-7 2.966022563549249e-6 8.353479032325803e-6 2.089456135491602e-5 4.8175040987955657e-5 0.000106248816190626 0.00022856023875509875 0.00047827252330841214 0.0009719866649553811 0.0019147903234559222 0.003627851262992675 0.006576580603153835 0.011375897056712402 0.018795433970064782 0.02977086963019194 0.0451756790423998 0.06537210511342889 0.08980387429403969 0.11681190692094068 0.14376589983985513 0.1672166175766906 0.18353420401640008 0.18982743363366583 0.1847985158140645 0.16945610762477395 0.14678649050923662 0.12074860956560401 0.094815470134402 0.07126323385760719 0.05128667654496366 0.03532654327848866 0.023328419950515142 0.014831551305329333 0.009123816126624499 0.005452635380547048 0.003162714601514207 0.001777461764968655 0.0009710235728806996 0.0005181152116354763 0.00026981278788494167 0.0001346249697699028 6.196039985918271e-5 2.5343601840026814e-5 8.981722620681684e-6 2.6942334533879924e-6 6.7903925849009e-7 1.4519921609817177e-7 2.5704946192157365e-8 3.884411574930509e-9 5.157356351092197e-10 5.7414830881469706e-11 0.0 0.0 0.0 0.0 0.0 0.0 0.0 0.0 0.0 0.0 0.0 0.0 0.0 0.0 0.0 0.0 0.0 0.0 0.0 0.0 0.0 0.0 0.0 0.0 0.0 0.0 0.0 0.0 0.0 0.0 0.0 0.0 0.0 0.0 0.0 0.0 0.0 0.0 0.0 0.0 0.0 0.0 0.0 0.0 0.0 0.0 
2.6369631545850096e-8 9.78977980199931e-8 3.900193690330812e-7 1.4520498566975643e-6 4.633935145104819e-6 1.2752965024307183e-5 3.1358158102447835e-5 7.174954304811245e-5 0.00015913800930635706 0.00034880462382040335 0.0007482670581426645 0.0015574129348910103 0.003128010968926331 0.006019466724400678 0.011071125712934553 0.01943701360329331 0.03258734112606424 0.0523014332527095 0.0802371466517614 0.11712757668783075 0.16205367790904163 0.21208910078818854 0.2624358630475973 0.30648591173718986 0.3369106625120186 0.3477732467014636 0.3366893810350124 0.30627313741683543 0.26292882323083583 0.21438967429777891 0.16689946449005863 0.12428554461840995 0.08847132815093656 0.06012728705107639 0.039061532562246835 0.02435043587133682 0.014641387531111416 0.008539405212666175 0.004839834332483709 0.0026676670534285496 0.0014347176217013253 0.0007543052054854724 0.0003865943946238489 0.0001898426659374366 8.619109336797451e-5 3.488083190756682e-5 1.225323507323082e-5 3.6487849517009975e-6 9.190820066520218e-7 2.0056534198988536e-7 3.795573491381675e-8 6.5847986837030326e-9 1.073590705680725e-9 1.5421577214914095e-10 0.0 0.0 0.0 0.0 0.0 0.0 0.0 0.0 0.0 0.0 0.0 0.0 0.0 0.0 0.0 0.0 0.0 0.0 0.0 0.0 0.0 0.0 0.0 0.0 0.0 0.0 0.0 0.0 0.0 0.0 0.0 0.0 0.0 0.0 0.0 0.0 0.0 0.0 0.0 0.0 0.0 0.0 0.0 0.0 0.0 0.0 
8.416108903032173e-8 2.2153295821925933e-7 6.883119778224087e-7 2.294108924173313e-6 7.0244561915010524e-6 1.898307686997556e-5 4.619675058089741e-5 0.00010521100748366545 0.0002341644279602125 0.0005200067184407605 0.0011364603315102777 0.0024095714821266417 0.004912999087977871 0.009566417622623806 0.017788041583529108 0.03161494764255178 0.0537404479301006 0.0874740330666744 0.13588801755981295 0.20033005151106725 0.27916252273131836 0.3672306713902493 0.45612254107946015 0.5341369763145934 0.5880988155555752 0.6072350410242966 0.5871190026326234 0.5322406995731354 0.45401393061777995 0.36662628093954486 0.281864936581192 0.2069752101055254 0.14526862180319838 0.09739113227818019 0.062406698650947466 0.038304486275645665 0.02260151144737893 0.012894977635346729 0.00714477477219186 0.0038615771040956415 0.002046432258383017 0.0010631930688028365 0.0005386024499453143 0.0002616888566381046 0.00011820860053542211 4.8145354270045666e-5 1.7314861813655786e-5 5.4092147839359415e-6 1.4813153935315658e-6 3.676940026709502e-7 8.3279099347992e-8 1.7584504105552537e-8 3.390114758540429e-9 5.517075109875335e-10 0.0 0.0 0.0 0.0 0.0 0.0 0.0 0.0 0.0 0.0 0.0 0.0 0.0 0.0 0.0 0.0 0.0 0.0 0.0 0.0 0.0 0.0 0.0 0.0 0.0 0.0 0.0 0.0 0.0 0.0 0.0 0.0 0.0 0.0 0.0 0.0 0.0 0.0 0.0 0.0 0.0 0.0 0.0 0.0 0.0 0.0 
2.618833705853123e-7 5.492282190474008e-7 1.2970372153259464e-6 3.648428155127287e-6 1.0474324526528644e-5 2.7714847332147602e-5 6.686389255978747e-5 0.0001514899126851271 0.0003368249730129272 0.0007526612030677928 0.0016648438230958047 0.0035782688691911894 0.007382422376932615 0.014506984918721405 0.027193639297182555 0.04878078031889449 0.08386661959238549 0.13826605079747575 0.21744769103838016 0.32384059496018 0.45464319409259796 0.6010485478141999 0.7489229763923239 0.878947595769203 0.9697124210591411 1.0037859028421239 0.9733024796576909 0.8837250693708875 0.7521125551428196 0.6023560892504959 0.4566527664354515 0.32962359572377875 0.22753952009450684 0.1504494363556288 0.09532578223090835 0.05786372102952759 0.03368334572371013 0.01889390654431427 0.010269857951234501 0.0054480613995452525 0.0028416208348100848 0.0014567882615342824 0.0007297876862385695 0.0003521113013216864 0.00015953930604541684 6.640175778370923e-5 2.5077925126609282e-5 8.524862779628852e-6 2.6406358058619525e-6 7.607355427279277e-7 2.007580527390618e-7 4.7812755151822434e-8 9.957574216298951e-9 1.6980693889979324e-9 0.0 0.0 0.0 0.0 0.0 0.0 0.0 0.0 0.0 0.0 0.0 0.0 0.0 0.0 0.0 0.0 0.0 0.0 0.0 0.0 0.0 0.0 0.0 0.0 0.0 0.0 0.0 0.0 0.0 0.0 0.0 0.0 0.0 0.0 0.0 0.0 0.0 0.0 0.0 0.0 0.0 0.0 0.0 0.0 0.0 0.0 
7.071651238751527e-7 1.3217613253816339e-6 2.5240774105676685e-6 5.815765963837138e-6 1.5185878941612381e-5 3.9008703884723196e-5 9.339267443079729e-5 0.00021097511055568783 0.0004685400039333077 0.0010502776784318427 0.0023418326036517964 0.00508663895762209 0.010601575491277618 0.021002996440799185 0.039627577617782954 0.0715583509606551 0.12404450838988121 0.20655775528395237 0.32822928126427453 0.4932485825862416 0.6971166654580743 0.9255275350850852 1.1560757251222764 1.3591960474472757 1.5031970460956148 1.5625025748928087 1.523906506489164 1.3912116043810485 1.1860054217431777 0.945075354396059 0.7078625134063414 0.5026620402509523 0.3414936555906113 0.22306017597002548 0.14018406485920865 0.08451229940963403 0.04878092899676283 0.027047927200104623 0.014489154554681697 0.007558708636751458 0.003874078032915248 0.001953747567053995 0.0009669775360143548 0.00046517421774252556 0.00021339814171837294 9.201157831388107e-5 3.702941766606621e-5 1.3807028091181618e-5 4.781923454953643e-6 1.5368571411866652e-6 4.443089550722716e-7 1.1246980842402426e-7 2.4266726148760794e-8 4.224451551017374e-9 0.0 0.0 0.0 0.0 0.0 0.0 0.0 0.0 0.0 0.0 0.0 0.0 0.0 0.0 0.0 0.0 0.0 0.0 0.0 0.0 0.0 0.0 0.0 0.0 0.0 0.0 0.0 0.0 0.0 0.0 0.0 0.0 0.0 0.0 0.0 0.0 0.0 0.0 0.0 0.0 0.0 0.0 0.0 0.0 0.0 0.0 
1.5575249492809213e-6 2.775669557523311e-6 4.680581973067444e-6 9.059330320434973e-6 2.1124529240103083e-5 5.218940997131252e-5 0.0001242203393911274 0.00028134400218511705 0.0006267636104229904 0.001410542231068776 0.003165849111144385 0.006937429269457827 0.0145900602963563 0.029113400501519886 0.05520855951565053 0.10012209160040496 0.17447432161656506 0.29256472095393854 0.4685069924820378 0.7088365930151277 1.0063900370222194 1.338984930454348 1.6734731303359291 1.9685117898336344 2.1815920181329727 2.2782461506038616 2.237401228361343 2.057022172965539 1.7607083319917292 1.4007829902886944 1.0411385468117615 0.7307929498424506 0.4908773891812852 0.3181452452469375 0.19914805382357784 0.11972358278324555 0.06881066327649604 0.03789036998896228 0.020096753389422302 0.010344277196077977 0.005213776474615642 0.002583874146526584 0.001263143928970158 0.0006075183302533002 0.00028356638438334044 0.00012703025284047995 5.4166046199727796e-5 2.1694846323327865e-5 8.086087648096187e-6 2.764748086725371e-6 8.365609242490787e-7 2.177183263943002e-7 4.7677209654797167e-8 8.366281958640916e-9 0.0 0.0 0.0 0.0 0.0 0.0 0.0 0.0 0.0 0.0 0.0 0.0 0.0 0.0 0.0 0.0 0.0 0.0 0.0 0.0 0.0 0.0 0.0 0.0 0.0 0.0 0.0 0.0 0.0 0.0 0.0 0.0 0.0 0.0 0.0 0.0 0.0 0.0 0.0 0.0 0.0 0.0 0.0 0.0 0.0 0.0 
2.7617103455209654e-6 4.872990501469828e-6 7.78037241172462e-6 1.3404433148834003e-5 2.8101093948129272e-5 6.64334840014894e-5 0.00015749069996867288 0.0003596664713746501 0.0008078905602317536 0.0018293223171154693 0.004130639413238006 0.009115657323286546 0.019302479003722027 0.038704825314046384 0.07359369178855582 0.13371005869474378 0.23365834260307455 0.3936013948792697 0.6337392214406409 0.9630627223344452 1.369876696542891 1.8209395748007677 2.270400665726439 2.6660744756402712 2.9570922206684482 3.1006311552932853 3.0646635631454404 2.8366033046751467 2.4395979900623774 1.9432783581099298 1.4407431101175234 1.0063533881063158 0.672823102745475 0.4350176390737337 0.27223981185394497 0.16364885385908506 0.09390561792384206 0.05152703558252569 0.027178507728113997 0.013870275685288815 0.006904014581247767 0.003370742882472236 0.0016282437991096935 0.0007817702753992707 0.00036960496180872017 0.000170196564143604 7.536371408051473e-5 3.146017481138554e-5 1.216999977582056e-5 4.27506325224312e-6 1.3148425927892693e-6 3.4451820925620473e-7 7.550498152994478e-8 1.3223293240786492e-8 0.0 0.0 0.0 0.0 0.0 0.0 0.0 0.0 0.0 0.0 0.0 0.0 0.0 0.0 0.0 0.0 0.0 0.0 0.0 0.0 0.0 0.0 0.0 0.0 0.0 0.0 0.0 0.0 0.0 0.0 0.0 0.0 0.0 0.0 0.0 0.0 0.0 0.0 0.0 0.0 0.0 0.0 0.0 0.0 0.0 0.0 
3.9539400686611495e-6 7.075067555750772e-6 1.1217521781274994e-5 1.8297410533164725e-5 3.557004743233437e-5 8.087796359759826e-5 0.0001914803087857234 0.0004427981922395746 0.0010067550990205888 0.002297190098476556 0.005212625389661199 0.011550657648605972 0.024535315002517967 0.049264554103027325 0.09365333147515609 0.17008232193572248 0.2974574951917995 0.5023754707355852 0.8116802154040366 1.2364536725923063 1.7582005926538384 2.329275196750026 2.8899224437639477 3.380284824623883 3.746238511905212 3.9385027812712234 3.911636428322992 3.6396086663492992 3.1445006842637557 2.513392136587002 1.8677583246567195 1.3064887215283505 0.8743798035502103 0.565896911000979 0.3544176722119106 0.21304410439512114 0.12213556911061654 0.06692097026423122 0.035232546694133414 0.017919554373789774 0.008860044457587313 0.0042808975576214756 0.0020444702600191387 0.0009749263536988079 0.0004618857379318882 0.000215207719585396 9.70020035741393e-5 4.123003218248862e-5 1.6150808339236604e-5 5.694681541606441e-6 1.743646254916542e-6 4.522102320560047e-7 9.787595026636325e-8 1.6920655528063218e-8 0.0 0.0 0.0 0.0 0.0 0.0 0.0 0.0 0.0 0.0 0.0 0.0 0.0 0.0 0.0 0.0 0.0 0.0 0.0 0.0 0.0 0.0 0.0 0.0 0.0 0.0 0.0 0.0 0.0 0.0 0.0 0.0 0.0 0.0 0.0 0.0 0.0 0.0 0.0 0.0 0.0 0.0 0.0 0.0 0.0 0.0 
4.610745961821388e-6 8.520243424724949e-6 1.3849343416097736e-5 2.246274873583796e-5 4.2163974852787933e-5 9.368756636951293e-5 0.0002228058386225851 0.0005239263293895059 0.0012099282183776704 0.0027855499335243524 0.006340544223512604 0.014052950189156225 0.02981759279401962 0.0597576066614089 0.11334404205398241 0.20543979630204623 0.3589400555128319 0.6063863319600677 0.9807910415627766 1.49490781499012 2.1226566604767587 2.8008870512529844 3.4561271334797947 4.023855731167588 4.45085247788543 4.6833755257149745 4.663014251989796 4.352514466861288 3.7753140657026827 3.0331970973541282 2.267796627660113 1.5954561969528882 1.0717921221513098 0.6942903056602118 0.43419509589750355 0.2603961015886501 0.14902674957041617 0.0816325536388248 0.0430149894454841 0.02189187592723648 0.01080553147841487 0.0051897449730253595 0.002452773575431906 0.0011559840999959504 0.0005433325728526186 0.0002530070705488531 0.00011463865224502333 4.8976465713894e-5 1.9156532885312056e-5 6.677277174256642e-6 2.0027291636971203e-6 5.059853685447016e-7 1.065904588922085e-7 1.7940952088583933e-8 0.0 0.0 0.0 0.0 0.0 0.0 0.0 0.0 0.0 0.0 0.0 0.0 0.0 0.0 0.0 0.0 0.0 0.0 0.0 0.0 0.0 0.0 0.0 0.0 0.0 0.0 0.0 0.0 0.0 0.0 0.0 0.0 0.0 0.0 0.0 0.0 0.0 0.0 0.0 0.0 0.0 0.0 0.0 0.0 0.0 0.0 
4.447084068101638e-6 8.616125904971755e-6 1.4669933417685062e-5 2.4474275101094665e-5 4.60170930349861e-5 0.00010204347641512543 0.0002458661647869566 0.0005906650864588019 0.001390285916172087 0.0032339302501983385 0.007373498074230004 0.016293126600221093 0.034429392218425794 0.06876526058385149 0.13009473080895204 0.23524789349861983 0.4099508155882599 0.6907349955279205 1.1149132577036869 1.696803888029676 2.4053028223515565 3.1656987567526524 3.893516510617911 4.5197576197246985 4.990575525162592 5.247499656481768 5.223651802443556 4.879288861187423 4.2444292150692675 3.4301277284176317 2.5848402813242783 1.8315963241354059 1.23454414432224 0.7983268579839286 0.49666046941874176 0.2962826557528442 0.16909057074107087 0.09266299469226602 0.04895331588332764 0.0249890674504132 0.012351762538048212 0.005918015181076008 0.002774020041376183 0.0012903192232982144 0.0005986474267755367 0.00027684672755154145 0.00012540757258657493 5.357822608658285e-5 2.0801084380794242e-5 7.112988958613963e-6 2.0691286849767354e-6 5.031245708512631e-7 1.017772317999152e-7 1.642680307926301e-8 0.0 0.0 0.0 0.0 0.0 0.0 0.0 0.0 0.0 0.0 0.0 0.0 0.0 0.0 0.0 0.0 0.0 0.0 0.0 0.0 0.0 0.0 0.0 0.0 0.0 0.0 0.0 0.0 0.0 0.0 0.0 0.0 0.0 0.0 0.0 0.0 0.0 0.0 0.0 0.0 0.0 0.0 0.0 0.0 0.0 0.0 
3.63727626179266e-6 7.4913127870000445e-6 1.3574895553233453e-5 2.3849397835514642e-5 4.6187883043447144e-5 0.00010406888049238448 0.0002557280468422542 0.0006291958919104013 0.0015118664509942497 0.0035560984887636074 0.008118786949486352 0.017867083058106782 0.037580927078841364 0.07485478908225293 0.14144706406514848 0.25535463917797535 0.4433476717859113 0.7428767466722634 1.1924707384069657 1.8079245889222229 2.558517438418257 3.3670526343057645 4.144034020341056 4.813852883745189 5.314463648814803 5.5791813619200905 5.539186935262304 5.164126116076221 4.4966189522439795 3.6514839220194415 2.771468363891041 1.9759251892540715 1.3338962897642948 0.8589974074512955 0.5303463473046265 0.314194449758711 0.17872351254324925 0.09801138595040339 0.05193391585495571 0.02660395746090095 0.013185292921990588 0.0063181711077898075 0.0029469264049012513 0.001355890005314101 0.0006209310917533107 0.00028468534213402555 0.00012869458545852172 5.492761328615698e-5 2.116576305006062e-5 7.1043004799625755e-6 2.004320555785352e-6 4.6806126255109715e-7 9.044116313995975e-8 1.3861519685844527e-8 0.0 0.0 0.0 0.0 0.0 0.0 0.0 0.0 0.0 0.0 0.0 0.0 0.0 0.0 0.0 0.0 0.0 0.0 0.0 0.0 0.0 0.0 0.0 0.0 0.0 0.0 0.0 0.0 0.0 0.0 0.0 0.0 0.0 0.0 0.0 0.0 0.0 0.0 0.0 0.0 0.0 0.0 0.0 0.0 0.0 0.0 
2.6614898623600476e-6 5.90175564750779e-6 1.1518038878031037e-5 2.160637316029639e-5 4.3671031469956045e-5 0.00010050568776991378 0.0002513549665172301 0.000631040916374835 0.0015438777938772221 0.0036687277790531047 0.008390866391172553 0.018412991637282834 0.03861719341182381 0.07687531766117427 0.14541928495075523 0.2625074630954513 0.4541566206488025 0.7555899295857615 1.2029243091365043 1.812415772403153 2.5589057598676708 3.373533129971925 4.170611104710672 4.867452797719188 5.385724337938881 5.645753114606952 5.5815279408225535 5.180986961356868 4.503439630953092 3.664499390748877 2.794198424742254 2.000668495689148 1.3518594941156008 0.8675569367958065 0.5323340336416594 0.3136148926898539 0.17790212125494576 0.09756898195441167 0.05177408439260946 0.02657048713650001 0.013193671164990515 0.006328415611735893 0.002944714252270059 0.0013446136174090546 0.0006092211212605711 0.0002770727641184373 0.00012499277141488825 5.337743417954762e-5 2.051677305503792e-5 6.820209138021121e-6 1.8890314720200589e-6 4.29341011920146e-7 8.018340184228199e-8 1.1770669283306288e-8 0.0 0.0 0.0 0.0 0.0 0.0 0.0 0.0 0.0 0.0 0.0 0.0 0.0 0.0 0.0 0.0 0.0 0.0 0.0 0.0 0.0 0.0 0.0 0.0 0.0 0.0 0.0 0.0 0.0 0.0 0.0 0.0 0.0 0.0 0.0 0.0 0.0 0.0 0.0 0.0 0.0 0.0 0.0 0.0 0.0 0.0 
1.9335580940520576e-6 4.641582058580582e-6 9.751787900215867e-6 1.9414293664019443e-5 4.0505221001871594e-5 9.392197061026901e-5 0.00023587265268758793 0.0005978928620234366 0.0014789802177771398 0.0035396057293800866 0.008111623276848752 0.017785300812216 0.03728368202896298 0.07433926527362458 0.1410469173060007 0.25510494064541017 0.44058015005229273 0.728387450561801 1.1491427430798915 1.7172109362453738 2.414746248165371 3.1888955594079196 3.9670665027047542 4.664033802988649 5.183320206741514 5.429913884667237 5.341865021173017 4.9278433171992795 4.264199515389584 3.46610954126856 2.6484712832361716 1.9031719693391458 1.2897897163536471 0.8285664073576827 0.508003578790219 0.2988376635077298 0.16927518289884072 0.09269627259355621 0.0490987419923663 0.02515751185087699 0.012484090406040269 0.005985806657178152 0.0027784724321658553 0.0012603027138009706 0.0005655720229961129 0.00025531673003713806 0.00011508618194831331 4.938282484332173e-5 1.9105676571433397e-5 6.381262978014664e-6 1.769735788011439e-6 4.0089694276309857e-7 7.42569573779033e-8 1.0737011233668162e-8 0.0 0.0 0.0 0.0 0.0 0.0 0.0 0.0 0.0 0.0 0.0 0.0 0.0 0.0 0.0 0.0 0.0 0.0 0.0 0.0 0.0 0.0 0.0 0.0 0.0 0.0 0.0 0.0 0.0 0.0 0.0 0.0 0.0 0.0 0.0 0.0 0.0 0.0 0.0 0.0 0.0 0.0 0.0 0.0 0.0 0.0 
1.5788183076330233e-6 4.018757528474588e-6 8.845926531749118e-6 1.8113155444841346e-5 3.7868035667238264e-5 8.638929032204581e-5 0.00021378669126359095 0.0005392457697106197 0.0013350650419429845 0.0032009756049687743 0.007342709257783227 0.01610866517786451 0.033812727975303596 0.06759825663617089 0.12874700366298758 0.23368821263451459 0.4040341586093822 0.6658637974961423 1.042918199627614 1.545170879298241 2.1599339247295726 2.8516616672937967 3.566708802226991 4.2257157460675225 4.721066129733645 4.94592894742784 4.84224255417675 4.435975555223928 3.8159665500360163 3.0937749484892403 2.3674454566542016 1.7097162557582408 1.166769828588243 0.7549185445838604 0.46550443205894243 0.27470628202903163 0.15559766672015835 0.08493847000015417 0.04477224698111486 0.022835740002784172 0.011295483857008364 0.005399785126215819 0.002493551328817795 0.0011209116519707233 0.0004973714746664184 0.00022275328243313587 0.00010052112340189718 4.358438866997966e-5 1.7140422000835116e-5 5.831446100344708e-6 1.6478800899968265e-6 3.7978170185978837e-7 7.137011318219654e-8 1.0437788321099861e-8 0.0 0.0 0.0 0.0 0.0 0.0 0.0 0.0 0.0 0.0 0.0 0.0 0.0 0.0 0.0 0.0 0.0 0.0 0.0 0.0 0.0 0.0 0.0 0.0 0.0 0.0 0.0 0.0 0.0 0.0 0.0 0.0 0.0 0.0 0.0 0.0 0.0 0.0 0.0 0.0 0.0 0.0 0.0 0.0 0.0 0.0 
1.427312827512479e-6 3.7170069382606593e-6 8.297771931963487e-6 1.7024285046613942e-5 3.507793698529869e-5 7.788857072596712e-5 0.00018772811683687838 0.00046536245679928187 0.001141258018479706 0.0027240212698940785 0.006241172913989348 0.013705284617978306 0.028829458325424807 0.05779481341178384 0.11045848410242506 0.20130645767822933 0.34919713173428185 0.5757685009721399 0.8985012237139566 1.3222953044171546 1.8364458213975592 2.4186539994009877 3.0339316702197805 3.615923456292835 4.058263442246168 4.25223009986002 4.145320992196798 3.77414325521073 3.230633757282952 2.615671573905011 2.0079052611754884 1.4608932683545222 1.0073684325281702 0.6591147467799525 0.4102691736916176 0.24345367189504805 0.13799223529462773 0.07507027459752157 0.039366137681928426 0.019986730740607757 0.00985252004507256 0.004689745858054979 0.002148693643679955 0.0009539878625121824 0.00041724548283513256 0.00018504562149213084 8.362651869762462e-5 3.673743794292466e-5 1.4753930815042026e-5 5.143206375635338e-6 1.4911418101624015e-6 3.522858484408221e-7 6.770827846444864e-8 1.0111227021784083e-8 0.0 0.0 0.0 0.0 0.0 0.0 0.0 0.0 0.0 0.0 0.0 0.0 0.0 0.0 0.0 0.0 0.0 0.0 0.0 0.0 0.0 0.0 0.0 0.0 0.0 0.0 0.0 0.0 0.0 0.0 0.0 0.0 0.0 0.0 0.0 0.0 0.0 0.0 0.0 0.0 0.0 0.0 0.0 0.0 0.0 0.0 
1.233107765615533e-6 3.230231155464298e-6 7.2474836282735594e-6 1.4921827093027434e-5 3.065011019828951e-5 6.707470335868017e-5 0.00015809216245566457 0.00038369561324517315 0.0009263166975650787 0.002190458016797563 0.005001821074406796 0.010992599144024022 0.02318334355947604 0.046602268017219464 0.08930724788203241 0.16327651791270334 0.2841773419465286 0.4695747050467814 0.732325676210815 1.0738565653091547 1.4841357799095272 1.9484696149742309 2.4451048882413513 2.9228811593226585 3.2886639613605073 3.4447559950562683 3.34784534860351 3.037173625685116 2.5959134488700535 2.1061482486704954 1.6260659206325132 1.1935059073227807 0.8317902717906394 0.5500873433877169 0.34534281822542423 0.2059221751628603 0.11682186300871823 0.06343435980351943 0.03318636178938307 0.016829667570829532 0.008292145439867853 0.003936586679340393 0.0017899306860072464 0.0007843233164191671 0.00033759613164353224 0.00014782866456584698 6.659592242159064e-5 2.9470499894755792e-5 1.2013958017859861e-5 4.26767158490363e-6 1.2630839198306827e-6 3.045620183709035e-7 5.964562726858161e-8 9.066822532077848e-9 0.0 0.0 0.0 0.0 0.0 0.0 0.0 0.0 0.0 0.0 0.0 0.0 0.0 0.0 0.0 0.0 0.0 0.0 0.0 0.0 0.0 0.0 0.0 0.0 0.0 0.0 0.0 0.0 0.0 0.0 0.0 0.0 0.0 0.0 0.0 0.0 0.0 0.0 0.0 0.0 0.0 0.0 0.0 0.0 0.0 0.0 
9.078456211465844e-7 2.3949487818719573e-6 5.447355439361893e-6 1.1464407002703964e-5 2.4095117431745777e-5 5.334010959277787e-5 0.00012516947503987227 0.0002998998591388288 0.0007142885789959229 0.0016729297995496735 0.0038049704193339447 0.008367735836070615 0.017697604724705284 0.0356759177155479 0.06850846819574274 0.1254326907302582 0.21855999510017798 0.36140537794541117 0.563492623343696 0.8249929723213096 1.137235106933062 1.4893410148502773 1.866627973046244 2.2313480490634117 2.5107343327995864 2.6278985587984804 2.5512418415600173 2.3152376199988054 1.9849305383255373 1.6194870429905102 1.259043478071273 0.9309343826639151 0.6535476069667328 0.4350747200719077 0.27450076407687646 0.16415837758334156 0.09325064329590912 0.05067950074743045 0.02656157427513782 0.01351448144401716 0.006682329366961658 0.0031758727282820793 0.0014386428247165866 0.0006245504062256033 0.0002650620900234074 0.00011414067867778074 5.06442603084958e-5 2.219577221031786e-5 9.02800553928796e-6 3.220259194818899e-6 9.611125861088282e-7 2.342193011272799e-7 4.637473631770799e-8 7.127682821880131e-9 0.0 0.0 0.0 0.0 0.0 0.0 0.0 0.0 0.0 0.0 0.0 0.0 0.0 0.0 0.0 0.0 0.0 0.0 0.0 0.0 0.0 0.0 0.0 0.0 0.0 0.0 0.0 0.0 0.0 0.0 0.0 0.0 0.0 0.0 0.0 0.0 0.0 0.0 0.0 0.0 0.0 0.0 0.0 0.0 0.0 0.0 
5.41448397420196e-7 1.4505683746801772e-6 3.3963442859669775e-6 7.478800850124346e-6 1.6545601466947972e-5 3.814705060643263e-5 9.146499884061129e-5 0.00022047881922459417 0.0005241500893073034 0.001223072577044294 0.002776552872874138 0.006110189011977919 0.012950850501357032 0.02616214715785191 0.05028921799426853 0.09201235501122765 0.15997539586947346 0.26374898436854644 0.4100901067351475 0.5991150768141558 0.824396658530964 1.077497924548244 1.3472409249050858 1.606594366806628 1.8044173454643673 1.8874040741562357 1.8349853907291582 1.672321768135026 1.4433268873188965 1.1860836196916624 0.9273948522107148 0.6882210509032475 0.4842505545040209 0.3229111114247885 0.20404108092633563 0.12223942797191775 0.06962319133887705 0.037989284736181995 0.02001734563122815 0.010249944979722573 0.00510090766191311 0.0024368567462821297 0.001106721901134557 0.00047974019158032055 0.0002017828996512022 8.501918542387322e-5 3.646180527892179e-5 1.540680158646955e-5 6.090948956936709e-6 2.136863922302458e-6 6.331536246156901e-7 1.5419783646542772e-7 3.0617136863569696e-8 4.727334817925685e-9 0.0 0.0 0.0 0.0 0.0 0.0 0.0 0.0 0.0 0.0 0.0 0.0 0.0 0.0 0.0 0.0 0.0 0.0 0.0 0.0 0.0 0.0 0.0 0.0 0.0 0.0 0.0 0.0 0.0 0.0 0.0 0.0 0.0 0.0 0.0 0.0 0.0 0.0 0.0 0.0 0.0 0.0 0.0 0.0 0.0 0.0 
2.5809649377502075e-7 7.103744094730691e-7 1.7436774533989745e-6 4.117909079991328e-6 9.860061684558463e-6 2.437602320767695e-5 6.144840069214115e-5 0.00015255812479821176 0.00036800732461998996 0.0008639465067505124 0.0019658474451343484 0.004329943893048593 0.00917809279985428 0.018528157941999107 0.03555491056555676 0.06483445138971752 0.11212417863518964 0.18363686444455374 0.28373274697974865 0.41256973751980025 0.5659040348616168 0.7374581802156308 0.9185953056832056 1.0908671115161201 1.2216229592322283 1.2776814422455938 1.2465632635649295 1.1436146684712645 0.9948027731748655 0.822715587689026 0.645274757949211 0.4788101596572207 0.33630633451671965 0.22387117010244995 0.14141704914031364 0.08489484700807996 0.04857997390050316 0.026684467980792746 0.014165734830344438 0.0073085492144321414 0.0036658586717529715 0.0017671454859355205 0.0008108166072289868 0.0003545097514029777 0.00014883949147791842 6.111011048856428e-5 2.482291276363681e-5 9.792032744103477e-6 3.6383416180359396e-6 1.222244583694639e-6 3.5269153673123055e-7 8.477375572080859e-8 1.6744926328646945e-8 2.5824540110330876e-9 0.0 0.0 0.0 0.0 0.0 0.0 0.0 0.0 0.0 0.0 0.0 0.0 0.0 0.0 0.0 0.0 0.0 0.0 0.0 0.0 0.0 0.0 0.0 0.0 0.0 0.0 0.0 0.0 0.0 0.0 0.0 0.0 0.0 0.0 0.0 0.0 0.0 0.0 0.0 0.0 0.0 0.0 0.0 0.0 0.0 0.0 
9.817611882074079e-8 2.818595679841366e-7 7.423003550449464e-7 1.93887567446304e-6 5.1948855957219266e-6 1.421222877015072e-5 3.8668687385864676e-5 0.00010070966370746498 0.00024943490130597656 0.0005933872562802347 0.0013580025020483756 0.0029938324270998027 0.006328069375909677 0.012709710738696745 0.02423954112013404 0.04389624000117919 0.07531879133135214 0.12228505983291435 0.18734838758815953 0.2705366925436197 0.3691098660228747 0.478601340200026 0.5927261132830391 0.6997591855387612 0.7806661796843278 0.8165866604769222 0.8001670842462358 0.73923523881517 0.6475448671562997 0.5379245116088216 0.4223244503800285 0.31277073448176546 0.21895986717989738 0.1453363867564999 0.0917429857551417 0.05522673734868812 0.031803696378712866 0.017617899009964872 0.00943350666492416 0.00490685861699055 0.002484280061030921 0.0012138125724278047 0.0005675300900338561 0.0002530523349702628 0.00010700060849252854 4.2860961356163234e-5 1.628468312612793e-5 5.821229914546059e-6 1.951369532253376e-6 6.040150963821705e-7 1.648211016089737e-7 3.838292997184026e-8 7.460725109763593e-9 1.1414823541333808e-9 0.0 0.0 0.0 0.0 0.0 0.0 0.0 0.0 0.0 0.0 0.0 0.0 0.0 0.0 0.0 0.0 0.0 0.0 0.0 0.0 0.0 0.0 0.0 0.0 0.0 0.0 0.0 0.0 0.0 0.0 0.0 0.0 0.0 0.0 0.0 0.0 0.0 0.0 0.0 0.0 0.0 0.0 0.0 0.0 0.0 0.0 
2.9809234719482254e-8 9.16593088510011e-8 2.7004482677007406e-7 8.232931958870506e-7 2.588502135423981e-6 8.066836727372966e-6 2.3946915436624106e-5 6.542774531899169e-5 0.00016578557315047085 0.0003982657941427467 0.000914609069902177 0.0020141888152035194 0.004233143252595546 0.008424720434893757 0.01589755678015142 0.02848767220107994 0.048399408841826586 0.07785414267707635 0.11828285781007643 0.16958974886116174 0.2299137462595845 0.2960636899081647 0.36368752740095256 0.42587811982457846 0.4725486280269602 0.49391565101143653 0.48579212639427594 0.45149151811081917 0.39768071630752866 0.3314642731546865 0.260488518194524 0.19276228818863728 0.13470522318706415 0.08925390625837701 0.05633079868674157 0.03401345826410996 0.019722414561664188 0.011028591086656398 0.005964298876279048 0.003133549820267784 0.001606257407285313 0.000799835524925965 0.0003842842487167044 0.00017645749112726902 7.588654465591209e-5 2.9947309603965888e-5 1.070483939417842e-5 3.4321984590132776e-6 1.0008398463143027e-6 2.7068441601155217e-7 6.629416397080011e-8 1.4418936862956599e-8 2.6993094323198938e-9 4.046398137406632e-10 0.0 0.0 0.0 0.0 0.0 0.0 0.0 0.0 0.0 0.0 0.0 0.0 0.0 0.0 0.0 0.0 0.0 0.0 0.0 0.0 0.0 0.0 0.0 0.0 0.0 0.0 0.0 0.0 0.0 0.0 0.0 0.0 0.0 0.0 0.0 0.0 0.0 0.0 0.0 0.0 0.0 0.0 0.0 0.0 0.0 0.0 
7.508078541760803e-9 2.6266197891106886e-8 9.453176502875037e-8 3.6540844984317294e-7 1.396839999106654e-6 4.932012690926282e-6 1.5607236112983567e-5 4.36222853433006e-5 0.00011063113216778621 0.0002638040211006337 0.0006008918435337453 0.0013129049987861473 0.002733084573055827 0.005375620528744684 0.01001215216438858 0.017714718832592673 0.029763893501538748 0.047444127003845475 0.07157584399160216 0.10204991731788077 0.13756336626229815 0.17578430497745814 0.21373483294822387 0.24757839772265375 0.2725235412677568 0.2840426489177379 0.27992204456167236 0.26128106543362 0.23113590746201404 0.19331796975183813 0.15237055617668627 0.11305713516948233 0.07917404730072021 0.05253462628583874 0.03320964031165758 0.020125383177695005 0.011752128248824842 0.006640117484843004 0.003635820972857161 0.001936847404172791 0.001009879588128274 0.0005151770424799904 0.0002557702075279512 0.00012164315799450798 5.3628552508113244e-5 2.1166640295290645e-5 7.294473408725699e-6 2.1516692626451128e-6 5.478648688100856e-7 1.2477025672237903e-7 2.5515839683776366e-8 4.816317239329567e-9 8.241545444101743e-10 1.1716749075233962e-10 0.0 0.0 0.0 0.0 0.0 0.0 0.0 0.0 0.0 0.0 0.0 0.0 0.0 0.0 0.0 0.0 0.0 0.0 0.0 0.0 0.0 0.0 0.0 0.0 0.0 0.0 0.0 0.0 0.0 0.0 0.0 0.0 0.0 0.0 0.0 0.0 0.0 0.0 0.0 0.0 0.0 0.0 0.0 0.0 0.0 0.0 
1.7361563803645362e-9 8.09121446232845e-9 4.04889847032284e-8 2.041097039624911e-7 9.07111827491524e-7 3.428473560317887e-6 1.1041925055591428e-5 3.0508340803233643e-5 7.532817122307377e-5 0.0001740732090054716 0.0003858917847935207 0.0008260896080518673 0.001692733926673799 0.003284418187462508 0.006039625772639998 0.010557868962778123 0.0175499260348408 0.027735830287557547 0.041597366589775225 0.059074996095704 0.07929735478051704 0.10060155671350723 0.12097495661983103 0.13835206213368323 0.15071238324341651 0.15624062332612038 0.15388288155319294 0.1439131060222091 0.12766434772090351 0.10716336114901916 0.0849001009267727 0.06341344404255267 0.04472230263572614 0.02986683377292204 0.018990904314153303 0.01158375959956953 0.006824582343017503 0.0039040267204928348 0.0021716783787102557 0.0011782826493589972 0.0006273919627912788 0.00032852006050593545 0.00016843133839323314 8.281459949509727e-5 3.746408149545519e-5 1.4937301755908109e-5 5.087168456971941e-6 1.439915034763273e-6 3.3713710815029255e-7 6.687626244901548e-8 1.1185102432088009e-8 1.6867154617711312e-9 2.380832947239911e-10 2.939893924028263e-11 0.0 0.0 0.0 0.0 0.0 0.0 0.0 0.0 0.0 0.0 0.0 0.0 0.0 0.0 0.0 0.0 0.0 0.0 0.0 0.0 0.0 0.0 0.0 0.0 0.0 0.0 0.0 0.0 0.0 0.0 0.0 0.0 0.0 0.0 0.0 0.0 0.0 0.0 0.0 0.0 0.0 0.0 0.0 0.0 0.0 0.0 
5.149634288928369e-10 3.712538769913043e-9 2.4659859524861327e-8 1.435055770750036e-7 6.742441244739639e-7 2.5790346264814775e-6 8.192526633049027e-6 2.1953044574902893e-5 5.193462114032279e-5 0.00011428659095792779 0.00024220649721083573 0.0005007426831786862 0.0010019247085217692 0.001914583673742951 0.0034847447058718 0.006041083464418789 0.00996191408758285 0.01562786519334681 0.02331010358108692 0.03299245018513583 0.044146480216519776 0.05568276747500986 0.06631147689234518 0.07492822533378611 0.08074037042478197 0.08309561950986608 0.08152614142622731 0.07608816377802498 0.06744445388553999 0.05670555394925601 0.04516531547913927 0.03404454388142618 0.024292099518264845 0.016431032580965496 0.010580942075979167 0.0065339483321815335 0.003899032145437942 0.0022639942411946464 0.0012824078095116807 0.0007100738247518272 0.00038604712579920215 0.00020660873034167933 0.00010846065656406095 5.457613830609805e-5 2.5144712332722937e-5 1.012248036677981e-5 3.4430813355780024e-6 9.604484892270264e-7 2.1723296893014704e-7 4.0340498439113694e-8 5.972829538805882e-9 7.4345541690079e-10 8.199334878938723e-11 7.721031737881384e-12 0.0 0.0 0.0 0.0 0.0 0.0 0.0 0.0 0.0 0.0 0.0 0.0 0.0 0.0 0.0 0.0 0.0 0.0 0.0 0.0 0.0 0.0 0.0 0.0 0.0 0.0 0.0 0.0 0.0 0.0 0.0 0.0 0.0 0.0 0.0 0.0 0.0 0.0 0.0 0.0 0.0 0.0 0.0 0.0 0.0 0.0 
2.672522004146896e-10 2.43622131144985e-9 1.7804140654262916e-8 1.0739472973179188e-7 5.083144034304684e-7 1.929266832838522e-6 6.0043024800456525e-6 1.5579133679525983e-5 3.525435538042984e-5 7.349385250014148e-5 0.00014754926546098573 0.0002917581744360059 0.0005666104795872377 0.001065846484488116 0.001928122217311479 0.0033339664563682312 0.005477972364293932 0.008543956808761246 0.01266560947590222 0.017841654103235283 0.02378638346192336 0.029868182788913906 0.03533715825081113 0.039605767357978584 0.04233280161942839 0.04325228578597256 0.042142109514937943 0.03904696709415573 0.03438302272013233 0.028814205736106074 0.02301071525716477 0.017508600992037566 0.01268296887216632 0.008741331285368538 0.005742416981351358 0.0036132893162310643 0.0021930159026390178 0.0012945539020524264 0.0007464243098789395 0.00042081466185258016 0.00023231600904535763 0.00012578705201698372 6.664821083183921e-5 3.380491333448041e-5 1.566452556474027e-5 6.3179723529076085e-6 2.142768719332102e-6 5.927908918992044e-7 1.3204028249354746e-7 2.389786279330603e-8 3.3760861139272285e-9 3.865240671512352e-10 3.700621253853004e-11 2.7577177607792664e-12 0.0 0.0 0.0 0.0 0.0 0.0 0.0 0.0 0.0 0.0 0.0 0.0 0.0 0.0 0.0 0.0 0.0 0.0 0.0 0.0 0.0 0.0 0.0 0.0 0.0 0.0 0.0 0.0 0.0 0.0 0.0 0.0 0.0 0.0 0.0 0.0 0.0 0.0 0.0 0.0 0.0 0.0 0.0 0.0 0.0 0.0 
1.7360016732320133e-10 1.6833097616734524e-9 1.2596825096713784e-8 7.667469779718668e-8 3.629374863238e-7 1.367454126127284e-6 4.185202831145686e-6 1.0560970356874534e-5 2.2935809666285823e-5 4.53368978742981e-5 8.608687071476357e-5 0.0001624566862162501 0.000306137091117314 0.0005684510475726203 0.0010274434007599873 0.0017820801200541568 0.0029285113335986586 0.004543548199252614 0.006677228613625129 0.009325458839095985 0.012350559213453155 0.015435008926319597 0.018195918698563445 0.020332513781121917 0.021660646117527577 0.022021760737327995 0.021288317082924887 0.01951332094783123 0.016984101652304177 0.014113930070352852 0.011257237912949383 0.008634476842388192 0.006359550456769572 0.004483434316979015 0.003019199155376907 0.0019442257598381492 0.0012034482230678387 0.000722552803150798 0.0004232864236438915 0.0002419071670598931 0.00013456279406528186 7.28198014182741e-5 3.832367217410085e-5 1.9269215857060743e-5 8.853105178912588e-6 3.53985946677348e-6 1.1887926003475959e-6 3.249362937781213e-7 7.132224720993082e-8 1.2681235257200603e-8 1.7482859231138838e-9 1.932695380311287e-10 1.7494093656533498e-11 1.17163848760887e-12 0.0 0.0 0.0 0.0 0.0 0.0 0.0 0.0 0.0 0.0 0.0 0.0 0.0 0.0 0.0 0.0 0.0 0.0 0.0 0.0 0.0 0.0 0.0 0.0 0.0 0.0 0.0 0.0 0.0 0.0 0.0 0.0 0.0 0.0 0.0 0.0 0.0 0.0 0.0 0.0 0.0 0.0 0.0 0.0 0.0 0.0 
1.107310778347354e-10 1.0939577943291774e-9 8.280380666136319e-9 5.0778634639303825e-8 2.410124878345176e-7 9.053528807760959e-7 2.738531443181822e-6 6.751096989833306e-6 1.4115512401744676e-5 2.649616461749436e-5 4.764260262420113e-5 8.612496780752191e-5 0.00015853339816818273 0.0002927159872914769 0.0005318689144138136 0.0009293017630653394 0.001530473021111501 0.002360577644011484 0.003427097501706839 0.004719918577101594 0.006179169736864681 0.007669115216113151 0.009022499908391294 0.010096619626180667 0.010777720509016158 0.010951022210427685 0.010533088634109868 0.009565779593293584 0.008231717324071977 0.006775070346552021 0.005384352325145197 0.004152608405147923 0.003104595953132164 0.0022377208230182884 0.0015454249654318676 0.001019376566367171 0.0006439493309694785 0.0003931056228481577 0.00023356086613664226 0.00013489775516575104 7.525422873163466e-5 4.0353737823849914e-5 2.0786299916305248e-5 1.0164201954849334e-5 4.543377748589984e-6 1.7735587781668083e-6 5.833911521933163e-7 1.5634274788908598e-7 3.365022929313721e-8 5.865448303715117e-9 7.908476696065822e-10 8.536145068411807e-11 7.513498210399079e-12 4.828435493894183e-13 0.0 0.0 0.0 0.0 0.0 0.0 0.0 0.0 0.0 0.0 0.0 0.0 0.0 0.0 0.0 0.0 0.0 0.0 0.0 0.0 0.0 0.0 0.0 0.0 0.0 0.0 0.0 0.0 0.0 0.0 0.0 0.0 0.0 0.0 0.0 0.0 0.0 0.0 0.0 0.0 0.0 0.0 0.0 0.0 0.0 0.0 
6.504780795175081e-11 6.51438055942662e-10 4.984242419869316e-9 3.0832983928491265e-8 1.4707683241656902e-7 5.525258855162684e-7 1.658183217109434e-6 4.010235999746123e-6 8.101091008987561e-6 1.446717596359384e-5 2.4664562577502442e-5 4.292524672544238e-5 7.792044516707243e-5 0.00014436991516441968 0.00026512788713273423 0.0004677184958717376 0.0007726914700003947 0.00118464273772336 0.0016955195261973142 0.002293171766177782 0.0029536522458772567 0.0036295573730934522 0.0042607130125296684 0.004786241993797743 0.005138704783477253 0.005241845998512843 0.005043172529448387 0.004565989650544146 0.003909316849966425 0.0032014478420979505 0.0025386003699665767 0.001964900459150331 0.0014859739493607094 0.0010915959030677685 0.0007718119511545316 0.0005212998154936626 0.0003361644539809497 0.00020863971288698956 0.00012575045426443888 7.3604460698291e-5 4.142637512610793e-5 2.2112264000770214e-5 1.1091577878057612e-5 5.175423290065435e-6 2.189160879550941e-6 8.114622007503499e-7 2.558184581324095e-7 6.616813190842583e-8 1.3822214384024777e-8 2.3465550880504656e-9 3.080759752636311e-10 3.241206759269788e-11 2.7800399588940466e-12 1.7332530578844006e-13 0.0 0.0 0.0 0.0 0.0 0.0 0.0 0.0 0.0 0.0 0.0 0.0 0.0 0.0 0.0 0.0 0.0 0.0 0.0 0.0 0.0 0.0 0.0 0.0 0.0 0.0 0.0 0.0 0.0 0.0 0.0 0.0 0.0 0.0 0.0 0.0 0.0 0.0 0.0 0.0 0.0 0.0 0.0 0.0 0.0 0.0 
3.431233344492714e-11 3.4738253420481775e-10 2.682087720094007e-9 1.6720903277805773e-8 8.01613557087472e-8 3.0153372324064384e-7 9.005419225260718e-7 2.1473963623018865e-6 4.220202563422872e-6 7.224155645521433e-6 1.1761293808602435e-5 1.9891298009107422e-5 3.603555900710244e-5 6.761538721471373e-5 0.00012600006866903403 0.00022472882189184342 0.00037306957701000826 0.0005701675106740555 0.0008066165718051442 0.0010724156521113555 0.0013583699881653244 0.0016518831977687413 0.001935595996300774 0.0021850514283577645 0.0023634633317586506 0.002427373707687153 0.0023480494194973527 0.002135854903083107 0.0018366473508796737 0.0015095012543108696 0.0012002604205969658 0.0009324277907628975 0.0007108930783253168 0.0005301377686012188 0.00038288427112366806 0.00026471534073303077 0.0001742313326231041 0.00010978709452024524 6.709726446563499e-5 4.005193341297553e-5 2.3108711649942883e-5 1.2530857510608475e-5 6.205922580057408e-6 2.7516431321410918e-6 1.0739226775953587e-6 3.6352222116444263e-7 1.0557977199349529e-7 2.549374619595353e-8 5.050255621208464e-9 8.231583805407219e-10 1.0429333916049048e-10 1.0648333220783141e-11 8.884157356754886e-13 5.3812125992405234e-14 0.0 0.0 0.0 0.0 0.0 0.0 0.0 0.0 0.0 0.0 0.0 0.0 0.0 0.0 0.0 0.0 0.0 0.0 0.0 0.0 0.0 0.0 0.0 0.0 0.0 0.0 0.0 0.0 0.0 0.0 0.0 0.0 0.0 0.0 0.0 0.0 0.0 0.0 0.0 0.0 0.0 0.0 0.0 0.0 0.0 0.0 
1.5665590198505575e-11 1.5980545118084418e-10 1.2417617937444537e-9 7.78495402107889e-9 3.7463189355185624e-8 1.411044088540426e-7 4.201913083084649e-7 9.925360802226407e-7 1.913183555397426e-6 3.1762682347551597e-6 5.00797041393705e-6 8.362335357437873e-6 1.5348065437666285e-5 2.944267330356765e-5 5.5906558864776054e-5 0.00010108705785596677 0.00016934173269946478 0.0002596386892351972 0.00036577983540075703 0.0004814859379411164 0.0006035022522266309 0.0007301388222149953 0.0008572465292490951 0.0009739514182888943 0.0010608987273305135 0.0010964428251950041 0.001067737335444315 0.0009797914784394695 0.0008518360112788895 0.0007080425859800754 0.0005682367556178829 0.0004446045738562298 0.00034179083570754024 0.00025842573378011746 0.00019059998258852152 0.0001350109492423907 9.06525496350286e-5 5.773725432086077e-5 3.556533082356867e-5 2.1644856135555432e-5 1.2933446766701584e-5 7.25416603404976e-6 3.625314077989583e-6 1.5572658764876119e-6 5.643195875733451e-7 1.715864999612628e-7 4.424591900666389e-8 9.508008492137193e-9 1.7080848206096426e-9 2.5835423933230794e-10 3.081279873564069e-11 3.0101932734135003e-12 2.4238797665043306e-13 1.4240586553954236e-14 0.0 0.0 0.0 0.0 0.0 0.0 0.0 0.0 0.0 0.0 0.0 0.0 0.0 0.0 0.0 0.0 0.0 0.0 0.0 0.0 0.0 0.0 0.0 0.0 0.0 0.0 0.0 0.0 0.0 0.0 0.0 0.0 0.0 0.0 0.0 0.0 0.0 0.0 0.0 0.0 0.0 0.0 0.0 0.0 0.0 0.0 
5.966106064477248e-12 6.11419426847994e-11 4.769773950811582e-10 3.0007745687138835e-9 1.4475505956443355e-8 5.4572302164925114e-8 1.6224376580140913e-7 3.810832676674218e-7 7.262072931666828e-7 1.1858979457713317e-6 1.8493703495121457e-6 3.126150485083231e-6 5.932099953853918e-6 1.1768100079220449e-5 2.2922822632575576e-5 4.230096488955594e-5 7.212062633956525e-5 0.00011210624921898948 0.00015917506331623697 0.00021015218080331114 0.0002641647016802339 0.00032185890814647746 0.000381813330496358 0.0004376951256907328 0.00047900662763014596 0.000495877397299086 0.0004840014561036946 0.0004468873038967596 0.0003928839993773336 0.0003313282454773151 0.00026986777251125865 0.00021389036225445465 0.0001663304082712956 0.00012748360916657822 9.581995749057841e-5 6.935236937842277e-5 4.727973724571854e-5 3.0151285736772727e-5 1.8444287967522605e-5 1.126721958881199e-5 6.902427421369668e-6 3.9963326637344705e-6 2.033906841290401e-6 8.662338462765846e-7 3.013532126933875e-7 8.491458556413937e-8 1.969127976770951e-8 3.7117992447823483e-9 5.821849853136461e-10 7.796837114672395e-11 8.347417627469344e-12 7.538450513908464e-13 5.723413505146336e-14 3.2485297118747425e-15 0.0 0.0 0.0 0.0 0.0 0.0 0.0 0.0 0.0 0.0 0.0 0.0 0.0 0.0 0.0 0.0 0.0 0.0 0.0 0.0 0.0 0.0 0.0 0.0 0.0 0.0 0.0 0.0 0.0 0.0 0.0 0.0 0.0 0.0 0.0 0.0 0.0 0.0 0.0 0.0 0.0 0.0 0.0 0.0 0.0 0.0 
1.8458186438191036e-12 1.8964244398516344e-11 1.482659216280485e-10 9.346045461497297e-10 4.5147030340677055e-9 1.703008486350708e-8 5.0591131258716544e-8 1.1851497086876793e-7 2.2485717205989037e-7 3.6663549797552475e-7 5.806630942683941e-7 1.0261509075330731e-6 2.0608537648254387e-6 4.28577522890443e-6 8.6686763651805e-6 1.6568364935077066e-5 2.9228079336679647e-5 4.685454677214917e-5 6.821260694599158e-5 9.19201160892596e-5 0.0001178791652318014 0.0001466986556627041 0.00017722776901048324 0.00020516891001195732 0.0002246542454412815 0.0002313539373836352 0.0002244107447811878 0.00020654504579505382 0.00018207751771650386 0.0001550417005778566 0.0001282371301585649 0.00010342945376325408 8.164400816288285e-5 6.326109287943474e-5 4.799690685654034e-5 3.504978591046384e-5 2.395775292833688e-5 1.5098724299480883e-5 9.003177989598026e-6 5.378363463037653e-6 3.291309518554971e-6 1.932677285395666e-6 9.966607562602262e-7 4.2517282040670885e-7 1.4579354447801884e-7 3.967062918835233e-8 8.676435183466568e-9 1.4972021323242575e-9 2.0934035576671676e-10 2.4624069737152825e-11 2.2852181893961694e-12 1.8260459453007085e-13 1.253584662594889e-14 6.96639318606135e-16 0.0 0.0 0.0 0.0 0.0 0.0 0.0 0.0 0.0 0.0 0.0 0.0 0.0 0.0 0.0 0.0 0.0 0.0 0.0 0.0 0.0 0.0 0.0 0.0 0.0 0.0 0.0 0.0 0.0 0.0 0.0 0.0 0.0 0.0 0.0 0.0 0.0 0.0 0.0 0.0 0.0 0.0 0.0 0.0 0.0 0.0 
4.486875532422409e-13 4.61685770140805e-12 3.6141971010097224e-11 2.2808906956401345e-10 1.1027347397241212e-9 4.161352886666113e-9 1.2359733722321446e-8 2.894064843593494e-8 5.500243024023697e-8 9.096844829053967e-8 1.5094497929578376e-7 2.8926404965373236e-7 6.303926340524858e-7 1.4007288168695684e-6 3.0123324453363346e-6 6.137029805498961e-6 1.1528309439685374e-5 1.956234970474155e-5 2.9886636804012467e-5 4.194685520191973e-5 5.5726724619174087e-5 7.137122048024819e-5 8.778596603784602e-5 0.00010216736278298501 0.00011140134632006544 0.00011364487933130934 0.00010884631426765547 9.867276105763012e-5 8.572571805777261e-5 7.247090908247799e-5 6.028662744179394e-5 4.9439121900319224e-5 3.966115831935142e-5 3.087508751645647e-5 2.3235387845769027e-5 1.672704515650934e-5 1.1231939339510727e-5 6.8912824986029e-6 3.941131440090751e-6 2.244417770450854e-6 1.3322655190448653e-6 7.76539663138963e-7 4.016299677735326e-7 1.716712108432392e-7 5.862942082522567e-8 1.574364505462496e-8 3.357351972910414e-9 5.547511951823255e-10 7.25970697308638e-11 7.79752719990875e-12 6.377060391641786e-13 4.445385699948739e-14 2.6452753117860276e-15 1.6289224203951195e-16 0.0 0.0 0.0 0.0 0.0 0.0 0.0 0.0 0.0 0.0 0.0 0.0 0.0 0.0 0.0 0.0 0.0 0.0 0.0 0.0 0.0 0.0 0.0 0.0 0.0 0.0 0.0 0.0 0.0 0.0 0.0 0.0 0.0 0.0 0.0 0.0 0.0 0.0 0.0 0.0 0.0 0.0 0.0 0.0 0.0 0.0 
8.804929877762755e-14 9.069214753825467e-13 7.1045294474280724e-12 4.486301120037922e-11 2.1699640716065936e-10 8.191391437797265e-10 2.4340166601011438e-9 5.710124511381504e-9 1.094674835556978e-8 1.8707335628886528e-8 3.360807141384334e-8 7.191001819940016e-8 1.7321303650524568e-7 4.211808338106045e-7 9.973013465931983e-7 2.2488882145937294e-6 4.642183169082997e-6 8.550637580669278e-6 1.4005226242728914e-5 2.083398023944736e-5 2.8951224626635842e-5 3.812229067513828e-5 4.736413056000994e-5 5.5029884036168486e-5 5.9737901230645356e-5 6.0742842762110656e-5 5.774827956403238e-5 5.126341794973717e-5 4.292151377877163e-5 3.485222513927303e-5 2.833159303612587e-5 2.328104014490035e-5 1.8876002935306925e-5 1.4633449830505297e-5 1.070188704658599e-5 7.3750663386966435e-6 4.732955626852833e-6 2.7761524785852163e-6 1.5032537433598248e-6 8.005800901105003e-7 4.4871780556121845e-7 2.539648496712203e-7 1.3020056067619769e-7 5.5569453864306955e-8 1.895402958477473e-8 5.069537060235438e-9 1.0720111531101822e-9 1.743801977352684e-10 2.2232060681041092e-11 2.2940411336669404e-12 1.7572472355197466e-13 1.1328257093833562e-14 5.981603270269916e-16 5.714609820197409e-17 0.0 0.0 0.0 0.0 0.0 0.0 0.0 0.0 0.0 0.0 0.0 0.0 0.0 0.0 0.0 0.0 0.0 0.0 0.0 0.0 0.0 0.0 0.0 0.0 0.0 0.0 0.0 0.0 0.0 0.0 0.0 0.0 0.0 0.0 0.0 0.0 0.0 0.0 0.0 0.0 0.0 0.0 0.0 0.0 0.0 0.0 
1.2933193894848793e-14 1.336055792898463e-13 1.0474670832101623e-12 6.617470575775183e-12 3.201847748831988e-11 1.2091870868127217e-10 3.5975977995323396e-10 8.48215219253449e-10 1.6570173205273187e-9 3.0092213865915124e-9 6.1202772762433e-9 1.5142540107463465e-8 4.160245281207526e-8 1.1561273085567081e-7 3.1580580086500167e-7 8.15893268593357e-7 1.8886742749441405e-6 3.833334561568559e-6 6.8404690790186205e-6 1.096488517442655e-5 1.612559376476653e-5 2.189603845072594e-5 2.740711928988498e-5 3.1790514031619196e-5 3.4715548358365594e-5 3.59206567588608e-5 3.464444672653558e-5 3.043194952818034e-5 2.426112602902796e-5 1.819460693509819e-5 1.3717996270551721e-5 1.0867486441882342e-5 8.751010773031658e-6 6.69565372315659e-6 4.687840619504609e-6 3.0063148885701448e-6 1.7797534646795314e-6 9.690314370331867e-7 4.870169506628737e-7 2.3784047496483801e-7 1.2256174504846702e-7 6.579333133156743e-8 3.301090190210734e-8 1.3999138301671548e-8 4.7653544788692466e-9 1.2724336465931332e-9 2.6823228651439224e-10 4.337102886722018e-11 5.471749978945409e-12 5.551094562044306e-13 4.12311532412604e-14 2.6524448261911682e-15 1.2488879844324193e-16 2.8721422499585815e-17 0.0 0.0 0.0 0.0 0.0 0.0 0.0 0.0 0.0 0.0 0.0 0.0 0.0 0.0 0.0 0.0 0.0 0.0 0.0 0.0 0.0 0.0 0.0 0.0 0.0 0.0 0.0 0.0 0.0 0.0 0.0 0.0 0.0 0.0 0.0 0.0 0.0 0.0 0.0 0.0 0.0 0.0 0.0 0.0 0.0 0.0 
1.5061369210526747e-15 1.5946137160941968e-14 1.2552659648238312e-13 7.939450142767444e-13 3.842392571653089e-12 1.4519981255252213e-11 4.330392777307632e-11 1.0303020303274035e-10 2.0777302686182798e-10 4.1361225208491465e-10 9.859953966775882e-10 2.8807284603800965e-9 9.331148340609979e-9 3.083150443835705e-8 9.930038740591874e-8 2.948159105346872e-7 7.654019009256276e-7 1.72817598292794e-6 3.430586381443063e-6 6.07213924426729e-6 9.63088553991012e-6 1.3608204969968186e-5 1.7201708863602203e-5 1.9985051835220828e-5 2.2232490242832823e-5 2.3957274757903903e-5 2.4099748504115084e-5 2.1546590166791108e-5 1.6742296318561658e-5 1.1616677513449853e-5 7.847448283746346e-6 5.72077938734264e-6 4.475826006561512e-6 3.380363014174706e-6 2.268916938331773e-6 1.3279367020763418e-6 6.892686209739247e-7 3.258061848448588e-7 1.4331862244475968e-7 6.149696415556922e-8 2.8116325153328957e-8 1.3910445059225405e-8 6.725107120965455e-9 2.8161298516158045e-9 9.54784503789527e-10 2.5458637881703277e-10 5.360444683545179e-11 8.650311104517822e-12 1.0874481457054957e-12 1.0967382598284257e-13 8.01996045471292e-15 6.170356981594988e-16 1.4969758964208245e-17 4.231971396467493e-17 0.0 0.0 0.0 0.0 0.0 0.0 0.0 0.0 0.0 0.0 0.0 0.0 0.0 0.0 0.0 0.0 0.0 0.0 0.0 0.0 0.0 0.0 0.0 0.0 0.0 0.0 0.0 0.0 0.0 0.0 0.0 0.0 0.0 0.0 0.0 0.0 0.0 0.0 0.0 0.0 0.0 0.0 0.0 0.0 0.0 0.0 
8.636031480337742e-17 1.3628762669813205e-15 1.1258562672659092e-14 7.213097509769835e-14 3.490084681077817e-13 1.3200701627366229e-12 3.954276873911546e-12 9.560699679600838e-12 2.0338194760545672e-11 4.6466622894974207e-11 1.3583187304244724e-10 4.873456433956031e-10 1.9566086460176356e-9 7.917688893788016e-9 3.019149733582391e-8 1.0364743458297134e-7 3.093841987946768e-7 8.112606707747486e-7 1.8770289615526398e-6 3.7876985512628687e-6 6.56247078059252e-6 9.643376229923212e-6 1.2206305382852315e-5 1.4016201423877949e-5 1.5726090050523907e-5 1.768098920026714e-5 1.8857053587382984e-5 1.7746385097522704e-5 1.4214368169508879e-5 9.856280039956173e-6 6.460951647872344e-6 4.594028342212211e-6 3.6368748602470576e-6 2.808988042315454e-6 1.8719393673613472e-6 1.0244958379766825e-6 4.5795334446537266e-7 1.7124642732427432e-7 5.592880035085076e-8 1.7323079449109708e-8 5.901151410487008e-9 2.4027664241739874e-9 1.0686770837317957e-9 4.3563142646507967e-10 1.464791534520374e-10 3.896432316480754e-11 8.196664405513052e-12 1.3215730332643113e-12 1.6580217367984875e-13 1.6669088495326542e-14 1.1804424823966981e-15 1.9949883834952949e-16 -3.6639560186178036e-18 5.366422214551767e-17 0.0 0.0 0.0 0.0 0.0 0.0 0.0 0.0 0.0 0.0 0.0 0.0 0.0 0.0 0.0 0.0 0.0 0.0 0.0 0.0 0.0 0.0 0.0 0.0 0.0 0.0 0.0 0.0 0.0 0.0 0.0 0.0 0.0 0.0 0.0 0.0 0.0 0.0 0.0 0.0 0.0 0.0 0.0 0.0 0.0 0.0 
9.758972336511208e-18 3.173577998265424e-17 5.893874570315058e-16 4.930942107634948e-15 2.3680534087400328e-14 8.956437807354055e-14 2.707722914683609e-13 6.742353204547572e-13 1.5728590485869405e-12 4.421016989504613e-12 1.685333619442608e-11 7.840341175612882e-11 4.0680496730341115e-10 2.0479602539070847e-9 9.464494921892827e-9 3.976125562665136e-8 1.463510316917233e-7 4.7023051139609897e-7 1.2887025297516433e-6 2.918225764071023e-6 5.381363859799223e-6 8.044973297499431e-6 1.0001122928920603e-5 1.1056477915908805e-5 1.2129455494863097e-5 1.3986649548585457e-5 1.590395678561057e-5 1.6153961582860835e-5 1.3961797012227093e-5 1.043105580561401e-5 7.401962071035419e-6 5.711436445929289e-6 4.824361796399013e-6 3.871965774064807e-6 2.6195563388901796e-6 1.4197929986384786e-6 6.059475838002806e-7 2.038327396476437e-7 5.431976656668852e-8 1.1727551973345258e-8 2.2858898689379298e-9 4.888740817681789e-10 1.479845492514682e-10 5.3441591393018944e-11 1.7432516674527448e-11 4.605999329413835e-12 9.672980656522668e-13 1.557948628245902e-13 1.9394926255586856e-14 1.9316638408974157e-15 1.440746454528856e-16 1.1386174239212209e-16 -1.2185784898043286e-18 6.467893421240496e-17 0.0 0.0 0.0 0.0 0.0 0.0 0.0 0.0 0.0 0.0 0.0 0.0 0.0 0.0 0.0 0.0 0.0 0.0 0.0 0.0 0.0 0.0 0.0 0.0 0.0 0.0 0.0 0.0 0.0 0.0 0.0 0.0 0.0 0.0 0.0 0.0 0.0 0.0 0.0 0.0 0.0 0.0 0.0 0.0 0.0 0.0 
-2.137784473829921e-18 2.7928834217315197e-18 6.988848742820037e-18 2.978687446332543e-16 1.3987414710372908e-15 5.1986486877255574e-15 1.627686411442151e-14 4.23466683835772e-14 1.1255472711177128e-13 4.1051752638048587e-13 2.1394451542241858e-12 1.3507948912283449e-11 9.47416444690549e-11 6.291326359225407e-10 3.791515211475874e-9 2.0635928244619175e-8 9.362014103754478e-8 3.498907184645808e-7 1.0558708159348722e-6 2.520140802321176e-6 4.751499847082821e-6 7.093276013700651e-6 8.615146991269518e-6 9.133442508977657e-6 9.700677688369274e-6 1.1406539345385699e-5 1.3864096224923044e-5 1.5264933312598174e-5 1.4302090724833256e-5 1.1595774973979727e-5 8.976292373731078e-6 7.482489607566638e-6 6.61474007158244e-6 5.413481751428512e-6 3.690084472006637e-6 2.0033459914458693e-6 8.515586946669075e-7 2.826598849262175e-7 7.296033639463256e-8 1.4597091675839683e-8 2.3462892581270466e-9 3.019708870126104e-10 3.8177291229078666e-11 7.00453650070108e-12 1.7852639600375943e-12 4.488715888143502e-13 9.344133680092361e-14 1.4973807626526622e-14 1.7204586105183264e-15 1.6128839989638906e-16 6.432850960915047e-17 7.830411057225197e-17 -9.003085829481942e-20 7.505686350537925e-17 0.0 0.0 0.0 0.0 0.0 0.0 0.0 0.0 0.0 0.0 0.0 0.0 0.0 0.0 0.0 0.0 0.0 0.0 0.0 0.0 0.0 0.0 0.0 0.0 0.0 0.0 0.0 0.0 0.0 0.0 0.0 0.0 0.0 0.0 0.0 0.0 0.0 0.0 0.0 0.0 0.0 0.0 0.0 0.0 0.0 0.0 
-2.611874338101156e-18 2.0505234294479577e-18 2.0344467990389543e-17 6.701552724546168e-18 2.467284956627013e-17 6.985816894224723e-17 5.554937034858168e-16 1.662243560170898e-15 5.963455500983716e-15 3.497321113026208e-14 3.0127269155672866e-13 2.9579552322824417e-12 3.0923006953350534e-11 2.8022885289768996e-10 2.1211635717925138e-9 1.357293742251208e-8 6.784996832867953e-8 2.681808397024697e-7 8.341734944718615e-7 2.019536693113116e-6 3.822695072610216e-6 5.6800507897427566e-6 6.802657669548534e-6 7.06006600864621e-6 7.4519201454285736e-6 9.105075211059355e-6 1.1833768675323564e-5 1.3921011178990084e-5 1.3833891096700812e-5 1.1847726798669991e-5 9.664129774933083e-6 8.383771758684904e-6 7.557955827396811e-6 6.227078036407805e-6 4.2534665557256835e-6 2.3107203828073183e-6 9.821134374442351e-7 3.256392983372371e-7 8.380250892194334e-8 1.6640013392261232e-8 2.6200198663157953e-9 3.1303653816130223e-10 2.958975566037565e-11 2.5026688922320257e-12 2.278371715593924e-13 3.4543829664493066e-14 6.426184425731973e-15 9.713641092130997e-16 -1.8834872764111152e-18 -3.95677512486438e-18 5.843053206384474e-17 5.529822851286499e-17 6.865670722325549e-19 8.303577814225272e-17 0.0 0.0 0.0 0.0 0.0 0.0 0.0 0.0 0.0 0.0 0.0 0.0 0.0 0.0 0.0 0.0 0.0 0.0 0.0 0.0 0.0 0.0 0.0 0.0 0.0 0.0 0.0 0.0 0.0 0.0 0.0 0.0 0.0 0.0 0.0 0.0 0.0 0.0 0.0 0.0 0.0 0.0 0.0 0.0 0.0 0.0 
-3.213919557743846e-18 1.930898381289568e-18 2.0184488919458654e-17 1.2924029989694116e-18 -6.984215527431052e-19 -2.192572450294405e-18 9.723672921303811e-19 1.819361340737718e-17 3.3575107585035324e-16 4.972691440228142e-15 7.721347948116853e-14 1.1024803544350793e-12 1.486094985508576e-11 1.558137830259143e-10 1.2806687444131461e-9 8.598561946688032e-9 4.407984235825236e-8 1.765633318514214e-7 5.52848316609077e-7 1.3419512587189502e-6 2.540028404601678e-6 3.766085769080275e-6 4.497927792097871e-6 4.691646723415985e-6 5.128442881333755e-6 6.698689163085266e-6 9.277887327583507e-6 1.143621431357141e-5 1.1773890877846781e-5 1.0377341121405016e-5 8.654035122590544e-6 7.5962267714248175e-6 6.867768218919269e-6 5.657068977488068e-6 3.862230752441195e-6 2.09765476954351e-6 8.914543366187506e-7 2.9554666530275826e-7 7.603967989521149e-8 1.5089464485337748e-8 2.372148383611173e-9 2.8190936373539416e-10 2.6033771063894825e-11 1.9723946713069505e-12 1.112069514401251e-13 6.353901107101292e-15 6.289847846918278e-16 6.644741356148794e-17 -1.3989848928496623e-17 -1.2521018277867967e-18 6.076679610025324e-17 3.5154384037297035e-17 1.268160318100075e-18 8.633848485941566e-17 0.0 0.0 0.0 0.0 0.0 0.0 0.0 0.0 0.0 0.0 0.0 0.0 0.0 0.0 0.0 0.0 0.0 0.0 0.0 0.0 0.0 0.0 0.0 0.0 0.0 0.0 0.0 0.0 0.0 0.0 0.0 0.0 0.0 0.0 0.0 0.0 0.0 0.0 0.0 0.0 0.0 0.0 0.0 0.0 0.0 0.0 
-3.9642943510853365e-18 1.6430497698872715e-18 1.7236427353899722e-17 1.2125871863293533e-18 -8.364774055125722e-20 -2.7950284128975815e-19 1.1770633258961821e-19 2.2929283356962378e-18 -6.783631312539275e-18 1.2937899713727594e-15 2.9594295207949496e-14 4.929260435722419e-13 7.2185291050462244e-12 7.883039442308092e-11 6.616601996670763e-10 4.494347394007934e-9 2.317523029703853e-8 9.310583648229506e-8 2.9192732600082923e-7 7.089148391621655e-7 1.3418720647574377e-6 1.9914325824704005e-6 2.3948574743346765e-6 2.573671315793026e-6 3.0304361343434e-6 4.320350675972336e-6 6.331839117848646e-6 8.052602960366588e-6 8.452304045236363e-6 7.5358254604272124e-6 6.296924475019851e-6 5.487849461725858e-6 4.919579581707995e-6 4.032070725508017e-6 2.7468693761002457e-6 1.4906458045905263e-6 6.333003842286013e-7 2.0993774492326716e-7 5.4010789659393545e-8 1.0717292896384533e-8 1.6845747158352739e-9 2.0010803191253244e-10 1.8446409910008146e-11 1.3855406633014638e-12 7.425950889540783e-14 3.266784300745449e-15 2.194805767966154e-16 5.4243316059848766e-17 -9.862580318532833e-18 1.1600450388915234e-17 6.236659579879632e-17 1.8008957489546168e-17 1.6182062454658644e-18 8.409689327865941e-17 0.0 0.0 0.0 0.0 0.0 0.0 0.0 0.0 0.0 0.0 0.0 0.0 0.0 0.0 0.0 0.0 0.0 0.0 0.0 0.0 0.0 0.0 0.0 0.0 0.0 0.0 0.0 0.0 0.0 0.0 0.0 0.0 0.0 0.0 0.0 0.0 0.0 0.0 0.0 0.0 0.0 0.0 0.0 0.0 0.0 0.0 
-4.537068148562814e-18 1.3247960069608159e-18 1.3982864278430742e-17 1.0005471824140818e-18 1.1446810139798918e-20 2.0154409461197973e-20 -5.18286192840179e-21 -1.7864725316185979e-19 -9.979854335334441e-19 4.0130478361524245e-16 1.1395601921430202e-14 1.9680146536260118e-13 2.930717559773445e-12 3.227028962982424e-11 2.720046345856259e-10 1.851886361042377e-9 9.560232289135554e-9 3.8429250583675766e-8 1.2052214911170997e-7 2.92734702389205e-7 5.54546236842316e-7 8.263203977526922e-7 1.0106178744285444e-6 1.1481558264901758e-6 1.504718038991007e-6 2.358317431515192e-6 3.6215364523886145e-6 4.7007848832581395e-6 4.981670921468988e-6 4.445823792368912e-6 3.674117613545487e-6 3.1367510298708552e-6 2.7631029025098257e-6 2.2440886316900894e-6 1.5232379309789258e-6 8.255140773983494e-7 3.5055538632075505e-7 1.1619019112331941e-7 2.9890608853227213e-8 5.931022766907644e-9 9.322395510595962e-10 1.1073562027383449e-10 1.0206627074054192e-11 7.662478326157004e-13 4.100727762623284e-14 1.7506404064114908e-15 1.5567153923255383e-16 4.4641821593995187e-17 -8.695658422708026e-18 2.2543003942726784e-17 6.367242310358833e-17 3.726833137538233e-18 2.234321048032038e-18 7.602936980817018e-17 0.0 0.0 0.0 0.0 0.0 0.0 0.0 0.0 0.0 0.0 0.0 0.0 0.0 0.0 0.0 0.0 0.0 0.0 0.0 0.0 0.0 0.0 0.0 0.0 0.0 0.0 0.0 0.0 0.0 0.0 0.0 0.0 0.0 0.0 0.0 0.0 0.0 0.0 0.0 0.0 0.0 0.0 0.0 0.0 0.0 0.0 
-4.7165709269204476e-18 9.86697287711135e-19 1.0502460667684347e-17 7.504357424736663e-19 3.55111850114701e-21 -1.6572385543984378e-21 -1.6369242267012285e-20 -2.3268316183613708e-20 6.111412126875293e-18 9.357236126511115e-17 3.5301962439502158e-15 6.253622561839893e-14 9.341113391462089e-13 1.03049304621063e-11 8.694059956445082e-11 5.922182063220829e-10 3.0580315003904616e-9 1.2293862014295097e-8 3.8560833352272195e-8 9.36987147171505e-8 1.7782020633149372e-7 2.670577908536981e-7 3.363991290958303e-7 4.159836544735304e-7 6.213461810239543e-7 1.0659007666912427e-6 1.6980057452501096e-6 2.2339900163968573e-6 2.3774427744727713e-6 2.1115407544789864e-6 1.7125578139289354e-6 1.41891813692071e-6 1.2190492836023798e-6 9.773444422079549e-7 6.600174034987666e-7 3.5703427878079303e-7 1.5151821049228352e-7 5.020951485460995e-8 1.2915728007379724e-8 2.5627303385569083e-9 4.028069207554699e-10 4.784701243083836e-11 4.409982011890429e-12 3.3105267754247393e-13 1.7782788102568955e-14 7.276090536268245e-16 1.1202873406430696e-16 3.0097271337478145e-17 -5.316873149724335e-18 3.032956305767415e-17 6.489221989572616e-17 2.610333616346951e-18 3.333342468962833e-18 6.226140935717884e-17 0.0 0.0 0.0 0.0 0.0 0.0 0.0 0.0 0.0 0.0 0.0 0.0 0.0 0.0 0.0 0.0 0.0 0.0 0.0 0.0 0.0 0.0 0.0 0.0 0.0 0.0 0.0 0.0 0.0 0.0 0.0 0.0 0.0 0.0 0.0 0.0 0.0 0.0 0.0 0.0 0.0 0.0 0.0 0.0 0.0 0.0 
-4.3328009195225475e-18 6.536017751902197e-19 7.036447645029373e-18 5.027241268721769e-19 2.1297964138394862e-21 -1.607778919613743e-21 -5.7912634154591774e-21 -2.501545849403586e-21 2.1940535495934993e-18 3.6296168011451977e-17 8.064392297000355e-16 1.5624324004558396e-14 2.3286546932600917e-13 2.5706347338500036e-12 2.1691606166426023e-11 1.4777358233713807e-10 7.630979414898197e-10 3.0679625699729288e-9 9.624731883403507e-9 2.3405109675345565e-8 4.4559552482382695e-8 6.780732605655682e-8 8.944100917954242e-8 1.23944908053681e-7 2.1245486546446384e-7 3.9299724069832364e-7 6.428263089455415e-7 8.52930980138768e-7 9.085892952111152e-7 8.006913435090188e-7 6.347756272404747e-7 5.0734492547013e-7 4.2254161621587827e-7 3.332124865928274e-7 2.2354769085546063e-7 1.2064071009277153e-7 5.1155785040814156e-8 1.6947268542167203e-8 4.359048576693879e-9 8.648928496364497e-10 1.359414082683157e-10 1.6147660960098175e-11 1.4881887478704294e-12 1.1169488126410693e-13 6.0664913960198436e-15 2.082085364843263e-16 7.924740189589581e-17 9.662593216972528e-18 -4.852532322321641e-19 3.30480651638862e-17 5.739497187598495e-17 3.098687318433575e-18 3.3289706846449226e-18 4.294883073748116e-17 0.0 0.0 0.0 0.0 0.0 0.0 0.0 0.0 0.0 0.0 0.0 0.0 0.0 0.0 0.0 0.0 0.0 0.0 0.0 0.0 0.0 0.0 0.0 0.0 0.0 0.0 0.0 0.0 0.0 0.0 0.0 0.0 0.0 0.0 0.0 0.0 0.0 0.0 0.0 0.0 0.0 0.0 0.0 0.0 0.0 0.0 
-3.2644256747161988e-18 3.7501050263448415e-19 4.088417166867494e-18 2.9210712393997664e-19 1.271166869850521e-21 -8.444087091270684e-22 -3.6706506609474916e-21 -3.973014489770989e-21 1.393137378624177e-18 2.3806713526689396e-17 7.797893903397113e-17 3.0713376789100825e-15 4.4974732259703994e-14 4.973387271726115e-13 4.19631057557242e-12 2.8588212364961328e-11 1.4763239814591788e-10 5.935862268391559e-10 1.8627895143347093e-9 4.535864264694168e-9 8.681536679008073e-9 1.3494182146096064e-8 1.9062681052431476e-8 3.039697223639281e-8 5.934634794359277e-8 1.1632692555956713e-7 1.9377956454754363e-7 2.5844495495093234e-7 2.750960849321348e-7 2.4024211987937557e-7 1.8587563190319123e-7 1.4277002605681899e-7 1.1465292142248993e-7 8.860344207214625e-8 5.895634221736297e-8 3.17220638256252e-8 1.3437515380608134e-8 4.4501933605060315e-9 1.1445112163187244e-9 2.2707740396182182e-10 3.569086576689514e-11 4.239542034416123e-12 3.905883036525398e-13 2.927861056143305e-14 1.6437557368188213e-15 5.502039724660574e-18 5.247229986077968e-17 -4.325033621604902e-18 3.2643502679591112e-18 2.9450299561385206e-17 4.4001697420105785e-17 2.9652003860471136e-18 2.080797037234719e-18 1.9028760110266468e-17 0.0 0.0 0.0 0.0 0.0 0.0 0.0 0.0 0.0 0.0 0.0 0.0 0.0 0.0 0.0 0.0 0.0 0.0 0.0 0.0 0.0 0.0 0.0 0.0 0.0 0.0 0.0 0.0 0.0 0.0 0.0 0.0 0.0 0.0 0.0 0.0 0.0 0.0 0.0 0.0 0.0 0.0 0.0 0.0 0.0 0.0 
-1.4269223084692762e-18 2.1030441383870923e-19 2.2662191879581796e-18 1.6191851303037367e-19 7.097980889179952e-22 -1.4805715235199684e-21 -1.996086327940843e-20 -2.751691280490503e-19 1.5561148584249526e-17 1.9198553043856995e-17 -3.3827562368481233e-18 5.014018879006881e-16 6.4884448054979946e-15 7.268019782107552e-14 6.128706787418696e-13 4.1761397058411495e-12 2.1570926165139915e-11 8.676266396198943e-11 2.7252331788276816e-10 6.654004402017464e-10 1.2859198329612008e-9 2.0713017007094552e-9 3.2379011218692435e-9 6.0744495930625865e-9 1.3294149920187981e-8 2.7190728071037147e-8 4.585789683951059e-8 6.134754964718997e-8 6.518900894332783e-8 5.639554197744673e-8 4.256353539246257e-8 3.133005851981771e-8 2.412589304657287e-8 1.8189870640714963e-8 1.1979301097134718e-8 6.421327121720142e-9 2.7165636416227824e-9 8.992822349033625e-10 2.312452686541063e-10 4.5878058474859785e-11 7.210667855216796e-12 8.565638686776634e-13 7.876896214293022e-14 5.852489316221978e-15 3.554400963675331e-16 -1.5650008948630715e-17 3.094528124815958e-17 -2.2860524970626115e-18 4.3438288908965e-18 1.867721209572908e-17 3.327015261274713e-17 1.1428527045696e-18 1.4541133544007525e-19 -1.4852106356121442e-18 0.0 0.0 0.0 0.0 0.0 0.0 0.0 0.0 0.0 0.0 0.0 0.0 0.0 0.0 0.0 0.0 0.0 0.0 0.0 0.0 0.0 0.0 0.0 0.0 0.0 0.0 0.0 0.0 0.0 0.0 0.0 0.0 0.0 0.0 0.0 0.0 0.0 0.0 0.0 0.0 0.0 0.0 0.0 0.0 0.0 0.0 
3.407716550735298e-20 1.8559898889077584e-19 1.914951999041785e-18 1.3686757600951522e-19 6.807208501652196e-22 -1.8322488445970475e-20 -3.187486055887395e-19 4.056880194001122e-18 2.772540899700933e-17 2.0081153822798053e-17 -1.3993251229734007e-19 1.3792531637763413e-16 7.205836644887389e-16 9.067169039701206e-15 7.678234568898938e-14 5.290034017787362e-13 2.7700552667607933e-12 1.1340355529568422e-11 3.64839966475585e-11 9.195182286550507e-11 1.8593672394552367e-10 3.2102525379924325e-10 5.520820157644958e-10 1.1210585534813716e-9 2.524522956230251e-9 5.184326272810088e-9 8.738964455417114e-9 1.167833585024553e-8 1.2375154691339422e-8 1.0613905953002127e-8 7.835955265324508e-9 5.542858534035897e-9 4.091069837898009e-9 3.0034825067900895e-9 1.9553781244063392e-9 1.0436945409729252e-9 4.408904757575198e-10 1.458811009344706e-10 3.750623640757962e-11 7.440623882470513e-12 1.1693200542433783e-12 1.389391013218142e-13 1.2627687934621261e-14 8.727990693816785e-16 4.479358587586806e-17 -4.01472973307324e-18 1.047647927671961e-17 -4.377904959115006e-19 4.824891615879491e-18 1.914462375335975e-18 1.994718194744089e-17 5.377053382403824e-19 -2.955250819602602e-20 3.992240866809314e-20 0.0 0.0 0.0 0.0 0.0 0.0 0.0 0.0 0.0 0.0 0.0 0.0 0.0 0.0 0.0 0.0 0.0 0.0 0.0 0.0 0.0 0.0 0.0 0.0 0.0 0.0 0.0 0.0 0.0 0.0 0.0 0.0 0.0 0.0 0.0 0.0 0.0 0.0 0.0 0.0 0.0 0.0 0.0 0.0 0.0 0.0 
0.0 0.0 0.0 0.0 0.0 0.0 0.0 0.0 0.0 0.0 0.0 0.0 0.0 0.0 0.0 0.0 0.0 0.0 0.0 0.0 0.0 0.0 0.0 0.0 0.0 0.0 0.0 0.0 0.0 0.0 0.0 0.0 0.0 0.0 0.0 0.0 0.0 0.0 0.0 0.0 0.0 0.0 0.0 0.0 0.0 0.0 0.0 0.0 0.0 0.0 0.0 0.0 0.0 0.0 0.0 0.0 0.0 0.0 0.0 0.0 0.0 0.0 0.0 0.0 0.0 0.0 0.0 0.0 0.0 0.0 0.0 0.0 0.0 0.0 0.0 0.0 0.0 0.0 0.0 0.0 0.0 0.0 0.0 0.0 0.0 0.0 0.0 0.0 0.0 0.0 0.0 0.0 0.0 0.0 0.0 0.0 0.0 0.0 0.0 0.0 
0.0 0.0 0.0 0.0 0.0 0.0 0.0 0.0 0.0 0.0 0.0 0.0 0.0 0.0 0.0 0.0 0.0 0.0 0.0 0.0 0.0 0.0 0.0 0.0 0.0 0.0 0.0 0.0 0.0 0.0 0.0 0.0 0.0 0.0 0.0 0.0 0.0 0.0 0.0 0.0 0.0 0.0 0.0 0.0 0.0 0.0 0.0 0.0 0.0 0.0 0.0 0.0 0.0 0.0 0.0 0.0 0.0 0.0 0.0 0.0 0.0 0.0 0.0 0.0 0.0 0.0 0.0 0.0 0.0 0.0 0.0 0.0 0.0 0.0 0.0 0.0 0.0 0.0 0.0 0.0 0.0 0.0 0.0 0.0 0.0 0.0 0.0 0.0 0.0 0.0 0.0 0.0 0.0 0.0 0.0 0.0 0.0 0.0 0.0 0.0 
0.0 0.0 0.0 0.0 0.0 0.0 0.0 0.0 0.0 0.0 0.0 0.0 0.0 0.0 0.0 0.0 0.0 0.0 0.0 0.0 0.0 0.0 0.0 0.0 0.0 0.0 0.0 0.0 0.0 0.0 0.0 0.0 0.0 0.0 0.0 0.0 0.0 0.0 0.0 0.0 0.0 0.0 0.0 0.0 0.0 0.0 0.0 0.0 0.0 0.0 0.0 0.0 0.0 0.0 0.0 0.0 0.0 0.0 0.0 0.0 0.0 0.0 0.0 0.0 0.0 0.0 0.0 0.0 0.0 0.0 0.0 0.0 0.0 0.0 0.0 0.0 0.0 0.0 0.0 0.0 0.0 0.0 0.0 0.0 0.0 0.0 0.0 0.0 0.0 0.0 0.0 0.0 0.0 0.0 0.0 0.0 0.0 0.0 0.0 0.0 
0.0 0.0 0.0 0.0 0.0 0.0 0.0 0.0 0.0 0.0 0.0 0.0 0.0 0.0 0.0 0.0 0.0 0.0 0.0 0.0 0.0 0.0 0.0 0.0 0.0 0.0 0.0 0.0 0.0 0.0 0.0 0.0 0.0 0.0 0.0 0.0 0.0 0.0 0.0 0.0 0.0 0.0 0.0 0.0 0.0 0.0 0.0 0.0 0.0 0.0 0.0 0.0 0.0 0.0 0.0 0.0 0.0 0.0 0.0 0.0 0.0 0.0 0.0 0.0 0.0 0.0 0.0 0.0 0.0 0.0 0.0 0.0 0.0 0.0 0.0 0.0 0.0 0.0 0.0 0.0 0.0 0.0 0.0 0.0 0.0 0.0 0.0 0.0 0.0 0.0 0.0 0.0 0.0 0.0 0.0 0.0 0.0 0.0 0.0 0.0 
0.0 0.0 0.0 0.0 0.0 0.0 0.0 0.0 0.0 0.0 0.0 0.0 0.0 0.0 0.0 0.0 0.0 0.0 0.0 0.0 0.0 0.0 0.0 0.0 0.0 0.0 0.0 0.0 0.0 0.0 0.0 0.0 0.0 0.0 0.0 0.0 0.0 0.0 0.0 0.0 0.0 0.0 0.0 0.0 0.0 0.0 0.0 0.0 0.0 0.0 0.0 0.0 0.0 0.0 0.0 0.0 0.0 0.0 0.0 0.0 0.0 0.0 0.0 0.0 0.0 0.0 0.0 0.0 0.0 0.0 0.0 0.0 0.0 0.0 0.0 0.0 0.0 0.0 0.0 0.0 0.0 0.0 0.0 0.0 0.0 0.0 0.0 0.0 0.0 0.0 0.0 0.0 0.0 0.0 0.0 0.0 0.0 0.0 0.0 0.0 
0.0 0.0 0.0 0.0 0.0 0.0 0.0 0.0 0.0 0.0 0.0 0.0 0.0 0.0 0.0 0.0 0.0 0.0 0.0 0.0 0.0 0.0 0.0 0.0 0.0 0.0 0.0 0.0 0.0 0.0 0.0 0.0 0.0 0.0 0.0 0.0 0.0 0.0 0.0 0.0 0.0 0.0 0.0 0.0 0.0 0.0 0.0 0.0 0.0 0.0 0.0 0.0 0.0 0.0 0.0 0.0 0.0 0.0 0.0 0.0 0.0 0.0 0.0 0.0 0.0 0.0 0.0 0.0 0.0 0.0 0.0 0.0 0.0 0.0 0.0 0.0 0.0 0.0 0.0 0.0 0.0 0.0 0.0 0.0 0.0 0.0 0.0 0.0 0.0 0.0 0.0 0.0 0.0 0.0 0.0 0.0 0.0 0.0 0.0 0.0 
0.0 0.0 0.0 0.0 0.0 0.0 0.0 0.0 0.0 0.0 0.0 0.0 0.0 0.0 0.0 0.0 0.0 0.0 0.0 0.0 0.0 0.0 0.0 0.0 0.0 0.0 0.0 0.0 0.0 0.0 0.0 0.0 0.0 0.0 0.0 0.0 0.0 0.0 0.0 0.0 0.0 0.0 0.0 0.0 0.0 0.0 0.0 0.0 0.0 0.0 0.0 0.0 0.0 0.0 0.0 0.0 0.0 0.0 0.0 0.0 0.0 0.0 0.0 0.0 0.0 0.0 0.0 0.0 0.0 0.0 0.0 0.0 0.0 0.0 0.0 0.0 0.0 0.0 0.0 0.0 0.0 0.0 0.0 0.0 0.0 0.0 0.0 0.0 0.0 0.0 0.0 0.0 0.0 0.0 0.0 0.0 0.0 0.0 0.0 0.0 
0.0 0.0 0.0 0.0 0.0 0.0 0.0 0.0 0.0 0.0 0.0 0.0 0.0 0.0 0.0 0.0 0.0 0.0 0.0 0.0 0.0 0.0 0.0 0.0 0.0 0.0 0.0 0.0 0.0 0.0 0.0 0.0 0.0 0.0 0.0 0.0 0.0 0.0 0.0 0.0 0.0 0.0 0.0 0.0 0.0 0.0 0.0 0.0 0.0 0.0 0.0 0.0 0.0 0.0 0.0 0.0 0.0 0.0 0.0 0.0 0.0 0.0 0.0 0.0 0.0 0.0 0.0 0.0 0.0 0.0 0.0 0.0 0.0 0.0 0.0 0.0 0.0 0.0 0.0 0.0 0.0 0.0 0.0 0.0 0.0 0.0 0.0 0.0 0.0 0.0 0.0 0.0 0.0 0.0 0.0 0.0 0.0 0.0 0.0 0.0 
0.0 0.0 0.0 0.0 0.0 0.0 0.0 0.0 0.0 0.0 0.0 0.0 0.0 0.0 0.0 0.0 0.0 0.0 0.0 0.0 0.0 0.0 0.0 0.0 0.0 0.0 0.0 0.0 0.0 0.0 0.0 0.0 0.0 0.0 0.0 0.0 0.0 0.0 0.0 0.0 0.0 0.0 0.0 0.0 0.0 0.0 0.0 0.0 0.0 0.0 0.0 0.0 0.0 0.0 0.0 0.0 0.0 0.0 0.0 0.0 0.0 0.0 0.0 0.0 0.0 0.0 0.0 0.0 0.0 0.0 0.0 0.0 0.0 0.0 0.0 0.0 0.0 0.0 0.0 0.0 0.0 0.0 0.0 0.0 0.0 0.0 0.0 0.0 0.0 0.0 0.0 0.0 0.0 0.0 0.0 0.0 0.0 0.0 0.0 0.0 
0.0 0.0 0.0 0.0 0.0 0.0 0.0 0.0 0.0 0.0 0.0 0.0 0.0 0.0 0.0 0.0 0.0 0.0 0.0 0.0 0.0 0.0 0.0 0.0 0.0 0.0 0.0 0.0 0.0 0.0 0.0 0.0 0.0 0.0 0.0 0.0 0.0 0.0 0.0 0.0 0.0 0.0 0.0 0.0 0.0 0.0 0.0 0.0 0.0 0.0 0.0 0.0 0.0 0.0 0.0 0.0 0.0 0.0 0.0 0.0 0.0 0.0 0.0 0.0 0.0 0.0 0.0 0.0 0.0 0.0 0.0 0.0 0.0 0.0 0.0 0.0 0.0 0.0 0.0 0.0 0.0 0.0 0.0 0.0 0.0 0.0 0.0 0.0 0.0 0.0 0.0 0.0 0.0 0.0 0.0 0.0 0.0 0.0 0.0 0.0 
0.0 0.0 0.0 0.0 0.0 0.0 0.0 0.0 0.0 0.0 0.0 0.0 0.0 0.0 0.0 0.0 0.0 0.0 0.0 0.0 0.0 0.0 0.0 0.0 0.0 0.0 0.0 0.0 0.0 0.0 0.0 0.0 0.0 0.0 0.0 0.0 0.0 0.0 0.0 0.0 0.0 0.0 0.0 0.0 0.0 0.0 0.0 0.0 0.0 0.0 0.0 0.0 0.0 0.0 0.0 0.0 0.0 0.0 0.0 0.0 0.0 0.0 0.0 0.0 0.0 0.0 0.0 0.0 0.0 0.0 0.0 0.0 0.0 0.0 0.0 0.0 0.0 0.0 0.0 0.0 0.0 0.0 0.0 0.0 0.0 0.0 0.0 0.0 0.0 0.0 0.0 0.0 0.0 0.0 0.0 0.0 0.0 0.0 0.0 0.0 
0.0 0.0 0.0 0.0 0.0 0.0 0.0 0.0 0.0 0.0 0.0 0.0 0.0 0.0 0.0 0.0 0.0 0.0 0.0 0.0 0.0 0.0 0.0 0.0 0.0 0.0 0.0 0.0 0.0 0.0 0.0 0.0 0.0 0.0 0.0 0.0 0.0 0.0 0.0 0.0 0.0 0.0 0.0 0.0 0.0 0.0 0.0 0.0 0.0 0.0 0.0 0.0 0.0 0.0 0.0 0.0 0.0 0.0 0.0 0.0 0.0 0.0 0.0 0.0 0.0 0.0 0.0 0.0 0.0 0.0 0.0 0.0 0.0 0.0 0.0 0.0 0.0 0.0 0.0 0.0 0.0 0.0 0.0 0.0 0.0 0.0 0.0 0.0 0.0 0.0 0.0 0.0 0.0 0.0 0.0 0.0 0.0 0.0 0.0 0.0 
0.0 0.0 0.0 0.0 0.0 0.0 0.0 0.0 0.0 0.0 0.0 0.0 0.0 0.0 0.0 0.0 0.0 0.0 0.0 0.0 0.0 0.0 0.0 0.0 0.0 0.0 0.0 0.0 0.0 0.0 0.0 0.0 0.0 0.0 0.0 0.0 0.0 0.0 0.0 0.0 0.0 0.0 0.0 0.0 0.0 0.0 0.0 0.0 0.0 0.0 0.0 0.0 0.0 0.0 0.0 0.0 0.0 0.0 0.0 0.0 0.0 0.0 0.0 0.0 0.0 0.0 0.0 0.0 0.0 0.0 0.0 0.0 0.0 0.0 0.0 0.0 0.0 0.0 0.0 0.0 0.0 0.0 0.0 0.0 0.0 0.0 0.0 0.0 0.0 0.0 0.0 0.0 0.0 0.0 0.0 0.0 0.0 0.0 0.0 0.0 
0.0 0.0 0.0 0.0 0.0 0.0 0.0 0.0 0.0 0.0 0.0 0.0 0.0 0.0 0.0 0.0 0.0 0.0 0.0 0.0 0.0 0.0 0.0 0.0 0.0 0.0 0.0 0.0 0.0 0.0 0.0 0.0 0.0 0.0 0.0 0.0 0.0 0.0 0.0 0.0 0.0 0.0 0.0 0.0 0.0 0.0 0.0 0.0 0.0 0.0 0.0 0.0 0.0 0.0 0.0 0.0 0.0 0.0 0.0 0.0 0.0 0.0 0.0 0.0 0.0 0.0 0.0 0.0 0.0 0.0 0.0 0.0 0.0 0.0 0.0 0.0 0.0 0.0 0.0 0.0 0.0 0.0 0.0 0.0 0.0 0.0 0.0 0.0 0.0 0.0 0.0 0.0 0.0 0.0 0.0 0.0 0.0 0.0 0.0 0.0 
0.0 0.0 0.0 0.0 0.0 0.0 0.0 0.0 0.0 0.0 0.0 0.0 0.0 0.0 0.0 0.0 0.0 0.0 0.0 0.0 0.0 0.0 0.0 0.0 0.0 0.0 0.0 0.0 0.0 0.0 0.0 0.0 0.0 0.0 0.0 0.0 0.0 0.0 0.0 0.0 0.0 0.0 0.0 0.0 0.0 0.0 0.0 0.0 0.0 0.0 0.0 0.0 0.0 0.0 0.0 0.0 0.0 0.0 0.0 0.0 0.0 0.0 0.0 0.0 0.0 0.0 0.0 0.0 0.0 0.0 0.0 0.0 0.0 0.0 0.0 0.0 0.0 0.0 0.0 0.0 0.0 0.0 0.0 0.0 0.0 0.0 0.0 0.0 0.0 0.0 0.0 0.0 0.0 0.0 0.0 0.0 0.0 0.0 0.0 0.0 
0.0 0.0 0.0 0.0 0.0 0.0 0.0 0.0 0.0 0.0 0.0 0.0 0.0 0.0 0.0 0.0 0.0 0.0 0.0 0.0 0.0 0.0 0.0 0.0 0.0 0.0 0.0 0.0 0.0 0.0 0.0 0.0 0.0 0.0 0.0 0.0 0.0 0.0 0.0 0.0 0.0 0.0 0.0 0.0 0.0 0.0 0.0 0.0 0.0 0.0 0.0 0.0 0.0 0.0 0.0 0.0 0.0 0.0 0.0 0.0 0.0 0.0 0.0 0.0 0.0 0.0 0.0 0.0 0.0 0.0 0.0 0.0 0.0 0.0 0.0 0.0 0.0 0.0 0.0 0.0 0.0 0.0 0.0 0.0 0.0 0.0 0.0 0.0 0.0 0.0 0.0 0.0 0.0 0.0 0.0 0.0 0.0 0.0 0.0 0.0 
0.0 0.0 0.0 0.0 0.0 0.0 0.0 0.0 0.0 0.0 0.0 0.0 0.0 0.0 0.0 0.0 0.0 0.0 0.0 0.0 0.0 0.0 0.0 0.0 0.0 0.0 0.0 0.0 0.0 0.0 0.0 0.0 0.0 0.0 0.0 0.0 0.0 0.0 0.0 0.0 0.0 0.0 0.0 0.0 0.0 0.0 0.0 0.0 0.0 0.0 0.0 0.0 0.0 0.0 0.0 0.0 0.0 0.0 0.0 0.0 0.0 0.0 0.0 0.0 0.0 0.0 0.0 0.0 0.0 0.0 0.0 0.0 0.0 0.0 0.0 0.0 0.0 0.0 0.0 0.0 0.0 0.0 0.0 0.0 0.0 0.0 0.0 0.0 0.0 0.0 0.0 0.0 0.0 0.0 0.0 0.0 0.0 0.0 0.0 0.0 
0.0 0.0 0.0 0.0 0.0 0.0 0.0 0.0 0.0 0.0 0.0 0.0 0.0 0.0 0.0 0.0 0.0 0.0 0.0 0.0 0.0 0.0 0.0 0.0 0.0 0.0 0.0 0.0 0.0 0.0 0.0 0.0 0.0 0.0 0.0 0.0 0.0 0.0 0.0 0.0 0.0 0.0 0.0 0.0 0.0 0.0 0.0 0.0 0.0 0.0 0.0 0.0 0.0 0.0 0.0 0.0 0.0 0.0 0.0 0.0 0.0 0.0 0.0 0.0 0.0 0.0 0.0 0.0 0.0 0.0 0.0 0.0 0.0 0.0 0.0 0.0 0.0 0.0 0.0 0.0 0.0 0.0 0.0 0.0 0.0 0.0 0.0 0.0 0.0 0.0 0.0 0.0 0.0 0.0 0.0 0.0 0.0 0.0 0.0 0.0 
0.0 0.0 0.0 0.0 0.0 0.0 0.0 0.0 0.0 0.0 0.0 0.0 0.0 0.0 0.0 0.0 0.0 0.0 0.0 0.0 0.0 0.0 0.0 0.0 0.0 0.0 0.0 0.0 0.0 0.0 0.0 0.0 0.0 0.0 0.0 0.0 0.0 0.0 0.0 0.0 0.0 0.0 0.0 0.0 0.0 0.0 0.0 0.0 0.0 0.0 0.0 0.0 0.0 0.0 0.0 0.0 0.0 0.0 0.0 0.0 0.0 0.0 0.0 0.0 0.0 0.0 0.0 0.0 0.0 0.0 0.0 0.0 0.0 0.0 0.0 0.0 0.0 0.0 0.0 0.0 0.0 0.0 0.0 0.0 0.0 0.0 0.0 0.0 0.0 0.0 0.0 0.0 0.0 0.0 0.0 0.0 0.0 0.0 0.0 0.0 
0.0 0.0 0.0 0.0 0.0 0.0 0.0 0.0 0.0 0.0 0.0 0.0 0.0 0.0 0.0 0.0 0.0 0.0 0.0 0.0 0.0 0.0 0.0 0.0 0.0 0.0 0.0 0.0 0.0 0.0 0.0 0.0 0.0 0.0 0.0 0.0 0.0 0.0 0.0 0.0 0.0 0.0 0.0 0.0 0.0 0.0 0.0 0.0 0.0 0.0 0.0 0.0 0.0 0.0 0.0 0.0 0.0 0.0 0.0 0.0 0.0 0.0 0.0 0.0 0.0 0.0 0.0 0.0 0.0 0.0 0.0 0.0 0.0 0.0 0.0 0.0 0.0 0.0 0.0 0.0 0.0 0.0 0.0 0.0 0.0 0.0 0.0 0.0 0.0 0.0 0.0 0.0 0.0 0.0 0.0 0.0 0.0 0.0 0.0 0.0 
0.0 0.0 0.0 0.0 0.0 0.0 0.0 0.0 0.0 0.0 0.0 0.0 0.0 0.0 0.0 0.0 0.0 0.0 0.0 0.0 0.0 0.0 0.0 0.0 0.0 0.0 0.0 0.0 0.0 0.0 0.0 0.0 0.0 0.0 0.0 0.0 0.0 0.0 0.0 0.0 0.0 0.0 0.0 0.0 0.0 0.0 0.0 0.0 0.0 0.0 0.0 0.0 0.0 0.0 0.0 0.0 0.0 0.0 0.0 0.0 0.0 0.0 0.0 0.0 0.0 0.0 0.0 0.0 0.0 0.0 0.0 0.0 0.0 0.0 0.0 0.0 0.0 0.0 0.0 0.0 0.0 0.0 0.0 0.0 0.0 0.0 0.0 0.0 0.0 0.0 0.0 0.0 0.0 0.0 0.0 0.0 0.0 0.0 0.0 0.0 
0.0 0.0 0.0 0.0 0.0 0.0 0.0 0.0 0.0 0.0 0.0 0.0 0.0 0.0 0.0 0.0 0.0 0.0 0.0 0.0 0.0 0.0 0.0 0.0 0.0 0.0 0.0 0.0 0.0 0.0 0.0 0.0 0.0 0.0 0.0 0.0 0.0 0.0 0.0 0.0 0.0 0.0 0.0 0.0 0.0 0.0 0.0 0.0 0.0 0.0 0.0 0.0 0.0 0.0 0.0 0.0 0.0 0.0 0.0 0.0 0.0 0.0 0.0 0.0 0.0 0.0 0.0 0.0 0.0 0.0 0.0 0.0 0.0 0.0 0.0 0.0 0.0 0.0 0.0 0.0 0.0 0.0 0.0 0.0 0.0 0.0 0.0 0.0 0.0 0.0 0.0 0.0 0.0 0.0 0.0 0.0 0.0 0.0 0.0 0.0 
0.0 0.0 0.0 0.0 0.0 0.0 0.0 0.0 0.0 0.0 0.0 0.0 0.0 0.0 0.0 0.0 0.0 0.0 0.0 0.0 0.0 0.0 0.0 0.0 0.0 0.0 0.0 0.0 0.0 0.0 0.0 0.0 0.0 0.0 0.0 0.0 0.0 0.0 0.0 0.0 0.0 0.0 0.0 0.0 0.0 0.0 0.0 0.0 0.0 0.0 0.0 0.0 0.0 0.0 0.0 0.0 0.0 0.0 0.0 0.0 0.0 0.0 0.0 0.0 0.0 0.0 0.0 0.0 0.0 0.0 0.0 0.0 0.0 0.0 0.0 0.0 0.0 0.0 0.0 0.0 0.0 0.0 0.0 0.0 0.0 0.0 0.0 0.0 0.0 0.0 0.0 0.0 0.0 0.0 0.0 0.0 0.0 0.0 0.0 0.0 
0.0 0.0 0.0 0.0 0.0 0.0 0.0 0.0 0.0 0.0 0.0 0.0 0.0 0.0 0.0 0.0 0.0 0.0 0.0 0.0 0.0 0.0 0.0 0.0 0.0 0.0 0.0 0.0 0.0 0.0 0.0 0.0 0.0 0.0 0.0 0.0 0.0 0.0 0.0 0.0 0.0 0.0 0.0 0.0 0.0 0.0 0.0 0.0 0.0 0.0 0.0 0.0 0.0 0.0 0.0 0.0 0.0 0.0 0.0 0.0 0.0 0.0 0.0 0.0 0.0 0.0 0.0 0.0 0.0 0.0 0.0 0.0 0.0 0.0 0.0 0.0 0.0 0.0 0.0 0.0 0.0 0.0 0.0 0.0 0.0 0.0 0.0 0.0 0.0 0.0 0.0 0.0 0.0 0.0 0.0 0.0 0.0 0.0 0.0 0.0 
0.0 0.0 0.0 0.0 0.0 0.0 0.0 0.0 0.0 0.0 0.0 0.0 0.0 0.0 0.0 0.0 0.0 0.0 0.0 0.0 0.0 0.0 0.0 0.0 0.0 0.0 0.0 0.0 0.0 0.0 0.0 0.0 0.0 0.0 0.0 0.0 0.0 0.0 0.0 0.0 0.0 0.0 0.0 0.0 0.0 0.0 0.0 0.0 0.0 0.0 0.0 0.0 0.0 0.0 0.0 0.0 0.0 0.0 0.0 0.0 0.0 0.0 0.0 0.0 0.0 0.0 0.0 0.0 0.0 0.0 0.0 0.0 0.0 0.0 0.0 0.0 0.0 0.0 0.0 0.0 0.0 0.0 0.0 0.0 0.0 0.0 0.0 0.0 0.0 0.0 0.0 0.0 0.0 0.0 0.0 0.0 0.0 0.0 0.0 0.0 
0.0 0.0 0.0 0.0 0.0 0.0 0.0 0.0 0.0 0.0 0.0 0.0 0.0 0.0 0.0 0.0 0.0 0.0 0.0 0.0 0.0 0.0 0.0 0.0 0.0 0.0 0.0 0.0 0.0 0.0 0.0 0.0 0.0 0.0 0.0 0.0 0.0 0.0 0.0 0.0 0.0 0.0 0.0 0.0 0.0 0.0 0.0 0.0 0.0 0.0 0.0 0.0 0.0 0.0 0.0 0.0 0.0 0.0 0.0 0.0 0.0 0.0 0.0 0.0 0.0 0.0 0.0 0.0 0.0 0.0 0.0 0.0 0.0 0.0 0.0 0.0 0.0 0.0 0.0 0.0 0.0 0.0 0.0 0.0 0.0 0.0 0.0 0.0 0.0 0.0 0.0 0.0 0.0 0.0 0.0 0.0 0.0 0.0 0.0 0.0 
0.0 0.0 0.0 0.0 0.0 0.0 0.0 0.0 0.0 0.0 0.0 0.0 0.0 0.0 0.0 0.0 0.0 0.0 0.0 0.0 0.0 0.0 0.0 0.0 0.0 0.0 0.0 0.0 0.0 0.0 0.0 0.0 0.0 0.0 0.0 0.0 0.0 0.0 0.0 0.0 0.0 0.0 0.0 0.0 0.0 0.0 0.0 0.0 0.0 0.0 0.0 0.0 0.0 0.0 0.0 0.0 0.0 0.0 0.0 0.0 0.0 0.0 0.0 0.0 0.0 0.0 0.0 0.0 0.0 0.0 0.0 0.0 0.0 0.0 0.0 0.0 0.0 0.0 0.0 0.0 0.0 0.0 0.0 0.0 0.0 0.0 0.0 0.0 0.0 0.0 0.0 0.0 0.0 0.0 0.0 0.0 0.0 0.0 0.0 0.0 
0.0 0.0 0.0 0.0 0.0 0.0 0.0 0.0 0.0 0.0 0.0 0.0 0.0 0.0 0.0 0.0 0.0 0.0 0.0 0.0 0.0 0.0 0.0 0.0 0.0 0.0 0.0 0.0 0.0 0.0 0.0 0.0 0.0 0.0 0.0 0.0 0.0 0.0 0.0 0.0 0.0 0.0 0.0 0.0 0.0 0.0 0.0 0.0 0.0 0.0 0.0 0.0 0.0 0.0 0.0 0.0 0.0 0.0 0.0 0.0 0.0 0.0 0.0 0.0 0.0 0.0 0.0 0.0 0.0 0.0 0.0 0.0 0.0 0.0 0.0 0.0 0.0 0.0 0.0 0.0 0.0 0.0 0.0 0.0 0.0 0.0 0.0 0.0 0.0 0.0 0.0 0.0 0.0 0.0 0.0 0.0 0.0 0.0 0.0 0.0 
0.0 0.0 0.0 0.0 0.0 0.0 0.0 0.0 0.0 0.0 0.0 0.0 0.0 0.0 0.0 0.0 0.0 0.0 0.0 0.0 0.0 0.0 0.0 0.0 0.0 0.0 0.0 0.0 0.0 0.0 0.0 0.0 0.0 0.0 0.0 0.0 0.0 0.0 0.0 0.0 0.0 0.0 0.0 0.0 0.0 0.0 0.0 0.0 0.0 0.0 0.0 0.0 0.0 0.0 0.0 0.0 0.0 0.0 0.0 0.0 0.0 0.0 0.0 0.0 0.0 0.0 0.0 0.0 0.0 0.0 0.0 0.0 0.0 0.0 0.0 0.0 0.0 0.0 0.0 0.0 0.0 0.0 0.0 0.0 0.0 0.0 0.0 0.0 0.0 0.0 0.0 0.0 0.0 0.0 0.0 0.0 0.0 0.0 0.0 0.0 
0.0 0.0 0.0 0.0 0.0 0.0 0.0 0.0 0.0 0.0 0.0 0.0 0.0 0.0 0.0 0.0 0.0 0.0 0.0 0.0 0.0 0.0 0.0 0.0 0.0 0.0 0.0 0.0 0.0 0.0 0.0 0.0 0.0 0.0 0.0 0.0 0.0 0.0 0.0 0.0 0.0 0.0 0.0 0.0 0.0 0.0 0.0 0.0 0.0 0.0 0.0 0.0 0.0 0.0 0.0 0.0 0.0 0.0 0.0 0.0 0.0 0.0 0.0 0.0 0.0 0.0 0.0 0.0 0.0 0.0 0.0 0.0 0.0 0.0 0.0 0.0 0.0 0.0 0.0 0.0 0.0 0.0 0.0 0.0 0.0 0.0 0.0 0.0 0.0 0.0 0.0 0.0 0.0 0.0 0.0 0.0 0.0 0.0 0.0 0.0 
0.0 0.0 0.0 0.0 0.0 0.0 0.0 0.0 0.0 0.0 0.0 0.0 0.0 0.0 0.0 0.0 0.0 0.0 0.0 0.0 0.0 0.0 0.0 0.0 0.0 0.0 0.0 0.0 0.0 0.0 0.0 0.0 0.0 0.0 0.0 0.0 0.0 0.0 0.0 0.0 0.0 0.0 0.0 0.0 0.0 0.0 0.0 0.0 0.0 0.0 0.0 0.0 0.0 0.0 0.0 0.0 0.0 0.0 0.0 0.0 0.0 0.0 0.0 0.0 0.0 0.0 0.0 0.0 0.0 0.0 0.0 0.0 0.0 0.0 0.0 0.0 0.0 0.0 0.0 0.0 0.0 0.0 0.0 0.0 0.0 0.0 0.0 0.0 0.0 0.0 0.0 0.0 0.0 0.0 0.0 0.0 0.0 0.0 0.0 0.0 
0.0 0.0 0.0 0.0 0.0 0.0 0.0 0.0 0.0 0.0 0.0 0.0 0.0 0.0 0.0 0.0 0.0 0.0 0.0 0.0 0.0 0.0 0.0 0.0 0.0 0.0 0.0 0.0 0.0 0.0 0.0 0.0 0.0 0.0 0.0 0.0 0.0 0.0 0.0 0.0 0.0 0.0 0.0 0.0 0.0 0.0 0.0 0.0 0.0 0.0 0.0 0.0 0.0 0.0 0.0 0.0 0.0 0.0 0.0 0.0 0.0 0.0 0.0 0.0 0.0 0.0 0.0 0.0 0.0 0.0 0.0 0.0 0.0 0.0 0.0 0.0 0.0 0.0 0.0 0.0 0.0 0.0 0.0 0.0 0.0 0.0 0.0 0.0 0.0 0.0 0.0 0.0 0.0 0.0 0.0 0.0 0.0 0.0 0.0 0.0 
0.0 0.0 0.0 0.0 0.0 0.0 0.0 0.0 0.0 0.0 0.0 0.0 0.0 0.0 0.0 0.0 0.0 0.0 0.0 0.0 0.0 0.0 0.0 0.0 0.0 0.0 0.0 0.0 0.0 0.0 0.0 0.0 0.0 0.0 0.0 0.0 0.0 0.0 0.0 0.0 0.0 0.0 0.0 0.0 0.0 0.0 0.0 0.0 0.0 0.0 0.0 0.0 0.0 0.0 0.0 0.0 0.0 0.0 0.0 0.0 0.0 0.0 0.0 0.0 0.0 0.0 0.0 0.0 0.0 0.0 0.0 0.0 0.0 0.0 0.0 0.0 0.0 0.0 0.0 0.0 0.0 0.0 0.0 0.0 0.0 0.0 0.0 0.0 0.0 0.0 0.0 0.0 0.0 0.0 0.0 0.0 0.0 0.0 0.0 0.0 
0.0 0.0 0.0 0.0 0.0 0.0 0.0 0.0 0.0 0.0 0.0 0.0 0.0 0.0 0.0 0.0 0.0 0.0 0.0 0.0 0.0 0.0 0.0 0.0 0.0 0.0 0.0 0.0 0.0 0.0 0.0 0.0 0.0 0.0 0.0 0.0 0.0 0.0 0.0 0.0 0.0 0.0 0.0 0.0 0.0 0.0 0.0 0.0 0.0 0.0 0.0 0.0 0.0 0.0 0.0 0.0 0.0 0.0 0.0 0.0 0.0 0.0 0.0 0.0 0.0 0.0 0.0 0.0 0.0 0.0 0.0 0.0 0.0 0.0 0.0 0.0 0.0 0.0 0.0 0.0 0.0 0.0 0.0 0.0 0.0 0.0 0.0 0.0 0.0 0.0 0.0 0.0 0.0 0.0 0.0 0.0 0.0 0.0 0.0 0.0 
0.0 0.0 0.0 0.0 0.0 0.0 0.0 0.0 0.0 0.0 0.0 0.0 0.0 0.0 0.0 0.0 0.0 0.0 0.0 0.0 0.0 0.0 0.0 0.0 0.0 0.0 0.0 0.0 0.0 0.0 0.0 0.0 0.0 0.0 0.0 0.0 0.0 0.0 0.0 0.0 0.0 0.0 0.0 0.0 0.0 0.0 0.0 0.0 0.0 0.0 0.0 0.0 0.0 0.0 0.0 0.0 0.0 0.0 0.0 0.0 0.0 0.0 0.0 0.0 0.0 0.0 0.0 0.0 0.0 0.0 0.0 0.0 0.0 0.0 0.0 0.0 0.0 0.0 0.0 0.0 0.0 0.0 0.0 0.0 0.0 0.0 0.0 0.0 0.0 0.0 0.0 0.0 0.0 0.0 0.0 0.0 0.0 0.0 0.0 0.0 
0.0 0.0 0.0 0.0 0.0 0.0 0.0 0.0 0.0 0.0 0.0 0.0 0.0 0.0 0.0 0.0 0.0 0.0 0.0 0.0 0.0 0.0 0.0 0.0 0.0 0.0 0.0 0.0 0.0 0.0 0.0 0.0 0.0 0.0 0.0 0.0 0.0 0.0 0.0 0.0 0.0 0.0 0.0 0.0 0.0 0.0 0.0 0.0 0.0 0.0 0.0 0.0 0.0 0.0 0.0 0.0 0.0 0.0 0.0 0.0 0.0 0.0 0.0 0.0 0.0 0.0 0.0 0.0 0.0 0.0 0.0 0.0 0.0 0.0 0.0 0.0 0.0 0.0 0.0 0.0 0.0 0.0 0.0 0.0 0.0 0.0 0.0 0.0 0.0 0.0 0.0 0.0 0.0 0.0 0.0 0.0 0.0 0.0 0.0 0.0 
0.0 0.0 0.0 0.0 0.0 0.0 0.0 0.0 0.0 0.0 0.0 0.0 0.0 0.0 0.0 0.0 0.0 0.0 0.0 0.0 0.0 0.0 0.0 0.0 0.0 0.0 0.0 0.0 0.0 0.0 0.0 0.0 0.0 0.0 0.0 0.0 0.0 0.0 0.0 0.0 0.0 0.0 0.0 0.0 0.0 0.0 0.0 0.0 0.0 0.0 0.0 0.0 0.0 0.0 0.0 0.0 0.0 0.0 0.0 0.0 0.0 0.0 0.0 0.0 0.0 0.0 0.0 0.0 0.0 0.0 0.0 0.0 0.0 0.0 0.0 0.0 0.0 0.0 0.0 0.0 0.0 0.0 0.0 0.0 0.0 0.0 0.0 0.0 0.0 0.0 0.0 0.0 0.0 0.0 0.0 0.0 0.0 0.0 0.0 0.0 
0.0 0.0 0.0 0.0 0.0 0.0 0.0 0.0 0.0 0.0 0.0 0.0 0.0 0.0 0.0 0.0 0.0 0.0 0.0 0.0 0.0 0.0 0.0 0.0 0.0 0.0 0.0 0.0 0.0 0.0 0.0 0.0 0.0 0.0 0.0 0.0 0.0 0.0 0.0 0.0 0.0 0.0 0.0 0.0 0.0 0.0 0.0 0.0 0.0 0.0 0.0 0.0 0.0 0.0 0.0 0.0 0.0 0.0 0.0 0.0 0.0 0.0 0.0 0.0 0.0 0.0 0.0 0.0 0.0 0.0 0.0 0.0 0.0 0.0 0.0 0.0 0.0 0.0 0.0 0.0 0.0 0.0 0.0 0.0 0.0 0.0 0.0 0.0 0.0 0.0 0.0 0.0 0.0 0.0 0.0 0.0 0.0 0.0 0.0 0.0 
