1.525650644785529e-16 2.2823515159687577e-15 2.9365300910061683e-14 3.12542362533215e-13 2.4820984389717195e-12 1.550294247580814e-11 7.739054576595044e-11 3.0037628676701293e-10 9.32112663900395e-10 2.337825204930651e-9 4.857594250230356e-9 8.705944266289782e-9 1.4144792588271047e-8 2.1874751770317096e-8 3.366884854861437e-8 5.4262717608364374e-8 9.615868383858705e-8 1.885436386464952e-7 3.8317144421843715e-7 7.472317903932195e-7 1.3292944513270881e-6 2.10184551084781e-6 2.927493113864301e-6 3.5902988147764055e-6 3.923563635048937e-6 3.925670152733629e-6 3.7572691629914387e-6 3.5582268140379637e-6 3.315433834739004e-6 2.9386341480246596e-6 2.432378387675658e-6 1.8992195600543695e-6 1.4155687452139767e-6 9.912637380472165e-7 6.298860024561935e-7 3.5624650597568296e-7 1.825849260231287e-7 8.974002827224832e-8 4.4679559838426486e-8 2.263517546572363e-8 1.1019960798983055e-8 4.904535335877932e-9 2.0003213930524215e-9 8.019601069898428e-10 3.4861138080008987e-10 1.6147289226678733e-10 6.933100937566355e-11 2.48536445936333e-11 7.124233794282881e-12 1.586266245851671e-12 2.743848289955246e-13 3.7606391842643785e-14 3.96254936116437e-15 4.102799143760878e-16 1.0520163020365058e-16 1.2456480334245988e-17 2.867236027688918e-17 0.0 0.0 0.0 0.0 0.0 0.0 0.0 0.0 0.0 0.0 0.0 0.0 0.0 0.0 0.0 0.0 0.0 0.0 0.0 0.0 0.0 0.0 0.0 0.0 0.0 0.0 0.0 0.0 0.0 0.0 0.0 0.0 0.0 0.0 0.0 0.0 0.0 0.0 0.0 0.0 0.0 0.0 0.0 
8.857893696457711e-16 1.4863979940609397e-14 1.8863503180649934e-13 2.0069835053590104e-12 1.5906098047146186e-11 9.912641160351938e-11 4.935245844830438e-10 1.9089979403927e-9 5.893063779966288e-9 1.464989799877824e-8 2.9994957533372565e-8 5.250134868958933e-8 8.249411536879561e-8 1.225072169786612e-7 1.801166486099603e-7 2.738194689892891e-7 4.46490467292065e-7 7.864768370703784e-7 1.4331895704971954e-6 2.548989727906404e-6 4.230481102370707e-6 6.373697703360794e-6 8.602564596605869e-6 1.0365470987920241e-5 1.126190939998825e-5 1.1308739159403448e-5 1.0903295685310064e-5 1.0380508658890789e-5 9.717346012199556e-6 8.717964204488677e-6 7.40161601893662e-6 5.995145475324254e-6 4.651057237728974e-6 3.3879401968352294e-6 2.251627843387487e-6 1.3555940657630525e-6 7.597460251715933e-7 4.1626660017357326e-7 2.2878618210847024e-7 1.2358441766744265e-7 6.242774826996685e-8 2.864254772330111e-8 1.2260920463977084e-8 5.352067009659827e-9 2.5682182553667055e-9 1.2684769601819901e-9 5.601905908480252e-10 2.0275821174444297e-10 5.828627705648354e-11 1.2987333993528589e-11 2.246561604523318e-12 3.075433355219746e-13 3.128778590722545e-14 2.596455683529779e-15 2.2241819485164736e-16 3.778765448830512e-18 7.052318251773351e-18 0.0 0.0 0.0 0.0 0.0 0.0 0.0 0.0 0.0 0.0 0.0 0.0 0.0 0.0 0.0 0.0 0.0 0.0 0.0 0.0 0.0 0.0 0.0 0.0 0.0 0.0 0.0 0.0 0.0 0.0 0.0 0.0 0.0 0.0 0.0 0.0 0.0 0.0 0.0 0.0 0.0 0.0 0.0 
4.529901899281606e-15 7.552129038788765e-14 9.513704965397764e-13 1.008304393689618e-11 7.965198329820327e-11 4.949339516140965e-10 2.4566093911546244e-9 9.469931408565347e-9 2.9096681212055704e-8 7.17951399123149e-8 1.452273210876982e-7 2.492869679359555e-7 3.808671354352553e-7 5.465365008683547e-7 7.743667064148594e-7 1.1287947983853929e-6 1.7393455997870528e-6 2.8343094701166974e-6 4.719468239647154e-6 7.694717385063593e-6 1.1881670594726279e-5 1.699129002191174e-5 2.2195548344662886e-5 2.6321001445005005e-5 2.85176712837328e-5 2.879696314156176e-5 2.794596124189812e-5 2.6651258557418788e-5 2.493520367925184e-5 2.2505426619989805e-5 1.945547330604728e-5 1.6209416216996544e-5 1.2995367882822352e-5 9.82157372603571e-6 6.846143074608735e-6 4.40825636556384e-6 2.696922983860937e-6 1.6202047333870492e-6 9.58263038559695e-7 5.418297185674854e-7 2.8204839604107614e-7 1.3364847338177212e-7 6.043461303167434e-8 2.8736223995046563e-8 1.497809621770261e-8 7.743778792584482e-9 3.4818679389886174e-9 1.267276003022046e-9 3.6479831452632724e-10 8.129792045107424e-11 1.4060867253180043e-11 1.9244637087931417e-12 1.951068960974878e-13 1.592061930415935e-14 1.0526046507141384e-15 2.572870881365753e-17 5.4780967221515536e-18 0.0 0.0 0.0 0.0 0.0 0.0 0.0 0.0 0.0 0.0 0.0 0.0 0.0 0.0 0.0 0.0 0.0 0.0 0.0 0.0 0.0 0.0 0.0 0.0 0.0 0.0 0.0 0.0 0.0 0.0 0.0 0.0 0.0 0.0 0.0 0.0 0.0 0.0 0.0 0.0 0.0 0.0 0.0 
1.9082816633956982e-14 3.125063959042298e-13 3.893241325724043e-12 4.0912236066632477e-11 3.21180906896708e-10 1.985764205160393e-9 9.812368326999156e-9 3.766876887816032e-8 1.1519295486039796e-7 2.823870266472321e-7 5.656005953606719e-7 9.558996089142246e-7 1.428169557296988e-6 1.9942417243041014e-6 2.7473065354669384e-6 3.8920252208045455e-6 5.785142900994584e-6 8.951896186769447e-6 1.3954258167190973e-5 2.1194660391671243e-5 3.0680156944763735e-5 4.176363822137412e-5 5.293141462519649e-5 6.200862796334733e-5 6.725674600150288e-5 6.840921958423826e-5 6.669268304270109e-5 6.339533951848426e-5 5.885852014200122e-5 5.2940773072563414e-5 4.6042399986355036e-5 3.893063762503043e-5 3.1887757889907335e-5 2.48445455517312e-5 1.8124041270060375e-5 1.2445376956802792e-5 8.224405552341748e-6 5.314036239088156e-6 3.318967930175763e-6 1.9454587537165374e-6 1.0427928591030662e-6 5.131941219816051e-7 2.470507204992113e-7 1.2773286728156857e-7 7.120650620492003e-8 3.799825423451402e-8 1.7270382834802858e-8 6.3017026964915865e-9 1.814157280412372e-9 4.041144585951862e-10 6.986360791665616e-11 9.559871122361833e-12 9.688783407096068e-13 7.906255617726223e-14 5.100756170849551e-15 1.6947424759399336e-16 4.147216067365194e-18 0.0 0.0 0.0 0.0 0.0 0.0 0.0 0.0 0.0 0.0 0.0 0.0 0.0 0.0 0.0 0.0 0.0 0.0 0.0 0.0 0.0 0.0 0.0 0.0 0.0 0.0 0.0 0.0 0.0 0.0 0.0 0.0 0.0 0.0 0.0 0.0 0.0 0.0 0.0 0.0 0.0 0.0 0.0 
6.750965537541507e-14 1.0665598053788826e-12 1.2974222218730633e-11 1.3382391512061831e-10 1.037162278140403e-9 6.351457790886114e-9 3.114786435279648e-8 1.1887102707464929e-7 3.616178707787694e-7 8.816490507752769e-7 1.7539678567790748e-6 2.9361271477082907e-6 4.329919708465067e-6 5.955091006453047e-6 8.087658905448397e-6 1.130734290702549e-5 1.6511621177324478e-5 2.4818499263565943e-5 3.715094562229246e-5 5.385061467511226e-5 7.448281739267154e-5 9.776029615705794e-5 0.00012119286224453098 0.00014097896156599576 0.00015347958432472675 0.00015722238791527493 0.00015364509883909072 0.00014512100594654662 0.00013308996999717793 0.00011831966440710479 0.00010216541912170549 8.621040741461084e-5 7.09589230839483e-5 5.621419583515775e-5 4.239365991981597e-5 3.057906265340305e-5 2.1381229826962594e-5 1.4533527194846007e-5 9.434958753789123e-6 5.6965694652182595e-6 3.1456174758234935e-6 1.6139337397048996e-6 8.271760649498926e-7 4.5863098679295487e-7 2.6764785814167976e-7 1.4532374265803046e-7 6.630917376729562e-8 2.4183331971735836e-8 6.9530935926729974e-9 1.5471475774152274e-9 2.6731928625331515e-10 3.658176964237682e-11 3.711077616828651e-12 3.0365496031517e-13 1.967966968087147e-14 8.043300785780198e-16 -3.846785579413839e-18 0.0 0.0 0.0 0.0 0.0 0.0 0.0 0.0 0.0 0.0 0.0 0.0 0.0 0.0 0.0 0.0 0.0 0.0 0.0 0.0 0.0 0.0 0.0 0.0 0.0 0.0 0.0 0.0 0.0 0.0 0.0 0.0 0.0 0.0 0.0 0.0 0.0 0.0 0.0 0.0 0.0 0.0 0.0 
2.1830370572020622e-13 3.2110816183686257e-12 3.715108509540425e-11 3.6824468857436897e-10 2.77725013725093e-9 1.6675696652488252e-8 8.058331964745892e-8 3.0438684445538e-7 9.191716870901212e-7 2.229579892521728e-6 4.420629589935227e-6 7.385398835908652e-6 1.088602230612706e-5 1.4997537257428176e-5 2.0453223420970908e-5 2.8698919677008646e-5 4.178782514536516e-5 6.199244639993613e-5 9.083405546927146e-5 0.00012838788395108053 0.00017323673370257356 0.00022284608279609378 0.0002729748918703222 0.00031668541035036565 0.00034611525799329554 0.0003564306807583593 0.0003486912578749186 0.0003274056500365652 0.0002967980131074466 0.00026011464745531065 0.00022110201176475582 0.00018354364759925427 0.0001491437604990432 0.00011789157007015032 9.008249945726958e-5 6.671805186122357e-5 4.817589164307345e-5 3.3750542298934485e-5 2.2492783068287094e-5 1.3929496994915383e-5 7.932062636494173e-6 4.251491369143813e-6 2.3074307095543526e-6 1.3466688284889391e-6 8.058488982215281e-7 4.395919872719273e-7 2.000798559492688e-7 7.270578479757435e-8 2.0846917939788135e-8 4.631488547711114e-9 8.00222586633309e-10 1.0971208050603781e-10 1.1186036254834299e-11 9.244647500352305e-13 6.108633030501773e-14 2.756758024464131e-15 3.170821789557299e-17 0.0 0.0 0.0 0.0 0.0 0.0 0.0 0.0 0.0 0.0 0.0 0.0 0.0 0.0 0.0 0.0 0.0 0.0 0.0 0.0 0.0 0.0 0.0 0.0 0.0 0.0 0.0 0.0 0.0 0.0 0.0 0.0 0.0 0.0 0.0 0.0 0.0 0.0 0.0 0.0 0.0 0.0 0.0 
7.241375399607547e-13 9.450022554419893e-12 9.967676348642047e-11 9.135027178613911e-10 6.5132769621184225e-9 3.7519994227602987e-8 1.7580329526921625e-7 6.503549568279208e-7 1.937570470094522e-6 4.668868390121943e-6 9.260067280190985e-6 1.559944597605609e-5 2.33915061036782e-5 3.30390840242451e-5 4.6318210973554733e-5 6.64165841984632e-5 9.761360149523256e-5 0.0001444183859085316 0.00020968054176169292 0.0002932714481616795 0.0003920072920896889 0.0005006213536100947 0.0006107828564319762 0.0007085004923730766 0.0007764967928276645 0.0008021907040095071 0.000785339139832925 0.0007349081092635799 0.0006611947552012882 0.000572762424777634 0.000478614052371763 0.00038816921394959887 0.0003074215212551337 0.00023807228350188487 0.00018013652477752583 0.00013343310703014928 9.693396778079073e-5 6.853974294682409e-5 4.628685936455017e-5 2.9240385207127695e-5 1.71563574499245e-5 9.59242943738554e-6 5.4527807603966e-6 3.276148620677112e-6 1.967979747819766e-6 1.0641525838018564e-6 4.795074902110663e-7 1.7294054469235126e-7 4.938784359328657e-8 1.0966658553869105e-8 1.902607851539038e-9 2.6358595352499153e-10 2.747660542533022e-11 2.3611214712958577e-12 1.669019642662883e-13 8.69332369298193e-15 3.431669918293109e-16 0.0 0.0 0.0 0.0 0.0 0.0 0.0 0.0 0.0 0.0 0.0 0.0 0.0 0.0 0.0 0.0 0.0 0.0 0.0 0.0 0.0 0.0 0.0 0.0 0.0 0.0 0.0 0.0 0.0 0.0 0.0 0.0 0.0 0.0 0.0 0.0 0.0 0.0 0.0 0.0 0.0 0.0 0.0 
2.553439800889007e-12 2.894289568198727e-11 2.7023471686288014e-10 2.208049022197034e-9 1.4378442146972333e-8 7.706473909118232e-8 3.412647457057845e-7 1.2136989265560854e-6 3.5248332079786428e-6 8.396612073918783e-6 1.670760375899877e-5 2.8715204878681666e-5 4.4680482770233e-5 6.623734107487267e-5 9.742246522233135e-5 0.00014469332210919142 0.00021645323823554563 0.00032165477970313153 0.0004663549259546793 0.000650806294813868 0.0008685440662534563 0.0011081788110306925 0.00135190479855075 0.001569946968716989 0.0017243073767934465 0.001785211372134663 0.0017491230460348805 0.0016344195151139764 0.0014644057264431485 0.0012587167752703336 0.0010374242333195999 0.0008230950693114857 0.0006334204156400659 0.00047600853989778424 0.0003508490672314025 0.0002543904947828672 0.00018166146795323308 0.00012696660829014726 8.55245597623087e-5 5.4560127346237694e-5 3.278209727492189e-5 1.8976828507945537e-5 1.1117483377213807e-5 6.718644174878159e-6 3.968799636477106e-6 2.098095663271656e-6 9.284620490235327e-7 3.313199614007753e-7 9.441063570994561e-8 2.1121555238187097e-8 3.742969544887587e-9 5.400026896964923e-10 6.066202450554251e-11 5.840428605490918e-12 4.850974941616904e-13 3.182556228445959e-14 1.8962245450132243e-15 0.0 0.0 0.0 0.0 0.0 0.0 0.0 0.0 0.0 0.0 0.0 0.0 0.0 0.0 0.0 0.0 0.0 0.0 0.0 0.0 0.0 0.0 0.0 0.0 0.0 0.0 0.0 0.0 0.0 0.0 0.0 0.0 0.0 0.0 0.0 0.0 0.0 0.0 0.0 0.0 0.0 0.0 0.0 
9.281791188625957e-12 9.188935218577665e-11 7.575894834992099e-10 5.457787863515795e-9 3.1838352526143737e-8 1.549407809352081e-7 6.317208387398404e-7 2.1114638211505224e-6 5.877140090524029e-6 1.3720778045407931e-5 2.7416645765010133e-5 4.8582071547642434e-5 7.972258293995552e-5 0.0001259291388721632 0.00019615859041227632 0.0003033283515668212 0.0004640690347101104 0.0006967806340822452 0.0010149094057138326 0.0014198958149054801 0.0018979502369714939 0.0024242701862424196 0.0029611963023087806 0.003445660445794217 0.003794168993163859 0.003937007117683966 0.0038605864366427953 0.003603226273245304 0.0032183214221749947 0.0027510144920653533 0.0022451057065103848 0.001751489708387748 0.0013150461417349628 0.0009588779785955895 0.0006843858198951907 0.0004803316108180096 0.00033217111143634765 0.00022559531669806885 0.0001489894961285993 9.455309891207693e-5 5.745513754885388e-5 3.398045355080479e-5 2.015215910910134e-5 1.2004296087638717e-5 6.851656243623194e-6 3.497387934421596e-6 1.5110119776012695e-6 5.349136092572272e-7 1.5421973522073332e-7 3.580542519113461e-8 6.814705042475928e-9 1.0993823917882738e-9 1.4572238338171948e-10 1.6984614538454477e-11 1.7186310798052193e-12 1.372299149915961e-13 9.885392006532417e-15 0.0 0.0 0.0 0.0 0.0 0.0 0.0 0.0 0.0 0.0 0.0 0.0 0.0 0.0 0.0 0.0 0.0 0.0 0.0 0.0 0.0 0.0 0.0 0.0 0.0 0.0 0.0 0.0 0.0 0.0 0.0 0.0 0.0 0.0 0.0 0.0 0.0 0.0 0.0 0.0 0.0 0.0 0.0 
3.3892394757969026e-11 2.942050074225912e-10 2.146232673516564e-9 1.3677454690343598e-8 7.150554873826196e-8 3.145942955900016e-7 1.169883811112263e-6 3.6296118270515476e-6 9.569588199070731e-6 2.1739760715053127e-5 4.360429892377622e-5 8.004011693830127e-5 0.00013911313296832706 0.0002339494432702997 0.00038432009379563094 0.0006171514499906732 0.0009671712130250802 0.0014738356689276194 0.0021667356553447606 0.0030489482464302305 0.004089836982262519 0.005236711191829469 0.006412596531160661 0.00748567606304102 0.008272077191229292 0.008607047412282206 0.008445811795652156 0.007868718295626898 0.007002291762154389 0.005955527137812066 0.004825229739547715 0.0037202099973356467 0.002742161471193727 0.0019494877685477434 0.001349632371080579 0.0009155862385727358 0.0006106032890629371 0.00039977878202727946 0.0002556395759589904 0.00015883477970918562 9.590496666676607e-5 5.6875971738666774e-5 3.3535045368753076e-5 1.9421575399818794e-5 1.061877150333959e-5 5.218855931390476e-6 2.2167252129137324e-6 7.9661001799232e-7 2.4276794244092405e-7 6.250785854296167e-8 1.3815262825485176e-8 2.6576947900155653e-9 4.2557183272741015e-10 5.8116918812461076e-11 6.687868669135175e-12 6.027302835173909e-13 4.959431394414163e-14 0.0 0.0 0.0 0.0 0.0 0.0 0.0 0.0 0.0 0.0 0.0 0.0 0.0 0.0 0.0 0.0 0.0 0.0 0.0 0.0 0.0 0.0 0.0 0.0 0.0 0.0 0.0 0.0 0.0 0.0 0.0 0.0 0.0 0.0 0.0 0.0 0.0 0.0 0.0 0.0 0.0 0.0 0.0 
1.1853129621694634e-10 9.13221725924085e-10 5.918925342693767e-9 3.347225581518829e-8 1.5752007164443475e-7 6.307004982215883e-7 2.1559700821830733e-6 6.246765912011781e-6 1.566954556564733e-5 3.4754576200456536e-5 7.011772282617277e-5 0.00013308080082832539 0.00024289949716181959 0.000429203178197122 0.0007346892558386174 0.0012167038751337135 0.0019493892086011534 0.0030173381496472656 0.004483674616616995 0.00635465178183986 0.008567076955313939 0.011015126521331133 0.013543447262519229 0.015876270836264868 0.01761460717926952 0.018383030535493686 0.018056063344952706 0.016794648727623297 0.014886799078085511 0.012593796075199705 0.010136313054563329 0.007744350005257254 0.005631324188414998 0.003925720108982396 0.00264935087367314 0.0017442640382058917 0.0011256539558211465 0.000711810468583385 0.00043962622434341346 0.000264976365952394 0.00015645220168538734 9.12218185095057e-5 5.2627834973463285e-5 2.9468576095264405e-5 1.551571036236899e-5 7.459977063395849e-6 3.211717933469004e-6 1.2297053807786629e-6 4.196990369756192e-7 1.255657991823826e-7 3.2472593817410096e-8 7.15812850434892e-9 1.2843161426936447e-9 1.9160605234774266e-10 2.413485925261441e-11 2.488301239169756e-12 2.481286091780023e-13 0.0 0.0 0.0 0.0 0.0 0.0 0.0 0.0 0.0 0.0 0.0 0.0 0.0 0.0 0.0 0.0 0.0 0.0 0.0 0.0 0.0 0.0 0.0 0.0 0.0 0.0 0.0 0.0 0.0 0.0 0.0 0.0 0.0 0.0 0.0 0.0 0.0 0.0 0.0 0.0 0.0 0.0 0.0 
3.861840819727208e-10 2.6959318300385043e-9 1.571110917636344e-8 7.920343077224736e-8 3.355742226532375e-7 1.224941367840606e-6 3.877359768349812e-6 1.0614796078818575e-5 2.5692355043916678e-5 5.632910810816681e-5 0.00011500315994552275 0.0002248509921239888 0.0004258659883188857 0.0007795144321595773 0.0013747056086020712 0.0023312385627638015 0.0038034269351421937 0.005965610290468674 0.0089467451652785 0.01276342033985845 0.01730075016356409 0.022358573849887934 0.027620823958199803 0.03250980093689945 0.03619480641277013 0.03788835906255174 0.03729305106312562 0.034690912686216664 0.03066023203752249 0.02578566703794086 0.02058949151033841 0.015582860445748747 0.011200289684254558 0.0076893346064810675 0.0050859446030393635 0.003267094131721419 0.0020510427967336646 0.0012593925841389454 0.0007542717036190302 0.000440634931835807 0.00025217236154043707 0.00014241199888466197 7.93951864859888e-5 4.294365868425965e-5 2.207860895115331e-5 1.0684424698535916e-5 4.8505122001137495e-6 2.0530765401271175e-6 7.929577940129677e-7 2.6762019911166117e-7 7.63099156777136e-8 1.8124139655508738e-8 3.4880022372217675e-9 5.672103109389928e-10 8.180946184283637e-11 1.0490684895872351e-11 1.332181990040552e-12 0.0 0.0 0.0 0.0 0.0 0.0 0.0 0.0 0.0 0.0 0.0 0.0 0.0 0.0 0.0 0.0 0.0 0.0 0.0 0.0 0.0 0.0 0.0 0.0 0.0 0.0 0.0 0.0 0.0 0.0 0.0 0.0 0.0 0.0 0.0 0.0 0.0 0.0 0.0 0.0 0.0 0.0 0.0 
1.149425040727831e-9 7.413054233205158e-9 3.958555425968815e-8 1.805512423515014e-7 6.932198650471699e-7 2.3112946772174023e-6 6.7959596637904864e-6 1.771238479568642e-5 4.186143846439116e-5 9.176135965103263e-5 0.0001905534582649195 0.0003824296043612933 0.0007448182911890983 0.00139868980619141 0.00252185549826637 0.00435469065530119 0.007203543470741626 0.01140858939158506 0.01721937452067988 0.024679651973922988 0.0336003009587945 0.043615806801616676 0.05408088684002811 0.06381127664641523 0.07118789369361167 0.07472980263354972 0.0738315430822838 0.06887246845066272 0.060812357708549404 0.050837587986821295 0.04019264152231103 0.030074560299504095 0.021368130482646304 0.014490227447536546 0.009441647362944117 0.005950582387789259 0.0036513244096782306 0.0021862873609090226 0.001275267432067983 0.0007243771430870734 0.0004014432355422086 0.00021826287001153844 0.0001167773175263283 6.0952096355498106e-5 3.0867741650914864e-5 1.5280519390442794e-5 7.4036904881971335e-6 3.4301649311068296e-6 1.445283707501284e-6 5.240010141008501e-7 1.5844950266375517e-7 4.004880133749194e-8 8.490284913251524e-9 1.6220539277444647e-9 2.945221857627813e-10 4.910040726440714e-11 7.532240155248805e-12 0.0 0.0 0.0 0.0 0.0 0.0 0.0 0.0 0.0 0.0 0.0 0.0 0.0 0.0 0.0 0.0 0.0 0.0 0.0 0.0 0.0 0.0 0.0 0.0 0.0 0.0 0.0 0.0 0.0 0.0 0.0 0.0 0.0 0.0 0.0 0.0 0.0 0.0 0.0 0.0 0.0 0.0 0.0 
3.046480253507e-9 1.8401169554131066e-8 9.173319514710634e-8 3.8714410929238464e-7 1.3730214149314705e-6 4.238829105671433e-6 1.1683525676420023e-5 2.9196531811409434e-5 6.782843312538083e-5 0.00014928401910302213 0.00031513705396832265 0.0006458828260328362 0.0012845927003482809 0.0024590955213975906 0.004509235701059917 0.007894113928176625 0.013190311836120579 0.021026261098514767 0.03186197029061339 0.04580315896860629 0.06255646765161865 0.08145832917996775 0.1012091238776165 0.11948153360717281 0.13333705668023074 0.14027340440799738 0.1392104774068026 0.13044825382738118 0.11526411258957725 0.09585025142111983 0.0750072703667769 0.05545748998259637 0.03897070919882281 0.02617066544743272 0.016873810521197023 0.010486553620492696 0.006314942745397287 0.003697523004302773 0.002106110023072718 0.0011673904327361177 0.0006290199954885115 0.00033015942506607143 0.00016957616736014257 8.523946283928657e-5 4.2323332035422446e-5 2.1206095114315658e-5 1.071959659199334e-5 5.247318206371001e-6 2.3270586326216273e-6 8.861322021833071e-7 2.852160790027197e-7 7.996778997929205e-8 2.0275794965099685e-8 4.931435116640507e-9 1.1310123556409823e-9 2.241644009344958e-10 3.7525325619868453e-11 0.0 0.0 0.0 0.0 0.0 0.0 0.0 0.0 0.0 0.0 0.0 0.0 0.0 0.0 0.0 0.0 0.0 0.0 0.0 0.0 0.0 0.0 0.0 0.0 0.0 0.0 0.0 0.0 0.0 0.0 0.0 0.0 0.0 0.0 0.0 0.0 0.0 0.0 0.0 0.0 0.0 0.0 0.0 
7.1672454360850604e-9 4.085199412689113e-8 1.9233748435173402e-7 7.646750215855686e-7 2.557820812178915e-6 7.4652104278923305e-6 1.9620265812654235e-5 4.7530252849049634e-5 0.00010909389708304228 0.00024100110781448213 0.0005150728008827142 0.0010719767251758357 0.002165130841834183 0.0042041069965883535 0.007805314991296598 0.013797479941931699 0.0232064975867963 0.03714120565970903 0.056439927344548495 0.08137968544345056 0.11155280413719876 0.14574406148698318 0.18136447931830577 0.21399346463700028 0.23856405454842386 0.2511865662565129 0.25016239422781034 0.23538942954589082 0.20822900601679079 0.1724638943187409 0.13382439206810087 0.09795572013345914 0.0682170156488259 0.04547596476601683 0.02910198375120886 0.017894978692727777 0.010608221686242711 0.006087371292371991 0.0033924592067524437 0.0018408464887977093 0.0009699772868281161 0.000495339197868964 0.00024583410250958096 0.0001189986486940527 5.7198503583954664e-5 2.8184645572354444e-5 1.4289224700449496e-5 7.128110590148247e-6 3.266151611730978e-6 1.3181942357614111e-6 4.738290994816896e-7 1.5991991737162407e-7 5.17220325974583e-8 1.564647381483142e-8 4.131441219487091e-9 8.842043544111938e-10 1.528155693696028e-10 0.0 0.0 0.0 0.0 0.0 0.0 0.0 0.0 0.0 0.0 0.0 0.0 0.0 0.0 0.0 0.0 0.0 0.0 0.0 0.0 0.0 0.0 0.0 0.0 0.0 0.0 0.0 0.0 0.0 0.0 0.0 0.0 0.0 0.0 0.0 0.0 0.0 0.0 0.0 0.0 0.0 0.0 0.0 
1.4838504690285671e-8 8.050377628374018e-8 3.6128180694938756e-7 1.3708028807287706e-6 4.397663226573481e-6 1.237489859213004e-5 3.160741706995702e-5 7.524143052777025e-5 0.0001717064725820934 0.00038083844879813135 0.0008217865963807981 0.0017304743650682218 0.003535578229079883 0.0069341231813293235 0.012975091721505943 0.023056054820578584 0.038893176311400324 0.06237675990761757 0.09508532365374703 0.13782841489225833 0.19021180263153387 0.2499916321838816 0.31201129729124166 0.36799900224949167 0.4094374334241333 0.4306319656188734 0.4293064387237666 0.40471679619168144 0.3581156891058752 0.29575396679922605 0.22819956060132535 0.16592218824650148 0.11483402775017007 0.0761321597467422 0.04841896974139297 0.029504781096865933 0.017256806873500986 0.00973121917982605 0.005321000428132937 0.002836530543439497 0.0014698937065339016 0.0007366858428940454 0.0003568186220155256 0.00016730450729138062 7.731695988436812e-5 3.650298765863948e-5 1.787025967595659e-5 8.824987677722607e-6 4.177537907449434e-6 1.8604690228160035e-6 8.023815072028511e-7 3.404432935522126e-7 1.3452120781019273e-7 4.599913158115581e-8 1.2904554601417489e-8 2.841279702091834e-9 4.963221800326563e-10 0.0 0.0 0.0 0.0 0.0 0.0 0.0 0.0 0.0 0.0 0.0 0.0 0.0 0.0 0.0 0.0 0.0 0.0 0.0 0.0 0.0 0.0 0.0 0.0 0.0 0.0 0.0 0.0 0.0 0.0 0.0 0.0 0.0 0.0 0.0 0.0 0.0 0.0 0.0 0.0 0.0 0.0 0.0 
2.6598720878224455e-8 1.3927672102287095e-7 6.034011416563339e-7 2.2143511743126382e-6 6.911609745763007e-6 1.905235853865708e-5 4.8035440067815674e-5 0.00011371161902543682 0.00025971547997641445 0.0005795906189739111 0.0012625059161239418 0.0026864576450395467 0.005539803118733526 0.010938268199716404 0.020546769920573645 0.03656114742830688 0.06169271354252584 0.09909226507689435 0.15180480416422568 0.2220180683245484 0.30974788734646025 0.4108474708841056 0.5152021776617248 0.6076427265180957 0.6741856698676383 0.7069790102140725 0.7036378251234108 0.6628612777963145 0.5858523068909829 0.4826115811581205 0.3709698296334982 0.2685537224079616 0.18501957567175364 0.12205199230812572 0.07713953987473383 0.046610147220067524 0.026955637677551852 0.014990772914485246 0.008073845745931063 0.0042432481833726 0.0021713234520612905 0.0010748984693349471 0.0005130119497551839 0.00023558808514579526 0.0001054301863223459 4.7443470263502645e-5 2.1997188687398754e-5 1.0578646519782464e-5 5.238414936420238e-6 2.682329978284463e-6 1.4108138337458684e-6 7.107992734651406e-7 3.1238056948460957e-7 1.124425216182363e-7 3.225654134187178e-8 7.17225256265411e-9 1.2571328387556793e-9 0.0 0.0 0.0 0.0 0.0 0.0 0.0 0.0 0.0 0.0 0.0 0.0 0.0 0.0 0.0 0.0 0.0 0.0 0.0 0.0 0.0 0.0 0.0 0.0 0.0 0.0 0.0 0.0 0.0 0.0 0.0 0.0 0.0 0.0 0.0 0.0 0.0 0.0 0.0 0.0 0.0 0.0 0.0 
4.087325500127479e-8 2.1011462249691768e-7 8.933973125632808e-7 3.222566629236415e-6 9.932770029683557e-6 2.7193815008711935e-5 6.848729534529897e-5 0.00016262942340296126 0.0003736860899611086 0.0008410303483201205 0.0018503264078053902 0.003976340822862557 0.008263928962048035 0.016393227669681393 0.030845626304633587 0.05488664414373946 0.09265212301636355 0.14932483031446273 0.23062141422237087 0.3414752502985323 0.48286252440330824 0.6471831889836379 0.8155360846709184 0.9614126073141573 1.0628956948239634 1.1100309306916456 1.101305169989712 1.0351118908388979 0.9127707054160134 0.7497364792828786 0.5741927682141551 0.4138723530442344 0.283694021968763 0.1860243997942303 0.1167443552147132 0.0699736168835483 0.04010412497931132 0.022077267053771256 0.01175578025958947 0.006105893926196699 0.003090394619510838 0.0015156128986772944 0.0007174706091044977 0.0003263956793538513 0.00014367316685783482 6.255214897543528e-5 2.762518769896533e-5 1.2902228357573502e-5 6.701648922008141e-6 3.9076176174354625e-6 2.361993189817416e-6 1.3021219875567988e-6 5.988655834886524e-7 2.198327386213866e-7 6.357469366098446e-8 1.41845233634841e-8 2.488750093843238e-9 0.0 0.0 0.0 0.0 0.0 0.0 0.0 0.0 0.0 0.0 0.0 0.0 0.0 0.0 0.0 0.0 0.0 0.0 0.0 0.0 0.0 0.0 0.0 0.0 0.0 0.0 0.0 0.0 0.0 0.0 0.0 0.0 0.0 0.0 0.0 0.0 0.0 0.0 0.0 0.0 0.0 0.0 0.0 
5.42764707836154e-8 2.7880988706032776e-7 1.1844076366653459e-6 4.272421643718523e-6 1.3196254224624635e-5 3.630081264526015e-5 9.207643137235741e-5 0.00022044688200986798 0.0005109897039715355 0.0011607975396645865 0.0025778724853131596 0.0055868500131606 0.011682761560744062 0.023254477857292698 0.04382397253851275 0.07810663463124497 0.13234713122864772 0.2149197830409895 0.33575074211910433 0.5039192984733256 0.72144535208403 0.9748218646535969 1.2315648972406972 1.4489923557028965 1.5952239990157149 1.6589338335210273 1.6405992204050226 1.5382211160276211 1.353130600963795 1.1080478711785617 0.8450969030166782 0.6058104630838863 0.41246330453751134 0.26839570738301843 0.16710452035574413 0.09939853421889241 0.05656970468114743 0.03091598905270975 0.01631673491047279 0.008383226170460636 0.0041950257034707806 0.0020382631231831505 0.0009597814648052072 0.00043576907204837483 0.00019119561343507516 8.203878063431819e-5 3.50706236027817e-5 1.588603941628183e-5 8.41801433826071e-6 5.272279092465697e-6 3.409060903345455e-6 1.9520487935161967e-6 9.136575131474313e-7 3.3778991801291183e-7 9.795713545523e-8 2.187862643028609e-8 3.839154137592512e-9 0.0 0.0 0.0 0.0 0.0 0.0 0.0 0.0 0.0 0.0 0.0 0.0 0.0 0.0 0.0 0.0 0.0 0.0 0.0 0.0 0.0 0.0 0.0 0.0 0.0 0.0 0.0 0.0 0.0 0.0 0.0 0.0 0.0 0.0 0.0 0.0 0.0 0.0 0.0 0.0 0.0 0.0 0.0 
6.523377085971413e-8 3.3933326367533697e-7 1.45911893915042e-6 5.325931166724827e-6 1.6629320553003588e-5 4.620858533796741e-5 0.00011832298043297447 0.00028579084921066415 0.0006681099097826518 0.001530388116463695 0.003424584239285623 0.007467755859411153 0.015678592067419103 0.03127741178930064 0.05907011881482622 0.10574234134875274 0.18062425095152182 0.29673886612881994 0.4696571690338621 0.7132018682479249 1.0292712206341106 1.3952929027215355 1.7609327206889747 2.064017732015961 2.2620109961089185 2.343332618896606 2.3112566601690254 2.1631265546540495 1.900031340337212 1.5529932841609217 1.1807003567610823 0.8419760505108879 0.5691257113493706 0.36726242349502364 0.2267892065080076 0.13393625295179273 0.07577617926453895 0.04117129852106046 0.021561209585679204 0.010958807615668704 0.00541582839156409 0.002603318807538027 0.0012192418914212342 0.0005539032393196546 0.00024376155483975416 0.00010415198888514639 4.35166839267695e-5 1.8932987388649583e-5 9.764638801435326e-6 6.1558763392893656e-6 4.051739610881604e-6 2.3465468166038793e-6 1.1038250713036777e-6 4.087296337472215e-7 1.1854069105918778e-7 2.64640068268729e-8 4.640745453321988e-9 0.0 0.0 0.0 0.0 0.0 0.0 0.0 0.0 0.0 0.0 0.0 0.0 0.0 0.0 0.0 0.0 0.0 0.0 0.0 0.0 0.0 0.0 0.0 0.0 0.0 0.0 0.0 0.0 0.0 0.0 0.0 0.0 0.0 0.0 0.0 0.0 0.0 0.0 0.0 0.0 0.0 0.0 0.0 
7.74512936561007e-8 4.0746476437089883e-7 1.7715994412006465e-6 6.530680368881758e-6 2.0545228934511062e-5 5.740524868783778e-5 0.0001476507845522622 0.0003582691780995412 0.0008421479557997103 0.0019407005326041477 0.004366141151549453 0.009555730026845977 0.020093430783863258 0.04010837612833864 0.07590295737859996 0.13668206856248946 0.23591243744040644 0.3926533099276867 0.6289147057893806 0.9623946179263195 1.3921012911659383 1.8832658572108172 2.3658573043016364 2.758241049456732 3.0083222990011236 3.105364737734346 3.056116164309768 2.857767202223313 2.51114189454139 2.05448151857305 1.5622453026823042 1.1117191230768873 0.7478302554297835 0.4793257477260473 0.2938415088258811 0.1723668438779736 0.09694493532177764 0.052360841179002096 0.02721034073328937 0.013681603947029518 0.006673061853608529 0.00316844034509799 0.0014733890846325552 0.0006692305957448989 0.0002956569046268036 0.00012617146201149258 5.168093168302071e-5 2.136151834280148e-5 1.0257170412795327e-5 6.150982511035705e-6 3.974040181070031e-6 2.2866476694302697e-6 1.0711718737091757e-6 3.9512699343792844e-7 1.141877280350423e-7 2.5406471108652305e-8 4.4433553141228454e-9 0.0 0.0 0.0 0.0 0.0 0.0 0.0 0.0 0.0 0.0 0.0 0.0 0.0 0.0 0.0 0.0 0.0 0.0 0.0 0.0 0.0 0.0 0.0 0.0 0.0 0.0 0.0 0.0 0.0 0.0 0.0 0.0 0.0 0.0 0.0 0.0 0.0 0.0 0.0 0.0 0.0 0.0 0.0 
9.984352764567264e-8 5.171586149930018e-7 2.2245222403340383e-6 8.130492014361402e-6 2.539074415848755e-5 7.048327154010485e-5 0.00018043584788959757 0.00043707272144682805 0.0010288741998468439 0.0023789920018387296 0.005369254749190608 0.011767788158349137 0.02473049130138522 0.049312561383879315 0.09341719612715083 0.16911140352606024 0.2946805633718458 0.49597778023273154 0.8012142532040503 1.2296537738085949 1.7736284524596408 2.384094869751253 2.9729598218003312 3.443050289659684 3.7357279806085 3.842558390013367 3.774930945570156 3.531153821101127 3.1113451672476646 2.5571555769280816 1.9538603789395985 1.3946531580605166 0.9382219376075368 0.5995966830301783 0.36573434370417013 0.2132265047074119 0.11913577728777454 0.06389320100499997 0.03293046878328486 0.016386091099104504 0.007891159156820983 0.0036990119624871736 0.001705057926204036 0.0007726972482695539 0.00034218783210170686 0.00014596281593424302 5.88980813864929e-5 2.3255592625585053e-5 1.027767905710071e-5 5.674726555047078e-6 3.4941004189163217e-6 1.9583554289222853e-6 9.005550930567702e-7 3.271466548317425e-7 9.32996588614743e-8 2.0509722323794822e-8 3.5542526741292835e-9 0.0 0.0 0.0 0.0 0.0 0.0 0.0 0.0 0.0 0.0 0.0 0.0 0.0 0.0 0.0 0.0 0.0 0.0 0.0 0.0 0.0 0.0 0.0 0.0 0.0 0.0 0.0 0.0 0.0 0.0 0.0 0.0 0.0 0.0 0.0 0.0 0.0 0.0 0.0 0.0 0.0 0.0 0.0 
1.4376187753797079e-7 7.040670767211916e-7 2.899877437932997e-6 1.0242710393887685e-5 3.117693560592022e-5 8.492675990006923e-5 0.00021475617250958724 0.0005171308397291237 0.0012161270844191663 0.0028164000723405105 0.006366383633805783 0.013952720246689655 0.029274800031028416 0.05827121895963758 0.11039785004307909 0.20054410894713015 0.35176569806401775 0.5964120247968581 0.9676297774159465 1.4834503270881065 2.1264288110655083 2.833239377887116 3.5021823745698666 4.0267536805629245 4.345833361638965 4.455043974308946 4.371397776728643 4.094839592734474 3.6235865274770527 2.998574712624709 2.3098615864786516 1.6612079773143205 1.1232413350522197 0.7189247275837516 0.43758280773924524 0.2537917137469311 0.1407741039308172 0.07488107284500438 0.03826429958245303 0.018865253702939986 0.008988542327110466 0.00416563353407822 0.0019026427269263281 0.0008584898569353861 0.00038024391051110564 0.00016231521785003685 6.522839032342352e-5 2.5362824684974002e-5 1.0837493960649908e-5 5.702756023069992e-6 3.3529754593660156e-6 1.8057043923663928e-6 8.008618629607352e-7 2.8136013405910404e-7 7.781983421138281e-8 1.661432428831264e-8 2.816659376668418e-9 0.0 0.0 0.0 0.0 0.0 0.0 0.0 0.0 0.0 0.0 0.0 0.0 0.0 0.0 0.0 0.0 0.0 0.0 0.0 0.0 0.0 0.0 0.0 0.0 0.0 0.0 0.0 0.0 0.0 0.0 0.0 0.0 0.0 0.0 0.0 0.0 0.0 0.0 0.0 0.0 0.0 0.0 0.0 
2.211443373766678e-7 9.959679678965816e-7 3.823111716347387e-6 1.2753974292245297e-5 3.722584296978862e-5 9.853687530817487e-5 0.0002450681311663426 0.0005860519631999423 0.001377043999881551 0.0031941140123111504 0.007229857420983816 0.015845493420206417 0.033214069169366 0.06604992822433971 0.12514320070286641 0.22771325431219303 0.400625894590441 0.6811463144717428 1.1053428431593713 1.688257517241313 2.4027527997266422 3.1746061150200346 3.8945442090918165 4.452313518278313 4.7863976465184725 4.895219875593945 4.799158183949894 4.499236277014514 3.993418283035046 3.3231392670738567 2.5804202713210587 1.872812949406284 1.2766941323069734 0.8211984203544873 0.5000638624968516 0.2888772322127428 0.15908534673320232 0.08392188999595894 0.04255984935722541 0.02084976174554604 0.009871270337153014 0.004541588381045639 0.002058637389850364 0.0009230401828352729 0.00040754028439501336 0.000174229360939307 7.067590038365969e-5 2.8220892137921837e-5 1.2671408510851424e-5 6.956766369990219e-6 4.114932343594425e-6 2.177696079201661e-6 9.412737047897327e-7 3.2147454955635053e-7 8.643550870033912e-8 1.793036190445821e-8 2.980046618071183e-9 0.0 0.0 0.0 0.0 0.0 0.0 0.0 0.0 0.0 0.0 0.0 0.0 0.0 0.0 0.0 0.0 0.0 0.0 0.0 0.0 0.0 0.0 0.0 0.0 0.0 0.0 0.0 0.0 0.0 0.0 0.0 0.0 0.0 0.0 0.0 0.0 0.0 0.0 0.0 0.0 0.0 0.0 0.0 
3.351685552828322e-7 1.3860190484620616e-6 4.91159385411799e-6 1.528271569625084e-5 4.231391078077975e-5 0.0001081185670746805 0.0002639020658659476 0.0006271575176173094 0.0014747016259248373 0.0034312759057883507 0.0077888436052324424 0.01710366779689794 0.03590086652027519 0.07147978568010352 0.13557192384978875 0.24682793984713003 0.4341409783007123 0.736951938060914 1.1918282389677153 1.8109545429428886 2.5619474656238554 3.367100460100489 4.116869239884135 4.700929293324652 5.054525110992421 5.169863227272068 5.06198777620319 4.73331288615632 4.191351747571288 3.4884085447505635 2.719901935821716 1.989248501881847 1.368210860412297 0.8862314096596052 0.5410685293531766 0.3118223576078097 0.17068629448712072 0.08942932744546671 0.04513344598929782 0.022072360402309477 0.010449393121712603 0.004802400717975372 0.0021669554607866882 0.0009637047561247798 0.00042210775397892537 0.00018039956790109665 7.449915633100532e-5 3.1400342311378574e-5 1.5508167477863485e-5 9.280622829925901e-6 5.716051343994829e-6 3.0642328608561763e-6 1.3290104092000339e-6 4.540905840288772e-7 1.2204013818421235e-7 2.5300130362388865e-8 4.225893847101531e-9 0.0 0.0 0.0 0.0 0.0 0.0 0.0 0.0 0.0 0.0 0.0 0.0 0.0 0.0 0.0 0.0 0.0 0.0 0.0 0.0 0.0 0.0 0.0 0.0 0.0 0.0 0.0 0.0 0.0 0.0 0.0 0.0 0.0 0.0 0.0 0.0 0.0 0.0 0.0 0.0 0.0 0.0 0.0 
4.617725041686508e-7 1.7830416402785264e-6 5.8858369899553675e-6 1.7130122211276814e-5 4.498117140288243e-5 0.00011094570970286144 0.0002660958786393841 0.0006294618697894638 0.0014833369903118868 0.003467410131990327 0.007909476678226487 0.017448501862469587 0.0367813736838416 0.0735034495578204 0.13974470400550712 0.2544692328215553 0.44647738624233896 0.7542374724696864 1.212351788084053 1.8311373649023281 2.579087929826719 3.384033845816786 4.144663061048388 4.754620428464806 5.140834131942208 5.275086825507553 5.154480855236821 4.784711644625164 4.197557967478865 3.469790896357992 2.70219062539306 1.9859828202628913 1.3776287425647624 0.8997461853774636 0.551892343200232 0.3180176157317316 0.1734246505864676 0.09048931363331265 0.04560979186738264 0.022371612026331315 0.010650354241535914 0.004916296686384627 0.002214826939994329 0.0009756947036148357 0.00042186776343048406 0.00017943321185033459 7.546544966293655e-5 3.374212322531527e-5 1.8286094882458607e-5 1.1801142326129588e-5 7.556480028079032e-6 4.135691765194521e-6 1.8215281188049574e-6 6.311387078833658e-7 1.7193105793578678e-7 3.614118697168126e-8 6.1336184110228745e-9 0.0 0.0 0.0 0.0 0.0 0.0 0.0 0.0 0.0 0.0 0.0 0.0 0.0 0.0 0.0 0.0 0.0 0.0 0.0 0.0 0.0 0.0 0.0 0.0 0.0 0.0 0.0 0.0 0.0 0.0 0.0 0.0 0.0 0.0 0.0 0.0 0.0 0.0 0.0 0.0 0.0 0.0 0.0 
5.440802725451852e-7 2.004119708129926e-6 6.284881523591103e-6 1.7404403614368776e-5 4.3956941243612664e-5 0.0001058826338622892 0.00025159021079842873 0.0005947056436808825 0.001405524080643975 0.0033004598768770687 0.007569152831173983 0.016795018198207404 0.03560865990509541 0.0715172976204323 0.13641552953801964 0.24851433561107017 0.434774458782615 0.7303036844147562 1.1658607767655447 1.7501587540707697 2.455944986453324 3.222407646837137 3.9638210721748712 4.583969304525393 5.000970691523897 5.158134574271216 5.027387069664587 4.619555230176014 3.9981230527464358 3.2681695335403367 2.5332591818553194 1.8669503953551578 1.305298916648834 0.860329790523812 0.5312995284442681 0.3070212972363125 0.16737094903227628 0.08727017307744583 0.04406623695282587 0.021732298893559748 0.01042498591142953 0.004841989766391585 0.0021807682089507435 0.0009516968954372631 0.0004053476082703349 0.00017095082385206386 7.293622941069253e-5 3.427930081710598e-5 1.9876468022654612e-5 1.34436928669313e-5 8.8163006644264e-6 4.9011729954687685e-6 2.189506188498658e-6 7.694591362969702e-7 2.125640937421865e-7 4.532389811032754e-8 7.802211974879798e-9 0.0 0.0 0.0 0.0 0.0 0.0 0.0 0.0 0.0 0.0 0.0 0.0 0.0 0.0 0.0 0.0 0.0 0.0 0.0 0.0 0.0 0.0 0.0 0.0 0.0 0.0 0.0 0.0 0.0 0.0 0.0 0.0 0.0 0.0 0.0 0.0 0.0 0.0 0.0 0.0 0.0 0.0 0.0 
5.290243328826306e-7 1.8968625703192717e-6 5.787194084789688e-6 1.56669899547755e-5 3.9106150231962695e-5 9.4195037811804e-5 0.00022520958211144746 0.0005353204563383212 0.0012689558599231364 0.0029860742749383343 0.006867074879835684 0.01529375127435995 0.03256289239516218 0.06566521248273174 0.12563632116373558 0.2291324619777589 0.40032557903326926 0.6699933477909317 1.064308560955055 1.5898049806532484 2.2228641740600668 2.9140818681637177 3.59569951466632 4.1870319242315075 4.604121074643388 4.768877121344551 4.634044807020895 4.216154507537233 3.6025025880761934 2.9139774643191747 2.248490104884585 1.6607814632139797 1.169446434482001 0.777780337934187 0.4842556854097494 0.2814976286112575 0.1540410909230319 0.08057439581337283 0.040847864465281346 0.020251161271613086 0.009769899999744466 0.004556356920373442 0.0020511521480123343 0.0008889445115127079 0.00037445412173761476 0.0001571439509913061 6.807688239957251e-5 3.3219885870546584e-5 1.987978544400374e-5 1.3554308072908358e-5 8.884297867100634e-6 4.951009143426621e-6 2.225875567933078e-6 7.891888801902911e-7 2.2015741316697864e-7 4.7430695562769896e-8 8.242601904347688e-9 0.0 0.0 0.0 0.0 0.0 0.0 0.0 0.0 0.0 0.0 0.0 0.0 0.0 0.0 0.0 0.0 0.0 0.0 0.0 0.0 0.0 0.0 0.0 0.0 0.0 0.0 0.0 0.0 0.0 0.0 0.0 0.0 0.0 0.0 0.0 0.0 0.0 0.0 0.0 0.0 0.0 0.0 0.0 
4.184777563452376e-7 1.490754265783186e-6 4.549445722380904e-6 1.2468909798936334e-5 3.188265684334389e-5 7.905067360805926e-5 0.0001933720840099657 0.000464875918056719 0.001104394884319061 0.0025937793993722523 0.0059499999907407985 0.01323017730172535 0.02816224681779153 0.056847545087929344 0.10896340288598355 0.19910452132277773 0.3482966269905188 0.5829324794153896 0.924742793457496 1.3777997057368956 1.9205079058980856 2.51191929137241 3.0993896927972364 3.6185618944943045 3.992312752349568 4.138315516746003 4.0053484150740655 3.614979644811177 3.0610662042837937 2.460030467587223 1.8946141834450043 1.4029806376837273 0.9934730007303305 0.6655689935884819 0.41768883221731434 0.2447512661907787 0.13496046659273075 0.07109430525934952 0.03626368047903921 0.01806317069782536 0.008741521258398454 0.0040827840706014725 0.0018376519769259588 0.0007953710227383995 0.000335189773009514 0.00014215001783560518 6.3344664520395e-5 3.182352543422338e-5 1.884318136343801e-5 1.2298396874827596e-5 7.750951505612139e-6 4.227937430651442e-6 1.8853715850762198e-6 6.682627465920047e-7 1.8707640883135437e-7 4.051931228691875e-8 7.07507366100014e-9 0.0 0.0 0.0 0.0 0.0 0.0 0.0 0.0 0.0 0.0 0.0 0.0 0.0 0.0 0.0 0.0 0.0 0.0 0.0 0.0 0.0 0.0 0.0 0.0 0.0 0.0 0.0 0.0 0.0 0.0 0.0 0.0 0.0 0.0 0.0 0.0 0.0 0.0 0.0 0.0 0.0 0.0 0.0 
2.7073934547448203e-7 9.849991417523351e-7 3.120654109582216e-6 9.035629289308443e-6 2.4530496242550514e-5 6.395391859286561e-5 0.00016133545096370114 0.00039268942382005305 0.0009331393015811214 0.0021778717644016154 0.004953257020317671 0.010923746042110811 0.02311376298397579 0.0465169676041044 0.08915600315639531 0.16326624268339865 0.2865268940072548 0.48095933951577174 0.7641929101612281 1.1384375440233445 1.5842633102799872 2.0673192387979817 2.545631545445119 2.967898081832194 3.2692662058570683 3.378471957300799 3.2536860617429646 2.919245819084009 2.4597983764068667 1.9722355321710934 1.5196603124366264 1.1277464971213502 0.8008700579823886 0.5385668732517674 0.33987402511580395 0.2007253385178116 0.11175567221692989 0.0594643126172052 0.030600100967662334 0.015337877289867697 0.007449533678446336 0.0034861643805576513 0.0015733060577661497 0.0006858464115581342 0.0002940784316345401 0.00012909506414849348 6.0424378519030616e-5 3.120723811955356e-5 1.772290804101602e-5 1.0519019521495869e-5 6.042457516413655e-6 3.096765290644695e-6 1.3329557331532948e-6 4.644339258617886e-7 1.2911346494415042e-7 2.791396947586744e-8 4.871859187847463e-9 0.0 0.0 0.0 0.0 0.0 0.0 0.0 0.0 0.0 0.0 0.0 0.0 0.0 0.0 0.0 0.0 0.0 0.0 0.0 0.0 0.0 0.0 0.0 0.0 0.0 0.0 0.0 0.0 0.0 0.0 0.0 0.0 0.0 0.0 0.0 0.0 0.0 0.0 0.0 0.0 0.0 0.0 0.0 
1.4835103374346842e-7 5.751238386124694e-7 1.98272923453857e-6 6.303342141969444e-6 1.8504750854577022e-5 5.080573008182761e-5 0.00013157808329985622 0.0003230900269773523 0.0007661745194554958 0.0017713120616192257 0.003975089178484204 0.008647178590096291 0.01809795842187528 0.03617721043602319 0.06915859710664134 0.12674504367713552 0.2230336906052004 0.3754884409913425 0.5978496818765986 0.891480841561554 1.240672743037815 1.61794505911599 1.9894387554251969 2.313495797948901 2.5386724350253433 2.6113007449104746 2.5035971213810573 2.238829863489097 1.8836892881592973 1.5106905301795726 1.165195412077129 0.8650692859374418 0.6139929351857296 0.41271768174975165 0.2608899561449478 0.15487993279332227 0.08698798934188341 0.04679454139892783 0.024354790174834013 0.012329844759330962 0.006035706281944239 0.0028423513893100945 0.0012928222065205534 0.0005725054335516438 0.0002534508609173173 0.0001172707911617849 5.829702463432103e-5 3.0969910476454004e-5 1.6856421977221353e-5 8.9680469208732e-6 4.503913733515777e-6 2.056449470402113e-6 8.154540442855836e-7 2.702205442808552e-7 7.303420836576826e-8 1.5542965161324364e-8 2.6883431380254204e-9 0.0 0.0 0.0 0.0 0.0 0.0 0.0 0.0 0.0 0.0 0.0 0.0 0.0 0.0 0.0 0.0 0.0 0.0 0.0 0.0 0.0 0.0 0.0 0.0 0.0 0.0 0.0 0.0 0.0 0.0 0.0 0.0 0.0 0.0 0.0 0.0 0.0 0.0 0.0 0.0 0.0 0.0 0.0 
7.425038949553348e-8 3.2320693203627533e-7 1.2564031376799915e-6 4.424431241093701e-6 1.3897142142886816e-5 3.959960314605616e-5 0.00010430862396717413 0.0002575144445344769 0.0006089520557602785 0.0013929631299913 0.003077073713874867 0.00658167441847159 0.013581130708065731 0.026877654259711815 0.05106543204661015 0.09329938287440666 0.16400458989141448 0.27605099793918747 0.4395502719379881 0.6557660641017027 0.9138178062010678 1.193771382955963 1.4693616162277605 1.7071487258879878 1.86809648129419 1.9154626416081697 1.8334012890229032 1.6405131230076029 1.3832693386376125 1.1116737329677537 0.8579351941851138 0.6359846376085969 0.44993118994089 0.30131290300085556 0.19004752712977388 0.11295494019715596 0.063793576708843 0.034648352053537584 0.018260912978344934 0.009372244453173304 0.00464860850025762 0.0022155234399053522 0.0010210461887193035 0.0004618306293307222 0.00021220038489484915 0.0001034917633161701 5.4128777755092196e-5 2.940312313329443e-5 1.560789164836059e-5 7.679460962009788e-6 3.408465727444596e-6 1.349574547583139e-6 4.681699815714323e-7 1.3985299272901992e-7 3.521911414803692e-8 7.151552152369685e-9 1.2020402909304222e-9 0.0 0.0 0.0 0.0 0.0 0.0 0.0 0.0 0.0 0.0 0.0 0.0 0.0 0.0 0.0 0.0 0.0 0.0 0.0 0.0 0.0 0.0 0.0 0.0 0.0 0.0 0.0 0.0 0.0 0.0 0.0 0.0 0.0 0.0 0.0 0.0 0.0 0.0 0.0 0.0 0.0 0.0 0.0 
3.760839354459378e-8 1.8787740021033332e-7 8.157979058870613e-7 3.1005336294289673e-6 1.0178404805375262e-5 2.9708722387904175e-5 7.92899585454045e-5 0.00019699373133808668 0.00046546987110991845 0.0010548415038952722 0.0022938020507826235 0.004819348146729528 0.009785824965549026 0.019116341308278655 0.03593844523634683 0.06509892963863499 0.11365590214216825 0.1903280118539167 0.30206850259317436 0.45021978079083336 0.6284178305918733 0.8238710594364068 1.0178821555317512 1.185126228680579 1.2972918743218136 1.3306014963130386 1.2768086490883432 1.148466453442632 0.9743128942558659 0.7863516905750887 0.6074211639611344 0.44937113056212163 0.3167257827627368 0.2111836210935751 0.13270276268974596 0.07875768915314833 0.04459524163267849 0.024403266817185132 0.013018377573871706 0.0067838339469860455 0.0034195915770422196 0.0016558400307738646 0.000775980405980435 0.00035887982296241636 0.00017008331266496043 8.580853722563972e-5 4.5978361389817336e-5 2.5129738989486672e-5 1.3154271737302746e-5 6.2264549545897555e-6 2.571858290010121e-6 9.143712360845228e-7 2.768020756398122e-7 7.175165776171856e-8 1.5950912930452785e-8 2.925559852372127e-9 4.582664100386697e-10 0.0 0.0 0.0 0.0 0.0 0.0 0.0 0.0 0.0 0.0 0.0 0.0 0.0 0.0 0.0 0.0 0.0 0.0 0.0 0.0 0.0 0.0 0.0 0.0 0.0 0.0 0.0 0.0 0.0 0.0 0.0 0.0 0.0 0.0 0.0 0.0 0.0 0.0 0.0 0.0 0.0 0.0 0.0 
2.0141117937194594e-8 1.1220672724933739e-7 5.249491581332292e-7 2.095365541476909e-6 7.094978819174193e-6 2.1153934621662407e-5 5.734012658809311e-5 0.0001438447535722221 0.0003405512970945921 0.0007661130878183564 0.0016417751359909102 0.003387669670176764 0.006758113185753722 0.012994309391268014 0.024076199816884747 0.043026716122911535 0.07423174720407175 0.1231256983571474 0.19413665170566158 0.2884766391995187 0.40297742046661583 0.5304231589130199 0.6589059757161235 0.7708950643190693 0.8469377111903614 0.8720216867906466 0.8418621068683326 0.7638168385465776 0.6538827688099176 0.5311405468460082 0.4112907674100623 0.30412062855498934 0.21398109018666933 0.1423959887731478 0.08933335159197836 0.053010804541532903 0.03010689581458602 0.016595079435564493 0.008954252029216894 0.004732656620234283 0.0024232866356197714 0.0011931994011522696 0.0005695780540116669 0.000268925065099933 0.00012978697397257306 6.582672119953389e-5 3.487363822555155e-5 1.8685451511500214e-5 9.59398502939647e-6 4.449765613221294e-6 1.7824413305994912e-6 6.014135505087825e-7 1.6744257344344182e-7 3.8678074642676694e-8 7.510803094652521e-9 1.1909037810280767e-9 1.6428577664568e-10 0.0 0.0 0.0 0.0 0.0 0.0 0.0 0.0 0.0 0.0 0.0 0.0 0.0 0.0 0.0 0.0 0.0 0.0 0.0 0.0 0.0 0.0 0.0 0.0 0.0 0.0 0.0 0.0 0.0 0.0 0.0 0.0 0.0 0.0 0.0 0.0 0.0 0.0 0.0 0.0 0.0 0.0 0.0 
1.118781979192344e-8 6.686377209667256e-8 3.2884821465496226e-7 1.3634953939892263e-6 4.750812004981591e-6 1.4482203545888643e-5 3.98856749269719e-5 0.00010091718611511365 0.00023899560438940298 0.0005332516111290106 0.0011258773261025189 0.0022800205883654937 0.004461482894670215 0.008425761827393515 0.015352897429117685 0.027010098298263424 0.04593775153843509 0.0752743623790335 0.1176024093233079 0.17377949131723533 0.24240499213882497 0.31985905515223867 0.39938466138406775 0.47004311146741806 0.5193645553988651 0.5380137831598639 0.5234936152598455 0.4796382687654995 0.41472282036904345 0.3394878599763083 0.2640626350910636 0.19569509535359816 0.13793421928152722 0.0920009505602706 0.0579082924411896 0.03453444350729203 0.019760923545377698 0.011002615866819873 0.006006098342630276 0.0032126426109256663 0.001666014090672754 0.0008328861172245327 0.00040512609678422816 0.00019491689919129938 9.467066358569988e-5 4.701112704130603e-5 2.373679553815343e-5 1.2032001506466162e-5 5.924143126129744e-6 2.679616961000721e-6 1.0559755158124367e-6 3.494710809290863e-7 9.411320187351299e-8 2.0561278052359954e-8 3.675393135260147e-9 5.186352672141566e-10 6.256488982389935e-11 0.0 0.0 0.0 0.0 0.0 0.0 0.0 0.0 0.0 0.0 0.0 0.0 0.0 0.0 0.0 0.0 0.0 0.0 0.0 0.0 0.0 0.0 0.0 0.0 0.0 0.0 0.0 0.0 0.0 0.0 0.0 0.0 0.0 0.0 0.0 0.0 0.0 0.0 0.0 0.0 0.0 0.0 0.0 
6.445647944503701e-9 4.066794720659144e-8 2.0892274482107594e-7 8.98247450307445e-7 3.2149384658255768e-6 9.971350802536576e-6 2.764105054541921e-5 6.968788465868447e-5 0.0001631612325303846 0.00035796975208352174 0.000740876227587779 0.0014683359965346767 0.0028132374770114305 0.005214104159910251 0.009347494769644752 0.01620808583735689 0.027196264879421447 0.04400469004877269 0.06799972671732563 0.09965655996608684 0.138373931328139 0.18246746114435183 0.2284300921539714 0.2700725416907978 0.3000622167489301 0.31284531954540296 0.30680541064041805 0.2837121943891977 0.2476443344373757 0.2043734154573279 0.1599412904137539 0.11909768174017592 0.08435668957566017 0.056621367232042336 0.03594564312307059 0.021679470504305687 0.012575763627395537 0.007104147248017229 0.003928720141957278 0.0021231442501442026 0.0011115840874642167 0.0005628006345028459 0.00027871396204353873 0.00013652766217302133 6.64543605875588e-5 3.194448791216213e-5 1.5007478252718985e-5 6.9260259824103916e-6 3.1410006733043994e-6 1.3475078905464538e-6 5.172181010490487e-7 1.6891128621770507e-7 4.492710376773826e-8 9.624447448130084e-9 1.6637859101337277e-9 2.2183623656155354e-10 2.468293998960951e-11 0.0 0.0 0.0 0.0 0.0 0.0 0.0 0.0 0.0 0.0 0.0 0.0 0.0 0.0 0.0 0.0 0.0 0.0 0.0 0.0 0.0 0.0 0.0 0.0 0.0 0.0 0.0 0.0 0.0 0.0 0.0 0.0 0.0 0.0 0.0 0.0 0.0 0.0 0.0 0.0 0.0 0.0 0.0 
4.0186174031935e-9 2.6638206592506097e-8 1.427123632079261e-7 6.353327818339886e-7 2.326513936318161e-6 7.276163378820702e-6 1.9982419245781947e-5 4.9163185597050136e-5 0.00011128265347788634 0.0002355641170203919 0.0004717958666034392 0.0009085325334706896 0.0016990043332536097 0.0030895312689176594 0.005460538144896186 0.009362149175678021 0.015539383321674378 0.02484720720726166 0.03793737478747668 0.055020930599481356 0.07583107097945381 0.0995976235921914 0.12456945816873963 0.14748803220203696 0.16441062708978374 0.17229627799476754 0.17014158709408214 0.15865688354624152 0.13973445911209909 0.11629456034371641 0.09166011026126011 0.06866265088729612 0.048939794564635666 0.03312900426780422 0.021289476066215667 0.013049066438355005 0.007711734020115445 0.004435847772894663 0.0024887715789397627 0.0013580672316515368 0.0007164831915814432 0.00036644900661393203 0.00018429054505608462 9.177871845940563e-5 4.486835939895122e-5 2.1017636752212486e-5 9.206035670623847e-6 3.7883178181633366e-6 1.5078433189657527e-6 5.81258686972954e-7 2.0948358542498827e-7 6.644502211926592e-8 1.743684080136528e-8 3.7037727821034743e-9 6.331631929098163e-10 8.274385936089023e-11 8.928927483544563e-12 0.0 0.0 0.0 0.0 0.0 0.0 0.0 0.0 0.0 0.0 0.0 0.0 0.0 0.0 0.0 0.0 0.0 0.0 0.0 0.0 0.0 0.0 0.0 0.0 0.0 0.0 0.0 0.0 0.0 0.0 0.0 0.0 0.0 0.0 0.0 0.0 0.0 0.0 0.0 0.0 0.0 0.0 0.0 
2.7378301339496185e-9 1.9019313824998583e-8 1.0622840788165135e-7 4.898838429386595e-7 1.833805694054242e-6 5.759059423435434e-6 1.550985294022212e-5 3.659987617484271e-5 7.823528700301491e-5 0.0001558865958547283 0.0002961069102045208 0.0005469217788185196 0.0009920018213726545 0.0017672355347169097 0.003085018212054148 0.0052474403831488416 0.008640281580756304 0.013668780624500514 0.020611763982552683 0.02954695092441142 0.04036069535971291 0.05269840261492591 0.06567629623703702 0.07762647908812001 0.08655718330530869 0.09094732322931835 0.09027111488969766 0.08480239453839149 0.07535436065042458 0.063276907614182 0.05025117637278878 0.037863115008928284 0.02714342556645825 0.01853266007751939 0.012073314307885817 0.00754033940206423 0.0045520342612738705 0.002670657766484365 0.0015212649338040645 0.0008383005546133609 0.000445318996392192 0.00022940481390877016 0.0001164920651384579 5.8648219968855994e-5 2.882746180289234e-5 1.3344145497711553e-5 5.588251605552204e-6 2.0893520073715408e-6 7.167242627237887e-7 2.3328411817950888e-7 7.358521352401746e-8 2.163866530630112e-8 5.475007235049486e-9 1.1462553380032452e-9 1.945859301565176e-10 2.5262128543409543e-11 2.7194857615457382e-12 0.0 0.0 0.0 0.0 0.0 0.0 0.0 0.0 0.0 0.0 0.0 0.0 0.0 0.0 0.0 0.0 0.0 0.0 0.0 0.0 0.0 0.0 0.0 0.0 0.0 0.0 0.0 0.0 0.0 0.0 0.0 0.0 0.0 0.0 0.0 0.0 0.0 0.0 0.0 0.0 0.0 0.0 0.0 
1.966544301535453e-9 1.431195428304744e-8 8.332780960047681e-8 3.979735637698857e-7 1.5223704649535669e-6 4.801026423503978e-6 1.2680024057438769e-5 2.8629055335027782e-5 5.728768878535262e-5 0.00010573373280803855 0.00018688880682982427 0.00032583177912554344 0.0005674639097631679 0.0009858544162236543 0.001698443579082775 0.00286898474618818 0.0046915638352741495 0.007345612231761256 0.010935467518925511 0.01548546690265071 0.020959786921823986 0.027204156848619123 0.033767542534693745 0.03979006649450461 0.04427867823495229 0.046513934715466304 0.04628238913110195 0.04372896340354842 0.039190846152575155 0.03322241856090449 0.026597219459733246 0.020155497556691198 0.014524759691567999 0.009999598689316633 0.006607470553886231 0.004209421081582304 0.002597964553551532 0.0015548148792388355 0.0008990617756156538 0.0005004036900936201 0.00026751352436094983 0.00013823291677359775 7.017331242306169e-5 3.5253299416372734e-5 1.7285701808913882e-5 7.953482618709018e-6 3.263132336158662e-6 1.155825171705491e-6 3.5486523531662163e-7 9.659686223366795e-8 2.4816853317587505e-8 6.213793375453642e-9 1.4269044008037833e-9 2.8614259744659494e-10 4.771650208078068e-11 6.1464886468179065e-12 6.74289495846133e-13 0.0 0.0 0.0 0.0 0.0 0.0 0.0 0.0 0.0 0.0 0.0 0.0 0.0 0.0 0.0 0.0 0.0 0.0 0.0 0.0 0.0 0.0 0.0 0.0 0.0 0.0 0.0 0.0 0.0 0.0 0.0 0.0 0.0 0.0 0.0 0.0 0.0 0.0 0.0 0.0 0.0 0.0 0.0 
1.435811075578148e-9 1.0878685283283722e-8 6.554243293532645e-8 3.217504803804242e-7 1.2510867114122452e-6 3.958169659937529e-6 1.0306361431669959e-5 2.2493749041077688e-5 4.25867460894643e-5 7.311394949325833e-5 0.0001196216728850115 0.00019473334323337466 0.00032225603206263655 0.0005420075972735894 0.0009174500863255827 0.001534721956260497 0.002487823162554949 0.003850583097608133 0.005655477000394302 0.007909524657122496 0.010611546786038846 0.013702556538170865 0.016954598485579685 0.01991887654078427 0.022091997879652353 0.02313859429020824 0.02300352119454527 0.02179931446293252 0.019678447477866404 0.01684212459813231 0.013608009376973212 0.010388026264899408 0.007537803802812703 0.005240702636387751 0.003516743023161421 0.0022866494383543727 0.0014422864926715866 0.0008796786553171671 0.0005160420248119486 0.0002901283967248272 0.00015598284183956628 8.043948768640156e-5 4.028465654581901e-5 1.978745219154023e-5 9.48995847531908e-6 4.300487335028451e-6 1.7411286891601116e-6 6.018271120965493e-7 1.7460954974127766e-7 4.220642190180893e-8 8.89742336601497e-9 1.7620761824912793e-9 3.300416438720895e-10 5.888391482397797e-11 9.288749572881122e-12 1.1678113551811645e-12 1.3791341886775774e-13 0.0 0.0 0.0 0.0 0.0 0.0 0.0 0.0 0.0 0.0 0.0 0.0 0.0 0.0 0.0 0.0 0.0 0.0 0.0 0.0 0.0 0.0 0.0 0.0 0.0 0.0 0.0 0.0 0.0 0.0 0.0 0.0 0.0 0.0 0.0 0.0 0.0 0.0 0.0 0.0 0.0 0.0 0.0 
1.014175294613059e-9 7.89814670412276e-9 4.866574364353062e-8 2.4317849407969026e-7 9.5594793717919e-7 3.0348585020001296e-6 7.851526461212346e-6 1.682086648130854e-5 3.0777221658977225e-5 5.020546262584381e-5 7.708465063050085e-5 0.00011755223223953861 0.00018408840459734738 0.000297607188826752 0.0004909026024179134 0.0008068806706939775 0.0012889008736919293 0.0019658599937877022 0.0028465070130050223 0.0039344446923874335 0.005238411502123391 0.006738132064653615 0.008319185773893591 0.009747782923229434 0.010766800385506654 0.011219691400709537 0.011109612606973369 0.010524558237203833 0.009546448568378389 0.008243763795862617 0.006732091745988861 0.005193963722807817 0.003810697570201718 0.0026853153544574584 0.0018336007749573462 0.001216898395629723 0.0007834931556150097 0.0004865244836192889 0.0002896227058801107 0.00016471832384655805 8.91374339704847e-5 4.5729631151919176e-5 2.232405540976052e-5 1.0468577280001817e-5 4.7593715671322705e-6 2.068660651427336e-6 8.15967860320171e-7 2.769146947256346e-7 7.835414773900192e-8 1.7960922524220104e-8 3.388446963627742e-9 5.547407660726941e-10 8.024797553010346e-11 1.1457607597202781e-11 1.5708783155926879e-12 1.8375959035207642e-13 2.8244602091202588e-14 0.0 0.0 0.0 0.0 0.0 0.0 0.0 0.0 0.0 0.0 0.0 0.0 0.0 0.0 0.0 0.0 0.0 0.0 0.0 0.0 0.0 0.0 0.0 0.0 0.0 0.0 0.0 0.0 0.0 0.0 0.0 0.0 0.0 0.0 0.0 0.0 0.0 0.0 0.0 0.0 0.0 0.0 0.0 
6.500464273350379e-10 5.154761685422085e-9 3.22650124612748e-8 1.6351439394364498e-7 6.499354944165991e-7 2.07964170478081e-6 5.397598288523177e-6 1.1525048518679934e-5 2.0817472367386313e-5 3.310376727319744e-5 4.890970212551737e-5 7.115697500972334e-5 0.00010623705575862765 0.0001645526202085468 0.00026165893958858956 0.00041709570182539855 0.0006497567733421049 0.0009714059080097689 0.0013856853453849893 0.0018964572840843611 0.0025117959003035264 0.0032240286166595657 0.003975580276837705 0.004647461615071105 0.005111126205067818 0.005294165366725719 0.005211340881211882 0.0049219573622889925 0.004474555230939282 0.00389432714817063 0.0032183704581427016 0.002518496825207736 0.0018769448422542275 0.001345850356792211 0.000936959989609879 0.0006349042273587992 0.00041747426639696214 0.00026460621782053447 0.0001606427018478684 9.298977736709592e-5 5.091892938707164e-5 2.605374094869305e-5 1.2350918637930846e-5 5.4332754831809926e-6 2.2573453334288362e-6 8.993606239337597e-7 3.3313239161750175e-7 1.0896534102079313e-7 3.0127147278608406e-8 6.728146436822007e-9 1.209801147758468e-9 1.7964181138819602e-10 2.1515271053776667e-11 2.3747252955166084e-12 2.534630009236114e-13 2.483690128212686e-14 7.812334952067192e-15 0.0 0.0 0.0 0.0 0.0 0.0 0.0 0.0 0.0 0.0 0.0 0.0 0.0 0.0 0.0 0.0 0.0 0.0 0.0 0.0 0.0 0.0 0.0 0.0 0.0 0.0 0.0 0.0 0.0 0.0 0.0 0.0 0.0 0.0 0.0 0.0 0.0 0.0 0.0 0.0 0.0 0.0 0.0 
3.60659931193618e-10 2.909382913282492e-9 1.852192021412336e-8 9.55459421142487e-8 3.8611626639329585e-7 1.2544924896451869e-6 3.2977737344879814e-6 7.1015883457299225e-6 1.285910941863649e-5 2.0339723839271954e-5 2.9645813320351976e-5 4.22212442122393e-5 6.121933707061e-5 9.127597868917165e-5 0.00013871299778816577 0.00021136021207144353 0.0003172268243626237 0.0004622790081009704 0.0006499716873473857 0.0008840939390131911 0.0011693379002333801 0.0015015014515177049 0.0018517549120021886 0.002161650203202449 0.0023687951024409003 0.0024397157198319383 0.002386091514281056 0.0022433010707550187 0.0020402285704591225 0.0017880931740209942 0.0014969006635550679 0.001191213728390873 0.0009045853217142341 0.0006614831757290122 0.00047001875545845827 0.0003256833529872702 0.0002197338301450786 0.00014349170606434006 8.995949857485531e-5 5.364585299173338e-5 2.9997151386795167e-5 1.541162850085037e-5 7.133616441167612e-6 2.9416301904815827e-6 1.0918883303301075e-6 3.7811820984978047e-7 1.2311927312544353e-7 3.6877965028943665e-8 9.70738895967832e-9 2.1037139837826576e-9 3.6853700392998997e-10 5.252689486781823e-11 5.759981016244535e-12 5.3854205166503e-13 4.4561775405040926e-14 3.2617187268695884e-15 3.0274710579789345e-15 0.0 0.0 0.0 0.0 0.0 0.0 0.0 0.0 0.0 0.0 0.0 0.0 0.0 0.0 0.0 0.0 0.0 0.0 0.0 0.0 0.0 0.0 0.0 0.0 0.0 0.0 0.0 0.0 0.0 0.0 0.0 0.0 0.0 0.0 0.0 0.0 0.0 0.0 0.0 0.0 0.0 0.0 0.0 
1.6969041835036484e-10 1.4002727617729943e-9 9.125231763524232e-9 4.826831387479209e-8 1.9973502507843516e-7 6.634472406356063e-7 1.777908677210683e-6 3.8859023863136905e-6 7.107928972237971e-6 1.1314225806284763e-5 1.657021057492323e-5 2.367129026524534e-5 3.410022306101423e-5 4.955140268928845e-5 7.194786874563535e-5 0.00010398037930026606 0.000149285395239892 0.00021179624627347046 0.00029487727389262497 0.0004014073449291296 0.0005332512131229932 0.0006873743184992564 0.0008495444935425829 0.0009920234277112554 0.0010850900365000212 0.0011129664162373187 0.0010826927636462533 0.001013913993743336 0.0009228954661682313 0.0008149469375969934 0.0006917513113469875 0.0005604980978345272 0.0004339932420345317 0.0003234398620087268 0.00023426575196721283 0.00016617411313956908 0.00011584504164210167 7.898782991590975e-5 5.195706402550083e-5 3.2337928675552825e-5 1.8602856753827455e-5 9.636344574477743e-6 4.38541169398178e-6 1.7197472851494223e-6 5.783197925292149e-7 1.7169026085343208e-7 4.622164489613721e-8 1.1655074625411278e-8 2.734920533572721e-9 5.537287228116404e-10 9.358661324314975e-11 1.3002908931826287e-11 1.3767737087470714e-12 1.2052213705263276e-13 8.733733333296512e-15 4.819023721628056e-16 1.1847474567128587e-15 0.0 0.0 0.0 0.0 0.0 0.0 0.0 0.0 0.0 0.0 0.0 0.0 0.0 0.0 0.0 0.0 0.0 0.0 0.0 0.0 0.0 0.0 0.0 0.0 0.0 0.0 0.0 0.0 0.0 0.0 0.0 0.0 0.0 0.0 0.0 0.0 0.0 0.0 0.0 0.0 0.0 0.0 0.0 
6.786276933852761e-11 5.772583318358917e-10 3.87685708226528e-9 2.114974950093929e-8 8.997280801683181e-8 3.062544166938054e-7 8.373987317964274e-7 1.8580042540323457e-6 3.4366671093323233e-6 5.531071704361673e-6 8.231947812136793e-6 1.2004210003838206e-5 1.749506498803004e-5 2.511478112215999e-5 3.510116271903281e-5 4.825205670391795e-5 6.64452571442781e-5 9.240018332455669e-5 0.00012874867878210705 0.00017735525417064286 0.0002386815347372034 0.0003105429592802547 0.00038598084282138046 0.00045215594984939134 0.0004950557046696165 0.0005071128552240839 0.0004922245828751112 0.0004608051891061497 0.0004212474416737275 0.00037574313440625934 0.00032394777232176784 0.00026759751507337366 0.00021130081671082789 0.0001601040247662362 0.00011763077834627653 8.506231403975178e-5 6.130858232583212e-5 4.3914935423137644e-5 3.0555080725116765e-5 1.996762777950081e-5 1.1840339450669196e-5 6.179683965004301e-6 2.7689727002204655e-6 1.04451822814893e-6 3.2742544096617326e-7 8.65149251210705e-8 1.9441204767638436e-8 3.906631148419098e-9 7.434603587472565e-10 1.2876361342404444e-10 1.9959374490948798e-11 2.6496910758567212e-12 2.721579036782049e-13 2.3053918460406255e-14 1.5795509602968427e-15 4.3443427850901233e-17 3.714686262501167e-16 0.0 0.0 0.0 0.0 0.0 0.0 0.0 0.0 0.0 0.0 0.0 0.0 0.0 0.0 0.0 0.0 0.0 0.0 0.0 0.0 0.0 0.0 0.0 0.0 0.0 0.0 0.0 0.0 0.0 0.0 0.0 0.0 0.0 0.0 0.0 0.0 0.0 0.0 0.0 0.0 0.0 0.0 0.0 
2.3135815973552285e-11 2.0393767584301957e-10 1.4157703099643695e-9 7.972632519163695e-9 3.482900813742322e-8 1.2118003564588808e-7 3.369666762915308e-7 7.566546337746626e-7 1.4133397696659172e-6 2.3065037237037746e-6 3.5192104427293776e-6 5.304548552050001e-6 7.913475620409224e-6 1.1339109983082364e-5 1.5412509214703092e-5 2.0365700152322457e-5 2.7221259142740587e-5 3.766730174302851e-5 5.342442783326134e-5 7.565801329718155e-5 0.00010445028146060731 0.00013839792838264418 0.00017407010065660552 0.00020556597098542607 0.00022629346924592074 0.0002325496861559862 0.0002263472941290236 0.00021296386403052385 0.00019640743348777015 0.0001774784687830645 0.00015575888987207144 0.00013153162534565487 0.00010615293768289757 8.169303018678488e-5 6.0485700326179224e-5 4.405799703621118e-5 3.2365423422310485e-5 2.4057268498391557e-5 1.7557295366844154e-5 1.1989678331670087e-5 7.31120798247258e-6 3.841596400496483e-6 1.69641319817479e-6 6.191258535131216e-7 1.8422126174800629e-7 4.5087205082231184e-8 8.974779784513725e-9 1.496820230328921e-9 2.2380960447104087e-10 2.985271871440826e-11 3.812628062938542e-12 4.508145220198232e-13 4.337088543395292e-14 3.4886045336754216e-15 2.4370724993445337e-16 -2.1759736092307184e-18 7.347562271763203e-17 0.0 0.0 0.0 0.0 0.0 0.0 0.0 0.0 0.0 0.0 0.0 0.0 0.0 0.0 0.0 0.0 0.0 0.0 0.0 0.0 0.0 0.0 0.0 0.0 0.0 0.0 0.0 0.0 0.0 0.0 0.0 0.0 0.0 0.0 0.0 0.0 0.0 0.0 0.0 0.0 0.0 0.0 0.0 
6.788669907917055e-12 6.189050128042329e-11 4.423861113083221e-10 2.5571721652631462e-9 1.1402171551768657e-8 4.0304386956008446e-8 1.1336478021623074e-7 2.5667049610275895e-7 4.83809195802641e-7 8.0393911901148e-7 1.2686138024026908e-6 1.9941880338353774e-6 3.0635786295986516e-6 4.4101518014863855e-6 5.891691163082355e-6 7.597243906568346e-6 1.0046420555000253e-5 1.4140129360652876e-5 2.0864544318325783e-5 3.095126509833448e-5 4.447226034372828e-5 6.0622521154665054e-5 7.768411445666376e-5 9.294489386927444e-5 0.00010333104083288435 0.00010700813817876993 0.00010490539637112044 9.956312909775204e-5 9.283506896018323e-5 8.50789387292188e-5 7.615947128848614e-5 6.603502148093293e-5 5.482131905678549e-5 4.314162959224845e-5 3.228084655908625e-5 2.3477120398899816e-5 1.7136894168055154e-5 1.276924603134453e-5 9.486715252402386e-6 6.646503828243355e-6 4.135119384488403e-6 2.186107561313614e-6 9.550978927100511e-7 3.3956629315476283e-7 9.701789242367797e-8 2.2497697112204363e-8 4.152801814435741e-9 6.20009487472294e-10 7.863690458861928e-11 8.199525563402126e-12 7.990415545249046e-13 7.525682910185702e-14 6.215438854467599e-15 3.999437255693107e-16 5.102467511933805e-17 7.741247758320855e-18 7.664365976026316e-18 0.0 0.0 0.0 0.0 0.0 0.0 0.0 0.0 0.0 0.0 0.0 0.0 0.0 0.0 0.0 0.0 0.0 0.0 0.0 0.0 0.0 0.0 0.0 0.0 0.0 0.0 0.0 0.0 0.0 0.0 0.0 0.0 0.0 0.0 0.0 0.0 0.0 0.0 0.0 0.0 0.0 0.0 0.0 
1.685751752181319e-12 1.5794916468580788e-11 1.1545136838485171e-10 6.800755531940118e-10 3.075171410494039e-9 1.0982910971145238e-8 3.1121264323951e-8 7.092114547480206e-8 1.351609947263038e-7 2.3030680348005918e-7 3.795980198204524e-7 6.2626250526737e-7 9.927442371116e-7 1.4403844711806532e-6 1.9075225813426414e-6 2.4369851966295875e-6 3.2586736348702714e-6 4.788784243869925e-6 7.533592625963798e-6 1.1921344879133993e-5 1.8026798116707706e-5 2.5421683143950855e-5 3.3260519668899855e-5 4.03477351056738e-5 4.5343294859614694e-5 4.739210560307848e-5 4.686033000719576e-5 4.487145940382243e-5 4.226243278081336e-5 3.9261888776282404e-5 3.591413069733729e-5 3.2163605016854064e-5 2.7798495839968677e-5 2.280832213482909e-5 1.76423880949809e-5 1.2964143399588282e-5 9.249463118285834e-6 6.601089554653087e-6 4.741045982917593e-6 3.2863715807708053e-6 2.0492465492041896e-6 1.0850106724470076e-6 4.7071421291130876e-7 1.643949409825517e-7 4.5617941784473446e-8 1.017104666939441e-8 1.7815993228973846e-9 2.482274832294311e-10 2.8619275691608814e-11 2.5530547647714515e-12 1.9872089042118626e-13 1.4083000243037414e-14 9.152411414905884e-16 1.5702344092103853e-17 3.6360450120186897e-17 1.21912327688774e-17 5.466036516326056e-19 0.0 0.0 0.0 0.0 0.0 0.0 0.0 0.0 0.0 0.0 0.0 0.0 0.0 0.0 0.0 0.0 0.0 0.0 0.0 0.0 0.0 0.0 0.0 0.0 0.0 0.0 0.0 0.0 0.0 0.0 0.0 0.0 0.0 0.0 0.0 0.0 0.0 0.0 0.0 0.0 0.0 0.0 0.0 
3.425033653323775e-13 3.2722931717956467e-12 2.4288114566825997e-11 1.448526786771625e-10 6.608053368688873e-10 2.375190002773552e-9 6.765281713622216e-9 1.552399959340285e-8 3.0058589640460335e-8 5.3071328779135505e-8 9.238873318362445e-8 1.6069298248549992e-7 2.6279453123912996e-7 3.849507082073588e-7 5.091573984961196e-7 6.547855852661025e-7 9.086084996905727e-7 1.438173702496512e-6 2.472436420000399e-6 4.225947871302025e-6 6.743631531628902e-6 9.813784625428905e-6 1.3049067587423358e-5 1.597508905284361e-5 1.8089056407478365e-5 1.9052285566788186e-5 1.8983281013661486e-5 1.8312634532317084e-5 1.7387516127852576e-5 1.6358035761132382e-5 1.5323192713250647e-5 1.4291700407153627e-5 1.3088838331957052e-5 1.1510417832037002e-5 9.50182116251465e-6 7.236033328598944e-6 5.069888544003843e-6 3.3617255840194716e-6 2.2017434397576847e-6 1.42980826844266e-6 8.654574211249902e-7 4.5316922939254475e-7 1.9511068571962014e-7 6.734880234474564e-8 1.834079787193933e-8 3.983373545699229e-9 6.731843759943309e-10 8.957552695025133e-11 9.74393450763182e-12 7.963793944869114e-13 5.4647662159196495e-14 3.1231482934524992e-15 2.0550100999486252e-16 1.7459284977158792e-17 4.144960356538319e-17 1.2897435189028288e-17 1.5078725711557706e-17 0.0 0.0 0.0 0.0 0.0 0.0 0.0 0.0 0.0 0.0 0.0 0.0 0.0 0.0 0.0 0.0 0.0 0.0 0.0 0.0 0.0 0.0 0.0 0.0 0.0 0.0 0.0 0.0 0.0 0.0 0.0 0.0 0.0 0.0 0.0 0.0 0.0 0.0 0.0 0.0 0.0 0.0 0.0 
5.771805729832413e-14 5.57001737534817e-13 4.171274101221762e-12 2.504916294359775e-11 1.1482811915240346e-10 4.142891370842455e-10 1.1851549409867502e-9 2.7436643109718193e-9 5.4317218233559724e-9 1.003744123333468e-8 1.8572719654658e-8 3.3993769502604094e-8 5.713789255546689e-8 8.453248578034791e-8 1.1248592337717306e-7 1.481863674921444e-7 2.1968723505274514e-7 3.8569290159605353e-7 7.346511427432687e-7 1.3542835357090299e-6 2.261574542445639e-6 3.3634644350974316e-6 4.503318030419635e-6 5.519775967575439e-6 6.2617546527305026e-6 6.624812529176288e-6 6.639936058698613e-6 6.442371203928089e-6 6.155241118193517e-6 5.8607495663981666e-6 5.643174677165156e-6 5.549576005548656e-6 5.504614862604621e-6 5.319999660450173e-6 4.782684643401299e-6 3.834060974251763e-6 2.678594752005808e-6 1.657005545539679e-6 9.601661821475394e-7 5.52085676091025e-7 3.0959649567358263e-7 1.5653007979791812e-7 6.640773250212543e-8 2.2698716029002715e-8 6.1116768554824166e-9 1.307251063591671e-9 2.1624581129703096e-10 2.797666390416894e-11 2.9383443968539255e-12 2.2848354798731294e-13 1.4780813120510358e-14 7.185333635549165e-16 1.1225229666179277e-16 1.6060673997857007e-17 4.866795033416232e-17 1.1580330521261088e-17 3.321601115020494e-17 0.0 0.0 0.0 0.0 0.0 0.0 0.0 0.0 0.0 0.0 0.0 0.0 0.0 0.0 0.0 0.0 0.0 0.0 0.0 0.0 0.0 0.0 0.0 0.0 0.0 0.0 0.0 0.0 0.0 0.0 0.0 0.0 0.0 0.0 0.0 0.0 0.0 0.0 0.0 0.0 0.0 0.0 0.0 
7.815187916642911e-15 7.476670314012912e-14 5.63099562204945e-13 3.3948672613134778e-12 1.560914768777526e-11 5.6479543960106213e-11 1.6241382331823107e-10 3.8086103910412757e-10 7.780979017211297e-10 1.5235433146191835e-9 3.0143280530748575e-9 5.792348620715581e-9 9.974849082101375e-9 1.4914812629753268e-8 2.0122286574973877e-8 2.7734632503046526e-8 4.5469942477838884e-8 9.083456830154163e-8 1.9212492793874407e-7 3.7810772840160093e-7 6.529697798564e-7 9.823796384811778e-7 1.3129169364478615e-6 1.599178885209875e-6 1.8074567841234902e-6 1.9149175418876466e-6 1.9280361737481684e-6 1.8798663826937886e-6 1.806060750902177e-6 1.7428986028013737e-6 1.7395814225547608e-6 1.838316934761236e-6 2.019783834729719e-6 2.172078858704341e-6 2.125244566899773e-6 1.7891900370930933e-6 1.2582366586832575e-6 7.430810141460734e-7 3.8585177664291316e-7 1.910655910520911e-7 9.444825371257294e-8 4.447232952986969e-8 1.8300200893872773e-8 6.169100311916134e-9 1.6462481901574631e-9 3.48886616640387e-10 5.7003965555076685e-11 7.254405207858324e-12 7.460659847984792e-13 5.6253411843235786e-14 3.584584205249026e-15 1.2483462015366954e-16 1.1227444218220994e-16 2.004765678855261e-17 5.567057338534686e-17 9.440338244495827e-18 5.0541516153488386e-17 0.0 0.0 0.0 0.0 0.0 0.0 0.0 0.0 0.0 0.0 0.0 0.0 0.0 0.0 0.0 0.0 0.0 0.0 0.0 0.0 0.0 0.0 0.0 0.0 0.0 0.0 0.0 0.0 0.0 0.0 0.0 0.0 0.0 0.0 0.0 0.0 0.0 0.0 0.0 0.0 0.0 0.0 0.0 
9.401720327824046e-16 7.643444103952063e-15 5.772745094084541e-14 3.4815438960350015e-13 1.6037780309118008e-12 5.820057921995936e-12 1.6860464668830846e-11 4.030313422549875e-11 8.602193438828033e-11 1.8080098689042056e-10 3.8370785531566367e-10 7.709335419557575e-10 1.3558746759892992e-9 2.051994570932564e-9 2.837260262010122e-9 4.216465013100324e-9 7.957395226753105e-9 1.835896400662207e-8 4.270143250412206e-8 8.843155658024986e-8 1.5613160010965502e-7 2.3563476563243964e-7 3.121340689623779e-7 3.753610970702932e-7 4.2050985580251396e-7 4.448325928504464e-7 4.494445037541871e-7 4.4025374833746235e-7 4.2553642113520586e-7 4.1818957585888e-7 4.395552983634079e-7 5.121866171028983e-7 6.343459339957594e-7 7.570177702325241e-7 7.949451254913514e-7 6.952708686117518e-7 4.932852778031501e-7 2.8393177994026133e-7 1.3648586192347388e-7 5.882683179525394e-8 2.4762638775163954e-8 1.036179365412452e-8 4.021833437962106e-9 1.3218985878717725e-9 3.4882111278522396e-10 7.340938474429398e-11 1.1906243616444748e-11 1.5012275169114603e-12 1.52523704728428e-13 1.1240282361413737e-14 7.747133429649448e-16 -2.46126138477235e-18 1.2911969776346305e-16 5.444011159228905e-17 6.144782334103669e-17 7.24791085081621e-18 6.631905194944534e-17 0.0 0.0 0.0 0.0 0.0 0.0 0.0 0.0 0.0 0.0 0.0 0.0 0.0 0.0 0.0 0.0 0.0 0.0 0.0 0.0 0.0 0.0 0.0 0.0 0.0 0.0 0.0 0.0 0.0 0.0 0.0 0.0 0.0 0.0 0.0 0.0 0.0 0.0 0.0 0.0 0.0 0.0 0.0 
2.399658292130918e-16 6.919237239633296e-16 5.059104264838799e-15 2.978019693517004e-14 1.3708305351866863e-13 4.989834852671549e-13 1.4594034251777794e-12 3.575933957567832e-12 8.037664857567628e-12 1.8172410488641636e-11 4.102928956759753e-11 8.536727559712033e-11 1.5262441355087044e-10 2.341269302785981e-10 3.359725790679217e-10 5.555118059327942e-10 1.2334600496931108e-9 3.241063866044349e-9 8.095165194969318e-9 1.7341751983400392e-8 3.098839408093642e-8 4.6638746800254345e-8 6.096921638244695e-8 7.207787267012693e-8 7.971478123073867e-8 8.396954915099599e-8 8.503443027300816e-8 8.367043176833552e-8 8.149466548163493e-8 8.222956369643403e-8 9.291764498945393e-8 1.2189915479883225e-7 1.6992762063496386e-7 2.20656445297276e-7 2.4356979284657173e-7 2.185076571748172e-7 1.5617142106647363e-7 8.880417362575808e-8 4.083345527866481e-8 1.5947438317322684e-8 5.7610181951240105e-9 2.069892233944388e-9 7.312867553032149e-10 2.2985659133341712e-10 5.956461635957225e-11 1.2438582302389444e-11 2.007098716885503e-12 2.5178125101795114e-13 2.538490643769145e-14 1.7946119485692562e-15 1.994143395078032e-16 -3.7915124317366506e-18 1.504811919684034e-16 9.242755524449928e-17 6.65306220350502e-17 9.322929392714863e-18 7.938916642482758e-17 0.0 0.0 0.0 0.0 0.0 0.0 0.0 0.0 0.0 0.0 0.0 0.0 0.0 0.0 0.0 0.0 0.0 0.0 0.0 0.0 0.0 0.0 0.0 0.0 0.0 0.0 0.0 0.0 0.0 0.0 0.0 0.0 0.0 0.0 0.0 0.0 0.0 0.0 0.0 0.0 0.0 0.0 0.0 
1.7970281892872608e-16 1.0020130585177715e-16 4.721804316470913e-16 1.993281888115063e-15 8.850035754521591e-15 3.218566141067815e-14 9.512845718274223e-14 2.414418986482841e-13 5.800133525784468e-13 1.4221308530243553e-12 3.4068019078886554e-12 7.307227880105739e-12 1.3262372593408578e-11 2.0724189168535292e-11 3.1581568650606234e-11 6.087913382800497e-11 1.6191998720415274e-10 4.761084921238676e-10 1.2540644020766713e-9 2.7493204045030214e-9 4.943919685982349e-9 7.396132116761634e-9 9.515112276665403e-9 1.1018818777348016e-8 1.1983481589294248e-8 1.2535080016594237e-8 1.2709653843889836e-8 1.2567906058349172e-8 1.2381799494363013e-8 1.3017630414135189e-8 1.626702460983154e-8 2.4403100969061082e-8 3.783010851082706e-8 5.234069112868381e-8 5.975515226977404e-8 5.449419008876384e-8 3.9155949020703785e-8 2.213798753979484e-8 9.931421595412834e-9 3.6423425446596256e-9 1.1639090920494076e-9 3.543618655778213e-10 1.0937614639512815e-10 3.184937408085196e-11 7.986917203829516e-12 1.647056431253609e-12 2.642141582687733e-13 3.300187158893006e-14 3.288243120605258e-15 1.879603167071779e-16 9.922024782543312e-17 1.7937098518951263e-17 1.7135377627024643e-16 1.294498216190169e-16 7.263950491550507e-17 1.7486961697936725e-17 8.843912854381911e-17 0.0 0.0 0.0 0.0 0.0 0.0 0.0 0.0 0.0 0.0 0.0 0.0 0.0 0.0 0.0 0.0 0.0 0.0 0.0 0.0 0.0 0.0 0.0 0.0 0.0 0.0 0.0 0.0 0.0 0.0 0.0 0.0 0.0 0.0 0.0 0.0 0.0 0.0 0.0 0.0 0.0 0.0 0.0 
1.668546617064453e-16 6.679678208371749e-17 1.7467651153960067e-16 1.8865398507265073e-16 5.009825007024104e-16 1.6743086158162628e-15 4.640437124544808e-15 1.2309219177223096e-14 3.188231986096383e-14 8.49020996089509e-14 2.1399986679677833e-13 4.704471626867248e-13 8.665089898360715e-13 1.3933888167736061e-12 2.34549109188081e-12 5.5635336911286115e-12 1.7689213163230746e-11 5.686387520410228e-11 1.5583229497491108e-10 3.4808659338756687e-10 6.308893158366187e-10 9.43419975705884e-10 1.203368988857856e-9 1.3724993116034404e-9 1.4678717831974275e-9 1.5174619566886973e-9 1.5322632882395932e-9 1.5189391099815614e-9 1.5172749487627487e-9 1.682572752454564e-9 2.3623730208534202e-9 4.021420215162506e-9 6.768114160336576e-9 9.77763304487571e-9 1.1404899051557581e-8 1.0507695157317935e-8 7.57716908956869e-9 4.272757909349873e-9 1.891646330715991e-9 6.686538847781044e-10 1.9635139849728037e-10 5.151589401210295e-11 1.3474782784402905e-11 3.4790334892124096e-12 8.221813130594044e-13 1.6581306951602189e-13 2.6392231797657424e-14 3.2864156945335137e-15 3.2150548064734966e-16 8.089489638438466e-18 8.394087415174399e-17 4.3548162033443636e-17 1.909125366980282e-16 1.6247151161119829e-16 8.263655994552292e-17 2.7433185384229054e-17 9.352283040253464e-17 0.0 0.0 0.0 0.0 0.0 0.0 0.0 0.0 0.0 0.0 0.0 0.0 0.0 0.0 0.0 0.0 0.0 0.0 0.0 0.0 0.0 0.0 0.0 0.0 0.0 0.0 0.0 0.0 0.0 0.0 0.0 0.0 0.0 0.0 0.0 0.0 0.0 0.0 0.0 0.0 0.0 0.0 0.0 
1.4986240005658504e-16 6.30179434124579e-17 1.5720145010649882e-16 1.0112684306715593e-16 9.693898643780359e-17 2.5165225756787196e-16 4.100512547677081e-16 1.2774005423914783e-15 3.675971949288532e-15 1.0204144735484999e-14 2.485751400439661e-14 5.4050386328940534e-14 1.0578498283868259e-13 2.0099408524286604e-13 4.5401005690793845e-13 1.437832835276694e-12 5.3081692042842684e-12 1.8566633137877833e-11 5.528098731537588e-11 1.3705439545169696e-10 2.847172057174323e-10 5.00531018059481e-10 7.527682604046377e-10 9.737854875027338e-10 1.095600466770367e-9 1.1013853387281616e-9 1.0430902598911119e-9 9.762490987540467e-10 9.031327903560262e-10 8.103799181279789e-10 7.544594675864606e-10 8.56842406592294e-10 1.1759448928327646e-9 1.5856443937851798e-9 1.8098914950192191e-9 1.65402251262198e-9 1.1874812524376592e-9 6.666701154265823e-10 2.9276496628291383e-10 1.014918454721024e-10 2.8425008420855556e-11 6.745289122794825e-12 1.521323449822249e-12 3.402163656152981e-13 7.378708281129573e-14 1.4590807347423923e-14 2.385678913614935e-15 3.2943864356593684e-16 5.462024030551743e-17 3.735828135921911e-17 8.170091860782867e-17 6.797059786862164e-17 2.0748495482450223e-16 1.8755576900745053e-16 9.627367664879714e-17 3.7613905048324734e-17 9.582721020852608e-17 0.0 0.0 0.0 0.0 0.0 0.0 0.0 0.0 0.0 0.0 0.0 0.0 0.0 0.0 0.0 0.0 0.0 0.0 0.0 0.0 0.0 0.0 0.0 0.0 0.0 0.0 0.0 0.0 0.0 0.0 0.0 0.0 0.0 0.0 0.0 0.0 0.0 0.0 0.0 0.0 0.0 0.0 0.0 
0.0 0.0 0.0 0.0 0.0 0.0 0.0 0.0 0.0 0.0 0.0 0.0 0.0 0.0 0.0 0.0 0.0 0.0 0.0 0.0 0.0 0.0 0.0 0.0 0.0 0.0 0.0 0.0 0.0 0.0 0.0 0.0 0.0 0.0 0.0 0.0 0.0 0.0 0.0 0.0 0.0 0.0 0.0 0.0 0.0 0.0 0.0 0.0 0.0 0.0 0.0 0.0 0.0 0.0 0.0 0.0 0.0 0.0 0.0 0.0 0.0 0.0 0.0 0.0 0.0 0.0 0.0 0.0 0.0 0.0 0.0 0.0 0.0 0.0 0.0 0.0 0.0 0.0 0.0 0.0 0.0 0.0 0.0 0.0 0.0 0.0 0.0 0.0 0.0 0.0 0.0 0.0 0.0 0.0 0.0 0.0 0.0 0.0 0.0 0.0 
0.0 0.0 0.0 0.0 0.0 0.0 0.0 0.0 0.0 0.0 0.0 0.0 0.0 0.0 0.0 0.0 0.0 0.0 0.0 0.0 0.0 0.0 0.0 0.0 0.0 0.0 0.0 0.0 0.0 0.0 0.0 0.0 0.0 0.0 0.0 0.0 0.0 0.0 0.0 0.0 0.0 0.0 0.0 0.0 0.0 0.0 0.0 0.0 0.0 0.0 0.0 0.0 0.0 0.0 0.0 0.0 0.0 0.0 0.0 0.0 0.0 0.0 0.0 0.0 0.0 0.0 0.0 0.0 0.0 0.0 0.0 0.0 0.0 0.0 0.0 0.0 0.0 0.0 0.0 0.0 0.0 0.0 0.0 0.0 0.0 0.0 0.0 0.0 0.0 0.0 0.0 0.0 0.0 0.0 0.0 0.0 0.0 0.0 0.0 0.0 
0.0 0.0 0.0 0.0 0.0 0.0 0.0 0.0 0.0 0.0 0.0 0.0 0.0 0.0 0.0 0.0 0.0 0.0 0.0 0.0 0.0 0.0 0.0 0.0 0.0 0.0 0.0 0.0 0.0 0.0 0.0 0.0 0.0 0.0 0.0 0.0 0.0 0.0 0.0 0.0 0.0 0.0 0.0 0.0 0.0 0.0 0.0 0.0 0.0 0.0 0.0 0.0 0.0 0.0 0.0 0.0 0.0 0.0 0.0 0.0 0.0 0.0 0.0 0.0 0.0 0.0 0.0 0.0 0.0 0.0 0.0 0.0 0.0 0.0 0.0 0.0 0.0 0.0 0.0 0.0 0.0 0.0 0.0 0.0 0.0 0.0 0.0 0.0 0.0 0.0 0.0 0.0 0.0 0.0 0.0 0.0 0.0 0.0 0.0 0.0 
0.0 0.0 0.0 0.0 0.0 0.0 0.0 0.0 0.0 0.0 0.0 0.0 0.0 0.0 0.0 0.0 0.0 0.0 0.0 0.0 0.0 0.0 0.0 0.0 0.0 0.0 0.0 0.0 0.0 0.0 0.0 0.0 0.0 0.0 0.0 0.0 0.0 0.0 0.0 0.0 0.0 0.0 0.0 0.0 0.0 0.0 0.0 0.0 0.0 0.0 0.0 0.0 0.0 0.0 0.0 0.0 0.0 0.0 0.0 0.0 0.0 0.0 0.0 0.0 0.0 0.0 0.0 0.0 0.0 0.0 0.0 0.0 0.0 0.0 0.0 0.0 0.0 0.0 0.0 0.0 0.0 0.0 0.0 0.0 0.0 0.0 0.0 0.0 0.0 0.0 0.0 0.0 0.0 0.0 0.0 0.0 0.0 0.0 0.0 0.0 
0.0 0.0 0.0 0.0 0.0 0.0 0.0 0.0 0.0 0.0 0.0 0.0 0.0 0.0 0.0 0.0 0.0 0.0 0.0 0.0 0.0 0.0 0.0 0.0 0.0 0.0 0.0 0.0 0.0 0.0 0.0 0.0 0.0 0.0 0.0 0.0 0.0 0.0 0.0 0.0 0.0 0.0 0.0 0.0 0.0 0.0 0.0 0.0 0.0 0.0 0.0 0.0 0.0 0.0 0.0 0.0 0.0 0.0 0.0 0.0 0.0 0.0 0.0 0.0 0.0 0.0 0.0 0.0 0.0 0.0 0.0 0.0 0.0 0.0 0.0 0.0 0.0 0.0 0.0 0.0 0.0 0.0 0.0 0.0 0.0 0.0 0.0 0.0 0.0 0.0 0.0 0.0 0.0 0.0 0.0 0.0 0.0 0.0 0.0 0.0 
0.0 0.0 0.0 0.0 0.0 0.0 0.0 0.0 0.0 0.0 0.0 0.0 0.0 0.0 0.0 0.0 0.0 0.0 0.0 0.0 0.0 0.0 0.0 0.0 0.0 0.0 0.0 0.0 0.0 0.0 0.0 0.0 0.0 0.0 0.0 0.0 0.0 0.0 0.0 0.0 0.0 0.0 0.0 0.0 0.0 0.0 0.0 0.0 0.0 0.0 0.0 0.0 0.0 0.0 0.0 0.0 0.0 0.0 0.0 0.0 0.0 0.0 0.0 0.0 0.0 0.0 0.0 0.0 0.0 0.0 0.0 0.0 0.0 0.0 0.0 0.0 0.0 0.0 0.0 0.0 0.0 0.0 0.0 0.0 0.0 0.0 0.0 0.0 0.0 0.0 0.0 0.0 0.0 0.0 0.0 0.0 0.0 0.0 0.0 0.0 
0.0 0.0 0.0 0.0 0.0 0.0 0.0 0.0 0.0 0.0 0.0 0.0 0.0 0.0 0.0 0.0 0.0 0.0 0.0 0.0 0.0 0.0 0.0 0.0 0.0 0.0 0.0 0.0 0.0 0.0 0.0 0.0 0.0 0.0 0.0 0.0 0.0 0.0 0.0 0.0 0.0 0.0 0.0 0.0 0.0 0.0 0.0 0.0 0.0 0.0 0.0 0.0 0.0 0.0 0.0 0.0 0.0 0.0 0.0 0.0 0.0 0.0 0.0 0.0 0.0 0.0 0.0 0.0 0.0 0.0 0.0 0.0 0.0 0.0 0.0 0.0 0.0 0.0 0.0 0.0 0.0 0.0 0.0 0.0 0.0 0.0 0.0 0.0 0.0 0.0 0.0 0.0 0.0 0.0 0.0 0.0 0.0 0.0 0.0 0.0 
0.0 0.0 0.0 0.0 0.0 0.0 0.0 0.0 0.0 0.0 0.0 0.0 0.0 0.0 0.0 0.0 0.0 0.0 0.0 0.0 0.0 0.0 0.0 0.0 0.0 0.0 0.0 0.0 0.0 0.0 0.0 0.0 0.0 0.0 0.0 0.0 0.0 0.0 0.0 0.0 0.0 0.0 0.0 0.0 0.0 0.0 0.0 0.0 0.0 0.0 0.0 0.0 0.0 0.0 0.0 0.0 0.0 0.0 0.0 0.0 0.0 0.0 0.0 0.0 0.0 0.0 0.0 0.0 0.0 0.0 0.0 0.0 0.0 0.0 0.0 0.0 0.0 0.0 0.0 0.0 0.0 0.0 0.0 0.0 0.0 0.0 0.0 0.0 0.0 0.0 0.0 0.0 0.0 0.0 0.0 0.0 0.0 0.0 0.0 0.0 
0.0 0.0 0.0 0.0 0.0 0.0 0.0 0.0 0.0 0.0 0.0 0.0 0.0 0.0 0.0 0.0 0.0 0.0 0.0 0.0 0.0 0.0 0.0 0.0 0.0 0.0 0.0 0.0 0.0 0.0 0.0 0.0 0.0 0.0 0.0 0.0 0.0 0.0 0.0 0.0 0.0 0.0 0.0 0.0 0.0 0.0 0.0 0.0 0.0 0.0 0.0 0.0 0.0 0.0 0.0 0.0 0.0 0.0 0.0 0.0 0.0 0.0 0.0 0.0 0.0 0.0 0.0 0.0 0.0 0.0 0.0 0.0 0.0 0.0 0.0 0.0 0.0 0.0 0.0 0.0 0.0 0.0 0.0 0.0 0.0 0.0 0.0 0.0 0.0 0.0 0.0 0.0 0.0 0.0 0.0 0.0 0.0 0.0 0.0 0.0 
0.0 0.0 0.0 0.0 0.0 0.0 0.0 0.0 0.0 0.0 0.0 0.0 0.0 0.0 0.0 0.0 0.0 0.0 0.0 0.0 0.0 0.0 0.0 0.0 0.0 0.0 0.0 0.0 0.0 0.0 0.0 0.0 0.0 0.0 0.0 0.0 0.0 0.0 0.0 0.0 0.0 0.0 0.0 0.0 0.0 0.0 0.0 0.0 0.0 0.0 0.0 0.0 0.0 0.0 0.0 0.0 0.0 0.0 0.0 0.0 0.0 0.0 0.0 0.0 0.0 0.0 0.0 0.0 0.0 0.0 0.0 0.0 0.0 0.0 0.0 0.0 0.0 0.0 0.0 0.0 0.0 0.0 0.0 0.0 0.0 0.0 0.0 0.0 0.0 0.0 0.0 0.0 0.0 0.0 0.0 0.0 0.0 0.0 0.0 0.0 
0.0 0.0 0.0 0.0 0.0 0.0 0.0 0.0 0.0 0.0 0.0 0.0 0.0 0.0 0.0 0.0 0.0 0.0 0.0 0.0 0.0 0.0 0.0 0.0 0.0 0.0 0.0 0.0 0.0 0.0 0.0 0.0 0.0 0.0 0.0 0.0 0.0 0.0 0.0 0.0 0.0 0.0 0.0 0.0 0.0 0.0 0.0 0.0 0.0 0.0 0.0 0.0 0.0 0.0 0.0 0.0 0.0 0.0 0.0 0.0 0.0 0.0 0.0 0.0 0.0 0.0 0.0 0.0 0.0 0.0 0.0 0.0 0.0 0.0 0.0 0.0 0.0 0.0 0.0 0.0 0.0 0.0 0.0 0.0 0.0 0.0 0.0 0.0 0.0 0.0 0.0 0.0 0.0 0.0 0.0 0.0 0.0 0.0 0.0 0.0 
0.0 0.0 0.0 0.0 0.0 0.0 0.0 0.0 0.0 0.0 0.0 0.0 0.0 0.0 0.0 0.0 0.0 0.0 0.0 0.0 0.0 0.0 0.0 0.0 0.0 0.0 0.0 0.0 0.0 0.0 0.0 0.0 0.0 0.0 0.0 0.0 0.0 0.0 0.0 0.0 0.0 0.0 0.0 0.0 0.0 0.0 0.0 0.0 0.0 0.0 0.0 0.0 0.0 0.0 0.0 0.0 0.0 0.0 0.0 0.0 0.0 0.0 0.0 0.0 0.0 0.0 0.0 0.0 0.0 0.0 0.0 0.0 0.0 0.0 0.0 0.0 0.0 0.0 0.0 0.0 0.0 0.0 0.0 0.0 0.0 0.0 0.0 0.0 0.0 0.0 0.0 0.0 0.0 0.0 0.0 0.0 0.0 0.0 0.0 0.0 
0.0 0.0 0.0 0.0 0.0 0.0 0.0 0.0 0.0 0.0 0.0 0.0 0.0 0.0 0.0 0.0 0.0 0.0 0.0 0.0 0.0 0.0 0.0 0.0 0.0 0.0 0.0 0.0 0.0 0.0 0.0 0.0 0.0 0.0 0.0 0.0 0.0 0.0 0.0 0.0 0.0 0.0 0.0 0.0 0.0 0.0 0.0 0.0 0.0 0.0 0.0 0.0 0.0 0.0 0.0 0.0 0.0 0.0 0.0 0.0 0.0 0.0 0.0 0.0 0.0 0.0 0.0 0.0 0.0 0.0 0.0 0.0 0.0 0.0 0.0 0.0 0.0 0.0 0.0 0.0 0.0 0.0 0.0 0.0 0.0 0.0 0.0 0.0 0.0 0.0 0.0 0.0 0.0 0.0 0.0 0.0 0.0 0.0 0.0 0.0 
0.0 0.0 0.0 0.0 0.0 0.0 0.0 0.0 0.0 0.0 0.0 0.0 0.0 0.0 0.0 0.0 0.0 0.0 0.0 0.0 0.0 0.0 0.0 0.0 0.0 0.0 0.0 0.0 0.0 0.0 0.0 0.0 0.0 0.0 0.0 0.0 0.0 0.0 0.0 0.0 0.0 0.0 0.0 0.0 0.0 0.0 0.0 0.0 0.0 0.0 0.0 0.0 0.0 0.0 0.0 0.0 0.0 0.0 0.0 0.0 0.0 0.0 0.0 0.0 0.0 0.0 0.0 0.0 0.0 0.0 0.0 0.0 0.0 0.0 0.0 0.0 0.0 0.0 0.0 0.0 0.0 0.0 0.0 0.0 0.0 0.0 0.0 0.0 0.0 0.0 0.0 0.0 0.0 0.0 0.0 0.0 0.0 0.0 0.0 0.0 
0.0 0.0 0.0 0.0 0.0 0.0 0.0 0.0 0.0 0.0 0.0 0.0 0.0 0.0 0.0 0.0 0.0 0.0 0.0 0.0 0.0 0.0 0.0 0.0 0.0 0.0 0.0 0.0 0.0 0.0 0.0 0.0 0.0 0.0 0.0 0.0 0.0 0.0 0.0 0.0 0.0 0.0 0.0 0.0 0.0 0.0 0.0 0.0 0.0 0.0 0.0 0.0 0.0 0.0 0.0 0.0 0.0 0.0 0.0 0.0 0.0 0.0 0.0 0.0 0.0 0.0 0.0 0.0 0.0 0.0 0.0 0.0 0.0 0.0 0.0 0.0 0.0 0.0 0.0 0.0 0.0 0.0 0.0 0.0 0.0 0.0 0.0 0.0 0.0 0.0 0.0 0.0 0.0 0.0 0.0 0.0 0.0 0.0 0.0 0.0 
0.0 0.0 0.0 0.0 0.0 0.0 0.0 0.0 0.0 0.0 0.0 0.0 0.0 0.0 0.0 0.0 0.0 0.0 0.0 0.0 0.0 0.0 0.0 0.0 0.0 0.0 0.0 0.0 0.0 0.0 0.0 0.0 0.0 0.0 0.0 0.0 0.0 0.0 0.0 0.0 0.0 0.0 0.0 0.0 0.0 0.0 0.0 0.0 0.0 0.0 0.0 0.0 0.0 0.0 0.0 0.0 0.0 0.0 0.0 0.0 0.0 0.0 0.0 0.0 0.0 0.0 0.0 0.0 0.0 0.0 0.0 0.0 0.0 0.0 0.0 0.0 0.0 0.0 0.0 0.0 0.0 0.0 0.0 0.0 0.0 0.0 0.0 0.0 0.0 0.0 0.0 0.0 0.0 0.0 0.0 0.0 0.0 0.0 0.0 0.0 
0.0 0.0 0.0 0.0 0.0 0.0 0.0 0.0 0.0 0.0 0.0 0.0 0.0 0.0 0.0 0.0 0.0 0.0 0.0 0.0 0.0 0.0 0.0 0.0 0.0 0.0 0.0 0.0 0.0 0.0 0.0 0.0 0.0 0.0 0.0 0.0 0.0 0.0 0.0 0.0 0.0 0.0 0.0 0.0 0.0 0.0 0.0 0.0 0.0 0.0 0.0 0.0 0.0 0.0 0.0 0.0 0.0 0.0 0.0 0.0 0.0 0.0 0.0 0.0 0.0 0.0 0.0 0.0 0.0 0.0 0.0 0.0 0.0 0.0 0.0 0.0 0.0 0.0 0.0 0.0 0.0 0.0 0.0 0.0 0.0 0.0 0.0 0.0 0.0 0.0 0.0 0.0 0.0 0.0 0.0 0.0 0.0 0.0 0.0 0.0 
0.0 0.0 0.0 0.0 0.0 0.0 0.0 0.0 0.0 0.0 0.0 0.0 0.0 0.0 0.0 0.0 0.0 0.0 0.0 0.0 0.0 0.0 0.0 0.0 0.0 0.0 0.0 0.0 0.0 0.0 0.0 0.0 0.0 0.0 0.0 0.0 0.0 0.0 0.0 0.0 0.0 0.0 0.0 0.0 0.0 0.0 0.0 0.0 0.0 0.0 0.0 0.0 0.0 0.0 0.0 0.0 0.0 0.0 0.0 0.0 0.0 0.0 0.0 0.0 0.0 0.0 0.0 0.0 0.0 0.0 0.0 0.0 0.0 0.0 0.0 0.0 0.0 0.0 0.0 0.0 0.0 0.0 0.0 0.0 0.0 0.0 0.0 0.0 0.0 0.0 0.0 0.0 0.0 0.0 0.0 0.0 0.0 0.0 0.0 0.0 
0.0 0.0 0.0 0.0 0.0 0.0 0.0 0.0 0.0 0.0 0.0 0.0 0.0 0.0 0.0 0.0 0.0 0.0 0.0 0.0 0.0 0.0 0.0 0.0 0.0 0.0 0.0 0.0 0.0 0.0 0.0 0.0 0.0 0.0 0.0 0.0 0.0 0.0 0.0 0.0 0.0 0.0 0.0 0.0 0.0 0.0 0.0 0.0 0.0 0.0 0.0 0.0 0.0 0.0 0.0 0.0 0.0 0.0 0.0 0.0 0.0 0.0 0.0 0.0 0.0 0.0 0.0 0.0 0.0 0.0 0.0 0.0 0.0 0.0 0.0 0.0 0.0 0.0 0.0 0.0 0.0 0.0 0.0 0.0 0.0 0.0 0.0 0.0 0.0 0.0 0.0 0.0 0.0 0.0 0.0 0.0 0.0 0.0 0.0 0.0 
0.0 0.0 0.0 0.0 0.0 0.0 0.0 0.0 0.0 0.0 0.0 0.0 0.0 0.0 0.0 0.0 0.0 0.0 0.0 0.0 0.0 0.0 0.0 0.0 0.0 0.0 0.0 0.0 0.0 0.0 0.0 0.0 0.0 0.0 0.0 0.0 0.0 0.0 0.0 0.0 0.0 0.0 0.0 0.0 0.0 0.0 0.0 0.0 0.0 0.0 0.0 0.0 0.0 0.0 0.0 0.0 0.0 0.0 0.0 0.0 0.0 0.0 0.0 0.0 0.0 0.0 0.0 0.0 0.0 0.0 0.0 0.0 0.0 0.0 0.0 0.0 0.0 0.0 0.0 0.0 0.0 0.0 0.0 0.0 0.0 0.0 0.0 0.0 0.0 0.0 0.0 0.0 0.0 0.0 0.0 0.0 0.0 0.0 0.0 0.0 
0.0 0.0 0.0 0.0 0.0 0.0 0.0 0.0 0.0 0.0 0.0 0.0 0.0 0.0 0.0 0.0 0.0 0.0 0.0 0.0 0.0 0.0 0.0 0.0 0.0 0.0 0.0 0.0 0.0 0.0 0.0 0.0 0.0 0.0 0.0 0.0 0.0 0.0 0.0 0.0 0.0 0.0 0.0 0.0 0.0 0.0 0.0 0.0 0.0 0.0 0.0 0.0 0.0 0.0 0.0 0.0 0.0 0.0 0.0 0.0 0.0 0.0 0.0 0.0 0.0 0.0 0.0 0.0 0.0 0.0 0.0 0.0 0.0 0.0 0.0 0.0 0.0 0.0 0.0 0.0 0.0 0.0 0.0 0.0 0.0 0.0 0.0 0.0 0.0 0.0 0.0 0.0 0.0 0.0 0.0 0.0 0.0 0.0 0.0 0.0 
0.0 0.0 0.0 0.0 0.0 0.0 0.0 0.0 0.0 0.0 0.0 0.0 0.0 0.0 0.0 0.0 0.0 0.0 0.0 0.0 0.0 0.0 0.0 0.0 0.0 0.0 0.0 0.0 0.0 0.0 0.0 0.0 0.0 0.0 0.0 0.0 0.0 0.0 0.0 0.0 0.0 0.0 0.0 0.0 0.0 0.0 0.0 0.0 0.0 0.0 0.0 0.0 0.0 0.0 0.0 0.0 0.0 0.0 0.0 0.0 0.0 0.0 0.0 0.0 0.0 0.0 0.0 0.0 0.0 0.0 0.0 0.0 0.0 0.0 0.0 0.0 0.0 0.0 0.0 0.0 0.0 0.0 0.0 0.0 0.0 0.0 0.0 0.0 0.0 0.0 0.0 0.0 0.0 0.0 0.0 0.0 0.0 0.0 0.0 0.0 
0.0 0.0 0.0 0.0 0.0 0.0 0.0 0.0 0.0 0.0 0.0 0.0 0.0 0.0 0.0 0.0 0.0 0.0 0.0 0.0 0.0 0.0 0.0 0.0 0.0 0.0 0.0 0.0 0.0 0.0 0.0 0.0 0.0 0.0 0.0 0.0 0.0 0.0 0.0 0.0 0.0 0.0 0.0 0.0 0.0 0.0 0.0 0.0 0.0 0.0 0.0 0.0 0.0 0.0 0.0 0.0 0.0 0.0 0.0 0.0 0.0 0.0 0.0 0.0 0.0 0.0 0.0 0.0 0.0 0.0 0.0 0.0 0.0 0.0 0.0 0.0 0.0 0.0 0.0 0.0 0.0 0.0 0.0 0.0 0.0 0.0 0.0 0.0 0.0 0.0 0.0 0.0 0.0 0.0 0.0 0.0 0.0 0.0 0.0 0.0 
0.0 0.0 0.0 0.0 0.0 0.0 0.0 0.0 0.0 0.0 0.0 0.0 0.0 0.0 0.0 0.0 0.0 0.0 0.0 0.0 0.0 0.0 0.0 0.0 0.0 0.0 0.0 0.0 0.0 0.0 0.0 0.0 0.0 0.0 0.0 0.0 0.0 0.0 0.0 0.0 0.0 0.0 0.0 0.0 0.0 0.0 0.0 0.0 0.0 0.0 0.0 0.0 0.0 0.0 0.0 0.0 0.0 0.0 0.0 0.0 0.0 0.0 0.0 0.0 0.0 0.0 0.0 0.0 0.0 0.0 0.0 0.0 0.0 0.0 0.0 0.0 0.0 0.0 0.0 0.0 0.0 0.0 0.0 0.0 0.0 0.0 0.0 0.0 0.0 0.0 0.0 0.0 0.0 0.0 0.0 0.0 0.0 0.0 0.0 0.0 
0.0 0.0 0.0 0.0 0.0 0.0 0.0 0.0 0.0 0.0 0.0 0.0 0.0 0.0 0.0 0.0 0.0 0.0 0.0 0.0 0.0 0.0 0.0 0.0 0.0 0.0 0.0 0.0 0.0 0.0 0.0 0.0 0.0 0.0 0.0 0.0 0.0 0.0 0.0 0.0 0.0 0.0 0.0 0.0 0.0 0.0 0.0 0.0 0.0 0.0 0.0 0.0 0.0 0.0 0.0 0.0 0.0 0.0 0.0 0.0 0.0 0.0 0.0 0.0 0.0 0.0 0.0 0.0 0.0 0.0 0.0 0.0 0.0 0.0 0.0 0.0 0.0 0.0 0.0 0.0 0.0 0.0 0.0 0.0 0.0 0.0 0.0 0.0 0.0 0.0 0.0 0.0 0.0 0.0 0.0 0.0 0.0 0.0 0.0 0.0 
0.0 0.0 0.0 0.0 0.0 0.0 0.0 0.0 0.0 0.0 0.0 0.0 0.0 0.0 0.0 0.0 0.0 0.0 0.0 0.0 0.0 0.0 0.0 0.0 0.0 0.0 0.0 0.0 0.0 0.0 0.0 0.0 0.0 0.0 0.0 0.0 0.0 0.0 0.0 0.0 0.0 0.0 0.0 0.0 0.0 0.0 0.0 0.0 0.0 0.0 0.0 0.0 0.0 0.0 0.0 0.0 0.0 0.0 0.0 0.0 0.0 0.0 0.0 0.0 0.0 0.0 0.0 0.0 0.0 0.0 0.0 0.0 0.0 0.0 0.0 0.0 0.0 0.0 0.0 0.0 0.0 0.0 0.0 0.0 0.0 0.0 0.0 0.0 0.0 0.0 0.0 0.0 0.0 0.0 0.0 0.0 0.0 0.0 0.0 0.0 
0.0 0.0 0.0 0.0 0.0 0.0 0.0 0.0 0.0 0.0 0.0 0.0 0.0 0.0 0.0 0.0 0.0 0.0 0.0 0.0 0.0 0.0 0.0 0.0 0.0 0.0 0.0 0.0 0.0 0.0 0.0 0.0 0.0 0.0 0.0 0.0 0.0 0.0 0.0 0.0 0.0 0.0 0.0 0.0 0.0 0.0 0.0 0.0 0.0 0.0 0.0 0.0 0.0 0.0 0.0 0.0 0.0 0.0 0.0 0.0 0.0 0.0 0.0 0.0 0.0 0.0 0.0 0.0 0.0 0.0 0.0 0.0 0.0 0.0 0.0 0.0 0.0 0.0 0.0 0.0 0.0 0.0 0.0 0.0 0.0 0.0 0.0 0.0 0.0 0.0 0.0 0.0 0.0 0.0 0.0 0.0 0.0 0.0 0.0 0.0 
0.0 0.0 0.0 0.0 0.0 0.0 0.0 0.0 0.0 0.0 0.0 0.0 0.0 0.0 0.0 0.0 0.0 0.0 0.0 0.0 0.0 0.0 0.0 0.0 0.0 0.0 0.0 0.0 0.0 0.0 0.0 0.0 0.0 0.0 0.0 0.0 0.0 0.0 0.0 0.0 0.0 0.0 0.0 0.0 0.0 0.0 0.0 0.0 0.0 0.0 0.0 0.0 0.0 0.0 0.0 0.0 0.0 0.0 0.0 0.0 0.0 0.0 0.0 0.0 0.0 0.0 0.0 0.0 0.0 0.0 0.0 0.0 0.0 0.0 0.0 0.0 0.0 0.0 0.0 0.0 0.0 0.0 0.0 0.0 0.0 0.0 0.0 0.0 0.0 0.0 0.0 0.0 0.0 0.0 0.0 0.0 0.0 0.0 0.0 0.0 
0.0 0.0 0.0 0.0 0.0 0.0 0.0 0.0 0.0 0.0 0.0 0.0 0.0 0.0 0.0 0.0 0.0 0.0 0.0 0.0 0.0 0.0 0.0 0.0 0.0 0.0 0.0 0.0 0.0 0.0 0.0 0.0 0.0 0.0 0.0 0.0 0.0 0.0 0.0 0.0 0.0 0.0 0.0 0.0 0.0 0.0 0.0 0.0 0.0 0.0 0.0 0.0 0.0 0.0 0.0 0.0 0.0 0.0 0.0 0.0 0.0 0.0 0.0 0.0 0.0 0.0 0.0 0.0 0.0 0.0 0.0 0.0 0.0 0.0 0.0 0.0 0.0 0.0 0.0 0.0 0.0 0.0 0.0 0.0 0.0 0.0 0.0 0.0 0.0 0.0 0.0 0.0 0.0 0.0 0.0 0.0 0.0 0.0 0.0 0.0 
0.0 0.0 0.0 0.0 0.0 0.0 0.0 0.0 0.0 0.0 0.0 0.0 0.0 0.0 0.0 0.0 0.0 0.0 0.0 0.0 0.0 0.0 0.0 0.0 0.0 0.0 0.0 0.0 0.0 0.0 0.0 0.0 0.0 0.0 0.0 0.0 0.0 0.0 0.0 0.0 0.0 0.0 0.0 0.0 0.0 0.0 0.0 0.0 0.0 0.0 0.0 0.0 0.0 0.0 0.0 0.0 0.0 0.0 0.0 0.0 0.0 0.0 0.0 0.0 0.0 0.0 0.0 0.0 0.0 0.0 0.0 0.0 0.0 0.0 0.0 0.0 0.0 0.0 0.0 0.0 0.0 0.0 0.0 0.0 0.0 0.0 0.0 0.0 0.0 0.0 0.0 0.0 0.0 0.0 0.0 0.0 0.0 0.0 0.0 0.0 
0.0 0.0 0.0 0.0 0.0 0.0 0.0 0.0 0.0 0.0 0.0 0.0 0.0 0.0 0.0 0.0 0.0 0.0 0.0 0.0 0.0 0.0 0.0 0.0 0.0 0.0 0.0 0.0 0.0 0.0 0.0 0.0 0.0 0.0 0.0 0.0 0.0 0.0 0.0 0.0 0.0 0.0 0.0 0.0 0.0 0.0 0.0 0.0 0.0 0.0 0.0 0.0 0.0 0.0 0.0 0.0 0.0 0.0 0.0 0.0 0.0 0.0 0.0 0.0 0.0 0.0 0.0 0.0 0.0 0.0 0.0 0.0 0.0 0.0 0.0 0.0 0.0 0.0 0.0 0.0 0.0 0.0 0.0 0.0 0.0 0.0 0.0 0.0 0.0 0.0 0.0 0.0 0.0 0.0 0.0 0.0 0.0 0.0 0.0 0.0 
0.0 0.0 0.0 0.0 0.0 0.0 0.0 0.0 0.0 0.0 0.0 0.0 0.0 0.0 0.0 0.0 0.0 0.0 0.0 0.0 0.0 0.0 0.0 0.0 0.0 0.0 0.0 0.0 0.0 0.0 0.0 0.0 0.0 0.0 0.0 0.0 0.0 0.0 0.0 0.0 0.0 0.0 0.0 0.0 0.0 0.0 0.0 0.0 0.0 0.0 0.0 0.0 0.0 0.0 0.0 0.0 0.0 0.0 0.0 0.0 0.0 0.0 0.0 0.0 0.0 0.0 0.0 0.0 0.0 0.0 0.0 0.0 0.0 0.0 0.0 0.0 0.0 0.0 0.0 0.0 0.0 0.0 0.0 0.0 0.0 0.0 0.0 0.0 0.0 0.0 0.0 0.0 0.0 0.0 0.0 0.0 0.0 0.0 0.0 0.0 
0.0 0.0 0.0 0.0 0.0 0.0 0.0 0.0 0.0 0.0 0.0 0.0 0.0 0.0 0.0 0.0 0.0 0.0 0.0 0.0 0.0 0.0 0.0 0.0 0.0 0.0 0.0 0.0 0.0 0.0 0.0 0.0 0.0 0.0 0.0 0.0 0.0 0.0 0.0 0.0 0.0 0.0 0.0 0.0 0.0 0.0 0.0 0.0 0.0 0.0 0.0 0.0 0.0 0.0 0.0 0.0 0.0 0.0 0.0 0.0 0.0 0.0 0.0 0.0 0.0 0.0 0.0 0.0 0.0 0.0 0.0 0.0 0.0 0.0 0.0 0.0 0.0 0.0 0.0 0.0 0.0 0.0 0.0 0.0 0.0 0.0 0.0 0.0 0.0 0.0 0.0 0.0 0.0 0.0 0.0 0.0 0.0 0.0 0.0 0.0 
0.0 0.0 0.0 0.0 0.0 0.0 0.0 0.0 0.0 0.0 0.0 0.0 0.0 0.0 0.0 0.0 0.0 0.0 0.0 0.0 0.0 0.0 0.0 0.0 0.0 0.0 0.0 0.0 0.0 0.0 0.0 0.0 0.0 0.0 0.0 0.0 0.0 0.0 0.0 0.0 0.0 0.0 0.0 0.0 0.0 0.0 0.0 0.0 0.0 0.0 0.0 0.0 0.0 0.0 0.0 0.0 0.0 0.0 0.0 0.0 0.0 0.0 0.0 0.0 0.0 0.0 0.0 0.0 0.0 0.0 0.0 0.0 0.0 0.0 0.0 0.0 0.0 0.0 0.0 0.0 0.0 0.0 0.0 0.0 0.0 0.0 0.0 0.0 0.0 0.0 0.0 0.0 0.0 0.0 0.0 0.0 0.0 0.0 0.0 0.0 
0.0 0.0 0.0 0.0 0.0 0.0 0.0 0.0 0.0 0.0 0.0 0.0 0.0 0.0 0.0 0.0 0.0 0.0 0.0 0.0 0.0 0.0 0.0 0.0 0.0 0.0 0.0 0.0 0.0 0.0 0.0 0.0 0.0 0.0 0.0 0.0 0.0 0.0 0.0 0.0 0.0 0.0 0.0 0.0 0.0 0.0 0.0 0.0 0.0 0.0 0.0 0.0 0.0 0.0 0.0 0.0 0.0 0.0 0.0 0.0 0.0 0.0 0.0 0.0 0.0 0.0 0.0 0.0 0.0 0.0 0.0 0.0 0.0 0.0 0.0 0.0 0.0 0.0 0.0 0.0 0.0 0.0 0.0 0.0 0.0 0.0 0.0 0.0 0.0 0.0 0.0 0.0 0.0 0.0 0.0 0.0 0.0 0.0 0.0 0.0 
0.0 0.0 0.0 0.0 0.0 0.0 0.0 0.0 0.0 0.0 0.0 0.0 0.0 0.0 0.0 0.0 0.0 0.0 0.0 0.0 0.0 0.0 0.0 0.0 0.0 0.0 0.0 0.0 0.0 0.0 0.0 0.0 0.0 0.0 0.0 0.0 0.0 0.0 0.0 0.0 0.0 0.0 0.0 0.0 0.0 0.0 0.0 0.0 0.0 0.0 0.0 0.0 0.0 0.0 0.0 0.0 0.0 0.0 0.0 0.0 0.0 0.0 0.0 0.0 0.0 0.0 0.0 0.0 0.0 0.0 0.0 0.0 0.0 0.0 0.0 0.0 0.0 0.0 0.0 0.0 0.0 0.0 0.0 0.0 0.0 0.0 0.0 0.0 0.0 0.0 0.0 0.0 0.0 0.0 0.0 0.0 0.0 0.0 0.0 0.0 
0.0 0.0 0.0 0.0 0.0 0.0 0.0 0.0 0.0 0.0 0.0 0.0 0.0 0.0 0.0 0.0 0.0 0.0 0.0 0.0 0.0 0.0 0.0 0.0 0.0 0.0 0.0 0.0 0.0 0.0 0.0 0.0 0.0 0.0 0.0 0.0 0.0 0.0 0.0 0.0 0.0 0.0 0.0 0.0 0.0 0.0 0.0 0.0 0.0 0.0 0.0 0.0 0.0 0.0 0.0 0.0 0.0 0.0 0.0 0.0 0.0 0.0 0.0 0.0 0.0 0.0 0.0 0.0 0.0 0.0 0.0 0.0 0.0 0.0 0.0 0.0 0.0 0.0 0.0 0.0 0.0 0.0 0.0 0.0 0.0 0.0 0.0 0.0 0.0 0.0 0.0 0.0 0.0 0.0 0.0 0.0 0.0 0.0 0.0 0.0 
0.0 0.0 0.0 0.0 0.0 0.0 0.0 0.0 0.0 0.0 0.0 0.0 0.0 0.0 0.0 0.0 0.0 0.0 0.0 0.0 0.0 0.0 0.0 0.0 0.0 0.0 0.0 0.0 0.0 0.0 0.0 0.0 0.0 0.0 0.0 0.0 0.0 0.0 0.0 0.0 0.0 0.0 0.0 0.0 0.0 0.0 0.0 0.0 0.0 0.0 0.0 0.0 0.0 0.0 0.0 0.0 0.0 0.0 0.0 0.0 0.0 0.0 0.0 0.0 0.0 0.0 0.0 0.0 0.0 0.0 0.0 0.0 0.0 0.0 0.0 0.0 0.0 0.0 0.0 0.0 0.0 0.0 0.0 0.0 0.0 0.0 0.0 0.0 0.0 0.0 0.0 0.0 0.0 0.0 0.0 0.0 0.0 0.0 0.0 0.0 
0.0 0.0 0.0 0.0 0.0 0.0 0.0 0.0 0.0 0.0 0.0 0.0 0.0 0.0 0.0 0.0 0.0 0.0 0.0 0.0 0.0 0.0 0.0 0.0 0.0 0.0 0.0 0.0 0.0 0.0 0.0 0.0 0.0 0.0 0.0 0.0 0.0 0.0 0.0 0.0 0.0 0.0 0.0 0.0 0.0 0.0 0.0 0.0 0.0 0.0 0.0 0.0 0.0 0.0 0.0 0.0 0.0 0.0 0.0 0.0 0.0 0.0 0.0 0.0 0.0 0.0 0.0 0.0 0.0 0.0 0.0 0.0 0.0 0.0 0.0 0.0 0.0 0.0 0.0 0.0 0.0 0.0 0.0 0.0 0.0 0.0 0.0 0.0 0.0 0.0 0.0 0.0 0.0 0.0 0.0 0.0 0.0 0.0 0.0 0.0 
0.0 0.0 0.0 0.0 0.0 0.0 0.0 0.0 0.0 0.0 0.0 0.0 0.0 0.0 0.0 0.0 0.0 0.0 0.0 0.0 0.0 0.0 0.0 0.0 0.0 0.0 0.0 0.0 0.0 0.0 0.0 0.0 0.0 0.0 0.0 0.0 0.0 0.0 0.0 0.0 0.0 0.0 0.0 0.0 0.0 0.0 0.0 0.0 0.0 0.0 0.0 0.0 0.0 0.0 0.0 0.0 0.0 0.0 0.0 0.0 0.0 0.0 0.0 0.0 0.0 0.0 0.0 0.0 0.0 0.0 0.0 0.0 0.0 0.0 0.0 0.0 0.0 0.0 0.0 0.0 0.0 0.0 0.0 0.0 0.0 0.0 0.0 0.0 0.0 0.0 0.0 0.0 0.0 0.0 0.0 0.0 0.0 0.0 0.0 0.0 
0.0 0.0 0.0 0.0 0.0 0.0 0.0 0.0 0.0 0.0 0.0 0.0 0.0 0.0 0.0 0.0 0.0 0.0 0.0 0.0 0.0 0.0 0.0 0.0 0.0 0.0 0.0 0.0 0.0 0.0 0.0 0.0 0.0 0.0 0.0 0.0 0.0 0.0 0.0 0.0 0.0 0.0 0.0 0.0 0.0 0.0 0.0 0.0 0.0 0.0 0.0 0.0 0.0 0.0 0.0 0.0 0.0 0.0 0.0 0.0 0.0 0.0 0.0 0.0 0.0 0.0 0.0 0.0 0.0 0.0 0.0 0.0 0.0 0.0 0.0 0.0 0.0 0.0 0.0 0.0 0.0 0.0 0.0 0.0 0.0 0.0 0.0 0.0 0.0 0.0 0.0 0.0 0.0 0.0 0.0 0.0 0.0 0.0 0.0 0.0 
0.0 0.0 0.0 0.0 0.0 0.0 0.0 0.0 0.0 0.0 0.0 0.0 0.0 0.0 0.0 0.0 0.0 0.0 0.0 0.0 0.0 0.0 0.0 0.0 0.0 0.0 0.0 0.0 0.0 0.0 0.0 0.0 0.0 0.0 0.0 0.0 0.0 0.0 0.0 0.0 0.0 0.0 0.0 0.0 0.0 0.0 0.0 0.0 0.0 0.0 0.0 0.0 0.0 0.0 0.0 0.0 0.0 0.0 0.0 0.0 0.0 0.0 0.0 0.0 0.0 0.0 0.0 0.0 0.0 0.0 0.0 0.0 0.0 0.0 0.0 0.0 0.0 0.0 0.0 0.0 0.0 0.0 0.0 0.0 0.0 0.0 0.0 0.0 0.0 0.0 0.0 0.0 0.0 0.0 0.0 0.0 0.0 0.0 0.0 0.0 
0.0 0.0 0.0 0.0 0.0 0.0 0.0 0.0 0.0 0.0 0.0 0.0 0.0 0.0 0.0 0.0 0.0 0.0 0.0 0.0 0.0 0.0 0.0 0.0 0.0 0.0 0.0 0.0 0.0 0.0 0.0 0.0 0.0 0.0 0.0 0.0 0.0 0.0 0.0 0.0 0.0 0.0 0.0 0.0 0.0 0.0 0.0 0.0 0.0 0.0 0.0 0.0 0.0 0.0 0.0 0.0 0.0 0.0 0.0 0.0 0.0 0.0 0.0 0.0 0.0 0.0 0.0 0.0 0.0 0.0 0.0 0.0 0.0 0.0 0.0 0.0 0.0 0.0 0.0 0.0 0.0 0.0 0.0 0.0 0.0 0.0 0.0 0.0 0.0 0.0 0.0 0.0 0.0 0.0 0.0 0.0 0.0 0.0 0.0 0.0 
0.0 0.0 0.0 0.0 0.0 0.0 0.0 0.0 0.0 0.0 0.0 0.0 0.0 0.0 0.0 0.0 0.0 0.0 0.0 0.0 0.0 0.0 0.0 0.0 0.0 0.0 0.0 0.0 0.0 0.0 0.0 0.0 0.0 0.0 0.0 0.0 0.0 0.0 0.0 0.0 0.0 0.0 0.0 0.0 0.0 0.0 0.0 0.0 0.0 0.0 0.0 0.0 0.0 0.0 0.0 0.0 0.0 0.0 0.0 0.0 0.0 0.0 0.0 0.0 0.0 0.0 0.0 0.0 0.0 0.0 0.0 0.0 0.0 0.0 0.0 0.0 0.0 0.0 0.0 0.0 0.0 0.0 0.0 0.0 0.0 0.0 0.0 0.0 0.0 0.0 0.0 0.0 0.0 0.0 0.0 0.0 0.0 0.0 0.0 0.0 
