-2.058532728207735e-17 5.053917569556234e-16 3.5514882972179447e-15 2.847551726937495e-14 2.6379867014790695e-13 2.2507256334345296e-12 1.5003729527912616e-11 8.010754230292843e-11 3.3517232341661993e-10 1.09132264717561e-9 2.801302428462625e-9 5.706272512151331e-9 9.544157424217193e-9 1.4349901049852914e-8 2.3446621607602104e-8 4.7785333331326616e-8 1.107159720553323e-7 2.4823325765572463e-7 5.011781338751177e-7 8.980620798932087e-7 1.4378463870123839e-6 2.0859747031837636e-6 2.7546389250069634e-6 3.2673741459558762e-6 3.404213335079023e-6 3.089771212398885e-6 2.5473024148872935e-6 2.1861662790782016e-6 2.3803805448492084e-6 3.2856765175393296e-6 4.680299304041764e-6 5.851770156630299e-6 5.994334423956378e-6 4.897040748501567e-6 3.1686126202808635e-6 1.6236544601399466e-6 6.641533272850073e-7 2.1979899464043743e-7 6.026942930274914e-8 1.4476940889672656e-8 3.2849032146698938e-9 8.777401837156165e-10 3.2386921621877625e-10 1.3670741568818141e-10 5.242049192635652e-11 1.6462721380651988e-11 4.07164082889389e-12 7.866717797709209e-13 1.208547652991637e-13 1.4018678180729735e-14 1.4250625529106065e-15 1.9361229476218973e-16 2.893397113586134e-17 5.560524388890547e-17 -1.8760839726666557e-18 0.0 0.0 0.0 0.0 0.0 0.0 0.0 0.0 0.0 0.0 0.0 0.0 0.0 0.0 0.0 0.0 0.0 0.0 0.0 0.0 0.0 0.0 0.0 0.0 0.0 0.0 0.0 0.0 0.0 0.0 0.0 0.0 0.0 0.0 0.0 0.0 0.0 0.0 0.0 0.0 0.0 0.0 0.0 0.0 0.0 
1.9327600824784068e-15 1.060865863345344e-14 5.026856653192461e-14 2.594725092915267e-13 1.7680079238754595e-12 1.3442796751747235e-11 8.662313730720388e-11 4.5689856727353803e-10 1.9015798792119275e-9 6.1785575322768016e-9 1.5863983003777774e-8 3.237891287310093e-8 5.41542480573491e-8 7.998881300350957e-8 1.2214094749398514e-7 2.2234518292710098e-7 4.62185018154823e-7 9.484366374320949e-7 1.771395157502651e-6 2.9407329935347592e-6 4.3456871451996304e-6 5.7915636964390165e-6 7.049944221651884e-6 7.856810959752812e-6 7.949327455667194e-6 7.2972353924822004e-6 6.280988087527014e-6 5.456373111405629e-6 5.196183772116642e-6 5.585040261379017e-6 6.434876112788673e-6 7.170929231296797e-6 7.057713997570399e-6 5.816192567952545e-6 3.936673787272132e-6 2.1886463637717574e-6 1.0129499415520769e-6 3.982214479630897e-7 1.3637046762625907e-7 4.2874873755631906e-8 1.370458036327932e-8 5.321898053554583e-9 2.502449880176242e-9 1.1563155808854978e-9 4.538467150291525e-10 1.4324599073000883e-10 3.5448486246140945e-11 6.843998959282014e-12 1.050756256655249e-12 1.2194843884295797e-13 1.1304013351867888e-14 9.394286645433483e-16 9.475528198856182e-17 4.2243088820003814e-17 -1.3229844724014423e-18 0.0 0.0 0.0 0.0 0.0 0.0 0.0 0.0 0.0 0.0 0.0 0.0 0.0 0.0 0.0 0.0 0.0 0.0 0.0 0.0 0.0 0.0 0.0 0.0 0.0 0.0 0.0 0.0 0.0 0.0 0.0 0.0 0.0 0.0 0.0 0.0 0.0 0.0 0.0 0.0 0.0 0.0 0.0 0.0 0.0 
3.1513851485901245e-14 1.5535992686679812e-13 6.510830599776024e-13 2.52207968684275e-12 1.1483475155517794e-11 6.7931397512888e-11 4.008291779762159e-10 2.0519711666381464e-9 8.441283309305392e-9 2.7297752378863402e-8 7.005517021144394e-8 1.4343892166977425e-7 2.4102995343060516e-7 3.5450705055079843e-7 5.204078659070759e-7 8.703960310206366e-7 1.6445750175300273e-6 3.108619703007687e-6 5.404887693812101e-6 8.385779834976647e-6 1.1582671917564084e-5 1.4400341269610577e-5 1.6383900163796708e-5 1.7317488618747202e-5 1.7151192972731404e-5 1.609382476743118e-5 1.466740238669448e-5 1.334510550034955e-5 1.2183751314101915e-5 1.1071016626098418e-5 1.0099445826076115e-5 9.351691056573298e-6 8.531873774594185e-6 7.2265181932034035e-6 5.414186548670112e-6 3.505022561982988e-6 1.9450788606072356e-6 9.26862002723287e-7 3.844095430075147e-7 1.4761807808036893e-7 5.996065474968647e-8 2.9150755283706627e-8 1.5442193169988156e-8 7.432486378300817e-9 2.9473239856982215e-9 9.318943401026288e-10 2.3053347403946738e-10 4.447145521826314e-11 6.822084455383069e-12 7.912318160709331e-13 7.238280647293395e-14 5.476019555378116e-15 3.589071250441745e-16 3.935277301733727e-17 -1.091147801091698e-18 0.0 0.0 0.0 0.0 0.0 0.0 0.0 0.0 0.0 0.0 0.0 0.0 0.0 0.0 0.0 0.0 0.0 0.0 0.0 0.0 0.0 0.0 0.0 0.0 0.0 0.0 0.0 0.0 0.0 0.0 0.0 0.0 0.0 0.0 0.0 0.0 0.0 0.0 0.0 0.0 0.0 0.0 0.0 0.0 0.0 
3.878820936614436e-13 1.8108892596851698e-12 7.182352094179124e-12 2.4360625588534313e-11 8.117626104848626e-11 3.32719121634825e-10 1.6170096630033165e-9 7.696208758994406e-9 3.0822835929300156e-8 9.862284161016618e-8 2.5244467874944843e-7 5.188876390833403e-7 8.796305505750346e-7 1.3017953533894161e-6 1.875921655797351e-6 2.952618123058574e-6 5.141371491599882e-6 9.020367555958205e-6 1.4718755483220257e-5 2.1580429759408504e-5 2.8304941310781846e-5 3.3561667393211184e-5 3.665675924996792e-5 3.771075601909835e-5 3.726806704539489e-5 3.5985895388195305e-5 3.4376418517735134e-5 3.2388412371263176e-5 2.9333852476343394e-5 2.4898637689396064e-5 1.997859194196482e-5 1.6047458628376227e-5 1.3608970022765783e-5 1.1888245146734513e-5 9.82927973091791e-6 7.18549527361083e-6 4.488124564323776e-6 2.385667916132674e-6 1.1070726994690963e-6 4.910745604266308e-7 2.402484808364056e-7 1.3576211700522272e-7 7.691189165525277e-8 3.779079329873013e-8 1.5051002749630307e-8 4.758942649734023e-9 1.1761536845773133e-9 2.266474382820259e-10 3.4736641146270045e-11 4.025596070913811e-12 3.6727392559900413e-13 2.7314178150956878e-14 1.5287461033855279e-15 7.720317049784164e-17 1.4413445021473286e-17 0.0 0.0 0.0 0.0 0.0 0.0 0.0 0.0 0.0 0.0 0.0 0.0 0.0 0.0 0.0 0.0 0.0 0.0 0.0 0.0 0.0 0.0 0.0 0.0 0.0 0.0 0.0 0.0 0.0 0.0 0.0 0.0 0.0 0.0 0.0 0.0 0.0 0.0 0.0 0.0 0.0 0.0 0.0 0.0 0.0 
4.1381821490361186e-12 1.780174004831623e-11 6.718777363711526e-11 2.1408320833846534e-10 6.045396769319512e-10 1.7711516711289136e-9 6.288235915879904e-9 2.5485145258258846e-8 9.59065022259162e-8 2.996078449183212e-7 7.610557523455956e-7 1.5694218505835966e-6 2.6927265361155126e-6 4.043809303457663e-6 5.816393687390959e-6 8.808108846173507e-6 1.437447013043771e-5 2.3673924008225723e-5 3.66883443802773e-5 5.16311742656904e-5 6.562585402137002e-5 7.620220445644136e-5 8.250234152027535e-5 8.524787341166463e-5 8.570268046870581e-5 8.482420907784184e-5 8.272926721295082e-5 7.839814998851938e-5 7.025432162045429e-5 5.827935544052035e-5 4.517506068240409e-5 3.4731865459735483e-5 2.8470563889148215e-5 2.4784333294227183e-5 2.0956658322838277e-5 1.586640129915413e-5 1.0339294241258817e-5 5.803372747045521e-6 2.9240955275489774e-6 1.4744821073785738e-6 8.360368539937049e-7 5.192328377595301e-7 3.0442428500332836e-7 1.508137460601728e-7 6.007933035053296e-8 1.8969082742872223e-8 4.680765385667292e-9 9.008059732640118e-10 1.3792624810332676e-10 1.597375078976467e-11 1.4565703499911619e-12 1.0801387487334058e-13 5.8028236768887555e-15 2.5385243092104316e-16 1.112060493149557e-16 0.0 0.0 0.0 0.0 0.0 0.0 0.0 0.0 0.0 0.0 0.0 0.0 0.0 0.0 0.0 0.0 0.0 0.0 0.0 0.0 0.0 0.0 0.0 0.0 0.0 0.0 0.0 0.0 0.0 0.0 0.0 0.0 0.0 0.0 0.0 0.0 0.0 0.0 0.0 0.0 0.0 0.0 0.0 0.0 0.0 
3.4691273144616856e-11 1.3463018873482252e-10 4.787544216186119e-10 1.4661620213949937e-9 3.86237614767471e-9 9.41241548780536e-9 2.4923312870547724e-8 7.954396254906454e-8 2.667666980541417e-7 7.957856400449248e-7 1.988562785235826e-6 4.102981736818379e-6 7.131655012872931e-6 1.091932457108898e-5 1.5851243416413668e-5 2.3525806138478205e-5 3.665793830751329e-5 5.750639143562552e-5 8.586165269576175e-5 0.00011797623755618175 0.0001482551653929023 0.00017233438088854814 0.00018898705019750083 0.0001993190556194263 0.00020462094304692777 0.00020517125847256904 0.0002000367784598576 0.00018725343248474104 0.0001652221250141931 0.00013581637397534394 0.00010532836378592673 8.100579141892378e-5 6.535718891870741e-5 5.516883989359767e-5 4.538699592319228e-5 3.395853910333241e-5 2.2331669727438438e-5 1.2990763180821881e-5 7.035162102878189e-6 3.942363199763207e-6 2.458387100714112e-6 1.5976099181143513e-6 9.466426161838461e-7 4.6859049057290875e-7 1.8609735238523435e-7 5.859613225288852e-8 1.4428506970540143e-8 2.7729057011067403e-9 4.243151742405591e-10 4.9159937961364065e-11 4.491210976640911e-12 3.3428957590460994e-13 1.7941517587860594e-14 8.83239076005677e-16 1.2740727628809038e-15 0.0 0.0 0.0 0.0 0.0 0.0 0.0 0.0 0.0 0.0 0.0 0.0 0.0 0.0 0.0 0.0 0.0 0.0 0.0 0.0 0.0 0.0 0.0 0.0 0.0 0.0 0.0 0.0 0.0 0.0 0.0 0.0 0.0 0.0 0.0 0.0 0.0 0.0 0.0 0.0 0.0 0.0 0.0 0.0 0.0 
2.601976749020533e-10 8.804474728723959e-10 2.855207837801922e-9 8.320381435506589e-9 2.105110093955593e-8 4.69448078361666e-8 1.0211572108918773e-7 2.5243800303192564e-7 7.110004927445776e-7 1.9565280689861822e-6 4.739498951581492e-6 9.730085209560477e-6 1.7110726740593693e-5 2.675529637727876e-5 3.9460192595856755e-5 5.821021578571417e-5 8.812609406698825e-5 0.0001336930879207025 0.00019498150174848024 0.00026542453665324907 0.0003347114593033006 0.0003943483879727675 0.0004408291943975124 0.00047380669687858165 0.0004924354214619254 0.0004943767887203326 0.00047720341652506264 0.00043947139620257214 0.0003824946248454178 0.00031348457983138456 0.0002453266670608531 0.00019027861288477702 0.00015156109191997224 0.00012321945040386756 9.719102099797804e-5 7.073036715537542e-5 4.6376266927904514e-5 2.7713429339628232e-5 1.5873092330836765e-5 9.481019864821691e-6 6.128226776635141e-6 3.99299278732343e-6 2.3427536977939154e-6 1.1483180371221447e-6 4.528201252782758e-7 1.4194217760430874e-7 3.486236337856255e-8 6.696266667078076e-9 1.0265895229677342e-9 1.1963366141731406e-10 1.1066930979814799e-11 8.430866311479531e-13 4.7336355556144076e-14 3.246120893670284e-15 1.2904264756769418e-14 0.0 0.0 0.0 0.0 0.0 0.0 0.0 0.0 0.0 0.0 0.0 0.0 0.0 0.0 0.0 0.0 0.0 0.0 0.0 0.0 0.0 0.0 0.0 0.0 0.0 0.0 0.0 0.0 0.0 0.0 0.0 0.0 0.0 0.0 0.0 0.0 0.0 0.0 0.0 0.0 0.0 0.0 0.0 0.0 0.0 
1.6118097336059329e-9 4.747651813795821e-9 1.367911094573113e-8 3.7185366563168036e-8 9.066661929112625e-8 1.939478037523462e-7 3.826762516211177e-7 7.88996413407743e-7 1.8521394835183374e-6 4.577650324002761e-6 1.0583973084568506e-5 2.1465600922115194e-5 3.804610965569804e-5 6.063513576550325e-5 9.10556974163334e-5 0.0001348662551658035 0.00020159633841277899 0.0003003482909997805 0.0004331018791404669 0.000589817103763226 0.0007517809339962895 0.0009003462262304054 0.0010227567390368203 0.0011109859999811744 0.0011574590783049097 0.00115522489260025 0.0011019352453598044 0.0010013408111048591 0.0008639220307163232 0.0007083125789883847 0.0005589238767120593 0.000435688958716316 0.00034247174383935644 0.00026926056226921644 0.00020434142688450008 0.00014471779511292837 9.436609618232548e-5 5.740085819231968e-5 3.3869758503074935e-5 2.0519782330593e-5 1.302330299106288e-5 8.19669582862569e-6 4.666715693526324e-6 2.241731376822701e-6 8.734755675918198e-7 2.7219766624644526e-7 6.678732241931263e-8 1.2891739971831246e-8 2.0027129430569505e-9 2.4010494686584813e-10 2.3407139359251632e-11 1.946658480346966e-12 1.274298018369116e-13 1.4945913963904015e-14 9.87737121035114e-14 0.0 0.0 0.0 0.0 0.0 0.0 0.0 0.0 0.0 0.0 0.0 0.0 0.0 0.0 0.0 0.0 0.0 0.0 0.0 0.0 0.0 0.0 0.0 0.0 0.0 0.0 0.0 0.0 0.0 0.0 0.0 0.0 0.0 0.0 0.0 0.0 0.0 0.0 0.0 0.0 0.0 0.0 0.0 0.0 0.0 
8.391080054177694e-9 2.18723941003324e-8 5.5055104523427165e-8 1.358287011954901e-7 3.151002958454965e-7 6.557206756318833e-7 1.2381079407668635e-6 2.3053396106219463e-6 4.687613170464835e-6 1.034956572565539e-5 2.2573468109043334e-5 4.48986197191712e-5 7.983701116672678e-5 0.0001292651630256876 0.00019770016845909998 0.00029610593159417296 0.0004427754251688663 0.0006564335898172945 0.000944699962937554 0.0012938890810088857 0.0016703553055558724 0.00203149106641019 0.002336042322685068 0.0025506554823425632 0.00265117914448056 0.002626145661379567 0.002480801996271305 0.0022349174572500103 0.0019195129669894527 0.0015752718044189176 0.0012475672371491094 0.0009704012607999247 0.0007501747236351547 0.0005721189648867971 0.000420182852598525 0.00029089814005323685 0.00018863155726596794 0.00011571882966799154 6.868854823016937e-5 4.070017733608459e-5 2.4406640651298162e-5 1.4366842881688837e-5 7.759663452483362e-6 3.6041726444832937e-6 1.3800279579275896e-6 4.2836985761734083e-7 1.0614123212608561e-7 2.1090254920470426e-8 3.4660209001080346e-9 4.602483118824849e-10 5.248626658302036e-11 5.3622271227485535e-12 4.5470980541174224e-13 7.822598152753424e-14 5.907834247006673e-13 0.0 0.0 0.0 0.0 0.0 0.0 0.0 0.0 0.0 0.0 0.0 0.0 0.0 0.0 0.0 0.0 0.0 0.0 0.0 0.0 0.0 0.0 0.0 0.0 0.0 0.0 0.0 0.0 0.0 0.0 0.0 0.0 0.0 0.0 0.0 0.0 0.0 0.0 0.0 0.0 0.0 0.0 0.0 0.0 0.0 
3.616595536926565e-8 8.584450130054092e-8 1.8922272751311352e-7 4.1303074400054823e-7 8.907192734007598e-7 1.7990577939223858e-6 3.3372271162475103e-6 5.954179400334105e-6 1.1128090566906135e-5 2.2452775111439325e-5 4.619171493344799e-5 8.969324773870239e-5 0.00015932866414856083 0.00026121395478155324 0.0004066997264507474 0.000619019527194861 0.0009351019910114424 0.0013935756660168413 0.0020147857022530767 0.0027818745021503544 0.003635694657113444 0.004482317851649597 0.005207259198869483 0.005707794554870896 0.005920960756850465 0.005836268936772608 0.005486042539984492 0.004925629938975043 0.004224311917457704 0.0034650399699498466 0.0027372496749476834 0.0021082784704043065 0.0015959560753645082 0.0011816308133153798 0.0008426067106890783 0.0005713871357140774 0.0003675102070698379 0.00022530505640729417 0.00013265931062782243 7.587123240880306e-5 4.247558842226969e-5 2.3018250842659102e-5 1.1599529718565643e-5 5.15648696233998e-6 1.9438784454636385e-6 6.12293858062254e-7 1.597048210441389e-7 3.5074215300963226e-8 6.722666622672871e-9 1.104838426550887e-9 1.592874280933533e-10 2.0154841977919602e-11 2.0586484329629877e-12 3.8207920811029766e-13 2.77394847216186e-12 0.0 0.0 0.0 0.0 0.0 0.0 0.0 0.0 0.0 0.0 0.0 0.0 0.0 0.0 0.0 0.0 0.0 0.0 0.0 0.0 0.0 0.0 0.0 0.0 0.0 0.0 0.0 0.0 0.0 0.0 0.0 0.0 0.0 0.0 0.0 0.0 0.0 0.0 0.0 0.0 0.0 0.0 0.0 0.0 0.0 
1.2414645958147626e-7 2.7751701288320377e-7 5.509251995656788e-7 1.0613612105730746e-6 2.0851988604135787e-6 4.046799545174856e-6 7.456846938765015e-6 1.323556200921896e-5 2.3996918010236864e-5 4.600848288329563e-5 9.055050049484135e-5 0.0001719210188463045 0.0003045340237834779 0.0005046084667974741 0.0007997622111833929 0.0012407507537278287 0.0019039493910163788 0.002867816244976184 0.0041777875590311405 0.005815140464898312 0.007678979335051789 0.009574259233635635 0.01122114436010634 0.012351001439393258 0.01281434170006954 0.012617430313068034 0.011858892090310819 0.01065727619016504 0.009142280473107172 0.007479779001149695 0.005863424736842935 0.004449224130360706 0.003292783717504879 0.002372379493785996 0.0016479630526150554 0.0010952383137558595 0.0006957179322874723 0.00042287301117055617 0.0002456755527412001 0.00013636840955114974 7.240103209694128e-5 3.6667086876030546e-5 1.7400099952496854e-5 7.4882590152999556e-6 2.8509442303803773e-6 9.555420554972244e-7 2.8122759063027995e-7 7.342464315760333e-8 1.708651587439816e-8 3.3981744900885394e-9 5.701773169370546e-10 8.047564083544746e-11 8.939182717157211e-12 1.551064496790583e-12 9.988959538893727e-12 0.0 0.0 0.0 0.0 0.0 0.0 0.0 0.0 0.0 0.0 0.0 0.0 0.0 0.0 0.0 0.0 0.0 0.0 0.0 0.0 0.0 0.0 0.0 0.0 0.0 0.0 0.0 0.0 0.0 0.0 0.0 0.0 0.0 0.0 0.0 0.0 0.0 0.0 0.0 0.0 0.0 0.0 0.0 0.0 0.0 
3.3993056577597047e-7 7.341545843296242e-7 1.3579037364867222e-6 2.3518504818144744e-6 4.171936575973052e-6 7.680617511727154e-6 1.4094762027040628e-5 2.5473315642064374e-5 4.664661657064212e-5 8.838604582977176e-5 0.00017021931435966817 0.0003187063767440795 0.0005645076836217303 0.0009468557989375942 0.0015300236376702653 0.0024227341198336002 0.003779669264751308 0.005755033909960367 0.008442287563233267 0.011826852768764561 0.015742248489845508 0.01980231495318923 0.023381579096766657 0.025849691111588906 0.02687317452621519 0.0265068806133415 0.024984710624380888 0.022519837453303326 0.01932612419440509 0.015738924158944206 0.012203888407297992 0.009104205327863298 0.006594653662895585 0.004642880261848706 0.0031555890008759897 0.0020581411383602975 0.00128712968705645 0.0007717590765090761 0.000442257105421419 0.00024127377570268212 0.0001250154041121279 6.150148431364972e-5 2.858588805111959e-5 1.2381678120455797e-5 4.960825700977322e-6 1.837857851436193e-6 6.206315855656388e-7 1.875516326660589e-7 4.952502728203403e-8 1.0917793237549569e-8 1.9792630010122492e-9 2.9663530340298544e-10 3.474012078335636e-11 5.365973187683837e-12 2.8079348471985147e-11 0.0 0.0 0.0 0.0 0.0 0.0 0.0 0.0 0.0 0.0 0.0 0.0 0.0 0.0 0.0 0.0 0.0 0.0 0.0 0.0 0.0 0.0 0.0 0.0 0.0 0.0 0.0 0.0 0.0 0.0 0.0 0.0 0.0 0.0 0.0 0.0 0.0 0.0 0.0 0.0 0.0 0.0 0.0 0.0 0.0 
7.317134664466971e-7 1.5570616024727326e-6 2.7780085147130244e-6 4.499504962993646e-6 7.348617044023553e-6 1.2820715214575763e-5 2.3417013686456295e-5 4.3558936045789875e-5 8.24020347945765e-5 0.00015855045916377442 0.0003052584668672688 0.0005706965036634841 0.0010176751968999562 0.0017346036734037628 0.0028608675357087335 0.004614238643014797 0.007288428930316458 0.011172095044915639 0.016453845289481583 0.023150644593311023 0.031004099146109586 0.03928487818124509 0.046698561782889926 0.05188965247362883 0.05414134291603368 0.05358377430506815 0.05068372288448228 0.045791700723043484 0.03925855651246223 0.0317802126820747 0.024362221206258347 0.017889618694976052 0.012726205987295089 0.008799008714440353 0.00587967713316769 0.003774398807989172 0.0023250427753682768 0.0013749415029603788 0.0007793722386875497 0.00042230287605117436 0.00021811400874393967 0.00010742901760845215 5.0515349602076e-5 2.2609983876263782e-5 9.63773168096345e-6 3.889493183776699e-6 1.4430414494552147e-6 4.752895337356829e-7 1.3472501479310708e-7 3.1559568166592376e-8 6.027340837332607e-9 9.45856691047846e-10 1.1576342462926422e-10 1.589688027031411e-11 6.12648299428484e-11 0.0 0.0 0.0 0.0 0.0 0.0 0.0 0.0 0.0 0.0 0.0 0.0 0.0 0.0 0.0 0.0 0.0 0.0 0.0 0.0 0.0 0.0 0.0 0.0 0.0 0.0 0.0 0.0 0.0 0.0 0.0 0.0 0.0 0.0 0.0 0.0 0.0 0.0 0.0 0.0 0.0 0.0 0.0 0.0 0.0 
1.238106918823641e-6 2.636171009449164e-6 4.677781660476732e-6 7.428736245843424e-6 1.1698392244523393e-5 1.977102981557126e-5 3.605526344194469e-5 6.902795570065631e-5 0.00013554979532161943 0.00026777807652114373 0.0005223847616178578 0.0009860532113443298 0.001782991018866748 0.0030978178289546845 0.005208296167968171 0.008516050212229686 0.01353848644254927 0.0207910795759924 0.0306549665393486 0.04326315272624152 0.058262502926321055 0.07436252311275104 0.08907974998453048 0.09969184820535537 0.10465115782297081 0.10405676087734049 0.09869440624965894 0.08917274422150917 0.07620258241417494 0.061275924386647675 0.0465126833284089 0.033736220857810084 0.02367123293348979 0.016140393688380168 0.010642133833075437 0.006745292824865671 0.004105809323269977 0.002403253910747308 0.0013532225551702007 0.000732119708694936 0.0003794848376581341 0.00018859117816778985 9.022699031504401e-5 4.166110646521464e-5 1.8621459634219286e-5 7.966395608697947e-6 3.1415881355170433e-6 1.0956608539381268e-6 3.26910111251767e-7 8.036170907251358e-8 1.6049743708897966e-8 2.624180466166819e-9 3.342969412517947e-10 4.169859154993163e-11 1.0449732536717205e-10 0.0 0.0 0.0 0.0 0.0 0.0 0.0 0.0 0.0 0.0 0.0 0.0 0.0 0.0 0.0 0.0 0.0 0.0 0.0 0.0 0.0 0.0 0.0 0.0 0.0 0.0 0.0 0.0 0.0 0.0 0.0 0.0 0.0 0.0 0.0 0.0 0.0 0.0 0.0 0.0 0.0 0.0 0.0 0.0 0.0 
1.650341106995834e-6 3.569538041225098e-6 6.488259038611901e-6 1.0611729446374625e-5 1.711414861343248e-5 2.9269980892530835e-5 5.3995738204754446e-5 0.00010572503682028999 0.00021346644353776467 0.0004315840705214244 0.000856285419456009 0.0016412398599721647 0.003019601370835848 0.005345003001268092 0.009126174462119847 0.015052624210689754 0.023982868008927072 0.03679791661296383 0.05423596258427622 0.07671667960647588 0.10386634609050596 0.13361539950012716 0.16158606425217226 0.1826302808425009 0.19337789566237748 0.1933449785807953 0.18361501901889413 0.16544479773201215 0.1406355127099577 0.1123858129231536 0.08476318009827631 0.06104793166821604 0.042469874782716875 0.02866568929098564 0.018698955400478386 0.011735554962498639 0.007086938680599829 0.004125086152114237 0.0023155047019674272 0.001251552080468048 0.0006492271336466639 0.00032369327386178623 0.000156237468959512 7.350381740722973e-5 3.387030277514899e-5 1.5067332480617765e-5 6.203887435983189e-6 2.259850918466831e-6 7.030246912708577e-7 1.800844561965023e-7 3.742324796509744e-8 6.355023650030404e-9 8.419814395390942e-10 9.930983908580115e-11 1.4106760726948576e-10 0.0 0.0 0.0 0.0 0.0 0.0 0.0 0.0 0.0 0.0 0.0 0.0 0.0 0.0 0.0 0.0 0.0 0.0 0.0 0.0 0.0 0.0 0.0 0.0 0.0 0.0 0.0 0.0 0.0 0.0 0.0 0.0 0.0 0.0 0.0 0.0 0.0 0.0 0.0 0.0 0.0 0.0 0.0 0.0 0.0 
1.7628360492133308e-6 3.94840128740317e-6 7.595802782542179e-6 1.3410126474596873e-5 2.3373421582640252e-5 4.2234381289229806e-5 8.028913969224244e-5 0.0001601304596956287 0.00032825539728837056 0.0006730073248732763 0.0013541596273590564 0.002635106823060714 0.004926561611500392 0.00885359795164724 0.015289274959849096 0.025368798773690002 0.040469914599436 0.06202576460063079 0.09132815212526789 0.1293110272479299 0.1757770531798534 0.22776956524131264 0.27818082518829496 0.317825085119431 0.3396650913526471 0.3413387017590062 0.3240588758334611 0.29065011249886 0.24560826062207156 0.1953998233723815 0.14707126512826382 0.10578875367180364 0.07336103745953368 0.04919841296462618 0.03182640063047523 0.019822302179577558 0.011908922327583326 0.0069118998185340695 0.003871688049403407 0.00208651402748565 0.0010777210854110762 0.0005351709697773779 0.0002582872423573826 0.00012243770866316085 5.737292752934248e-5 2.614908949537719e-5 1.1085842380903362e-5 4.1695926767110934e-6 1.3410738093423145e-6 3.5590365671421017e-7 7.677386669276664e-8 1.3563376900193608e-8 1.8821036312529365e-9 2.2091662095070053e-10 1.5790444721934571e-10 0.0 0.0 0.0 0.0 0.0 0.0 0.0 0.0 0.0 0.0 0.0 0.0 0.0 0.0 0.0 0.0 0.0 0.0 0.0 0.0 0.0 0.0 0.0 0.0 0.0 0.0 0.0 0.0 0.0 0.0 0.0 0.0 0.0 0.0 0.0 0.0 0.0 0.0 0.0 0.0 0.0 0.0 0.0 0.0 0.0 
1.5996656212109754e-6 3.803963846873899e-6 8.014029317477363e-6 1.5813702026930413e-5 3.063303225265099e-5 5.971205104516194e-5 0.0001184465367463065 0.00024081329962043327 0.0004977141511479611 0.001027181792465926 0.002086065730047778 0.004107485733508284 0.007775042302059863 0.01413108888072809 0.024620273541332116 0.04109036985409997 0.06572401971509947 0.10071783069441101 0.14804312875993814 0.20932880265130088 0.28485155959048664 0.370773935233497 0.45621707742171025 0.5256810608615478 0.5657705311538257 0.5703761716458153 0.5407183430701588 0.482730996206984 0.40605134163132717 0.3225092437773396 0.2432254787407942 0.17552496869269754 0.12184112154186752 0.08145187992749577 0.05237225962440669 0.03241372774340687 0.019382517308373794 0.011211762409142487 0.006257440528143437 0.003353875046555058 0.001719412645152017 0.0008470817466539955 0.0004065605450831413 0.00019250890092728208 9.058122845456727e-5 4.168225933208912e-5 1.7949995118725764e-5 6.90345205881246e-6 2.2852992563113945e-6 6.29084437074952e-7 1.4198071163227634e-7 2.6483464210882278e-8 3.9374915285852314e-9 4.872380981297395e-10 1.7185943942888437e-10 0.0 0.0 0.0 0.0 0.0 0.0 0.0 0.0 0.0 0.0 0.0 0.0 0.0 0.0 0.0 0.0 0.0 0.0 0.0 0.0 0.0 0.0 0.0 0.0 0.0 0.0 0.0 0.0 0.0 0.0 0.0 0.0 0.0 0.0 0.0 0.0 0.0 0.0 0.0 0.0 0.0 0.0 0.0 0.0 0.0 
1.4626756454738896e-6 3.723852051102592e-6 8.63459674453528e-6 1.8907273226356223e-5 4.011643026524081e-5 8.352754414030631e-5 0.00017241788946393972 0.00035705554194375886 0.000742458315040466 0.0015374908931637802 0.003140879652880525 0.0062370245961467325 0.011915833265481181 0.02185083702806837 0.038380927160967804 0.06449423468440349 0.10360440380839057 0.15887838262973203 0.2329257863916254 0.32806239641618334 0.4452354531445473 0.5795462978803045 0.7148378981843964 0.8265301579873091 0.8920926052027103 0.9001446092500894 0.8521437621371452 0.7587844785929068 0.6372471621358918 0.5068030944519712 0.38383658859424574 0.27833360671735946 0.1936797073098335 0.12930671329364202 0.08278851375306523 0.050949272907219866 0.030286518254683543 0.017415914641778874 0.009660226137515058 0.005142279521144186 0.0026160636866918935 0.0012785265199903803 0.000608839586789112 0.0002859820046969686 0.0001335219338628865 6.119607266828174e-5 2.648653051977573e-5 1.037468187274029e-5 3.549753839123125e-6 1.0262092700898441e-6 2.4718953351796174e-7 4.98805475590831e-8 8.153975018667326e-9 1.1052740039540082e-9 2.4683271152469197e-10 0.0 0.0 0.0 0.0 0.0 0.0 0.0 0.0 0.0 0.0 0.0 0.0 0.0 0.0 0.0 0.0 0.0 0.0 0.0 0.0 0.0 0.0 0.0 0.0 0.0 0.0 0.0 0.0 0.0 0.0 0.0 0.0 0.0 0.0 0.0 0.0 0.0 0.0 0.0 0.0 0.0 0.0 0.0 0.0 0.0 
1.7403792707285507e-6 4.484149314172062e-6 1.0712316578439365e-5 2.4405515677321463e-5 5.3979508306100125e-5 0.00011651587349209587 0.00024657566235747666 0.0005170534920393464 0.0010798782755259645 0.002241731055230318 0.004599549250936417 0.0091950018241594 0.017706851637935794 0.03274355331852559 0.05800175619974946 0.09822186106014379 0.15864497159438315 0.24365692672511793 0.3563081022384716 0.49922369224722307 0.67363764982344 0.8726616319479421 1.0727846088147726 1.2378359907284515 1.334517640370519 1.3458411194362248 1.2738797001222066 1.1348281561131088 0.954644383713133 0.7616412651196457 0.5791189990779524 0.42123154122199286 0.29339530853334334 0.19561388840579763 0.12481917643261894 0.07639501731248749 0.04506962124345475 0.025691649634215656 0.014132350172252464 0.0074704295495977985 0.0037779231573194776 0.0018354455619261332 0.0008671638173666044 0.0004023057070456669 0.0001847926077374148 8.360276216557229e-5 3.622440120675268e-5 1.4525932125409274e-5 5.2122089806556745e-6 1.6158580508374794e-6 4.2453706588198937e-7 9.413058493366025e-8 1.6987841531516885e-8 2.515341756546735e-9 4.924358623928991e-10 0.0 0.0 0.0 0.0 0.0 0.0 0.0 0.0 0.0 0.0 0.0 0.0 0.0 0.0 0.0 0.0 0.0 0.0 0.0 0.0 0.0 0.0 0.0 0.0 0.0 0.0 0.0 0.0 0.0 0.0 0.0 0.0 0.0 0.0 0.0 0.0 0.0 0.0 0.0 0.0 0.0 0.0 0.0 0.0 0.0 
2.605768494739269e-6 6.431157320605207e-6 1.4830522901274555e-5 3.318343263138919e-5 7.342168856864186e-5 0.00016008104684254472 0.00034209572903175765 0.00072126200998811 0.0015099749777380226 0.0031410987766658125 0.006468709290944153 0.013007749251592638 0.025238231680774558 0.04707060294433331 0.08412545831168941 0.1436586216772368 0.2335525553808929 0.3598985599353101 0.5260454847909777 0.734043337548316 0.9838488231269039 1.264457771606439 1.5428716688343027 1.7703220751675002 1.9029853661496197 1.9184936583100556 1.8187444422039163 1.6244367502746573 1.3704738537437837 1.0959746846960787 0.8339945522709065 0.6058596525054809 0.4208635018042207 0.27975391975441455 0.1778965132473062 0.10830122426318506 0.06336137279788928 0.03575422523499885 0.019489464969882533 0.010240022679167064 0.005160413185995539 0.002499428664459437 0.0011737729338028413 0.0005378852359142366 0.00024269951089749036 0.00010829533055089143 4.715917833485246e-5 1.9572812378320926e-5 7.473586025170666e-6 2.512440605049522e-6 7.204693955256619e-7 1.7336601054852586e-7 3.369739400048024e-8 5.293409493542189e-9 1.014550209078233e-9 0.0 0.0 0.0 0.0 0.0 0.0 0.0 0.0 0.0 0.0 0.0 0.0 0.0 0.0 0.0 0.0 0.0 0.0 0.0 0.0 0.0 0.0 0.0 0.0 0.0 0.0 0.0 0.0 0.0 0.0 0.0 0.0 0.0 0.0 0.0 0.0 0.0 0.0 0.0 0.0 0.0 0.0 0.0 0.0 0.0 
3.8355777745905414e-6 9.112860973765859e-6 2.0222148139899562e-5 4.407634446388647e-5 9.663063875535224e-5 0.00021092222621758546 0.0004522120294709437 0.0009557930796579847 0.0020052784070630665 0.004181535643262051 0.008639676475630161 0.017458576672600357 0.03410042144858575 0.06411518150606711 0.11560095674114124 0.1991389491383437 0.3262803203029058 0.5057438748069978 0.7414201259614025 1.0335890671209202 1.3781425265186558 1.756780047317661 2.12557921345437 2.424417276721856 2.600615159801066 2.6253299019136778 2.496489973261962 2.236308516329364 1.8892052283253082 1.5088958016531342 1.1432078336667069 0.8249292573312753 0.5690281827538515 0.37622353365915534 0.2383213414683283 0.1444169285288634 0.08386694822436243 0.046884508240510735 0.025348302326106027 0.013257982152004539 0.0066721648719238625 0.003230051912742237 0.0015126452787330694 0.0006877652971309983 0.0003065623162812249 0.0001357128470456151 5.973963887543612e-5 2.5766604894327448e-5 1.0445435844699047e-5 3.759079115063571e-6 1.1496428105760955e-6 2.918494201653817e-7 5.92915231016517e-8 9.62627140385615e-9 1.8085139177445674e-9 0.0 0.0 0.0 0.0 0.0 0.0 0.0 0.0 0.0 0.0 0.0 0.0 0.0 0.0 0.0 0.0 0.0 0.0 0.0 0.0 0.0 0.0 0.0 0.0 0.0 0.0 0.0 0.0 0.0 0.0 0.0 0.0 0.0 0.0 0.0 0.0 0.0 0.0 0.0 0.0 0.0 0.0 0.0 0.0 0.0 
4.858377181314785e-6 1.139694811966476e-5 2.497675380312387e-5 5.4116416506590334e-5 0.00011888429793879552 0.00026086921702271317 0.0005619862841791186 0.001192998378383079 0.002514062448311743 0.005262510919889127 0.010906018026450689 0.022112966188494336 0.04340133443100786 0.08214641855689596 0.1492975771972823 0.259404603743576 0.42868906482344915 0.6697091861285023 0.9876474004427966 1.3800263664182286 1.8354844661663816 2.3250864337354704 2.7939398199067096 3.1742384167437527 3.407089505364257 3.453748840169361 3.3001544193307257 2.964180591970776 2.5009726675415047 1.985905667390373 1.4897766641300647 1.0621989153543465 0.7246561924469084 0.47555040209280897 0.30005063305432583 0.18129914417712378 0.10480957141290231 0.05821423127946554 0.031280304037787435 0.01630390713536399 0.008199739211948828 0.003973044846209852 0.0018620445122662565 0.0008460206885284943 0.0003761196685114802 0.00016637394413067833 7.393862253961972e-5 3.272055955807965e-5 1.3766654351903483e-5 5.1553612976831e-6 1.6341971764998999e-6 4.271529715376206e-7 8.892755868173251e-8 1.4715255450947113e-8 2.6756914012164294e-9 0.0 0.0 0.0 0.0 0.0 0.0 0.0 0.0 0.0 0.0 0.0 0.0 0.0 0.0 0.0 0.0 0.0 0.0 0.0 0.0 0.0 0.0 0.0 0.0 0.0 0.0 0.0 0.0 0.0 0.0 0.0 0.0 0.0 0.0 0.0 0.0 0.0 0.0 0.0 0.0 0.0 0.0 0.0 0.0 0.0 
5.189988950026123e-6 1.233372915291932e-5 2.7486872982457635e-5 6.071190032452411e-5 0.0001357647519607843 0.00030183551793296835 0.0006562809440051335 0.001404431853178468 0.0029816214682313754 0.006274126443793276 0.013036100469665288 0.02647324339612623 0.052097417131993035 0.09908731432559521 0.18132491921469532 0.3175606813964116 0.5291664234160907 0.8333062545586097 1.2370490763195177 1.73439802325405 2.3042440949428262 2.9051835593635094 3.4738275718699625 3.9410151946656873 4.245777421898634 4.335409141620349 4.172944251431672 3.762162835716219 3.167745939080116 2.4945268392770803 1.846611462094773 1.2966967510907863 0.8728441526560398 0.5679244506732779 0.35713091774647776 0.21569781252743425 0.1246055065743827 0.06900899114390974 0.036911612026467894 0.019157257450954313 0.00961090864074721 0.004657245337645555 0.002189678332421907 0.0010006931998998352 0.0004475459773290923 0.00019855467932025132 8.829093355468294e-5 3.918022202359937e-5 1.6621542643325896e-5 6.304995220099591e-6 2.0290993204547697e-6 5.386999427698395e-7 1.1398593934417581e-7 1.9159555156569542e-8 3.3514957369772487e-9 0.0 0.0 0.0 0.0 0.0 0.0 0.0 0.0 0.0 0.0 0.0 0.0 0.0 0.0 0.0 0.0 0.0 0.0 0.0 0.0 0.0 0.0 0.0 0.0 0.0 0.0 0.0 0.0 0.0 0.0 0.0 0.0 0.0 0.0 0.0 0.0 0.0 0.0 0.0 0.0 0.0 0.0 0.0 0.0 0.0 
4.858556670342252e-6 1.195494771109909e-5 2.769217827447719e-5 6.337122057149961e-5 0.00014552825565304669 0.00032927676567910485 0.0007248475530525363 0.0015675290873274409 0.0033571676004294695 0.007102367898559227 0.014780195623306059 0.03001006508658516 0.059110441761943716 0.11283887834905931 0.2077745158210272 0.3665653903598473 0.6152933935422731 0.9751858069535236 1.454421847653128 2.0421309703641226 2.7063071260986984 3.3946852750184164 4.04185117144937 4.586052908860203 4.96980458331065 5.124571228675503 4.981340985150392 4.518264082103962 3.8029292893177264 2.972298743154603 2.171504893244364 1.5017050789885082 0.9975220464990874 0.643847615247607 0.40395395213649565 0.24438138324094205 0.14148603819846542 0.07832244175963374 0.04170842408146033 0.021495774620327052 0.01071377245314615 0.005177178371979186 0.002442552486633172 0.0011268702658264733 0.0005094706265413511 0.0002269239535854453 0.0001001067947172538 4.372579217480038e-5 1.8307886446969616e-5 6.913684443496246e-6 2.235556982270957e-6 6.004483877327238e-7 1.2922529011931527e-7 2.216036960662867e-8 3.746472083777242e-9 0.0 0.0 0.0 0.0 0.0 0.0 0.0 0.0 0.0 0.0 0.0 0.0 0.0 0.0 0.0 0.0 0.0 0.0 0.0 0.0 0.0 0.0 0.0 0.0 0.0 0.0 0.0 0.0 0.0 0.0 0.0 0.0 0.0 0.0 0.0 0.0 0.0 0.0 0.0 0.0 0.0 0.0 0.0 0.0 0.0 
4.405379993570924e-6 1.1266273369075842e-5 2.7048942463633187e-5 6.364307723542751e-5 0.00014900760859094206 0.00034192679407616034 0.0007614870434727719 0.001663583400298673 0.0035904352726794857 0.007625822027534061 0.015872602370945628 0.03217966628428837 0.06336642666671452 0.12133005588641554 0.2247825061552062 0.3994724555772791 0.6748975589438524 1.0743777819291491 1.604696135990931 2.2480410695915483 2.962332210934881 3.6900738049603996 4.372959094589857 4.9642604910456285 5.414057852456386 5.640215889000253 5.541682866262879 5.065692250591198 4.272986767595698 3.325041613798728 2.4054169196523545 1.6435777672254601 1.080461164754225 0.6931652435163033 0.43431453415794485 0.263275278464875 0.15281976686188603 0.08458643456415943 0.044815504120782536 0.022880768294142546 0.011289765027706455 0.005423570984413149 0.002564135775366007 0.0011945912010750805 0.0005466426380473254 0.00024467204256419927 0.00010695599056979689 4.576116846810865e-5 1.878055375050963e-5 7.023215636832408e-6 2.2781796403328195e-6 6.202560289996468e-7 1.3636409862277994e-7 2.3995637614925325e-8 3.990017953348442e-9 0.0 0.0 0.0 0.0 0.0 0.0 0.0 0.0 0.0 0.0 0.0 0.0 0.0 0.0 0.0 0.0 0.0 0.0 0.0 0.0 0.0 0.0 0.0 0.0 0.0 0.0 0.0 0.0 0.0 0.0 0.0 0.0 0.0 0.0 0.0 0.0 0.0 0.0 0.0 0.0 0.0 0.0 0.0 0.0 0.0 
4.3089733787118375e-6 1.1169605285687385e-5 2.6927817156946626e-5 6.320342513930965e-5 0.0001477057098440455 0.0003400393327810533 0.0007626217413455477 0.0016786913511662525 0.0036426178124687497 0.007753424805880182 0.01612348475671319 0.032605398437467174 0.06410339837333925 0.12296609422321539 0.22907974829082725 0.4100300321289103 0.6969305140221896 1.1126898768941063 1.660032079476411 2.3134038098762417 3.0242599957066787 3.737304016564085 4.407775529543982 5.004859091050055 5.485466919960027 5.760101787791486 5.708860062876439 5.256591982008742 4.451134804844797 3.4613670777782013 2.4922116944163717 1.69173189825517 1.1057410075010927 0.7070085658948126 0.44250439286032633 0.2683265271163595 0.15582001029784215 0.0861270288339774 0.04539802688478654 0.022971572163541436 0.011222089455714592 0.00535678362504372 0.0025351662875954836 0.001190879130068734 0.000550891743787195 0.0002480414020681452 0.00010792471955027038 4.550369885934407e-5 1.838454656429994e-5 6.821960999197326e-6 2.221070562938003e-6 6.127483002150794e-7 1.3743643222980713e-7 2.4762204096483322e-8 4.137179179089206e-9 0.0 0.0 0.0 0.0 0.0 0.0 0.0 0.0 0.0 0.0 0.0 0.0 0.0 0.0 0.0 0.0 0.0 0.0 0.0 0.0 0.0 0.0 0.0 0.0 0.0 0.0 0.0 0.0 0.0 0.0 0.0 0.0 0.0 0.0 0.0 0.0 0.0 0.0 0.0 0.0 0.0 0.0 0.0 0.0 0.0 
4.506804160933775e-6 1.1557060374748242e-5 2.7270017654720013e-5 6.233848820188008e-5 0.00014268721286068623 0.00032560092986395883 0.0007304536848859738 0.0016135797713258816 0.003511042375349982 0.007478752456451146 0.015527497661992878 0.03129117809824789 0.06130723309727608 0.11751996034958079 0.21965463754089848 0.39537258200427794 0.6753301179552101 1.080106429930494 1.6078086088841177 2.227959759256236 2.8918140233548977 3.5518417959258777 4.175889422770516 4.7413970653188695 5.206603011549519 5.482626708657904 5.452779871170499 5.040977675337009 4.284926558932717 3.3411585744492536 2.408422645416859 1.6349196313441932 1.0681961793256696 0.6824734436905023 0.42642029896648526 0.25787342454070206 0.14928253965124685 0.08224678702738965 0.04318768984343589 0.021748681753092948 0.01057380848592456 0.005035430458239589 0.0023882912576002236 0.0011289325345458564 0.0005261528449035612 0.00023802613563550203 0.00010344558120358067 4.327173002238632e-5 1.729371203765056e-5 6.363276003860283e-6 2.066395483647913e-6 5.719772745341964e-7 1.2929670886949583e-7 2.354697237092107e-8 3.997337934007476e-9 0.0 0.0 0.0 0.0 0.0 0.0 0.0 0.0 0.0 0.0 0.0 0.0 0.0 0.0 0.0 0.0 0.0 0.0 0.0 0.0 0.0 0.0 0.0 0.0 0.0 0.0 0.0 0.0 0.0 0.0 0.0 0.0 0.0 0.0 0.0 0.0 0.0 0.0 0.0 0.0 0.0 0.0 0.0 0.0 0.0 
4.51014087450021e-6 1.1495035864345191e-5 2.6753243652988918e-5 5.988836973980235e-5 0.00013416290552331462 0.0003019154773957179 0.0006736308057492834 0.0014863442121699265 0.0032324981009888747 0.006876938593141644 0.014241580014165416 0.028578215467898228 0.05571396921097683 0.1064331353688212 0.1988973103999725 0.35880932053210224 0.6142286541226906 0.9825249220705341 1.459171140340898 2.0144280180811025 2.6057969120273756 3.195318272338884 3.7573149128340106 4.267424515866088 4.679445340224127 4.911141272014458 4.867999186490189 4.495320220242374 3.8297755213771896 3.001939622280009 2.1786306082855313 1.4885339627835934 0.9768213330717268 0.6246382024834716 0.3891212256422212 0.23394619284021717 0.13456382868828565 0.07379798606740783 0.03869736007301919 0.019519613138276055 0.009526064032378713 0.004559710087382309 0.002174101225042189 0.0010318406709677636 0.0004817906347044084 0.00021783920614702436 9.431788084032029e-5 3.910890749817717e-5 1.5409465850191147e-5 5.572037855575526e-6 1.7789742723949417e-6 4.856748445670005e-7 1.0865101031372152e-7 1.9660148410933147e-8 3.3875215508790916e-9 0.0 0.0 0.0 0.0 0.0 0.0 0.0 0.0 0.0 0.0 0.0 0.0 0.0 0.0 0.0 0.0 0.0 0.0 0.0 0.0 0.0 0.0 0.0 0.0 0.0 0.0 0.0 0.0 0.0 0.0 0.0 0.0 0.0 0.0 0.0 0.0 0.0 0.0 0.0 0.0 0.0 0.0 0.0 0.0 0.0 
3.947485226184038e-6 1.0234945206632114e-5 2.418829806586515e-5 5.450554994148529e-5 0.00012166500318482043 0.0002716341333547775 0.0006019154842405169 0.001320974175438201 0.0028584093694666033 0.006051873776072049 0.012476674129188495 0.024923920228425295 0.04836377128395627 0.09199596147377057 0.17136777927773347 0.3084579356953658 0.5269561600954983 0.8409646287873876 1.2462057273383487 1.718801074361151 2.2261370388237913 2.738731996069201 3.2321299140861055 3.6753862468861906 4.016470242274525 4.182209112911329 4.107144218055476 3.7685500143196915 3.209875179682273 2.5323289728809986 1.8579648511800042 1.283716820924085 0.8486241215864679 0.5432875979043134 0.33690283396681897 0.20093073788233454 0.11463757797939304 0.06258238271895143 0.03287434868796621 0.016723423167710423 0.008265815997212269 0.004006956278378745 0.0019256424592965476 0.0009146370817343146 0.0004247856321758544 0.00019037462103987381 8.144285377764756e-5 3.317892742589577e-5 1.2744161194216522e-5 4.461896182731886e-6 1.3758744820866623e-6 3.636247128090141e-7 7.900814727646566e-8 1.3964341331310268e-8 2.419839956738196e-9 0.0 0.0 0.0 0.0 0.0 0.0 0.0 0.0 0.0 0.0 0.0 0.0 0.0 0.0 0.0 0.0 0.0 0.0 0.0 0.0 0.0 0.0 0.0 0.0 0.0 0.0 0.0 0.0 0.0 0.0 0.0 0.0 0.0 0.0 0.0 0.0 0.0 0.0 0.0 0.0 0.0 0.0 0.0 0.0 0.0 
2.9314161734686224e-6 7.950820204682525e-6 1.9699183290419567e-5 4.60872159950511e-5 0.00010504484478300876 0.0002359624900515115 0.0005215627939595179 0.0011364316468085774 0.0024355830734102118 0.005107962782794671 0.01045413226687309 0.02079110694428988 0.04023624090804865 0.07631101135688877 0.14148819792579628 0.2531013972677691 0.42961637481630743 0.6821717620324094 1.0084406701394732 1.3921787767280338 1.8105764361183956 2.2409057332592424 2.6591273517921308 3.03010575988261 3.2997801605445645 3.4046306849795944 3.303971637623294 3.0025226827377707 2.5508115181042186 2.0246537907267825 1.503852337010064 1.0525669246663885 0.7014546438012502 0.4492884641545824 0.27699855548946867 0.1637471736536451 0.09267892993404013 0.050432531505815746 0.026624014620515616 0.01373144430262532 0.006916358324278242 0.0034105473463175635 0.0016524583974288844 0.0007825247113066606 0.00035921317550491636 0.00015835699583347144 6.630726517940994e-5 2.6221099260552e-5 9.676743857977139e-6 3.2269326330873076e-6 9.446394006688387e-7 2.376040069826311e-7 4.929671870309458e-8 8.377444391137985e-9 1.4388186135756596e-9 0.0 0.0 0.0 0.0 0.0 0.0 0.0 0.0 0.0 0.0 0.0 0.0 0.0 0.0 0.0 0.0 0.0 0.0 0.0 0.0 0.0 0.0 0.0 0.0 0.0 0.0 0.0 0.0 0.0 0.0 0.0 0.0 0.0 0.0 0.0 0.0 0.0 0.0 0.0 0.0 0.0 0.0 0.0 0.0 0.0 
1.8604526903995187e-6 5.4339886465363104e-6 1.4505844227792211e-5 3.608732650024033e-5 8.572267362137029e-5 0.00019662423182629146 0.0004368292975724421 0.0009462199626107707 0.0020033202304561197 0.004145479947654708 0.008397628301031917 0.016617200510626727 0.032115876843278976 0.060810431446205404 0.11215421844849101 0.19888893716699965 0.33446126608949717 0.5274121370237548 0.777314203371112 1.0742444757414833 1.4030478712805734 1.7467470699112204 2.0838499540592714 2.380326672325751 2.5858689198718046 2.647517821034081 2.5412800319236064 2.2867391788125255 1.9351656294667658 1.542781917750108 1.1584070776089246 0.8204407797320377 0.5507816250516094 0.35279382555349315 0.2162342006965631 0.12677550054412726 0.071274668121754 0.038726334655990916 0.020585118411978492 0.010786375087133798 0.005546678317076805 0.002784279808781814 0.0013590365645058547 0.0006404145741673284 0.0002897538090932573 0.00012511696760045051 5.091286871866458e-5 1.9329302933434072e-5 6.756565484605577e-6 2.1111462600398682e-6 5.769294440160617e-7 1.3592680252348242e-7 2.6507306811539433e-8 4.267402546632126e-9 7.120429640251014e-10 0.0 0.0 0.0 0.0 0.0 0.0 0.0 0.0 0.0 0.0 0.0 0.0 0.0 0.0 0.0 0.0 0.0 0.0 0.0 0.0 0.0 0.0 0.0 0.0 0.0 0.0 0.0 0.0 0.0 0.0 0.0 0.0 0.0 0.0 0.0 0.0 0.0 0.0 0.0 0.0 0.0 0.0 0.0 0.0 0.0 
1.0584612755543343e-6 3.4169364910960855e-6 9.993035245556047e-6 2.671258211783424e-5 6.669288374862202e-5 0.00015731834124551198 0.00035297241503571967 0.0007617584047885338 0.0015932285702665396 0.003247760887547249 0.006495977731681795 0.0127598487920782 0.024584633779562614 0.04641023312552423 0.08504420764097022 0.14937302751104375 0.24874682021495897 0.3894621680845438 0.571984580430539 0.7903027950341797 1.0346183543224092 1.2932376817593396 1.549215909325365 1.7734739094773726 1.9237437156917359 1.958794651616456 1.8650247537846334 1.6652444643239184 1.4039013279539194 1.1219120277805652 0.8489134112195288 0.6068066598885542 0.4099602085917003 0.2628243700857603 0.1604635893950608 0.09352684865253115 0.052342347814203286 0.028425409227097072 0.015201020465908793 0.00807250060960167 0.004226211321288522 0.0021562918589174765 0.001061153035553522 0.0004987929858660756 0.00022287591977779173 9.421017520632252e-5 3.71048922736777e-5 1.3422326676043143e-5 4.396540666370559e-6 1.2691548419593407e-6 3.185489678481328e-7 6.915211871890941e-8 1.2467134220755397e-8 1.8726257109790147e-9 2.962137229907214e-10 0.0 0.0 0.0 0.0 0.0 0.0 0.0 0.0 0.0 0.0 0.0 0.0 0.0 0.0 0.0 0.0 0.0 0.0 0.0 0.0 0.0 0.0 0.0 0.0 0.0 0.0 0.0 0.0 0.0 0.0 0.0 0.0 0.0 0.0 0.0 0.0 0.0 0.0 0.0 0.0 0.0 0.0 0.0 0.0 0.0 
5.914516344134732e-7 2.135780486338855e-6 6.830007990536002e-6 1.9465795898550954e-5 5.066195059997303e-5 0.00012211553832161282 0.0002756942472180587 0.0005922054465467481 0.0012243109601878504 0.0024592369262185793 0.004849106886093024 0.009420542890616473 0.018009493322897405 0.033753825817960936 0.06131636581307971 0.10666484789307076 0.17612434361753368 0.2741276058018946 0.4011894914212053 0.5533941096534882 0.7245704321476226 0.90747000794992 1.090034227094976 1.2495419911290273 1.353523541699934 1.3725999087130496 1.2998492158261092 1.154886413158803 0.971143423621584 0.7769614361920489 0.590727144695301 0.4250664876515164 0.2888565601747591 0.18572828347993173 0.11338561775547695 0.0659868496950096 0.03688800735987004 0.02004037492789256 0.010750057539105712 0.005751622042228354 0.0030485590230869765 0.001578359450331411 0.0007859770522909745 0.00037104355149076234 0.00016468662229620403 6.82373469837366e-5 2.5933820617720258e-5 8.890773126233097e-6 2.7114679144921614e-6 7.165233573345363e-7 1.6302201169985134e-7 3.208539154696693e-8 5.250163463072932e-9 7.232370180616506e-10 1.0549883641647291e-10 0.0 0.0 0.0 0.0 0.0 0.0 0.0 0.0 0.0 0.0 0.0 0.0 0.0 0.0 0.0 0.0 0.0 0.0 0.0 0.0 0.0 0.0 0.0 0.0 0.0 0.0 0.0 0.0 0.0 0.0 0.0 0.0 0.0 0.0 0.0 0.0 0.0 0.0 0.0 0.0 0.0 0.0 0.0 0.0 0.0 
3.6286408190854013e-7 1.4396901798542205e-6 4.9142891514388815e-6 1.4576847126931246e-5 3.867086631461966e-5 9.347830860691802e-5 0.00020957179223128023 0.0004449668325179888 0.0009075587884890376 0.0017967291841851855 0.0034901744833771725 0.006684373979619209 0.012613337369621077 0.0233523429989086 0.04193622734615221 0.07224192356868363 0.11844915761602336 0.18354650789971308 0.267841680308768 0.36865647392331613 0.48214848668368376 0.6040388730287334 0.7261913512819917 0.832203930382017 0.8993186116405003 0.9085805807253334 0.8572830642054423 0.7598808958490345 0.6386783752854086 0.5117847980136879 0.3905258612657335 0.28246440397142897 0.19303358532766943 0.12472845524179531 0.07645082078587906 0.04465788961664066 0.02505710518779384 0.013649860482222321 0.007330423618803563 0.003929765517421983 0.0020979453190511244 0.0011016333701537745 0.0005582182551563627 0.0002671258498977498 0.00011876699879494659 4.841315553332439e-5 1.7729944425639963e-5 5.737172734277052e-6 1.6226970774639443e-6 3.907420174557273e-7 7.997796963529272e-8 1.4091626343257021e-8 2.053368220286325e-9 2.540518109855204e-10 3.327133367790328e-11 0.0 0.0 0.0 0.0 0.0 0.0 0.0 0.0 0.0 0.0 0.0 0.0 0.0 0.0 0.0 0.0 0.0 0.0 0.0 0.0 0.0 0.0 0.0 0.0 0.0 0.0 0.0 0.0 0.0 0.0 0.0 0.0 0.0 0.0 0.0 0.0 0.0 0.0 0.0 0.0 0.0 0.0 0.0 0.0 0.0 
2.516529012695759e-7 1.062293633971303e-6 3.7712141165013456e-6 1.138946506530352e-5 3.0166723560879776e-5 7.170890202330562e-5 0.00015698240720054564 0.00032545108083395627 0.0006504198439817162 0.0012656627014064308 0.0024193517492381565 0.004559245743712335 0.00846325231804548 0.015418503223868011 0.02729633830485297 0.04651175222134431 0.07572875336797932 0.11689651404265453 0.17022199853014724 0.2339515529976032 0.30560226825946313 0.38238489345643933 0.4588378769842531 0.5241706494677643 0.5641087656354038 0.5677031156823783 0.534459044527926 0.47386081868331276 0.39927548373193433 0.3211720737306367 0.2461616110841946 0.17890216760064587 0.12288413436355426 0.07983205612893274 0.049238947777041825 0.028986562718034348 0.016406940062331656 0.009003263239705373 0.004852093369570061 0.002604666295427984 0.001397963014586312 0.0007446410643885867 0.0003856378749610873 0.00018858880518934354 8.481416428713574e-5 3.430571833122071e-5 1.2176453158343014e-5 3.7279865102657787e-6 9.77997752862563e-7 2.1422075390338928e-7 3.928530940218016e-8 6.141938844583725e-9 7.82902104686376e-10 8.488621947988586e-11 9.779933399123204e-12 0.0 0.0 0.0 0.0 0.0 0.0 0.0 0.0 0.0 0.0 0.0 0.0 0.0 0.0 0.0 0.0 0.0 0.0 0.0 0.0 0.0 0.0 0.0 0.0 0.0 0.0 0.0 0.0 0.0 0.0 0.0 0.0 0.0 0.0 0.0 0.0 0.0 0.0 0.0 0.0 0.0 0.0 0.0 0.0 0.0 
1.8691045775629726e-7 8.246519930582968e-7 3.011540835729449e-6 9.186031939848064e-6 2.4096905520821525e-5 5.5765475236736444e-5 0.0001177111656783272 0.0002350179609932758 0.0004547912660199793 0.0008630672287169764 0.0016171638342483117 0.0029934917317964937 0.005458141496626434 0.009764611519768197 0.017002213006900618 0.02859488867568334 0.04615600967505744 0.07092619095544181 0.10313082916418007 0.14174457021687795 0.1850622333964455 0.23093872500562462 0.27566587086048705 0.31285995779012304 0.3346880030565826 0.3355926555908351 0.3158828095386003 0.28106243963594 0.23830030462447324 0.19302431145126 0.14884184886771573 0.1086814104586538 0.07493991874900748 0.04889298559769727 0.030348682473731278 0.01804281507883864 0.010346526459522283 0.005754486579974348 0.0031327682164063258 0.0016915054814793137 0.0009133122796505882 0.0004925919888374288 0.00026053211453202406 0.00013059759413069566 5.987569571964351e-5 2.4325139407479604e-5 8.496303352841229e-6 2.5008492965047668e-6 6.17329245511301e-7 1.2445800018407126e-7 2.061916650772276e-8 2.870664132247949e-9 3.185334146094922e-10 2.982111159956101e-11 3.034736796179268e-12 0.0 0.0 0.0 0.0 0.0 0.0 0.0 0.0 0.0 0.0 0.0 0.0 0.0 0.0 0.0 0.0 0.0 0.0 0.0 0.0 0.0 0.0 0.0 0.0 0.0 0.0 0.0 0.0 0.0 0.0 0.0 0.0 0.0 0.0 0.0 0.0 0.0 0.0 0.0 0.0 0.0 0.0 0.0 0.0 0.0 
1.4208427676325256e-7 6.512517342897497e-7 2.4378384172055005e-6 7.50164883397745e-6 1.950291344921067e-5 4.3944825109684615e-5 8.908865334941943e-5 0.00016964258356301368 0.0003137036943008809 0.0005734904645301902 0.001044590044383164 0.001891588366789996 0.003382331412669051 0.005934957187010703 0.010145459046438494 0.016801640692663343 0.02682624818616059 0.04098715678564653 0.059527618437244564 0.08192122659879017 0.10699412723281304 0.13306308056020652 0.15766272732054282 0.17736906843590877 0.18844252219499552 0.18846265007728621 0.17784826275879917 0.15938147088963858 0.13644559007669643 0.11156479317841214 0.08663563175681611 0.06353358007495652 0.043929573498068294 0.02875589250774139 0.017963333907508375 0.010802130742405738 0.006298204139738958 0.0035706074007348754 0.001976762455104151 0.0010783942562812335 0.0005851819425007473 0.00031749670761880146 0.00017014750177851283 8.699820954012028e-5 4.068547656457016e-5 1.6721404054349855e-5 5.829317775476738e-6 1.683920550673998e-6 4.0094949783824924e-7 7.648614558346648e-8 1.1765849349168827e-8 1.494759667195071e-9 1.4715504999097345e-10 1.1986648735917946e-11 1.098481365344824e-12 0.0 0.0 0.0 0.0 0.0 0.0 0.0 0.0 0.0 0.0 0.0 0.0 0.0 0.0 0.0 0.0 0.0 0.0 0.0 0.0 0.0 0.0 0.0 0.0 0.0 0.0 0.0 0.0 0.0 0.0 0.0 0.0 0.0 0.0 0.0 0.0 0.0 0.0 0.0 0.0 0.0 0.0 0.0 0.0 0.0 
1.10577915765362e-7 5.203424681028199e-7 1.977996169918406e-6 6.1083322744208945e-6 1.5727261351508916e-5 3.4581252231335034e-5 6.744222667999442e-5 0.0001221503631006979 0.00021409325305733596 0.0003728795785015873 0.0006535652007957497 0.0011501424863820109 0.002010579934403459 0.0034556940902526548 0.005792196547719567 0.009429977762736665 0.014870397836503412 0.02256955889797939 0.03273288910426595 0.045112662201314234 0.05895579548853078 0.07308650118394494 0.08597783492025052 0.09591807596031562 0.1013154119732437 0.10127752217961707 0.0961064523861061 0.08700960957426591 0.0753619473545839 0.06223787286230712 0.04865584015170289 0.035820822132217454 0.024840580063694145 0.01633284149352653 0.010289241324923567 0.006275543708503561 0.0037318869369073835 0.0021632819146888715 0.0012205019391887647 0.0006721748569309879 0.00036432440058028207 0.00019647119500332743 0.00010512479471862377 5.410990482775381e-5 2.5586996484623524e-5 1.0610160489885194e-5 3.7075553100779785e-6 1.0637908483464938e-6 2.491331000106284e-7 4.6223609526600855e-8 6.834408168723423e-9 8.246017668636544e-10 7.555188265010964e-11 5.626248801340115e-12 4.89161699661965e-13 0.0 0.0 0.0 0.0 0.0 0.0 0.0 0.0 0.0 0.0 0.0 0.0 0.0 0.0 0.0 0.0 0.0 0.0 0.0 0.0 0.0 0.0 0.0 0.0 0.0 0.0 0.0 0.0 0.0 0.0 0.0 0.0 0.0 0.0 0.0 0.0 0.0 0.0 0.0 0.0 0.0 0.0 0.0 0.0 0.0 
8.88716831383796e-8 4.2084667372858906e-7 1.5982943689944661e-6 4.896081292789607e-6 1.2398052901979808e-5 2.653784159498951e-5 4.9824756894028115e-5 8.59837107175357e-5 0.00014288330546322785 0.00023648689832968573 0.00039691281696499904 0.0006752857847900748 0.0011499108108698412 0.0019320430261912137 0.003170732362150059 0.005067828888813926 0.007883709182889826 0.01187408972025998 0.01717550757925207 0.023671387567289922 0.030928063037995494 0.03824621385744325 0.04477387774158339 0.049686495175770964 0.052338708111789596 0.05244462074017174 0.05016932587667065 0.04595303400291007 0.040263804945847206 0.033544151814929625 0.02637117326368676 0.01949467238824966 0.013585715456389768 0.009004045660507293 0.0057445309308814035 0.003567373243989337 0.002168601632257026 0.0012848706966164497 0.0007361878897043673 0.0004065998353151797 0.00021778117784106962 0.0001148727982637539 6.0134839366503335e-5 3.052555824071937e-5 1.4352045210858975e-5 5.9384524387402674e-6 2.0692266031441973e-6 5.902893705955288e-7 1.3692344888599628e-7 2.5042290916013378e-8 3.6314523917142665e-9 4.27485540352881e-10 3.7852605532191703e-11 2.7010347828500743e-12 2.4505500876354517e-13 0.0 0.0 0.0 0.0 0.0 0.0 0.0 0.0 0.0 0.0 0.0 0.0 0.0 0.0 0.0 0.0 0.0 0.0 0.0 0.0 0.0 0.0 0.0 0.0 0.0 0.0 0.0 0.0 0.0 0.0 0.0 0.0 0.0 0.0 0.0 0.0 0.0 0.0 0.0 0.0 0.0 0.0 0.0 0.0 0.0 
7.221117169827778e-8 3.3813247247384955e-7 1.2636585114845535e-6 3.7920481030576118e-6 9.349542851543354e-6 1.9348785601686255e-5 3.486929341254821e-5 5.7441562841639894e-5 9.108910598386454e-5 0.00014453314938837414 0.0002339591330184881 0.0003859895180788102 0.0006399920370175052 0.0010489858187064187 0.0016809316500916308 0.0026294133868089223 0.004022712156282234 0.005994709110375536 0.008622143855355717 0.011849706079911891 0.015455068303678425 0.01907932946007677 0.02229389070640112 0.024707587714961017 0.026050574439661044 0.02623522230522438 0.025333492051750818 0.023470438234916815 0.020769685169139688 0.01742076281732383 0.013758741380545784 0.010222064115552716 0.007179307976143213 0.004816314117220154 0.00312638486723651 0.0019847331714840564 0.0012357867196008214 0.0007474643901556317 0.0004329557022730629 0.00023802196457473025 0.00012457244869867792 6.3131985871669e-5 3.153143400278367e-5 1.5354242289409827e-5 7.009914399538264e-6 2.8465863210719163e-6 9.788642975784742e-7 2.7621419558751956e-7 6.340522221909032e-8 1.1463645650516021e-8 1.6414436709365714e-9 1.9054368223302961e-10 1.658066787987849e-11 1.1604678494563527e-12 1.2875313394327705e-13 0.0 0.0 0.0 0.0 0.0 0.0 0.0 0.0 0.0 0.0 0.0 0.0 0.0 0.0 0.0 0.0 0.0 0.0 0.0 0.0 0.0 0.0 0.0 0.0 0.0 0.0 0.0 0.0 0.0 0.0 0.0 0.0 0.0 0.0 0.0 0.0 0.0 0.0 0.0 0.0 0.0 0.0 0.0 0.0 0.0 
5.583619251021084e-8 2.5668322094979416e-7 9.375661522783638e-7 2.738238237955771e-6 6.532152858240053e-6 1.2999767589167868e-5 2.241872641061648e-5 3.532827649628502e-5 5.402453719603558e-5 8.374923518339622e-5 0.0001336180882668896 0.00021734068599074896 0.00035369354294251276 0.0005660310935562267 0.0008825757705199914 0.0013432128591196067 0.002007053849850255 0.0029401182722858334 0.004183095679550667 0.005713313079898124 0.007429092043575469 0.00916472316020323 0.010718074992612228 0.011901659004262273 0.012592246523238258 0.012759368149133301 0.012429739262671265 0.011624633264079913 0.01036254778118683 0.00873154297333902 0.00692158848298462 0.005171747701872139 0.003668302715454737 0.0024985613753062768 0.0016560854080818676 0.0010787209418451874 0.0006899904363663142 0.0004265858588798357 0.0002495743295719825 0.0001361228079540601 6.910372583232409e-5 3.312870852261661e-5 1.5361736811439834e-5 6.927454658324117e-6 2.9716737728541133e-6 1.1565559371696787e-6 3.865792382376483e-7 1.069720724658468e-7 2.4193820989355166e-8 4.3165628007159044e-9 6.106359432910194e-10 7.008019354450858e-11 6.0238921378907464e-12 4.172814363486677e-13 7.083277758893877e-14 0.0 0.0 0.0 0.0 0.0 0.0 0.0 0.0 0.0 0.0 0.0 0.0 0.0 0.0 0.0 0.0 0.0 0.0 0.0 0.0 0.0 0.0 0.0 0.0 0.0 0.0 0.0 0.0 0.0 0.0 0.0 0.0 0.0 0.0 0.0 0.0 0.0 0.0 0.0 0.0 0.0 0.0 0.0 0.0 0.0 
3.8129272850097345e-8 1.723443215516496e-7 6.162396833045977e-7 1.7539037179243938e-6 4.051860404915814e-6 7.759689503191867e-6 1.2822830303947833e-5 1.9427345159617266e-5 2.9051235233888267e-5 4.511727738612946e-5 7.315112053625511e-5 0.00012045476611623139 0.00019563971905461625 0.00030769634357134915 0.00046606881501621894 0.0006849795427813969 0.000989207996174449 0.001410360138083285 0.0019714508821826442 0.002667443708811299 0.0034563949710378038 0.00426515280227713 0.004999593922875627 0.005568799163143337 0.005914181336090542 0.006024742900126239 0.005910504191957586 0.005567025828797461 0.004987890803642744 0.004214973393779905 0.003350314165069019 0.002516925905233923 0.0018039025654849005 0.0012495011629455692 0.0008483100369565187 0.0005696599208728417 0.00037646921355053385 0.0002391881475742815 0.0001418864805624738 7.689489458084689e-5 3.7800050412694436e-5 1.7000564421272527e-5 7.165121775454688e-6 2.883030060151058e-6 1.112399794137948e-6 4.002971998533302e-7 1.269398873778735e-7 3.396718325123455e-8 7.511339618629093e-9 1.3164628017976919e-9 1.835338699953617e-10 2.0798770177970438e-11 1.7655060123081336e-12 1.2148919621896387e-13 3.9605032309803884e-14 0.0 0.0 0.0 0.0 0.0 0.0 0.0 0.0 0.0 0.0 0.0 0.0 0.0 0.0 0.0 0.0 0.0 0.0 0.0 0.0 0.0 0.0 0.0 0.0 0.0 0.0 0.0 0.0 0.0 0.0 0.0 0.0 0.0 0.0 0.0 0.0 0.0 0.0 0.0 0.0 0.0 0.0 0.0 0.0 0.0 
2.1731206855946666e-8 9.698108459835262e-8 3.4106814547787795e-7 9.507439017725988e-7 2.1384678111466775e-6 3.963254040615271e-6 6.316570598226911e-6 9.296911610120884e-6 1.386732302735301e-5 2.2237760157936228e-5 3.786183560110481e-5 6.489871061228217e-5 0.00010740548039383622 0.00016819329293130605 0.0002487001505285211 0.0003519656905275775 0.00048728617176973247 0.0006702781156986374 0.0009152842476250346 0.0012241689013867472 0.0015799760354304614 0.001949287263914749 0.002287571988244852 0.002551788314942873 0.0027156574728892276 0.002776401276793762 0.002738171008407319 0.00259338860051772 0.002332838502571883 0.0019753952067131874 0.001572814999982454 0.0011863932597297544 0.0008583208291475063 0.0006050168233225422 0.0004222454462939228 0.0002942642319360686 0.00020258017386808126 0.0001332610394680132 8.057158110338976e-5 4.3503331734600076e-5 2.0727780758343207e-5 8.739403604859129e-6 3.324879806238034e-6 1.1652235451075125e-6 3.8662127224403343e-7 1.2232491751237952e-7 3.533896286667714e-8 8.919522439791662e-9 1.9029358436825913e-9 3.2517576576379233e-10 4.449996550300543e-11 4.967720875115397e-12 4.157320415186662e-13 2.8606902401646826e-14 2.0681286303039884e-14 0.0 0.0 0.0 0.0 0.0 0.0 0.0 0.0 0.0 0.0 0.0 0.0 0.0 0.0 0.0 0.0 0.0 0.0 0.0 0.0 0.0 0.0 0.0 0.0 0.0 0.0 0.0 0.0 0.0 0.0 0.0 0.0 0.0 0.0 0.0 0.0 0.0 0.0 0.0 0.0 0.0 0.0 0.0 0.0 0.0 
9.997819676071177e-9 4.422461491863002e-8 1.5370018978114734e-7 4.219393633534419e-7 9.30086184834656e-7 1.6812316880563885e-6 2.6106340621771342e-6 3.7935366403237475e-6 5.7985965709811664e-6 9.922940129752273e-6 1.8239733618533055e-5 3.323263063837578e-5 5.70444213720098e-5 9.032331055771223e-5 0.00013189301095921916 0.00018091647303769526 0.00024066858522066536 0.0003195953041991622 0.000426739856812534 0.0005644085274204055 0.0007241485724198995 0.0008891662664310991 0.0010388332701673686 0.0011551653931182596 0.0012286810021995052 0.0012597255528573618 0.0012493787050491397 0.0011910782014099704 0.0010771891604361846 0.0009151322680823303 0.0007299357278233876 0.0005521204499346207 0.0004026105896618684 0.00028899410264289195 0.00020832351823960436 0.00015200049123638437 0.00011014187932183255 7.569227764085623e-5 4.694496542865065e-5 2.535391310109972e-5 1.173843239643344e-5 4.651371605004559e-6 1.6018731910917874e-6 4.865466842388123e-7 1.3492193997941018e-7 3.5540983993845116e-8 8.790166300816493e-9 1.998499080702526e-9 4.0056286967943197e-10 6.576489229190685e-11 8.771827511830196e-12 9.610185777987467e-13 7.910162835208814e-14 5.551619850480359e-15 9.221925131137141e-15 0.0 0.0 0.0 0.0 0.0 0.0 0.0 0.0 0.0 0.0 0.0 0.0 0.0 0.0 0.0 0.0 0.0 0.0 0.0 0.0 0.0 0.0 0.0 0.0 0.0 0.0 0.0 0.0 0.0 0.0 0.0 0.0 0.0 0.0 0.0 0.0 0.0 0.0 0.0 0.0 0.0 0.0 0.0 0.0 0.0 
3.6421118074582787e-9 1.6010427419739077e-8 5.51708403145802e-8 1.497628281199246e-7 3.2522049834722676e-7 5.774359701168488e-7 8.833968833279419e-7 1.294630798015213e-6 2.1004029240838743e-6 3.9698971479168266e-6 8.04833987550834e-6 1.5805459270877495e-5 2.8506703097766956e-5 4.626593574253918e-5 6.76599086060222e-5 9.126329636918219e-5 0.00011845170560843745 0.00015422036126066933 0.00020384646164105935 0.000267900421419701 0.0003404463526117457 0.0004122146969267207 0.0004746885452722691 0.0005226970009262568 0.0005547403987485002 0.0005716992437401688 0.0005725901796843513 0.0005519294912394105 0.0005039421499679075 0.0004309510589455304 0.00034491061907682976 0.00026150942628354513 0.00019194759666293608 0.000140283547963896 0.00010479745929173269 8.066842746991756e-5 6.216407954320126e-5 4.51188005423798e-5 2.9032384050761136e-5 1.588109288036939e-5 7.243101798575032e-6 2.7354988712749293e-6 8.642692333275744e-7 2.296519110047862e-7 5.278978447069671e-8 1.1050621513692748e-8 2.1399056479426523e-9 3.9948053065112854e-10 7.050497421606023e-11 1.0700069298924275e-11 1.3657035959732008e-12 1.4557799380178505e-13 1.1740759892648396e-14 9.067377353304418e-16 3.313702546889122e-15 0.0 0.0 0.0 0.0 0.0 0.0 0.0 0.0 0.0 0.0 0.0 0.0 0.0 0.0 0.0 0.0 0.0 0.0 0.0 0.0 0.0 0.0 0.0 0.0 0.0 0.0 0.0 0.0 0.0 0.0 0.0 0.0 0.0 0.0 0.0 0.0 0.0 0.0 0.0 0.0 0.0 0.0 0.0 0.0 0.0 
1.0481970831482192e-9 4.58837399456548e-9 1.5718850339984707e-8 4.23385671206667e-8 9.101313046111471e-8 1.5991321933677033e-7 2.4440136433819555e-7 3.7174055780077497e-7 6.672853064430436e-7 1.4342275827046512e-6 3.2469036459595106e-6 6.924163649230431e-6 1.3226409305451686e-5 2.2223064698317803e-5 3.2993333616581315e-5 4.462263517451916e-5 5.801973366160268e-5 7.624908012433635e-5 0.00010203749654476383 0.00013449418038498012 0.0001687877412218613 0.00019950333214925316 0.00022402347081571704 0.00024289181205044573 0.00025767257942922294 0.00026885844777346015 0.0002742524978193122 0.0002690833817234898 0.0002490488037779653 0.00021478893402647814 0.0001725359299349742 0.00013093584622768693 9.637215039483991e-5 7.126743427982699e-5 5.483793009750954e-5 4.445718265391372e-5 3.658007403631145e-5 2.8275599803763585e-5 1.912311623597673e-5 1.080035870396813e-5 4.984670389561466e-6 1.85883097926275e-6 5.623411160102825e-7 1.3734450657576376e-7 2.7472068152615512e-8 4.6827554009949935e-9 6.801548128894347e-10 9.262164506831484e-11 1.2585411424612487e-11 1.5937923797443301e-12 1.8506304035857566e-13 1.8849726769942593e-14 1.4917677208934404e-15 1.7402472675839897e-16 9.335296844317086e-16 0.0 0.0 0.0 0.0 0.0 0.0 0.0 0.0 0.0 0.0 0.0 0.0 0.0 0.0 0.0 0.0 0.0 0.0 0.0 0.0 0.0 0.0 0.0 0.0 0.0 0.0 0.0 0.0 0.0 0.0 0.0 0.0 0.0 0.0 0.0 0.0 0.0 0.0 0.0 0.0 0.0 0.0 0.0 0.0 0.0 
2.348735955769402e-10 1.024928151963622e-9 3.495900912248969e-9 9.362270896576427e-9 1.998687914989069e-8 3.4979216120901e-8 5.430393566577303e-8 8.918873198761046e-8 1.8627410822135855e-7 4.673672756706425e-7 1.1919496065056091e-6 2.7719716011872693e-6 5.627411179874874e-6 9.842062590232584e-6 1.4995198531673333e-5 2.0735254114057708e-5 2.779235804096271e-5 3.799317134014632e-5 5.255789870404423e-5 7.007834904874489e-5 8.68235564737817e-5 9.960397649221489e-5 0.00010830430218281038 0.00011533444169577824 0.00012296769431754059 0.00013130562686081786 0.00013778667273293488 0.0001383321877016679 0.00012981337679635667 0.00011259045247892285 9.04134311806358e-5 6.832194145529775e-5 4.998826699862026e-5 3.689192965383349e-5 2.8811817393515116e-5 2.4396594382452543e-5 2.1411933639201322e-5 1.7673585290899678e-5 1.263591903251618e-5 7.448812221414029e-6 3.5435508753592555e-6 1.3434590606069492e-6 4.062671151434242e-7 9.70374544690345e-8 1.8383733918041088e-8 2.8339586562251565e-9 3.425444588534971e-10 3.47900463370085e-11 3.2128699614179377e-12 2.6680195781896457e-13 2.3061017736092076e-14 2.084657570211721e-15 1.6857867325881998e-16 8.047927368084374e-17 2.0355485263357588e-16 0.0 0.0 0.0 0.0 0.0 0.0 0.0 0.0 0.0 0.0 0.0 0.0 0.0 0.0 0.0 0.0 0.0 0.0 0.0 0.0 0.0 0.0 0.0 0.0 0.0 0.0 0.0 0.0 0.0 0.0 0.0 0.0 0.0 0.0 0.0 0.0 0.0 0.0 0.0 0.0 0.0 0.0 0.0 0.0 0.0 
4.116083942088718e-11 1.7921811201262045e-10 6.094104600056802e-10 1.625759693636243e-9 3.4585615791582744e-9 6.07996762348145e-9 9.827242969238528e-9 1.8405485715717367e-8 4.695764776748244e-8 1.3916485581591472e-7 3.991252620120853e-7 1.007794876527025e-6 2.1662073972920334e-6 3.944477344414052e-6 6.214568885208728e-6 8.940071250035629e-6 1.2658330150055899e-5 1.8381538281931736e-5 2.6571343152656925e-5 3.59920987918145e-5 4.4109281642999416e-5 4.911376939519011e-5 5.1615765542843405e-5 5.39833248407979e-5 5.816713158160648e-5 6.411044565238307e-5 6.961901670856902e-5 7.159138357165745e-5 6.79296322694751e-5 5.899498726624211e-5 4.713746788184374e-5 3.5245807027608944e-5 2.535602423754933e-5 1.8370797258999862e-5 1.4332903462938554e-5 1.257813483627432e-5 1.1741888603638291e-5 1.0312650372953987e-5 7.764018155200698e-6 4.767530900353866e-6 2.3418290174789394e-6 9.096471684619496e-7 2.795183120866643e-7 6.725906114394542e-8 1.2686849503415723e-8 1.9165469676048637e-9 2.2068155628571475e-10 2.030527644171376e-11 1.554207512487635e-12 9.020593072291451e-14 4.795684700134055e-15 3.5101126405063206e-16 3.6723147846860435e-17 8.217352253889347e-17 4.667944034578528e-17 0.0 0.0 0.0 0.0 0.0 0.0 0.0 0.0 0.0 0.0 0.0 0.0 0.0 0.0 0.0 0.0 0.0 0.0 0.0 0.0 0.0 0.0 0.0 0.0 0.0 0.0 0.0 0.0 0.0 0.0 0.0 0.0 0.0 0.0 0.0 0.0 0.0 0.0 0.0 0.0 0.0 0.0 0.0 0.0 0.0 
5.722741405607956e-12 2.4876934960370562e-11 8.440559835393133e-11 2.2463629016857236e-10 4.778378214959088e-10 8.535131272454496e-10 1.4921037280844492e-9 3.4165380004085818e-9 1.0992726560870105e-8 3.814447592295428e-8 1.2117907632444823e-7 3.2764852346160303e-7 7.382907346773917e-7 1.3945842622247609e-6 2.2826349259229986e-6 3.461089480662312e-6 5.257198914539969e-6 8.172779893231407e-6 1.2350783074644217e-5 1.6994894136423824e-5 2.065064426433738e-5 2.2387825834052e-5 2.2771124313068285e-5 2.3402307803314006e-5 2.5555152902264375e-5 2.9165713521966727e-5 3.2789043348112894e-5 3.4479001918825084e-5 3.3024692872151574e-5 2.8702973650777845e-5 2.281771306877921e-5 1.6846888810315963e-5 1.1830954094421625e-5 8.309213121553511e-6 6.402099765018071e-6 5.797112002850108e-6 5.733059824184046e-6 5.313952284203721e-6 4.171947412623261e-6 2.6452159100032653e-6 1.332493685692299e-6 5.280826450025946e-7 1.6479482910251275e-7 4.011918771452284e-8 7.62230173754604e-9 1.153928464834968e-9 1.3227044585850865e-10 1.1980618584805988e-11 8.844411447007687e-13 4.6863975124967065e-14 1.9821870638859873e-15 1.5022980816295127e-16 2.3820603440683147e-17 9.170381983831658e-17 2.928482047943156e-17 0.0 0.0 0.0 0.0 0.0 0.0 0.0 0.0 0.0 0.0 0.0 0.0 0.0 0.0 0.0 0.0 0.0 0.0 0.0 0.0 0.0 0.0 0.0 0.0 0.0 0.0 0.0 0.0 0.0 0.0 0.0 0.0 0.0 0.0 0.0 0.0 0.0 0.0 0.0 0.0 0.0 0.0 0.0 0.0 0.0 
5.901229914288168e-13 2.562037169401789e-12 8.679041388173156e-12 2.3075749493453478e-11 4.9329607268190616e-11 9.158250804147583e-11 1.8654292855824886e-10 5.719775794153483e-10 2.3407668404962227e-9 9.295117970587138e-9 3.203455726602134e-8 9.131289883940972e-8 2.1362656040208734e-7 4.174407918092907e-7 7.134950282111264e-7 1.1534581552790315e-6 1.897476908258421e-6 3.159415934380674e-6 4.972699750322852e-6 6.938533929801375e-6 8.371962639334976e-6 8.864873239757146e-6 8.743776855001967e-6 8.83502546986873e-6 9.789760583778282e-6 1.1573229042531498e-5 1.3445711647232118e-5 1.4434852210791249e-5 1.3968244277547204e-5 1.2192840847751976e-5 9.690197789269072e-6 7.087104752968086e-6 4.851270260551279e-6 3.2782082969010023e-6 2.472861816181863e-6 2.301361097571737e-6 2.3971371754514933e-6 2.3220543100954507e-6 1.881708752834856e-6 1.2209710515338516e-6 6.260803755648024e-7 2.51665782282044e-7 7.942174652281387e-8 1.9512952883660563e-8 3.7332465086805246e-9 5.679061587931004e-10 6.529013153569679e-11 5.9146283142568166e-12 4.350229953210364e-13 2.275150553229189e-14 8.571900194024844e-16 9.135923166074657e-17 2.319255729575001e-17 1.0184373098630834e-16 3.569876052393235e-17 0.0 0.0 0.0 0.0 0.0 0.0 0.0 0.0 0.0 0.0 0.0 0.0 0.0 0.0 0.0 0.0 0.0 0.0 0.0 0.0 0.0 0.0 0.0 0.0 0.0 0.0 0.0 0.0 0.0 0.0 0.0 0.0 0.0 0.0 0.0 0.0 0.0 0.0 0.0 0.0 0.0 0.0 0.0 0.0 0.0 
5.139039675610603e-14 2.229902092584803e-13 7.547229403673467e-13 2.008786256328102e-12 4.34918553829969e-12 8.705069097413912e-12 2.255994498069661e-11 9.4424345720801e-11 4.636477470640195e-10 2.014235634828022e-9 7.3187767722160166e-9 2.1603394422045966e-8 5.19562888998462e-8 1.0472929652757413e-7 1.87690668087818e-7 3.258204997311608e-7 5.811654132207316e-7 1.02978269369099e-6 1.6768024158188904e-6 2.365689701654973e-6 2.8371630512026726e-6 2.9444160615220627e-6 2.826178543907829e-6 2.8129646306952326e-6 3.164278226784792e-6 3.86636835597522e-6 4.625094594271682e-6 5.0605231234467e-6 4.957441893963356e-6 4.3704577475024846e-6 3.4984201979794468e-6 2.5522799530534945e-6 1.7104410368849503e-6 1.1107779630235052e-6 8.144535158585639e-7 7.723971186817806e-7 8.38241709595584e-7 8.387642246579304e-7 6.946571129470871e-7 4.5763630959522013e-7 2.3736245572298528e-7 9.628037904664667e-8 3.060423626236629e-8 7.564301094835131e-9 1.4541819992076615e-9 2.2203479470850912e-10 2.5603793020013515e-11 2.3241716233492915e-12 1.7111514895134282e-13 8.929913931250939e-15 2.4856188320952265e-16 5.749210311080801e-17 2.4187415606311372e-17 1.1095472035387086e-16 4.10556516009516e-17 0.0 0.0 0.0 0.0 0.0 0.0 0.0 0.0 0.0 0.0 0.0 0.0 0.0 0.0 0.0 0.0 0.0 0.0 0.0 0.0 0.0 0.0 0.0 0.0 0.0 0.0 0.0 0.0 0.0 0.0 0.0 0.0 0.0 0.0 0.0 0.0 0.0 0.0 0.0 0.0 0.0 0.0 0.0 0.0 0.0 
3.187965755270396e-15 1.3942224913064561e-14 4.7015911103984176e-14 1.2596608974040254e-13 2.816268979495905e-13 6.662963812587937e-13 2.509230224642786e-12 1.4084784213825933e-11 7.865153584182355e-11 3.627346851927567e-10 1.365827656774777e-9 4.134827753697272e-9 1.018265117068399e-8 2.121706400633611e-8 4.020688493683537e-8 7.564335905209238e-8 1.4643493012800257e-7 2.7453450097795796e-7 4.600176766062013e-7 6.546392531685681e-7 7.80536630104669e-7 7.955597031504212e-7 7.449597499806837e-7 7.318275506941604e-7 8.366972116006422e-7 1.0551743168561998e-6 1.2962792045460948e-6 1.4445987419911523e-6 1.4367310194889717e-6 1.28680691912991e-6 1.0451251720668739e-6 7.661412918588663e-7 5.058629218051761e-7 3.1635424423276443e-7 2.2387106988015222e-7 2.1385375467195599e-7 2.3911433531060177e-7 2.44895750501825e-7 2.0587032010231343e-7 1.3699925320194153e-7 7.158827880506884e-8 2.9208198956081325e-8 9.327488290838219e-9 2.31439527506112e-9 4.4633050101568215e-10 6.831979073735393e-11 7.895123216554148e-12 7.179200628675747e-13 5.291340712153138e-14 2.747949118817458e-15 -1.1565279396708167e-17 3.751112789050425e-17 2.3484162858445657e-17 1.1944138184909435e-16 4.052980697276288e-17 0.0 0.0 0.0 0.0 0.0 0.0 0.0 0.0 0.0 0.0 0.0 0.0 0.0 0.0 0.0 0.0 0.0 0.0 0.0 0.0 0.0 0.0 0.0 0.0 0.0 0.0 0.0 0.0 0.0 0.0 0.0 0.0 0.0 0.0 0.0 0.0 0.0 0.0 0.0 0.0 0.0 0.0 0.0 0.0 0.0 
1.2832358045608854e-16 7.455818606813813e-16 2.2843153084313403e-15 6.5923591230752e-15 1.5705238675024047e-14 4.997900564285845e-14 2.7683442401776495e-13 1.871349970665662e-12 1.1215130949499475e-11 5.351201145145716e-11 2.059542068711799e-10 6.349418888749603e-10 1.5979886618063147e-9 3.4549716275329104e-9 6.984847383491629e-9 1.4324460219200888e-8 2.997370417028212e-8 5.8986180073677944e-8 1.0114446878755171e-7 1.4483308383633793e-7 1.716914247218051e-7 1.7220226772707673e-7 1.5776770751492486e-7 1.533771022944548e-7 1.7839591426921172e-7 2.3168356785612674e-7 2.9146649645459586e-7 3.306933233250997e-7 3.348792136839523e-7 3.063609938834098e-7 2.5402568115878713e-7 1.8829569751911962e-7 1.2336067304195563e-7 7.468555165904063e-8 5.072830096174009e-8 4.809938380914856e-8 5.472479083219822e-8 5.6904969629478086e-8 4.8301678979661003e-8 3.234911080879039e-8 1.6982770039009295e-8 6.9542297723540236e-9 2.227210721740742e-9 5.539662863601637e-10 1.070433098146536e-10 1.6411156273623262e-11 1.8990140653793684e-12 1.7296637256414646e-13 1.2752031570404693e-14 6.400176456947127e-16 -8.647516684990845e-18 2.4900120273145225e-17 1.9019777872782546e-17 1.2884945321988627e-16 3.324073880644563e-17 0.0 0.0 0.0 0.0 0.0 0.0 0.0 0.0 0.0 0.0 0.0 0.0 0.0 0.0 0.0 0.0 0.0 0.0 0.0 0.0 0.0 0.0 0.0 0.0 0.0 0.0 0.0 0.0 0.0 0.0 0.0 0.0 0.0 0.0 0.0 0.0 0.0 0.0 0.0 0.0 0.0 0.0 0.0 0.0 0.0 
1.4620980219364117e-17 4.433290773614753e-17 2.4380785080138526e-17 3.2663944846966725e-16 7.60805929892473e-16 3.9124497663537405e-15 2.863513050361701e-14 2.138739819463003e-13 1.331437685078319e-12 6.4807951334076875e-12 2.5309096427325653e-11 7.920746967628118e-11 2.038948436488435e-10 4.601999124613399e-10 1.0014161517515945e-9 2.2426506392430535e-9 5.033549445669802e-9 1.0309105102526195e-8 1.7996172978766803e-8 2.587514655707379e-8 3.049943512009336e-8 3.015747946809682e-8 2.711282415829405e-8 2.615550025844583e-8 3.0959506039304164e-8 4.128766927431783e-8 5.304246824649752e-8 6.125231898866973e-8 6.331047926936098e-8 5.938764336260792e-8 5.046282124656919e-8 3.7976563599316884e-8 2.4837988089807558e-8 1.4661172488991204e-8 9.535611137066898e-9 8.844113518516715e-9 1.0117949536920132e-8 1.0612851838108607e-8 9.062171432089622e-9 6.093275635517387e-9 3.2080550125856993e-9 1.3165879460894967e-9 4.2240557225115193e-10 1.0521939272359074e-10 2.0356308279726882e-11 3.124013514782921e-12 3.6167876291085827e-13 3.308174519740808e-14 2.431127847603466e-15 1.0015691045016e-16 1.0188482878863782e-18 2.0295476491865052e-17 1.073460201428914e-17 1.3967322002993157e-16 1.9399752728823308e-17 0.0 0.0 0.0 0.0 0.0 0.0 0.0 0.0 0.0 0.0 0.0 0.0 0.0 0.0 0.0 0.0 0.0 0.0 0.0 0.0 0.0 0.0 0.0 0.0 0.0 0.0 0.0 0.0 0.0 0.0 0.0 0.0 0.0 0.0 0.0 0.0 0.0 0.0 0.0 0.0 0.0 0.0 0.0 0.0 0.0 
1.5838436304632728e-17 6.9104685657245205e-18 -5.361103277618112e-19 5.021240308922515e-17 1.2419077195565258e-17 3.7988213804396523e-16 2.4669380628636063e-15 1.9173729726139174e-14 1.2159129526249041e-13 5.994806519386556e-13 2.368657810243403e-12 7.528838088986586e-12 1.9930633854099628e-11 4.756555181581245e-11 1.1314983618205955e-10 2.78186895738797e-10 6.667125861751775e-10 1.4133620649890752e-9 2.503513744778628e-9 3.608937305584592e-9 4.2286050422350505e-9 4.124847904235013e-9 3.6442980793872826e-9 3.495678694479215e-9 4.21597573831273e-9 5.76813382780565e-9 7.564647593269437e-9 8.916394613926574e-9 9.476638218766046e-9 9.225087168005901e-9 8.166720113301842e-9 6.381919276166051e-9 4.297439054021283e-9 2.5577598172028673e-9 1.5924182911718225e-9 1.3613819570620978e-9 1.4915878504954334e-9 1.5485296799843883e-9 1.3216256615941692e-9 8.89935364473531e-10 4.692834817360499e-10 1.9286196375953859e-10 6.194746350929481e-11 1.5445985438998653e-11 2.9906612705843326e-12 4.593466103078517e-13 5.3072243049387793e-14 4.994192816262927e-15 3.56731597879934e-16 1.7069173948141124e-17 -2.0546653784527519e-19 2.0116463785749786e-17 3.587620699734812e-18 1.4959026959774087e-16 9.485417163623524e-19 0.0 0.0 0.0 0.0 0.0 0.0 0.0 0.0 0.0 0.0 0.0 0.0 0.0 0.0 0.0 0.0 0.0 0.0 0.0 0.0 0.0 0.0 0.0 0.0 0.0 0.0 0.0 0.0 0.0 0.0 0.0 0.0 0.0 0.0 0.0 0.0 0.0 0.0 0.0 0.0 0.0 0.0 0.0 0.0 0.0 
0.0 0.0 0.0 0.0 0.0 0.0 0.0 0.0 0.0 0.0 0.0 0.0 0.0 0.0 0.0 0.0 0.0 0.0 0.0 0.0 0.0 0.0 0.0 0.0 0.0 0.0 0.0 0.0 0.0 0.0 0.0 0.0 0.0 0.0 0.0 0.0 0.0 0.0 0.0 0.0 0.0 0.0 0.0 0.0 0.0 0.0 0.0 0.0 0.0 0.0 0.0 0.0 0.0 0.0 0.0 0.0 0.0 0.0 0.0 0.0 0.0 0.0 0.0 0.0 0.0 0.0 0.0 0.0 0.0 0.0 0.0 0.0 0.0 0.0 0.0 0.0 0.0 0.0 0.0 0.0 0.0 0.0 0.0 0.0 0.0 0.0 0.0 0.0 0.0 0.0 0.0 0.0 0.0 0.0 0.0 0.0 0.0 0.0 0.0 0.0 
0.0 0.0 0.0 0.0 0.0 0.0 0.0 0.0 0.0 0.0 0.0 0.0 0.0 0.0 0.0 0.0 0.0 0.0 0.0 0.0 0.0 0.0 0.0 0.0 0.0 0.0 0.0 0.0 0.0 0.0 0.0 0.0 0.0 0.0 0.0 0.0 0.0 0.0 0.0 0.0 0.0 0.0 0.0 0.0 0.0 0.0 0.0 0.0 0.0 0.0 0.0 0.0 0.0 0.0 0.0 0.0 0.0 0.0 0.0 0.0 0.0 0.0 0.0 0.0 0.0 0.0 0.0 0.0 0.0 0.0 0.0 0.0 0.0 0.0 0.0 0.0 0.0 0.0 0.0 0.0 0.0 0.0 0.0 0.0 0.0 0.0 0.0 0.0 0.0 0.0 0.0 0.0 0.0 0.0 0.0 0.0 0.0 0.0 0.0 0.0 
0.0 0.0 0.0 0.0 0.0 0.0 0.0 0.0 0.0 0.0 0.0 0.0 0.0 0.0 0.0 0.0 0.0 0.0 0.0 0.0 0.0 0.0 0.0 0.0 0.0 0.0 0.0 0.0 0.0 0.0 0.0 0.0 0.0 0.0 0.0 0.0 0.0 0.0 0.0 0.0 0.0 0.0 0.0 0.0 0.0 0.0 0.0 0.0 0.0 0.0 0.0 0.0 0.0 0.0 0.0 0.0 0.0 0.0 0.0 0.0 0.0 0.0 0.0 0.0 0.0 0.0 0.0 0.0 0.0 0.0 0.0 0.0 0.0 0.0 0.0 0.0 0.0 0.0 0.0 0.0 0.0 0.0 0.0 0.0 0.0 0.0 0.0 0.0 0.0 0.0 0.0 0.0 0.0 0.0 0.0 0.0 0.0 0.0 0.0 0.0 
0.0 0.0 0.0 0.0 0.0 0.0 0.0 0.0 0.0 0.0 0.0 0.0 0.0 0.0 0.0 0.0 0.0 0.0 0.0 0.0 0.0 0.0 0.0 0.0 0.0 0.0 0.0 0.0 0.0 0.0 0.0 0.0 0.0 0.0 0.0 0.0 0.0 0.0 0.0 0.0 0.0 0.0 0.0 0.0 0.0 0.0 0.0 0.0 0.0 0.0 0.0 0.0 0.0 0.0 0.0 0.0 0.0 0.0 0.0 0.0 0.0 0.0 0.0 0.0 0.0 0.0 0.0 0.0 0.0 0.0 0.0 0.0 0.0 0.0 0.0 0.0 0.0 0.0 0.0 0.0 0.0 0.0 0.0 0.0 0.0 0.0 0.0 0.0 0.0 0.0 0.0 0.0 0.0 0.0 0.0 0.0 0.0 0.0 0.0 0.0 
0.0 0.0 0.0 0.0 0.0 0.0 0.0 0.0 0.0 0.0 0.0 0.0 0.0 0.0 0.0 0.0 0.0 0.0 0.0 0.0 0.0 0.0 0.0 0.0 0.0 0.0 0.0 0.0 0.0 0.0 0.0 0.0 0.0 0.0 0.0 0.0 0.0 0.0 0.0 0.0 0.0 0.0 0.0 0.0 0.0 0.0 0.0 0.0 0.0 0.0 0.0 0.0 0.0 0.0 0.0 0.0 0.0 0.0 0.0 0.0 0.0 0.0 0.0 0.0 0.0 0.0 0.0 0.0 0.0 0.0 0.0 0.0 0.0 0.0 0.0 0.0 0.0 0.0 0.0 0.0 0.0 0.0 0.0 0.0 0.0 0.0 0.0 0.0 0.0 0.0 0.0 0.0 0.0 0.0 0.0 0.0 0.0 0.0 0.0 0.0 
0.0 0.0 0.0 0.0 0.0 0.0 0.0 0.0 0.0 0.0 0.0 0.0 0.0 0.0 0.0 0.0 0.0 0.0 0.0 0.0 0.0 0.0 0.0 0.0 0.0 0.0 0.0 0.0 0.0 0.0 0.0 0.0 0.0 0.0 0.0 0.0 0.0 0.0 0.0 0.0 0.0 0.0 0.0 0.0 0.0 0.0 0.0 0.0 0.0 0.0 0.0 0.0 0.0 0.0 0.0 0.0 0.0 0.0 0.0 0.0 0.0 0.0 0.0 0.0 0.0 0.0 0.0 0.0 0.0 0.0 0.0 0.0 0.0 0.0 0.0 0.0 0.0 0.0 0.0 0.0 0.0 0.0 0.0 0.0 0.0 0.0 0.0 0.0 0.0 0.0 0.0 0.0 0.0 0.0 0.0 0.0 0.0 0.0 0.0 0.0 
0.0 0.0 0.0 0.0 0.0 0.0 0.0 0.0 0.0 0.0 0.0 0.0 0.0 0.0 0.0 0.0 0.0 0.0 0.0 0.0 0.0 0.0 0.0 0.0 0.0 0.0 0.0 0.0 0.0 0.0 0.0 0.0 0.0 0.0 0.0 0.0 0.0 0.0 0.0 0.0 0.0 0.0 0.0 0.0 0.0 0.0 0.0 0.0 0.0 0.0 0.0 0.0 0.0 0.0 0.0 0.0 0.0 0.0 0.0 0.0 0.0 0.0 0.0 0.0 0.0 0.0 0.0 0.0 0.0 0.0 0.0 0.0 0.0 0.0 0.0 0.0 0.0 0.0 0.0 0.0 0.0 0.0 0.0 0.0 0.0 0.0 0.0 0.0 0.0 0.0 0.0 0.0 0.0 0.0 0.0 0.0 0.0 0.0 0.0 0.0 
0.0 0.0 0.0 0.0 0.0 0.0 0.0 0.0 0.0 0.0 0.0 0.0 0.0 0.0 0.0 0.0 0.0 0.0 0.0 0.0 0.0 0.0 0.0 0.0 0.0 0.0 0.0 0.0 0.0 0.0 0.0 0.0 0.0 0.0 0.0 0.0 0.0 0.0 0.0 0.0 0.0 0.0 0.0 0.0 0.0 0.0 0.0 0.0 0.0 0.0 0.0 0.0 0.0 0.0 0.0 0.0 0.0 0.0 0.0 0.0 0.0 0.0 0.0 0.0 0.0 0.0 0.0 0.0 0.0 0.0 0.0 0.0 0.0 0.0 0.0 0.0 0.0 0.0 0.0 0.0 0.0 0.0 0.0 0.0 0.0 0.0 0.0 0.0 0.0 0.0 0.0 0.0 0.0 0.0 0.0 0.0 0.0 0.0 0.0 0.0 
0.0 0.0 0.0 0.0 0.0 0.0 0.0 0.0 0.0 0.0 0.0 0.0 0.0 0.0 0.0 0.0 0.0 0.0 0.0 0.0 0.0 0.0 0.0 0.0 0.0 0.0 0.0 0.0 0.0 0.0 0.0 0.0 0.0 0.0 0.0 0.0 0.0 0.0 0.0 0.0 0.0 0.0 0.0 0.0 0.0 0.0 0.0 0.0 0.0 0.0 0.0 0.0 0.0 0.0 0.0 0.0 0.0 0.0 0.0 0.0 0.0 0.0 0.0 0.0 0.0 0.0 0.0 0.0 0.0 0.0 0.0 0.0 0.0 0.0 0.0 0.0 0.0 0.0 0.0 0.0 0.0 0.0 0.0 0.0 0.0 0.0 0.0 0.0 0.0 0.0 0.0 0.0 0.0 0.0 0.0 0.0 0.0 0.0 0.0 0.0 
0.0 0.0 0.0 0.0 0.0 0.0 0.0 0.0 0.0 0.0 0.0 0.0 0.0 0.0 0.0 0.0 0.0 0.0 0.0 0.0 0.0 0.0 0.0 0.0 0.0 0.0 0.0 0.0 0.0 0.0 0.0 0.0 0.0 0.0 0.0 0.0 0.0 0.0 0.0 0.0 0.0 0.0 0.0 0.0 0.0 0.0 0.0 0.0 0.0 0.0 0.0 0.0 0.0 0.0 0.0 0.0 0.0 0.0 0.0 0.0 0.0 0.0 0.0 0.0 0.0 0.0 0.0 0.0 0.0 0.0 0.0 0.0 0.0 0.0 0.0 0.0 0.0 0.0 0.0 0.0 0.0 0.0 0.0 0.0 0.0 0.0 0.0 0.0 0.0 0.0 0.0 0.0 0.0 0.0 0.0 0.0 0.0 0.0 0.0 0.0 
0.0 0.0 0.0 0.0 0.0 0.0 0.0 0.0 0.0 0.0 0.0 0.0 0.0 0.0 0.0 0.0 0.0 0.0 0.0 0.0 0.0 0.0 0.0 0.0 0.0 0.0 0.0 0.0 0.0 0.0 0.0 0.0 0.0 0.0 0.0 0.0 0.0 0.0 0.0 0.0 0.0 0.0 0.0 0.0 0.0 0.0 0.0 0.0 0.0 0.0 0.0 0.0 0.0 0.0 0.0 0.0 0.0 0.0 0.0 0.0 0.0 0.0 0.0 0.0 0.0 0.0 0.0 0.0 0.0 0.0 0.0 0.0 0.0 0.0 0.0 0.0 0.0 0.0 0.0 0.0 0.0 0.0 0.0 0.0 0.0 0.0 0.0 0.0 0.0 0.0 0.0 0.0 0.0 0.0 0.0 0.0 0.0 0.0 0.0 0.0 
0.0 0.0 0.0 0.0 0.0 0.0 0.0 0.0 0.0 0.0 0.0 0.0 0.0 0.0 0.0 0.0 0.0 0.0 0.0 0.0 0.0 0.0 0.0 0.0 0.0 0.0 0.0 0.0 0.0 0.0 0.0 0.0 0.0 0.0 0.0 0.0 0.0 0.0 0.0 0.0 0.0 0.0 0.0 0.0 0.0 0.0 0.0 0.0 0.0 0.0 0.0 0.0 0.0 0.0 0.0 0.0 0.0 0.0 0.0 0.0 0.0 0.0 0.0 0.0 0.0 0.0 0.0 0.0 0.0 0.0 0.0 0.0 0.0 0.0 0.0 0.0 0.0 0.0 0.0 0.0 0.0 0.0 0.0 0.0 0.0 0.0 0.0 0.0 0.0 0.0 0.0 0.0 0.0 0.0 0.0 0.0 0.0 0.0 0.0 0.0 
0.0 0.0 0.0 0.0 0.0 0.0 0.0 0.0 0.0 0.0 0.0 0.0 0.0 0.0 0.0 0.0 0.0 0.0 0.0 0.0 0.0 0.0 0.0 0.0 0.0 0.0 0.0 0.0 0.0 0.0 0.0 0.0 0.0 0.0 0.0 0.0 0.0 0.0 0.0 0.0 0.0 0.0 0.0 0.0 0.0 0.0 0.0 0.0 0.0 0.0 0.0 0.0 0.0 0.0 0.0 0.0 0.0 0.0 0.0 0.0 0.0 0.0 0.0 0.0 0.0 0.0 0.0 0.0 0.0 0.0 0.0 0.0 0.0 0.0 0.0 0.0 0.0 0.0 0.0 0.0 0.0 0.0 0.0 0.0 0.0 0.0 0.0 0.0 0.0 0.0 0.0 0.0 0.0 0.0 0.0 0.0 0.0 0.0 0.0 0.0 
0.0 0.0 0.0 0.0 0.0 0.0 0.0 0.0 0.0 0.0 0.0 0.0 0.0 0.0 0.0 0.0 0.0 0.0 0.0 0.0 0.0 0.0 0.0 0.0 0.0 0.0 0.0 0.0 0.0 0.0 0.0 0.0 0.0 0.0 0.0 0.0 0.0 0.0 0.0 0.0 0.0 0.0 0.0 0.0 0.0 0.0 0.0 0.0 0.0 0.0 0.0 0.0 0.0 0.0 0.0 0.0 0.0 0.0 0.0 0.0 0.0 0.0 0.0 0.0 0.0 0.0 0.0 0.0 0.0 0.0 0.0 0.0 0.0 0.0 0.0 0.0 0.0 0.0 0.0 0.0 0.0 0.0 0.0 0.0 0.0 0.0 0.0 0.0 0.0 0.0 0.0 0.0 0.0 0.0 0.0 0.0 0.0 0.0 0.0 0.0 
0.0 0.0 0.0 0.0 0.0 0.0 0.0 0.0 0.0 0.0 0.0 0.0 0.0 0.0 0.0 0.0 0.0 0.0 0.0 0.0 0.0 0.0 0.0 0.0 0.0 0.0 0.0 0.0 0.0 0.0 0.0 0.0 0.0 0.0 0.0 0.0 0.0 0.0 0.0 0.0 0.0 0.0 0.0 0.0 0.0 0.0 0.0 0.0 0.0 0.0 0.0 0.0 0.0 0.0 0.0 0.0 0.0 0.0 0.0 0.0 0.0 0.0 0.0 0.0 0.0 0.0 0.0 0.0 0.0 0.0 0.0 0.0 0.0 0.0 0.0 0.0 0.0 0.0 0.0 0.0 0.0 0.0 0.0 0.0 0.0 0.0 0.0 0.0 0.0 0.0 0.0 0.0 0.0 0.0 0.0 0.0 0.0 0.0 0.0 0.0 
0.0 0.0 0.0 0.0 0.0 0.0 0.0 0.0 0.0 0.0 0.0 0.0 0.0 0.0 0.0 0.0 0.0 0.0 0.0 0.0 0.0 0.0 0.0 0.0 0.0 0.0 0.0 0.0 0.0 0.0 0.0 0.0 0.0 0.0 0.0 0.0 0.0 0.0 0.0 0.0 0.0 0.0 0.0 0.0 0.0 0.0 0.0 0.0 0.0 0.0 0.0 0.0 0.0 0.0 0.0 0.0 0.0 0.0 0.0 0.0 0.0 0.0 0.0 0.0 0.0 0.0 0.0 0.0 0.0 0.0 0.0 0.0 0.0 0.0 0.0 0.0 0.0 0.0 0.0 0.0 0.0 0.0 0.0 0.0 0.0 0.0 0.0 0.0 0.0 0.0 0.0 0.0 0.0 0.0 0.0 0.0 0.0 0.0 0.0 0.0 
0.0 0.0 0.0 0.0 0.0 0.0 0.0 0.0 0.0 0.0 0.0 0.0 0.0 0.0 0.0 0.0 0.0 0.0 0.0 0.0 0.0 0.0 0.0 0.0 0.0 0.0 0.0 0.0 0.0 0.0 0.0 0.0 0.0 0.0 0.0 0.0 0.0 0.0 0.0 0.0 0.0 0.0 0.0 0.0 0.0 0.0 0.0 0.0 0.0 0.0 0.0 0.0 0.0 0.0 0.0 0.0 0.0 0.0 0.0 0.0 0.0 0.0 0.0 0.0 0.0 0.0 0.0 0.0 0.0 0.0 0.0 0.0 0.0 0.0 0.0 0.0 0.0 0.0 0.0 0.0 0.0 0.0 0.0 0.0 0.0 0.0 0.0 0.0 0.0 0.0 0.0 0.0 0.0 0.0 0.0 0.0 0.0 0.0 0.0 0.0 
0.0 0.0 0.0 0.0 0.0 0.0 0.0 0.0 0.0 0.0 0.0 0.0 0.0 0.0 0.0 0.0 0.0 0.0 0.0 0.0 0.0 0.0 0.0 0.0 0.0 0.0 0.0 0.0 0.0 0.0 0.0 0.0 0.0 0.0 0.0 0.0 0.0 0.0 0.0 0.0 0.0 0.0 0.0 0.0 0.0 0.0 0.0 0.0 0.0 0.0 0.0 0.0 0.0 0.0 0.0 0.0 0.0 0.0 0.0 0.0 0.0 0.0 0.0 0.0 0.0 0.0 0.0 0.0 0.0 0.0 0.0 0.0 0.0 0.0 0.0 0.0 0.0 0.0 0.0 0.0 0.0 0.0 0.0 0.0 0.0 0.0 0.0 0.0 0.0 0.0 0.0 0.0 0.0 0.0 0.0 0.0 0.0 0.0 0.0 0.0 
0.0 0.0 0.0 0.0 0.0 0.0 0.0 0.0 0.0 0.0 0.0 0.0 0.0 0.0 0.0 0.0 0.0 0.0 0.0 0.0 0.0 0.0 0.0 0.0 0.0 0.0 0.0 0.0 0.0 0.0 0.0 0.0 0.0 0.0 0.0 0.0 0.0 0.0 0.0 0.0 0.0 0.0 0.0 0.0 0.0 0.0 0.0 0.0 0.0 0.0 0.0 0.0 0.0 0.0 0.0 0.0 0.0 0.0 0.0 0.0 0.0 0.0 0.0 0.0 0.0 0.0 0.0 0.0 0.0 0.0 0.0 0.0 0.0 0.0 0.0 0.0 0.0 0.0 0.0 0.0 0.0 0.0 0.0 0.0 0.0 0.0 0.0 0.0 0.0 0.0 0.0 0.0 0.0 0.0 0.0 0.0 0.0 0.0 0.0 0.0 
0.0 0.0 0.0 0.0 0.0 0.0 0.0 0.0 0.0 0.0 0.0 0.0 0.0 0.0 0.0 0.0 0.0 0.0 0.0 0.0 0.0 0.0 0.0 0.0 0.0 0.0 0.0 0.0 0.0 0.0 0.0 0.0 0.0 0.0 0.0 0.0 0.0 0.0 0.0 0.0 0.0 0.0 0.0 0.0 0.0 0.0 0.0 0.0 0.0 0.0 0.0 0.0 0.0 0.0 0.0 0.0 0.0 0.0 0.0 0.0 0.0 0.0 0.0 0.0 0.0 0.0 0.0 0.0 0.0 0.0 0.0 0.0 0.0 0.0 0.0 0.0 0.0 0.0 0.0 0.0 0.0 0.0 0.0 0.0 0.0 0.0 0.0 0.0 0.0 0.0 0.0 0.0 0.0 0.0 0.0 0.0 0.0 0.0 0.0 0.0 
0.0 0.0 0.0 0.0 0.0 0.0 0.0 0.0 0.0 0.0 0.0 0.0 0.0 0.0 0.0 0.0 0.0 0.0 0.0 0.0 0.0 0.0 0.0 0.0 0.0 0.0 0.0 0.0 0.0 0.0 0.0 0.0 0.0 0.0 0.0 0.0 0.0 0.0 0.0 0.0 0.0 0.0 0.0 0.0 0.0 0.0 0.0 0.0 0.0 0.0 0.0 0.0 0.0 0.0 0.0 0.0 0.0 0.0 0.0 0.0 0.0 0.0 0.0 0.0 0.0 0.0 0.0 0.0 0.0 0.0 0.0 0.0 0.0 0.0 0.0 0.0 0.0 0.0 0.0 0.0 0.0 0.0 0.0 0.0 0.0 0.0 0.0 0.0 0.0 0.0 0.0 0.0 0.0 0.0 0.0 0.0 0.0 0.0 0.0 0.0 
0.0 0.0 0.0 0.0 0.0 0.0 0.0 0.0 0.0 0.0 0.0 0.0 0.0 0.0 0.0 0.0 0.0 0.0 0.0 0.0 0.0 0.0 0.0 0.0 0.0 0.0 0.0 0.0 0.0 0.0 0.0 0.0 0.0 0.0 0.0 0.0 0.0 0.0 0.0 0.0 0.0 0.0 0.0 0.0 0.0 0.0 0.0 0.0 0.0 0.0 0.0 0.0 0.0 0.0 0.0 0.0 0.0 0.0 0.0 0.0 0.0 0.0 0.0 0.0 0.0 0.0 0.0 0.0 0.0 0.0 0.0 0.0 0.0 0.0 0.0 0.0 0.0 0.0 0.0 0.0 0.0 0.0 0.0 0.0 0.0 0.0 0.0 0.0 0.0 0.0 0.0 0.0 0.0 0.0 0.0 0.0 0.0 0.0 0.0 0.0 
0.0 0.0 0.0 0.0 0.0 0.0 0.0 0.0 0.0 0.0 0.0 0.0 0.0 0.0 0.0 0.0 0.0 0.0 0.0 0.0 0.0 0.0 0.0 0.0 0.0 0.0 0.0 0.0 0.0 0.0 0.0 0.0 0.0 0.0 0.0 0.0 0.0 0.0 0.0 0.0 0.0 0.0 0.0 0.0 0.0 0.0 0.0 0.0 0.0 0.0 0.0 0.0 0.0 0.0 0.0 0.0 0.0 0.0 0.0 0.0 0.0 0.0 0.0 0.0 0.0 0.0 0.0 0.0 0.0 0.0 0.0 0.0 0.0 0.0 0.0 0.0 0.0 0.0 0.0 0.0 0.0 0.0 0.0 0.0 0.0 0.0 0.0 0.0 0.0 0.0 0.0 0.0 0.0 0.0 0.0 0.0 0.0 0.0 0.0 0.0 
0.0 0.0 0.0 0.0 0.0 0.0 0.0 0.0 0.0 0.0 0.0 0.0 0.0 0.0 0.0 0.0 0.0 0.0 0.0 0.0 0.0 0.0 0.0 0.0 0.0 0.0 0.0 0.0 0.0 0.0 0.0 0.0 0.0 0.0 0.0 0.0 0.0 0.0 0.0 0.0 0.0 0.0 0.0 0.0 0.0 0.0 0.0 0.0 0.0 0.0 0.0 0.0 0.0 0.0 0.0 0.0 0.0 0.0 0.0 0.0 0.0 0.0 0.0 0.0 0.0 0.0 0.0 0.0 0.0 0.0 0.0 0.0 0.0 0.0 0.0 0.0 0.0 0.0 0.0 0.0 0.0 0.0 0.0 0.0 0.0 0.0 0.0 0.0 0.0 0.0 0.0 0.0 0.0 0.0 0.0 0.0 0.0 0.0 0.0 0.0 
0.0 0.0 0.0 0.0 0.0 0.0 0.0 0.0 0.0 0.0 0.0 0.0 0.0 0.0 0.0 0.0 0.0 0.0 0.0 0.0 0.0 0.0 0.0 0.0 0.0 0.0 0.0 0.0 0.0 0.0 0.0 0.0 0.0 0.0 0.0 0.0 0.0 0.0 0.0 0.0 0.0 0.0 0.0 0.0 0.0 0.0 0.0 0.0 0.0 0.0 0.0 0.0 0.0 0.0 0.0 0.0 0.0 0.0 0.0 0.0 0.0 0.0 0.0 0.0 0.0 0.0 0.0 0.0 0.0 0.0 0.0 0.0 0.0 0.0 0.0 0.0 0.0 0.0 0.0 0.0 0.0 0.0 0.0 0.0 0.0 0.0 0.0 0.0 0.0 0.0 0.0 0.0 0.0 0.0 0.0 0.0 0.0 0.0 0.0 0.0 
0.0 0.0 0.0 0.0 0.0 0.0 0.0 0.0 0.0 0.0 0.0 0.0 0.0 0.0 0.0 0.0 0.0 0.0 0.0 0.0 0.0 0.0 0.0 0.0 0.0 0.0 0.0 0.0 0.0 0.0 0.0 0.0 0.0 0.0 0.0 0.0 0.0 0.0 0.0 0.0 0.0 0.0 0.0 0.0 0.0 0.0 0.0 0.0 0.0 0.0 0.0 0.0 0.0 0.0 0.0 0.0 0.0 0.0 0.0 0.0 0.0 0.0 0.0 0.0 0.0 0.0 0.0 0.0 0.0 0.0 0.0 0.0 0.0 0.0 0.0 0.0 0.0 0.0 0.0 0.0 0.0 0.0 0.0 0.0 0.0 0.0 0.0 0.0 0.0 0.0 0.0 0.0 0.0 0.0 0.0 0.0 0.0 0.0 0.0 0.0 
0.0 0.0 0.0 0.0 0.0 0.0 0.0 0.0 0.0 0.0 0.0 0.0 0.0 0.0 0.0 0.0 0.0 0.0 0.0 0.0 0.0 0.0 0.0 0.0 0.0 0.0 0.0 0.0 0.0 0.0 0.0 0.0 0.0 0.0 0.0 0.0 0.0 0.0 0.0 0.0 0.0 0.0 0.0 0.0 0.0 0.0 0.0 0.0 0.0 0.0 0.0 0.0 0.0 0.0 0.0 0.0 0.0 0.0 0.0 0.0 0.0 0.0 0.0 0.0 0.0 0.0 0.0 0.0 0.0 0.0 0.0 0.0 0.0 0.0 0.0 0.0 0.0 0.0 0.0 0.0 0.0 0.0 0.0 0.0 0.0 0.0 0.0 0.0 0.0 0.0 0.0 0.0 0.0 0.0 0.0 0.0 0.0 0.0 0.0 0.0 
0.0 0.0 0.0 0.0 0.0 0.0 0.0 0.0 0.0 0.0 0.0 0.0 0.0 0.0 0.0 0.0 0.0 0.0 0.0 0.0 0.0 0.0 0.0 0.0 0.0 0.0 0.0 0.0 0.0 0.0 0.0 0.0 0.0 0.0 0.0 0.0 0.0 0.0 0.0 0.0 0.0 0.0 0.0 0.0 0.0 0.0 0.0 0.0 0.0 0.0 0.0 0.0 0.0 0.0 0.0 0.0 0.0 0.0 0.0 0.0 0.0 0.0 0.0 0.0 0.0 0.0 0.0 0.0 0.0 0.0 0.0 0.0 0.0 0.0 0.0 0.0 0.0 0.0 0.0 0.0 0.0 0.0 0.0 0.0 0.0 0.0 0.0 0.0 0.0 0.0 0.0 0.0 0.0 0.0 0.0 0.0 0.0 0.0 0.0 0.0 
0.0 0.0 0.0 0.0 0.0 0.0 0.0 0.0 0.0 0.0 0.0 0.0 0.0 0.0 0.0 0.0 0.0 0.0 0.0 0.0 0.0 0.0 0.0 0.0 0.0 0.0 0.0 0.0 0.0 0.0 0.0 0.0 0.0 0.0 0.0 0.0 0.0 0.0 0.0 0.0 0.0 0.0 0.0 0.0 0.0 0.0 0.0 0.0 0.0 0.0 0.0 0.0 0.0 0.0 0.0 0.0 0.0 0.0 0.0 0.0 0.0 0.0 0.0 0.0 0.0 0.0 0.0 0.0 0.0 0.0 0.0 0.0 0.0 0.0 0.0 0.0 0.0 0.0 0.0 0.0 0.0 0.0 0.0 0.0 0.0 0.0 0.0 0.0 0.0 0.0 0.0 0.0 0.0 0.0 0.0 0.0 0.0 0.0 0.0 0.0 
0.0 0.0 0.0 0.0 0.0 0.0 0.0 0.0 0.0 0.0 0.0 0.0 0.0 0.0 0.0 0.0 0.0 0.0 0.0 0.0 0.0 0.0 0.0 0.0 0.0 0.0 0.0 0.0 0.0 0.0 0.0 0.0 0.0 0.0 0.0 0.0 0.0 0.0 0.0 0.0 0.0 0.0 0.0 0.0 0.0 0.0 0.0 0.0 0.0 0.0 0.0 0.0 0.0 0.0 0.0 0.0 0.0 0.0 0.0 0.0 0.0 0.0 0.0 0.0 0.0 0.0 0.0 0.0 0.0 0.0 0.0 0.0 0.0 0.0 0.0 0.0 0.0 0.0 0.0 0.0 0.0 0.0 0.0 0.0 0.0 0.0 0.0 0.0 0.0 0.0 0.0 0.0 0.0 0.0 0.0 0.0 0.0 0.0 0.0 0.0 
0.0 0.0 0.0 0.0 0.0 0.0 0.0 0.0 0.0 0.0 0.0 0.0 0.0 0.0 0.0 0.0 0.0 0.0 0.0 0.0 0.0 0.0 0.0 0.0 0.0 0.0 0.0 0.0 0.0 0.0 0.0 0.0 0.0 0.0 0.0 0.0 0.0 0.0 0.0 0.0 0.0 0.0 0.0 0.0 0.0 0.0 0.0 0.0 0.0 0.0 0.0 0.0 0.0 0.0 0.0 0.0 0.0 0.0 0.0 0.0 0.0 0.0 0.0 0.0 0.0 0.0 0.0 0.0 0.0 0.0 0.0 0.0 0.0 0.0 0.0 0.0 0.0 0.0 0.0 0.0 0.0 0.0 0.0 0.0 0.0 0.0 0.0 0.0 0.0 0.0 0.0 0.0 0.0 0.0 0.0 0.0 0.0 0.0 0.0 0.0 
0.0 0.0 0.0 0.0 0.0 0.0 0.0 0.0 0.0 0.0 0.0 0.0 0.0 0.0 0.0 0.0 0.0 0.0 0.0 0.0 0.0 0.0 0.0 0.0 0.0 0.0 0.0 0.0 0.0 0.0 0.0 0.0 0.0 0.0 0.0 0.0 0.0 0.0 0.0 0.0 0.0 0.0 0.0 0.0 0.0 0.0 0.0 0.0 0.0 0.0 0.0 0.0 0.0 0.0 0.0 0.0 0.0 0.0 0.0 0.0 0.0 0.0 0.0 0.0 0.0 0.0 0.0 0.0 0.0 0.0 0.0 0.0 0.0 0.0 0.0 0.0 0.0 0.0 0.0 0.0 0.0 0.0 0.0 0.0 0.0 0.0 0.0 0.0 0.0 0.0 0.0 0.0 0.0 0.0 0.0 0.0 0.0 0.0 0.0 0.0 
0.0 0.0 0.0 0.0 0.0 0.0 0.0 0.0 0.0 0.0 0.0 0.0 0.0 0.0 0.0 0.0 0.0 0.0 0.0 0.0 0.0 0.0 0.0 0.0 0.0 0.0 0.0 0.0 0.0 0.0 0.0 0.0 0.0 0.0 0.0 0.0 0.0 0.0 0.0 0.0 0.0 0.0 0.0 0.0 0.0 0.0 0.0 0.0 0.0 0.0 0.0 0.0 0.0 0.0 0.0 0.0 0.0 0.0 0.0 0.0 0.0 0.0 0.0 0.0 0.0 0.0 0.0 0.0 0.0 0.0 0.0 0.0 0.0 0.0 0.0 0.0 0.0 0.0 0.0 0.0 0.0 0.0 0.0 0.0 0.0 0.0 0.0 0.0 0.0 0.0 0.0 0.0 0.0 0.0 0.0 0.0 0.0 0.0 0.0 0.0 
0.0 0.0 0.0 0.0 0.0 0.0 0.0 0.0 0.0 0.0 0.0 0.0 0.0 0.0 0.0 0.0 0.0 0.0 0.0 0.0 0.0 0.0 0.0 0.0 0.0 0.0 0.0 0.0 0.0 0.0 0.0 0.0 0.0 0.0 0.0 0.0 0.0 0.0 0.0 0.0 0.0 0.0 0.0 0.0 0.0 0.0 0.0 0.0 0.0 0.0 0.0 0.0 0.0 0.0 0.0 0.0 0.0 0.0 0.0 0.0 0.0 0.0 0.0 0.0 0.0 0.0 0.0 0.0 0.0 0.0 0.0 0.0 0.0 0.0 0.0 0.0 0.0 0.0 0.0 0.0 0.0 0.0 0.0 0.0 0.0 0.0 0.0 0.0 0.0 0.0 0.0 0.0 0.0 0.0 0.0 0.0 0.0 0.0 0.0 0.0 
0.0 0.0 0.0 0.0 0.0 0.0 0.0 0.0 0.0 0.0 0.0 0.0 0.0 0.0 0.0 0.0 0.0 0.0 0.0 0.0 0.0 0.0 0.0 0.0 0.0 0.0 0.0 0.0 0.0 0.0 0.0 0.0 0.0 0.0 0.0 0.0 0.0 0.0 0.0 0.0 0.0 0.0 0.0 0.0 0.0 0.0 0.0 0.0 0.0 0.0 0.0 0.0 0.0 0.0 0.0 0.0 0.0 0.0 0.0 0.0 0.0 0.0 0.0 0.0 0.0 0.0 0.0 0.0 0.0 0.0 0.0 0.0 0.0 0.0 0.0 0.0 0.0 0.0 0.0 0.0 0.0 0.0 0.0 0.0 0.0 0.0 0.0 0.0 0.0 0.0 0.0 0.0 0.0 0.0 0.0 0.0 0.0 0.0 0.0 0.0 
0.0 0.0 0.0 0.0 0.0 0.0 0.0 0.0 0.0 0.0 0.0 0.0 0.0 0.0 0.0 0.0 0.0 0.0 0.0 0.0 0.0 0.0 0.0 0.0 0.0 0.0 0.0 0.0 0.0 0.0 0.0 0.0 0.0 0.0 0.0 0.0 0.0 0.0 0.0 0.0 0.0 0.0 0.0 0.0 0.0 0.0 0.0 0.0 0.0 0.0 0.0 0.0 0.0 0.0 0.0 0.0 0.0 0.0 0.0 0.0 0.0 0.0 0.0 0.0 0.0 0.0 0.0 0.0 0.0 0.0 0.0 0.0 0.0 0.0 0.0 0.0 0.0 0.0 0.0 0.0 0.0 0.0 0.0 0.0 0.0 0.0 0.0 0.0 0.0 0.0 0.0 0.0 0.0 0.0 0.0 0.0 0.0 0.0 0.0 0.0 
0.0 0.0 0.0 0.0 0.0 0.0 0.0 0.0 0.0 0.0 0.0 0.0 0.0 0.0 0.0 0.0 0.0 0.0 0.0 0.0 0.0 0.0 0.0 0.0 0.0 0.0 0.0 0.0 0.0 0.0 0.0 0.0 0.0 0.0 0.0 0.0 0.0 0.0 0.0 0.0 0.0 0.0 0.0 0.0 0.0 0.0 0.0 0.0 0.0 0.0 0.0 0.0 0.0 0.0 0.0 0.0 0.0 0.0 0.0 0.0 0.0 0.0 0.0 0.0 0.0 0.0 0.0 0.0 0.0 0.0 0.0 0.0 0.0 0.0 0.0 0.0 0.0 0.0 0.0 0.0 0.0 0.0 0.0 0.0 0.0 0.0 0.0 0.0 0.0 0.0 0.0 0.0 0.0 0.0 0.0 0.0 0.0 0.0 0.0 0.0 
0.0 0.0 0.0 0.0 0.0 0.0 0.0 0.0 0.0 0.0 0.0 0.0 0.0 0.0 0.0 0.0 0.0 0.0 0.0 0.0 0.0 0.0 0.0 0.0 0.0 0.0 0.0 0.0 0.0 0.0 0.0 0.0 0.0 0.0 0.0 0.0 0.0 0.0 0.0 0.0 0.0 0.0 0.0 0.0 0.0 0.0 0.0 0.0 0.0 0.0 0.0 0.0 0.0 0.0 0.0 0.0 0.0 0.0 0.0 0.0 0.0 0.0 0.0 0.0 0.0 0.0 0.0 0.0 0.0 0.0 0.0 0.0 0.0 0.0 0.0 0.0 0.0 0.0 0.0 0.0 0.0 0.0 0.0 0.0 0.0 0.0 0.0 0.0 0.0 0.0 0.0 0.0 0.0 0.0 0.0 0.0 0.0 0.0 0.0 0.0 
0.0 0.0 0.0 0.0 0.0 0.0 0.0 0.0 0.0 0.0 0.0 0.0 0.0 0.0 0.0 0.0 0.0 0.0 0.0 0.0 0.0 0.0 0.0 0.0 0.0 0.0 0.0 0.0 0.0 0.0 0.0 0.0 0.0 0.0 0.0 0.0 0.0 0.0 0.0 0.0 0.0 0.0 0.0 0.0 0.0 0.0 0.0 0.0 0.0 0.0 0.0 0.0 0.0 0.0 0.0 0.0 0.0 0.0 0.0 0.0 0.0 0.0 0.0 0.0 0.0 0.0 0.0 0.0 0.0 0.0 0.0 0.0 0.0 0.0 0.0 0.0 0.0 0.0 0.0 0.0 0.0 0.0 0.0 0.0 0.0 0.0 0.0 0.0 0.0 0.0 0.0 0.0 0.0 0.0 0.0 0.0 0.0 0.0 0.0 0.0 
0.0 0.0 0.0 0.0 0.0 0.0 0.0 0.0 0.0 0.0 0.0 0.0 0.0 0.0 0.0 0.0 0.0 0.0 0.0 0.0 0.0 0.0 0.0 0.0 0.0 0.0 0.0 0.0 0.0 0.0 0.0 0.0 0.0 0.0 0.0 0.0 0.0 0.0 0.0 0.0 0.0 0.0 0.0 0.0 0.0 0.0 0.0 0.0 0.0 0.0 0.0 0.0 0.0 0.0 0.0 0.0 0.0 0.0 0.0 0.0 0.0 0.0 0.0 0.0 0.0 0.0 0.0 0.0 0.0 0.0 0.0 0.0 0.0 0.0 0.0 0.0 0.0 0.0 0.0 0.0 0.0 0.0 0.0 0.0 0.0 0.0 0.0 0.0 0.0 0.0 0.0 0.0 0.0 0.0 0.0 0.0 0.0 0.0 0.0 0.0 
0.0 0.0 0.0 0.0 0.0 0.0 0.0 0.0 0.0 0.0 0.0 0.0 0.0 0.0 0.0 0.0 0.0 0.0 0.0 0.0 0.0 0.0 0.0 0.0 0.0 0.0 0.0 0.0 0.0 0.0 0.0 0.0 0.0 0.0 0.0 0.0 0.0 0.0 0.0 0.0 0.0 0.0 0.0 0.0 0.0 0.0 0.0 0.0 0.0 0.0 0.0 0.0 0.0 0.0 0.0 0.0 0.0 0.0 0.0 0.0 0.0 0.0 0.0 0.0 0.0 0.0 0.0 0.0 0.0 0.0 0.0 0.0 0.0 0.0 0.0 0.0 0.0 0.0 0.0 0.0 0.0 0.0 0.0 0.0 0.0 0.0 0.0 0.0 0.0 0.0 0.0 0.0 0.0 0.0 0.0 0.0 0.0 0.0 0.0 0.0 
0.0 0.0 0.0 0.0 0.0 0.0 0.0 0.0 0.0 0.0 0.0 0.0 0.0 0.0 0.0 0.0 0.0 0.0 0.0 0.0 0.0 0.0 0.0 0.0 0.0 0.0 0.0 0.0 0.0 0.0 0.0 0.0 0.0 0.0 0.0 0.0 0.0 0.0 0.0 0.0 0.0 0.0 0.0 0.0 0.0 0.0 0.0 0.0 0.0 0.0 0.0 0.0 0.0 0.0 0.0 0.0 0.0 0.0 0.0 0.0 0.0 0.0 0.0 0.0 0.0 0.0 0.0 0.0 0.0 0.0 0.0 0.0 0.0 0.0 0.0 0.0 0.0 0.0 0.0 0.0 0.0 0.0 0.0 0.0 0.0 0.0 0.0 0.0 0.0 0.0 0.0 0.0 0.0 0.0 0.0 0.0 0.0 0.0 0.0 0.0 
0.0 0.0 0.0 0.0 0.0 0.0 0.0 0.0 0.0 0.0 0.0 0.0 0.0 0.0 0.0 0.0 0.0 0.0 0.0 0.0 0.0 0.0 0.0 0.0 0.0 0.0 0.0 0.0 0.0 0.0 0.0 0.0 0.0 0.0 0.0 0.0 0.0 0.0 0.0 0.0 0.0 0.0 0.0 0.0 0.0 0.0 0.0 0.0 0.0 0.0 0.0 0.0 0.0 0.0 0.0 0.0 0.0 0.0 0.0 0.0 0.0 0.0 0.0 0.0 0.0 0.0 0.0 0.0 0.0 0.0 0.0 0.0 0.0 0.0 0.0 0.0 0.0 0.0 0.0 0.0 0.0 0.0 0.0 0.0 0.0 0.0 0.0 0.0 0.0 0.0 0.0 0.0 0.0 0.0 0.0 0.0 0.0 0.0 0.0 0.0 
0.0 0.0 0.0 0.0 0.0 0.0 0.0 0.0 0.0 0.0 0.0 0.0 0.0 0.0 0.0 0.0 0.0 0.0 0.0 0.0 0.0 0.0 0.0 0.0 0.0 0.0 0.0 0.0 0.0 0.0 0.0 0.0 0.0 0.0 0.0 0.0 0.0 0.0 0.0 0.0 0.0 0.0 0.0 0.0 0.0 0.0 0.0 0.0 0.0 0.0 0.0 0.0 0.0 0.0 0.0 0.0 0.0 0.0 0.0 0.0 0.0 0.0 0.0 0.0 0.0 0.0 0.0 0.0 0.0 0.0 0.0 0.0 0.0 0.0 0.0 0.0 0.0 0.0 0.0 0.0 0.0 0.0 0.0 0.0 0.0 0.0 0.0 0.0 0.0 0.0 0.0 0.0 0.0 0.0 0.0 0.0 0.0 0.0 0.0 0.0 
0.0 0.0 0.0 0.0 0.0 0.0 0.0 0.0 0.0 0.0 0.0 0.0 0.0 0.0 0.0 0.0 0.0 0.0 0.0 0.0 0.0 0.0 0.0 0.0 0.0 0.0 0.0 0.0 0.0 0.0 0.0 0.0 0.0 0.0 0.0 0.0 0.0 0.0 0.0 0.0 0.0 0.0 0.0 0.0 0.0 0.0 0.0 0.0 0.0 0.0 0.0 0.0 0.0 0.0 0.0 0.0 0.0 0.0 0.0 0.0 0.0 0.0 0.0 0.0 0.0 0.0 0.0 0.0 0.0 0.0 0.0 0.0 0.0 0.0 0.0 0.0 0.0 0.0 0.0 0.0 0.0 0.0 0.0 0.0 0.0 0.0 0.0 0.0 0.0 0.0 0.0 0.0 0.0 0.0 0.0 0.0 0.0 0.0 0.0 0.0 
