2.9916352350721684e-14 4.3998466986059365e-13 4.898380477564006e-12 4.519712592613311e-11 3.1153001186715473e-10 1.6794720509076819e-9 7.123661113657171e-9 2.328397318961662e-8 5.939291831214661e-8 1.1764157300581578e-7 1.8144040998833267e-7 2.1745252711348962e-7 2.034539711384418e-7 1.5078436515378138e-7 9.688737729987643e-8 7.476193713757476e-8 9.667307415529461e-8 1.5312956023555215e-7 2.2146106229577386e-7 2.868566674517386e-7 3.8877324883057884e-7 6.703748839318767e-7 1.3712966376639087e-6 2.64891277544543e-6 4.263386068549829e-6 5.484842061404e-6 5.573072148392768e-6 4.465285472790315e-6 2.8300317429860973e-6 1.4379882957350497e-6 6.132499346807584e-7 2.682942272689012e-7 2.0400837429248224e-7 2.96029139649336e-7 4.768512272863334e-7 6.60403616845279e-7 7.36938694569421e-7 6.482746831846435e-7 4.4679463812697006e-7 2.399845883717028e-7 1.0054513681225411e-7 3.273894478444604e-8 8.359477173385911e-9 1.646569343632174e-9 2.592442077302364e-10 3.469931011899971e-11 4.544918383273728e-12 8.506791132980972e-13 1.9567644270777398e-13 4.098252221084903e-14 7.205165533938448e-15 1.0528150245699972e-15 9.112737901740081e-17 5.515265002564383e-17 6.614623035266225e-18 0.0 0.0 0.0 0.0 0.0 0.0 0.0 0.0 0.0 0.0 0.0 0.0 0.0 0.0 0.0 0.0 0.0 0.0 0.0 0.0 0.0 0.0 0.0 0.0 0.0 0.0 0.0 0.0 0.0 0.0 0.0 0.0 0.0 0.0 0.0 0.0 0.0 0.0 0.0 0.0 0.0 0.0 0.0 0.0 0.0 
1.1220369061614624e-13 1.6492766529629871e-12 1.8365678385267707e-11 1.694614901882597e-10 1.1680494957600665e-9 6.297023238880751e-9 2.6709726728721725e-8 8.730351979097231e-8 2.227048193948945e-7 4.411718098148766e-7 6.806409449371473e-7 8.16487983012756e-7 7.662125323803496e-7 5.74016854531135e-7 3.837865541264156e-7 3.2549822457542766e-7 4.5306440875803065e-7 7.339952382952668e-7 1.0694631734972778e-6 1.3564348330042617e-6 1.6204759093435148e-6 2.1360205182354884e-6 3.3922740098631738e-6 5.726218349269553e-6 8.726170308416728e-6 1.1055410214169424e-5 1.1309030509472181e-5 9.286428345329522e-6 6.161978660581681e-6 3.397670502995892e-6 1.688792983787777e-6 9.462676068104862e-7 8.263901577142501e-7 1.1060550623495118e-6 1.6402991382727563e-6 2.179441123609449e-6 2.3868980244984183e-6 2.0837766894397434e-6 1.433923146340211e-6 7.721845764565797e-7 3.254476211552705e-7 1.0698713550429927e-7 2.772051376682857e-8 5.616706522745098e-9 9.53008859911138e-10 1.602013690477493e-10 3.429785048895554e-11 9.644256832886323e-12 2.58708651565631e-12 5.624010072731793e-13 9.772960904268345e-14 1.3296030344867893e-14 1.3100919157653008e-15 1.589135308655808e-16 1.6963256619774095e-17 0.0 0.0 0.0 0.0 0.0 0.0 0.0 0.0 0.0 0.0 0.0 0.0 0.0 0.0 0.0 0.0 0.0 0.0 0.0 0.0 0.0 0.0 0.0 0.0 0.0 0.0 0.0 0.0 0.0 0.0 0.0 0.0 0.0 0.0 0.0 0.0 0.0 0.0 0.0 0.0 0.0 0.0 0.0 0.0 0.0 
3.25331057808646e-13 4.7808718568180066e-12 5.3238921969878625e-11 4.912306733828813e-10 3.3858828639221706e-9 1.8253525693338495e-8 7.742640820450233e-8 2.530882343486485e-7 6.456812144627452e-7 1.2794250690581685e-6 1.975259368535303e-6 2.374051605049235e-6 2.240983857583656e-6 1.712048863626744e-6 1.2189164234665644e-6 1.163151242574132e-6 1.7329309519890347e-6 2.850677681785373e-6 4.193555504212687e-6 5.348373089942202e-6 6.170024447749498e-6 7.082241065912131e-6 8.974725388303592e-6 1.2519340109634076e-5 1.7191109074805688e-5 2.0972902566140606e-5 2.1583236661710973e-5 1.845079307318419e-5 1.3208922102153444e-5 8.250223105226011e-6 4.952305138331825e-6 3.3788662167393376e-6 3.033355847412856e-6 3.5669257059085263e-6 4.714538427058358e-6 5.894014467744772e-6 6.2798834100336445e-6 5.4248049308914675e-6 3.728032591896113e-6 2.017381170241855e-6 8.588111121815837e-7 2.869201192233866e-7 7.640782637225462e-8 1.650161983403078e-8 3.353623487892729e-9 8.378908009240975e-10 2.726361613827549e-10 9.084472830741633e-11 2.5465027889536197e-11 5.588731177656222e-12 9.715527871966392e-13 1.3181718145812476e-13 1.3266678639459761e-14 1.167378820000113e-15 6.884696218796225e-17 0.0 0.0 0.0 0.0 0.0 0.0 0.0 0.0 0.0 0.0 0.0 0.0 0.0 0.0 0.0 0.0 0.0 0.0 0.0 0.0 0.0 0.0 0.0 0.0 0.0 0.0 0.0 0.0 0.0 0.0 0.0 0.0 0.0 0.0 0.0 0.0 0.0 0.0 0.0 0.0 0.0 0.0 0.0 0.0 0.0 
7.346789546936442e-13 1.0791321346650663e-11 1.2014423428429504e-10 1.1083943563275293e-9 7.639185168399602e-9 4.118231054399745e-8 1.7469031353453084e-7 5.71091458547146e-7 1.4574118961381705e-6 2.8899381354774107e-6 4.469337997779466e-6 5.396168629216987e-6 5.160770305295071e-6 4.1025756431988666e-6 3.2487143668736744e-6 3.588566496089117e-6 5.652528656153172e-6 9.32722593249846e-6 1.3789986255238762e-5 1.7817908055690793e-5 2.0660906904868774e-5 2.2804778686761617e-5 2.5756781775442734e-5 3.081100700200982e-5 3.7503566072958016e-5 4.3122690203625656e-5 4.4215015653836296e-5 3.940638623701442e-5 3.064862914335461e-5 2.16906416461199e-5 1.5171422739826552e-5 1.155162416206921e-5 1.010385666397301e-5 1.0305868105419693e-5 1.1797031191246084e-5 1.3519607231621074e-5 1.3826952307571982e-5 1.1765173964724743e-5 8.078310863310938e-6 4.409409287060335e-6 1.9091758087371056e-6 6.565303500400682e-7 1.8514478091105043e-7 4.637398824098173e-8 1.3242181850770338e-8 4.992803714572235e-9 2.0218775166454767e-9 7.140804545954833e-10 2.0276503811353768e-10 4.461399554706221e-11 7.759367445000277e-12 1.053431329022889e-12 1.0638450157646556e-13 9.01721936343231e-15 6.112820029018187e-16 0.0 0.0 0.0 0.0 0.0 0.0 0.0 0.0 0.0 0.0 0.0 0.0 0.0 0.0 0.0 0.0 0.0 0.0 0.0 0.0 0.0 0.0 0.0 0.0 0.0 0.0 0.0 0.0 0.0 0.0 0.0 0.0 0.0 0.0 0.0 0.0 0.0 0.0 0.0 0.0 0.0 0.0 0.0 0.0 0.0 
1.2960610405163519e-12 1.8978331610797345e-11 2.1094758677434525e-10 1.9440735618151002e-9 1.3391109886578542e-8 7.217001323868241e-8 3.061314656864728e-7 1.0010958657090576e-6 2.556917407396193e-6 5.080235258510061e-6 7.892787032877363e-6 9.639811868474767e-6 9.506261573722702e-6 8.20031828782737e-6 7.683488214468069e-6 9.914594810432823e-6 1.6093059955238745e-5 2.6177325194120842e-5 3.8501340669550725e-5 5.0245327259176075e-5 5.924790640237735e-5 6.574786054952363e-5 7.206123786840843e-5 8.042453887208878e-5 9.05299652443536e-5 9.87133841132487e-5 9.977182317505407e-5 9.105743939885174e-5 7.507922291200731e-5 5.79525182961121e-5 4.446402309231259e-5 3.558068377987099e-5 3.0019300430880293e-5 2.7072159652791293e-5 2.6620544403630902e-5 2.727834677020985e-5 2.631861776721232e-5 2.1907732225383976e-5 1.503157195471707e-5 8.31805771564285e-6 3.7029175977986648e-6 1.3424026445841045e-6 4.2575447483838595e-7 1.3969173667462307e-7 5.8450407834550545e-8 2.8068609941972525e-8 1.2317339853435073e-8 4.4250521405063125e-9 1.2605439991481668e-9 2.77571815377886e-10 4.833035934036698e-11 6.577748596420414e-12 6.676931993990607e-13 5.672673350592803e-14 3.9963763582880515e-15 0.0 0.0 0.0 0.0 0.0 0.0 0.0 0.0 0.0 0.0 0.0 0.0 0.0 0.0 0.0 0.0 0.0 0.0 0.0 0.0 0.0 0.0 0.0 0.0 0.0 0.0 0.0 0.0 0.0 0.0 0.0 0.0 0.0 0.0 0.0 0.0 0.0 0.0 0.0 0.0 0.0 0.0 0.0 0.0 0.0 
1.8613916257293368e-12 2.661710079146928e-11 2.924746220360854e-10 2.676861764758542e-9 1.8368813319300207e-8 9.878963087792892e-8 4.1871746468172287e-7 1.3699783496656226e-6 3.5072896828985363e-6 7.008943982045148e-6 1.1031944457951387e-5 1.3892738940505441e-5 1.4736947352938414e-5 1.4872773250444361e-5 1.7405751098453968e-5 2.5519851778530308e-5 4.139037983880702e-5 6.522092818347604e-5 9.422296468767777e-5 0.00012317609070411565 0.00014757466980838647 0.0001668761324786676 0.0001840139057378016 0.00020188972847329738 0.00021974657249842697 0.00023209846955904643 0.00023120168320123191 0.00021306940798127797 0.00018191013290727505 0.0001480320704395531 0.00011947615281086263 9.753693326012381e-5 7.983083546534862e-5 6.573507806297783e-5 5.640003033745355e-5 5.0886360281557545e-5 4.536143908883349e-5 3.651800973338197e-5 2.4990279531773745e-5 1.410868335629412e-5 6.570509787472481e-6 2.6162123612055252e-6 1.0113140810348259e-6 4.5595537919476324e-7 2.4598122876009634e-7 1.3034169928367942e-7 5.8621745545876426e-8 2.1141906939961797e-8 6.026787649897074e-9 1.3289898788180367e-9 2.3220976112704817e-10 3.181683927272413e-11 3.2702867676280532e-12 2.830082746675587e-13 2.0559641230935453e-14 0.0 0.0 0.0 0.0 0.0 0.0 0.0 0.0 0.0 0.0 0.0 0.0 0.0 0.0 0.0 0.0 0.0 0.0 0.0 0.0 0.0 0.0 0.0 0.0 0.0 0.0 0.0 0.0 0.0 0.0 0.0 0.0 0.0 0.0 0.0 0.0 0.0 0.0 0.0 0.0 0.0 0.0 0.0 0.0 0.0 
2.8884724922169134e-12 3.460354276053617e-11 3.498935782246495e-10 3.05319627718178e-9 2.041517656949704e-8 1.0817250613522048e-7 4.5507619866628654e-7 1.4873237474894825e-6 3.830950085702687e-6 7.791596645166914e-6 1.2747139816111363e-5 1.742490848123182e-5 2.1673315263167596e-5 2.781394005965639e-5 4.01865602277576e-5 6.318862244115048e-5 9.994402503749433e-5 0.0001507934772682317 0.00021159648072109004 0.00027446943351687556 0.00033243283353008265 0.0003839273641415107 0.0004313835058027047 0.00047593453174100665 0.0005135286075086628 0.000534683140288737 0.0005282956024144664 0.0004897565293468681 0.00042724051232816476 0.00035822163858335073 0.0002960220182709285 0.00024262091649528467 0.00019423151426145086 0.00015095193936972466 0.00011694024777608666 9.32563961867996e-5 7.534059065482387e-5 5.7611809439640655e-5 3.906077700672209e-5 2.2660306210691423e-5 1.1330430190101415e-5 5.2214828787392944e-6 2.572044865905136e-6 1.4802397241164568e-6 9.003568613710316e-7 4.92710161247988e-7 2.2269212706505407e-7 8.031971174697875e-8 2.293603504601647e-8 5.0856010103466185e-9 8.982825108421234e-10 1.2543179014769456e-10 1.3325690942894565e-11 1.210507137992718e-12 9.46419986734279e-14 0.0 0.0 0.0 0.0 0.0 0.0 0.0 0.0 0.0 0.0 0.0 0.0 0.0 0.0 0.0 0.0 0.0 0.0 0.0 0.0 0.0 0.0 0.0 0.0 0.0 0.0 0.0 0.0 0.0 0.0 0.0 0.0 0.0 0.0 0.0 0.0 0.0 0.0 0.0 0.0 0.0 0.0 0.0 0.0 0.0 
1.0290265067270502e-11 7.466534091876393e-11 5.444597993987847e-10 3.81574503915743e-9 2.234860181060167e-8 1.0898144641467688e-7 4.368562506147308e-7 1.4011500752809537e-6 3.6436160584840223e-6 7.762442154054595e-6 1.4009428890341035e-5 2.272320344411822e-5 3.574694080622759e-5 5.7327285043181335e-5 9.34445652069028e-5 0.00014964644293181882 0.0002294602057143419 0.0003325095058307034 0.00045284106034903886 0.0005805685424553563 0.0007079968241483065 0.0008334309868050769 0.0009561412227659224 0.0010685739293413885 0.0011554526426288383 0.0011977411284177534 0.0011794240437478605 0.001096998615486549 0.000966976889501307 0.0008202437903142808 0.0006812364387987816 0.0005557534464731622 0.00043886268666153144 0.00033140726139944536 0.00024205316605545635 0.00017597392112674146 0.00012889242275318622 9.21926851472555e-5 6.12602242135037e-5 3.66530293489893e-5 2.0079513465403722e-5 1.0902112708581924e-5 6.512871916416538e-6 4.246963593210007e-6 2.6877921753641894e-6 1.477232447634512e-6 6.665073402330739e-7 2.407288883931904e-7 6.926300827159624e-8 1.5612624181744903e-8 2.8365832092495116e-9 4.1447374719300067e-10 4.736731291677984e-11 4.7424084430780804e-12 4.220723340660471e-13 0.0 0.0 0.0 0.0 0.0 0.0 0.0 0.0 0.0 0.0 0.0 0.0 0.0 0.0 0.0 0.0 0.0 0.0 0.0 0.0 0.0 0.0 0.0 0.0 0.0 0.0 0.0 0.0 0.0 0.0 0.0 0.0 0.0 0.0 0.0 0.0 0.0 0.0 0.0 0.0 0.0 0.0 0.0 0.0 0.0 
6.718380017153508e-11 3.430146420084849e-10 1.7495800008199493e-9 8.80969854825006e-9 3.962208544311278e-8 1.5652455454172673e-7 5.371668388464431e-7 1.5780305763307635e-6 4.0400408170471285e-6 9.185099838213047e-6 1.9042836831507482e-5 3.715600389079826e-5 6.936608915317468e-5 0.00012385669328949993 0.00020990587333182334 0.0003349704060627687 0.0005025370423757187 0.00071021350994783 0.0009494310618425235 0.0012093792855384037 0.001484546973628805 0.0017741397145634242 0.0020685238838021995 0.0023371633187084595 0.002536026302303513 0.0026228248797445933 0.002572623373757302 0.002388418468843841 0.0021069347398965663 0.0017874725741064991 0.0014790281459706827 0.0011985642511940567 0.0009400369181645154 0.0007029947715420107 0.0005010943001149154 0.00034631213452256874 0.00023636621777506104 0.00015877451355029258 0.00010260992562856764 6.286488081136658e-5 3.735378257924344e-5 2.2913337933254502e-5 1.5161718582983121e-5 1.0308175488024301e-5 6.535695512383396e-6 3.568888280279483e-6 1.6084312444650151e-6 5.862789150586042e-7 1.7246942671577587e-7 4.0468278617609975e-8 7.817818241175452e-9 1.2480824728310347e-9 1.6147168175315539e-10 1.859948344877401e-11 1.93194472266483e-12 0.0 0.0 0.0 0.0 0.0 0.0 0.0 0.0 0.0 0.0 0.0 0.0 0.0 0.0 0.0 0.0 0.0 0.0 0.0 0.0 0.0 0.0 0.0 0.0 0.0 0.0 0.0 0.0 0.0 0.0 0.0 0.0 0.0 0.0 0.0 0.0 0.0 0.0 0.0 0.0 0.0 0.0 0.0 0.0 0.0 
4.638488650427112e-10 1.960939331724264e-9 7.986291366038864e-9 3.212308559216847e-8 1.1916474229030078e-7 3.959496935068146e-7 1.1612001459872535e-6 3.0167657211548284e-6 7.198888480667984e-6 1.6292549464299495e-5 3.5317769554316404e-5 7.312036579556508e-5 0.00014266728479869257 0.0002602049153593464 0.00044305985501811045 0.0007046850696374418 0.0010509488023957949 0.0014778827588931502 0.0019732404211059004 0.0025233799982559433 0.0031222132899608682 0.0037644086411749663 0.004419440015459309 0.005011064944444298 0.005435160160733948 0.005597066075174125 0.005454221788617037 0.005033047288355519 0.004422982159134371 0.003743631008919284 0.003088922792127036 0.0024939331483690716 0.0019498340111373394 0.0014537204944876682 0.0010278042787048437 0.0006957526776949604 0.0004583873499870632 0.00029603632110071704 0.00018658381945452159 0.00011494337661386688 7.099805635496528e-5 4.5798850630579196e-5 3.108984780847627e-5 2.1022991173898534e-5 1.3123172274575383e-5 7.114150938913534e-6 3.23477133021614e-6 1.2143155949845333e-6 3.766754341685286e-7 9.594711066163013e-8 2.066369289478995e-8 3.770975910314227e-9 5.702621730644684e-10 7.615205780068755e-11 9.090158862756205e-12 0.0 0.0 0.0 0.0 0.0 0.0 0.0 0.0 0.0 0.0 0.0 0.0 0.0 0.0 0.0 0.0 0.0 0.0 0.0 0.0 0.0 0.0 0.0 0.0 0.0 0.0 0.0 0.0 0.0 0.0 0.0 0.0 0.0 0.0 0.0 0.0 0.0 0.0 0.0 0.0 0.0 0.0 0.0 0.0 0.0 
2.6877474575993393e-9 1.013313955078141e-8 3.520156793792762e-8 1.1900875424382125e-7 3.823999012831744e-7 1.136920628900561e-6 3.0475645421382465e-6 7.336786896785287e-6 1.6384515835172043e-5 3.516622350788982e-5 7.344111377614004e-5 0.00014834547569357912 0.00028490925592493464 0.0005152304862601033 0.0008759353577183051 0.001399231690244009 0.0021044129669438912 0.002991714273742988 0.00404265149077133 0.005227342338060662 0.006514580057506911 0.007867116399815344 0.009210647169852527 0.010399366458708982 0.01123046748859783 0.011508913435478007 0.011152441292162377 0.010239175304510498 0.008976570551864939 0.007604691407651515 0.006287411994591126 0.005075154367627534 0.003953690658785883 0.002930324663338845 0.0020560516292285422 0.00137730039235076 0.0008942207746496012 0.0005672981631515285 0.0003515532747506185 0.0002142339995266542 0.00013168603270526964 8.421009076148606e-5 5.589020539319183e-5 3.66919476127762e-5 2.2448114684992032e-5 1.219677506578542e-5 5.717822957335875e-6 2.282905210131827e-6 7.755645970800667e-7 2.2238475227039366e-7 5.4630901067984287e-8 1.1429122412781977e-8 1.9816120423950073e-9 2.9743891339643747e-10 3.9338053810819294e-11 0.0 0.0 0.0 0.0 0.0 0.0 0.0 0.0 0.0 0.0 0.0 0.0 0.0 0.0 0.0 0.0 0.0 0.0 0.0 0.0 0.0 0.0 0.0 0.0 0.0 0.0 0.0 0.0 0.0 0.0 0.0 0.0 0.0 0.0 0.0 0.0 0.0 0.0 0.0 0.0 0.0 0.0 0.0 0.0 0.0 
1.28357224945616e-8 4.499641722879026e-8 1.392141417294494e-7 4.0499261064231373e-7 1.1288643080221825e-6 3.0030976442620136e-6 7.441852565472101e-6 1.6947374156146037e-5 3.616496417166472e-5 7.432227704979452e-5 0.00014892858607954622 0.00029039401919307185 0.0005441517757997702 0.0009725275668408849 0.0016552008643401072 0.0026735944801203494 0.004089034505838297 0.00592227786806878 0.008144218635328942 0.010674039142869799 0.01338274529841037 0.016116116912604707 0.018700828469900826 0.020911661946616474 0.022437361063284526 0.022930208556805727 0.022200220971939806 0.020374051686581365 0.01787215783358458 0.015179946214468089 0.012589279071757336 0.010156697099460979 0.007860447484604027 0.0057600001669700016 0.003989886818947692 0.0026412146794465205 0.0016976419806460459 0.0010667076640747339 0.0006531283526091239 0.0003906780092102092 0.00023306918244365475 0.0001427275638124514 9.009806335849894e-5 5.6748858619197e-5 3.41758170498199e-5 1.8961326742170548e-5 9.432557860016364e-6 4.130064257624946e-6 1.5707042055772135e-6 5.09825548954016e-7 1.4125090778996215e-7 3.3108230556805884e-8 6.394649644893978e-9 1.0511445845364062e-9 1.5026004110632905e-10 0.0 0.0 0.0 0.0 0.0 0.0 0.0 0.0 0.0 0.0 0.0 0.0 0.0 0.0 0.0 0.0 0.0 0.0 0.0 0.0 0.0 0.0 0.0 0.0 0.0 0.0 0.0 0.0 0.0 0.0 0.0 0.0 0.0 0.0 0.0 0.0 0.0 0.0 0.0 0.0 0.0 0.0 0.0 0.0 0.0 
5.021222950052881e-8 1.6802278385429004e-7 4.796446456745068e-7 1.2372726032567774e-6 3.0144623787512634e-6 7.120590130123584e-6 1.6198671111129752e-5 3.496566882966782e-5 7.218110518872285e-5 0.00014474914819611673 0.00028371010003635323 0.0005422711391181649 0.0010017701003490922 0.001781283989441591 0.0030483634265296234 0.004992583719046206 0.007774122776806992 0.011472841581413193 0.01606001322382555 0.021361688665768278 0.027006570495567938 0.032500819345382057 0.0373908924434624 0.041357520011267024 0.044068394107133216 0.045016732816309066 0.04372302065444425 0.04021689693247363 0.03524666651674846 0.029852629992479732 0.024671445468768843 0.019796267942774757 0.015178357955527248 0.010977506480572568 0.007492227408366485 0.004888782773142997 0.0031027690948201994 0.0019281414169960106 0.0011663208353490133 0.0006840365139842821 0.0003936102525616253 0.00022799972488342027 0.00013511064117721608 8.11453883580612e-5 4.838297596296367e-5 2.784394473051778e-5 1.4939447101018875e-5 7.2187807471109486e-6 3.050850274890692e-6 1.1011938386921282e-6 3.3720881293106943e-7 8.684121555039678e-8 1.8328589454088255e-8 3.241441730702285e-9 4.918069663871637e-10 0.0 0.0 0.0 0.0 0.0 0.0 0.0 0.0 0.0 0.0 0.0 0.0 0.0 0.0 0.0 0.0 0.0 0.0 0.0 0.0 0.0 0.0 0.0 0.0 0.0 0.0 0.0 0.0 0.0 0.0 0.0 0.0 0.0 0.0 0.0 0.0 0.0 0.0 0.0 0.0 0.0 0.0 0.0 0.0 0.0 
1.5689986269008636e-7 5.102891018348994e-7 1.3837503062056714e-6 3.2810359878434388e-6 7.173187918260075e-6 1.5191763557955283e-5 3.176979538512227e-5 6.519305790859461e-5 0.0001312976822585147 0.0002604015087472653 0.000507143310973626 0.0009648474075003925 0.001779366408079018 0.0031740244887598543 0.00548124569641991 0.009098022406413664 0.014382700188714246 0.021561594039247328 0.030682198609763418 0.041486883364088435 0.05315099976782835 0.06436717132463601 0.07389581397743554 0.08117094747821108 0.08603704851855772 0.08790430018645097 0.08562339369683122 0.07873076845563307 0.068503808629171 0.05729353429013617 0.04670764776135272 0.03703614601312537 0.02810192250808411 0.02011520714954005 0.01357520708728865 0.008743752399207506 0.005467677050492617 0.003346207385127927 0.0019945314656474294 0.0011491370464330579 0.0006414033917027684 0.0003531335148553205 0.00019625802562607027 0.00011174629236852517 6.562646366719533e-5 3.9002774049223505e-5 2.2364445405484598e-5 1.173714567014108e-5 5.411775344108997e-6 2.1345046443760775e-6 7.117347263232414e-7 1.9830975453053108e-7 4.491724542921935e-8 8.389370942338825e-9 1.3268067350951273e-9 0.0 0.0 0.0 0.0 0.0 0.0 0.0 0.0 0.0 0.0 0.0 0.0 0.0 0.0 0.0 0.0 0.0 0.0 0.0 0.0 0.0 0.0 0.0 0.0 0.0 0.0 0.0 0.0 0.0 0.0 0.0 0.0 0.0 0.0 0.0 0.0 0.0 0.0 0.0 0.0 0.0 0.0 0.0 0.0 0.0 
3.975063349480574e-7 1.2697416289418377e-6 3.333308613440855e-6 7.47562539820348e-6 1.511434628820438e-5 2.935385761212726e-5 5.7241289631766795e-5 0.00011287569128065599 0.0002238129136803495 0.00044212621389106755 0.0008608040421442746 0.0016407988181555426 0.003041191173697462 0.005470430597745286 0.00955219238529719 0.016052830218997102 0.02570350127481056 0.039061555388179646 0.05645100702846984 0.0776516572923902 0.10113245895081513 0.12397191498895994 0.14311253327946608 0.15720787950965442 0.16641641140649743 0.17009592771023066 0.16571689899221356 0.15165528355078564 0.13024334361084783 0.1067726551350607 0.08520738316832438 0.06643792159685308 0.04987543827721891 0.035470442276159565 0.02379848555008311 0.015189684945112972 0.009359765773711275 0.005623635349195637 0.003293670764753606 0.0018682375768013645 0.0010215162902478603 0.0005426774325301399 0.000285917783400982 0.00015373263756614865 8.714383933671552e-5 5.196179346456359e-5 3.093927369521126e-5 1.7238090080664705e-5 8.536095429576484e-6 3.6333956457350548e-6 1.302527614881405e-6 3.866026936216953e-7 9.229412463059228e-8 1.7903409746004786e-8 2.9093789823769185e-9 0.0 0.0 0.0 0.0 0.0 0.0 0.0 0.0 0.0 0.0 0.0 0.0 0.0 0.0 0.0 0.0 0.0 0.0 0.0 0.0 0.0 0.0 0.0 0.0 0.0 0.0 0.0 0.0 0.0 0.0 0.0 0.0 0.0 0.0 0.0 0.0 0.0 0.0 0.0 0.0 0.0 0.0 0.0 0.0 0.0 
8.235525205261184e-7 2.5989832823536313e-6 6.690220056800769e-6 1.4513171075454643e-5 2.795496201650547e-5 5.134892732192583e-5 9.586142435743214e-5 0.00018521364968197664 0.0003655348214221866 0.0007212127711693683 0.0014018780911602513 0.0026740680105127174 0.004983978953795331 0.009050831012011032 0.01598526564953132 0.027184997121828137 0.0440660265661193 0.06785467295626843 0.09945240260444091 0.13879625124861497 0.1832808744075931 0.22734507904002263 0.26473275787157 0.2923673893060493 0.31044844730410903 0.3178206440884559 0.3093241923219704 0.28135963501515654 0.23848135603243725 0.19172960287147806 0.14975399283735213 0.1147655567128958 0.08529434495183046 0.06041635125419802 0.04044445105600124 0.025667592164849606 0.015612499248042394 0.009203402021763653 0.0052868587349485414 0.0029544613191867545 0.0015946471627470067 0.0008310079228028486 0.00042320739887123865 0.00021639385909559615 0.00011610334769096263 6.672884277097684e-5 3.962983336946982e-5 2.277094187569966e-5 1.1868344409206887e-5 5.354126865388384e-6 2.0252829927913795e-6 6.281779107897153e-7 1.5520388805592843e-7 3.0820857783507884e-8 5.090333368624419e-9 0.0 0.0 0.0 0.0 0.0 0.0 0.0 0.0 0.0 0.0 0.0 0.0 0.0 0.0 0.0 0.0 0.0 0.0 0.0 0.0 0.0 0.0 0.0 0.0 0.0 0.0 0.0 0.0 0.0 0.0 0.0 0.0 0.0 0.0 0.0 0.0 0.0 0.0 0.0 0.0 0.0 0.0 0.0 0.0 0.0 
1.4278057401400243e-6 4.457462774967227e-6 1.1333554773398881e-5 2.4164331944411138e-5 4.547043569100774e-5 8.149701250796517e-5 0.0001500521820412664 0.00029008500530891703 0.0005754262744850025 0.0011354406606782813 0.002198427541394942 0.0041869421583619025 0.007839080718769008 0.01436538545447284 0.025647531114332704 0.044119916732348774 0.072407629235299 0.11294032073085074 0.16746457761417172 0.2358409393273127 0.31359612162139583 0.3914236805796957 0.4587194395688135 0.5097081477897955 0.5437115749047136 0.5576677995625637 0.5420488859575103 0.49072767365306014 0.41241110855067104 0.32748224111630775 0.2521086364928591 0.19076638704157 0.1406784023769222 0.09938035536123548 0.06648750470415944 0.04205697459578857 0.02532208760704804 0.0146699863045592 0.008260410312784133 0.004540879021176348 0.0024235403167369406 0.0012508116067587297 0.000626849492339148 0.000310174209459038 0.0001573708772739555 8.465294717244761e-5 4.797089687674989e-5 2.7291098358844517e-5 1.4493394224445287e-5 6.742706676304802e-6 2.6294908566363926e-6 8.360997772517613e-7 2.1053334130105853e-7 4.234380997400616e-8 7.055377893876378e-9 0.0 0.0 0.0 0.0 0.0 0.0 0.0 0.0 0.0 0.0 0.0 0.0 0.0 0.0 0.0 0.0 0.0 0.0 0.0 0.0 0.0 0.0 0.0 0.0 0.0 0.0 0.0 0.0 0.0 0.0 0.0 0.0 0.0 0.0 0.0 0.0 0.0 0.0 0.0 0.0 0.0 0.0 0.0 0.0 0.0 
2.138980299676981e-6 6.574721410538281e-6 1.653394166608817e-5 3.498866701225162e-5 6.558593697748685e-5 0.00011786637649144447 0.00021970760456324848 0.00043191127651245653 0.0008665781201480397 0.0017137202858137123 0.0033101122783191217 0.006304520429747366 0.011872030173586474 0.02196181319827495 0.03961667692604515 0.06888647266875768 0.11438784234994884 0.18051742243146712 0.2700281157525311 0.38183713626837246 0.5079411276768616 0.6338228228454167 0.743702016899247 0.8283035458783464 0.8845417480165718 0.9055914640725022 0.8767754072581432 0.7905086718354553 0.6621563482037506 0.5240884335870193 0.4016797664180966 0.3023401052362584 0.22206663274177463 0.15671452258620133 0.10494956712921333 0.06635759262275776 0.03971282803114787 0.02269619665926975 0.012537706644490533 0.00676060453508273 0.0035547487348196083 0.001817333297945446 0.0009035026689929291 0.0004395114402053885 0.00021399482130790194 0.0001072073060354591 5.601109202035495e-5 3.0019748369951843e-5 1.550650446872477e-5 7.170852001863045e-6 2.8076594117125432e-6 8.984047128933247e-7 2.275801909881319e-7 4.5978143368577525e-8 7.689320095025235e-9 0.0 0.0 0.0 0.0 0.0 0.0 0.0 0.0 0.0 0.0 0.0 0.0 0.0 0.0 0.0 0.0 0.0 0.0 0.0 0.0 0.0 0.0 0.0 0.0 0.0 0.0 0.0 0.0 0.0 0.0 0.0 0.0 0.0 0.0 0.0 0.0 0.0 0.0 0.0 0.0 0.0 0.0 0.0 0.0 0.0 
2.879408343653401e-6 8.619389036293069e-6 2.132977361010513e-5 4.4948450985502365e-5 8.50315046189617e-5 0.00015635572156974526 0.0003004038310535953 0.0006056286160399959 0.0012324133250926027 0.002450685926245506 0.004747255188435381 0.009090392285170907 0.01727509974933681 0.03229777328223898 0.05885199797727225 0.10332823334735773 0.17331785774747277 0.27619165537606855 0.41603476618834667 0.5897540404349859 0.7832533607098232 0.973956522551043 1.1387618102321482 1.2631201814673818 1.339764807985627 1.358056195707213 1.3017355168785953 1.1666532291276317 0.977273078317854 0.7768470046428505 0.5980616422813365 0.45086755470576995 0.33108653949693717 0.23386395967884752 0.15709852659169604 0.0996353872879628 0.059573911246924086 0.03377163278787712 0.018363767797914286 0.00970425816641062 0.005003608515412183 0.002520435584480731 0.001241032221627374 0.0005972447656843399 0.000283444084562793 0.000134176601186408 6.405723265870724e-5 3.1057050300016076e-5 1.4797017582231948e-5 6.494535169471626e-6 2.471935932369804e-6 7.794975796523595e-7 1.959743241834133e-7 3.945436991550574e-8 6.595418307414499e-9 0.0 0.0 0.0 0.0 0.0 0.0 0.0 0.0 0.0 0.0 0.0 0.0 0.0 0.0 0.0 0.0 0.0 0.0 0.0 0.0 0.0 0.0 0.0 0.0 0.0 0.0 0.0 0.0 0.0 0.0 0.0 0.0 0.0 0.0 0.0 0.0 0.0 0.0 0.0 0.0 0.0 0.0 0.0 0.0 0.0 
3.5915268696016973e-6 1.0338059024018054e-5 2.4956219779322677e-5 5.231792685959656e-5 0.00010070769143602657 0.0001920536612340094 0.0003838898332933643 0.0007952211061536297 0.0016415700648637135 0.0032935365588392085 0.006437654867896962 0.012464499404841104 0.02397746149128489 0.045342259410241864 0.08343218966152857 0.1477484877975784 0.24987547011751102 0.40135134309804316 0.6085384629602799 0.866077975000602 1.1509644720135428 1.427367683693036 1.65904096126806 1.8217405125651998 1.9028822522720434 1.8926931278354706 1.7838534535188473 1.5848308281794616 1.3301376395047722 1.0672811409098832 0.8299059737794249 0.6290604843217286 0.46267245743312363 0.32736093383163567 0.22083683579223307 0.14084237121878532 0.08449900529024519 0.047786921010264015 0.025721139386987123 0.013360445723694592 0.006746302325427825 0.00333043227675665 0.0016139387121944491 0.000766984838824379 0.00035798259298457113 0.00016344352272192107 7.260001397172294e-5 3.155795056967871e-5 1.3306928733537708e-5 5.249698973500198e-6 1.8540616691467406e-6 5.574243169710898e-7 1.3605022112210593e-7 2.6941003863145814e-8 4.476966601925692e-9 0.0 0.0 0.0 0.0 0.0 0.0 0.0 0.0 0.0 0.0 0.0 0.0 0.0 0.0 0.0 0.0 0.0 0.0 0.0 0.0 0.0 0.0 0.0 0.0 0.0 0.0 0.0 0.0 0.0 0.0 0.0 0.0 0.0 0.0 0.0 0.0 0.0 0.0 0.0 0.0 0.0 0.0 0.0 0.0 0.0 
4.177852872477866e-6 1.1513168396654534e-5 2.7011887390745517e-5 5.641639037852995e-5 0.0001113502642972366 0.0002220266111871052 0.00046233342987773605 0.0009806784348043406 0.002049413686651161 0.0041566815161845 0.008233443326937508 0.016175350193391308 0.03152893821954163 0.060262564977125316 0.11184369218707196 0.19949451096471477 0.33957402555396277 0.5488865825054761 0.8376538826378019 1.1995218616793273 1.6008579698566057 1.98599783696082 2.295964883544533 2.4896552359365667 2.549747141650393 2.477388435067059 2.289132851579928 2.015198303009748 1.697493795718694 1.3776118941474724 1.082734442075479 0.824476326074857 0.6062792543269149 0.42882280520971794 0.2900676727416448 0.18599280386108655 0.11218511406749815 0.06357738894725976 0.034093098304195255 0.017518920485569384 0.008693635879496488 0.004199831907377642 0.001991492099843323 0.0009291953974739567 0.0004271831560512878 0.00019111489037515567 8.143761112522554e-5 3.271622036334086e-5 1.2263070696746235e-5 4.2111307011874565e-6 1.3091025448748904e-6 3.5592533526958587e-7 8.073501785328483e-8 1.5270040654587608e-8 2.4914814145563793e-9 0.0 0.0 0.0 0.0 0.0 0.0 0.0 0.0 0.0 0.0 0.0 0.0 0.0 0.0 0.0 0.0 0.0 0.0 0.0 0.0 0.0 0.0 0.0 0.0 0.0 0.0 0.0 0.0 0.0 0.0 0.0 0.0 0.0 0.0 0.0 0.0 0.0 0.0 0.0 0.0 0.0 0.0 0.0 0.0 0.0 
4.459958970365367e-6 1.189584591488064e-5 2.7419320517448248e-5 5.777130695052828e-5 0.00011825860072547326 0.000247389702469558 0.0005337433659141099 0.0011512940587459733 0.0024265906459820137 0.004973704607482588 0.009995160933324108 0.0199335611590265 0.03931510159638752 0.07574063629754986 0.14134412909506697 0.25324176672870513 0.43286582375553345 0.7029435803752427 1.0791510838237066 1.5566324189495924 2.092076523958533 2.605672476826018 3.006085704091429 3.2269930643249918 3.2475520857194695 3.0910627741055103 2.810062359406259 2.4595059060061013 2.082264165000144 1.7060472104717084 1.3490988645803428 1.0264217371590612 0.7506670192876825 0.5281235855368531 0.35657534194212515 0.22910894787859348 0.13880487750662251 0.07900634442665781 0.04243727555640594 0.02172757762517476 0.010666295275534043 0.005059433815694769 0.0023446102559675393 0.0010693261570758963 0.00048288292155938183 0.00021302131630966957 8.910974666965023e-5 3.4530615641463396e-5 1.2107619119093775e-5 3.748161532320883e-6 1.024094924987333e-6 2.430419042942822e-7 4.848391675011371e-8 8.296687070680053e-9 1.2887992977540608e-9 0.0 0.0 0.0 0.0 0.0 0.0 0.0 0.0 0.0 0.0 0.0 0.0 0.0 0.0 0.0 0.0 0.0 0.0 0.0 0.0 0.0 0.0 0.0 0.0 0.0 0.0 0.0 0.0 0.0 0.0 0.0 0.0 0.0 0.0 0.0 0.0 0.0 0.0 0.0 0.0 0.0 0.0 0.0 0.0 0.0 
4.302258051460301e-6 1.1384641118127906e-5 2.6497008632065085e-5 5.7743097526588245e-5 0.00012417632605989302 0.0002716986164652744 0.0006013087516983596 0.0013091158460007493 0.0027720396070527605 0.00572850215971215 0.011655226807429343 0.023534837991837435 0.04679053684955239 0.09038852312928716 0.1686211799723875 0.3019492129568963 0.5166027262726506 0.8415113295466881 1.2990527386810908 1.8888553634517793 2.5622667410578006 3.216920321663811 3.724084798662006 3.9838782447362604 3.9697950443831225 3.732770965821198 3.3651626575521543 2.9427464985879066 2.5029975128322977 2.0591708064416148 1.625781577546949 1.2269574908146068 0.8868048922317311 0.6166817159903939 0.41285163678681125 0.2642372990676493 0.16020384656111816 0.09154373821438726 0.04940090346668182 0.025345797330666695 0.012398199434716112 0.005816165492330239 0.002648252626558766 0.001183217426041659 0.000524514720846676 0.0002283018380786995 9.465219572632676e-5 3.639233652375683e-5 1.2588391214126378e-5 3.789304530181393e-6 9.853548882706268e-7 2.171930730671042e-7 3.925832939684536e-8 6.036904161486765e-9 8.677215447822724e-10 0.0 0.0 0.0 0.0 0.0 0.0 0.0 0.0 0.0 0.0 0.0 0.0 0.0 0.0 0.0 0.0 0.0 0.0 0.0 0.0 0.0 0.0 0.0 0.0 0.0 0.0 0.0 0.0 0.0 0.0 0.0 0.0 0.0 0.0 0.0 0.0 0.0 0.0 0.0 0.0 0.0 0.0 0.0 0.0 0.0 
3.887285914750717e-6 1.0461169824897008e-5 2.5300550131009884e-5 5.816477681079993e-5 0.0001315226286762468 0.00029734495522549707 0.0006675453277025115 0.0014595613480441107 0.003098126700348698 0.006434261171987707 0.013189638199195029 0.026815387597853166 0.05341473600851292 0.10273782941468798 0.19008275385922158 0.33786870560820337 0.5762967340257095 0.9407483516350228 1.461387192558512 2.1449582930590543 2.9437458489908988 3.7408269329624675 4.373046295821865 4.70102598194759 4.683859417483431 4.393673650124182 3.957111334972733 3.4657898586083764 2.952137737713036 2.4228356819389063 1.8977705761196817 1.4143251978744331 1.0067122890172624 0.688851807556522 0.45431164393330625 0.28749797254893855 0.17334991791884763 0.09910355027926827 0.05372778476884588 0.027712333256254145 0.01359130442459204 0.0063623497409385135 0.002877615497554795 0.001273510573233907 0.0005588667139618268 0.00024120986189981995 9.962567165347135e-5 3.848368108899623e-5 1.3501408730140938e-5 4.14986188320311e-6 1.101119953523381e-6 2.456734971946409e-7 4.430087044028962e-8 6.671664601280923e-9 9.293514436283009e-10 0.0 0.0 0.0 0.0 0.0 0.0 0.0 0.0 0.0 0.0 0.0 0.0 0.0 0.0 0.0 0.0 0.0 0.0 0.0 0.0 0.0 0.0 0.0 0.0 0.0 0.0 0.0 0.0 0.0 0.0 0.0 0.0 0.0 0.0 0.0 0.0 0.0 0.0 0.0 0.0 0.0 0.0 0.0 0.0 0.0 
3.8024621224899463e-6 1.0292184981205718e-5 2.5638217305436816e-5 6.113344026106349e-5 0.00014188927710139646 0.00032454329158145695 0.0007311047446404951 0.0016008255272336718 0.0034031622571391593 0.007078062750551649 0.014522586043020463 0.02949787243095874 0.058439502400311254 0.11112080287324333 0.20237874708653708 0.3546695236716019 0.6006928900255888 0.9819593085004119 1.5366596880351493 2.2797201057239294 3.170062630828185 4.0886580392542236 4.851007055816696 5.280149132520216 5.308053168980546 5.008039031609403 4.525977518183219 3.9671304659634137 3.3687484384674136 2.744432036492379 2.1267629825056225 1.565004212428541 1.0979921560517218 0.7387114456786785 0.4779965473759169 0.29701937819038415 0.17678311393114945 0.10054512240237903 0.05462299758927461 0.028349732120702697 0.014000654369381001 0.006592591787042098 0.0029968424259385006 0.0013332976812888034 0.0005882095211146882 0.00025504424852947056 0.00010593011790626494 4.136627985010205e-5 1.480100942062811e-5 4.679544276575823e-6 1.2813378894271234e-6 2.945086277802585e-7 5.4448811200856164e-8 8.331400902948322e-9 1.1978775409347172e-9 0.0 0.0 0.0 0.0 0.0 0.0 0.0 0.0 0.0 0.0 0.0 0.0 0.0 0.0 0.0 0.0 0.0 0.0 0.0 0.0 0.0 0.0 0.0 0.0 0.0 0.0 0.0 0.0 0.0 0.0 0.0 0.0 0.0 0.0 0.0 0.0 0.0 0.0 0.0 0.0 0.0 0.0 0.0 0.0 0.0 
4.790180609938736e-6 1.2222729247812875e-5 2.933852026537944e-5 6.837941294917997e-5 0.0001560825298596007 0.00035239200863599907 0.0007879061004884502 0.001721256034347115 0.0036571214184688543 0.007586235349490338 0.015473212982487447 0.031150586860746267 0.060966568705306604 0.11403421348038756 0.20356171500611098 0.350261126504536 0.5871254321961684 0.9594541607145856 1.510959053081687 2.2629044118367476 3.184529352024254 4.169478590170194 5.034888979912412 5.580845212521295 5.702824880935271 5.446565657332631 4.952555315832564 4.337208576020904 3.657449262544256 2.9485761794889562 2.2593760362646496 1.644980631064471 1.1412648047825773 0.7567572403438213 0.48023184518070705 0.29187414212665097 0.17042322708055604 0.0958452674958363 0.051973376796568556 0.02711616689221274 0.013511041596210792 0.006431258083928638 0.0029616854503022134 0.0013389799604318314 0.0006014799864477583 0.00026541677254496955 0.00011198319699492535 4.433816624181653e-5 1.607452061110564e-5 5.1488725778727394e-6 1.426315832380703e-6 3.309567818574497e-7 6.162141432408022e-8 9.476387013258831e-9 1.4853500152993552e-9 0.0 0.0 0.0 0.0 0.0 0.0 0.0 0.0 0.0 0.0 0.0 0.0 0.0 0.0 0.0 0.0 0.0 0.0 0.0 0.0 0.0 0.0 0.0 0.0 0.0 0.0 0.0 0.0 0.0 0.0 0.0 0.0 0.0 0.0 0.0 0.0 0.0 0.0 0.0 0.0 0.0 0.0 0.0 0.0 0.0 
7.176634341056894e-6 1.6707349167355495e-5 3.6677992366871865e-5 7.941586143843854e-5 0.00017219661307715879 0.0003766057730200147 0.0008277320008618337 0.0017938389336919244 0.0037932449811818114 0.007816957229757301 0.01577707093701376 0.031325883907001625 0.060353938129461285 0.11093799407106006 0.19426330416882903 0.32835248388052335 0.5440442656996023 0.8858603811851894 1.3973572352707215 2.1016273717041773 2.9795319915220166 3.9502912753308266 4.857900192825769 5.503428777983828 5.747350146704031 5.583988525600608 5.121317083722056 4.479113216157025 3.7433505579661777 2.980941197235183 2.2575201746587545 1.6281600327121903 1.1199392133619681 0.7343687489989981 0.45835118869237595 0.272693993846681 0.1558723881089462 0.08633012089051036 0.046533290603586026 0.024338544562644872 0.012225680464400673 0.005889886986590146 0.002755140343638568 0.0012699141452027656 0.0005828865009628344 0.00026277094801634024 0.00011296158521663022 4.529976611637119e-5 1.650681241567357e-5 5.2746715430297625e-6 1.4491834231884364e-6 3.324029347529129e-7 6.106081068726212e-8 9.29073905733543e-9 1.7038844075372868e-9 0.0 0.0 0.0 0.0 0.0 0.0 0.0 0.0 0.0 0.0 0.0 0.0 0.0 0.0 0.0 0.0 0.0 0.0 0.0 0.0 0.0 0.0 0.0 0.0 0.0 0.0 0.0 0.0 0.0 0.0 0.0 0.0 0.0 0.0 0.0 0.0 0.0 0.0 0.0 0.0 0.0 0.0 0.0 0.0 0.0 
1.0420933627942431e-5 2.2612658866529643e-5 4.552688809118442e-5 9.053589747575853e-5 0.00018400220805559888 0.0003863233103502193 0.0008294371078276363 0.0017738926617891172 0.003719389777911401 0.007603282198936281 0.015186088682612679 0.0297533385525728 0.05650977259983346 0.10244136935834351 0.17699760187235594 0.2955092497945153 0.4848465783687203 0.7839990387926798 1.2302297514028981 1.843554346586297 2.615071186319352 3.494783401260225 4.369254664715973 5.06342351474137 5.417003362717424 5.368198280594767 4.975818897957666 4.350754274677047 3.604269630218848 2.833973491338267 2.119964967571082 1.5143635781627252 1.0338718854375155 0.6724205569470614 0.4147785909545567 0.24280238597682668 0.136263641898002 0.0742717401052912 0.03964935679131491 0.020696640060789005 0.01044442069450937 0.00508411882799264 0.0024139804974718264 0.001132324632265095 0.0005288604233284785 0.00024222045648794485 0.00010551090963558162 4.26327818281047e-5 1.5519423351052997e-5 4.906803473423672e-6 1.323228676281125e-6 2.964067621282873e-7 5.2993072538993554e-8 7.8892156967264e-9 1.8246575257022211e-9 0.0 0.0 0.0 0.0 0.0 0.0 0.0 0.0 0.0 0.0 0.0 0.0 0.0 0.0 0.0 0.0 0.0 0.0 0.0 0.0 0.0 0.0 0.0 0.0 0.0 0.0 0.0 0.0 0.0 0.0 0.0 0.0 0.0 0.0 0.0 0.0 0.0 0.0 0.0 0.0 0.0 0.0 0.0 0.0 0.0 
1.312498042368216e-5 2.7405972549399297e-5 5.197774237134577e-5 9.616573204323277e-5 0.0001832812601991557 0.0003681299670498221 0.000769618442628667 0.0016208092581080395 0.003369505892049148 0.0068545062728542555 0.013625527385265606 0.026513263114704824 0.049957869952724845 0.08995829633302166 0.15471300447312486 0.25732334649931005 0.4199818404056984 0.673484351384578 1.045456586899397 1.5499318749026405 2.184347815003737 2.9243207449832895 3.698713973316646 4.36946273589469 4.778119019784891 4.8252779620229465 4.523159487314723 3.962391190608422 3.26265667809741 2.5384340917238988 1.8775616477588593 1.328849816033446 0.9012356388450107 0.5830834369171477 0.35749827813999807 0.20748710933702827 0.11511007378092465 0.061925130662934376 0.03267392469098703 0.016935812700110343 0.008542852012956847 0.004187833653231928 0.0020138199045518445 0.0009575882211993478 0.0004514949822434335 0.00020762915377876232 9.046630827514055e-5 3.643500348025197e-5 1.3154861351776247e-5 4.09781710521524e-6 1.0817378733912553e-6 2.3593034136675472e-7 4.0868993791747915e-8 5.929804738956307e-9 1.7992554252144388e-9 0.0 0.0 0.0 0.0 0.0 0.0 0.0 0.0 0.0 0.0 0.0 0.0 0.0 0.0 0.0 0.0 0.0 0.0 0.0 0.0 0.0 0.0 0.0 0.0 0.0 0.0 0.0 0.0 0.0 0.0 0.0 0.0 0.0 0.0 0.0 0.0 0.0 0.0 0.0 0.0 0.0 0.0 0.0 0.0 0.0 
1.3856482345099637e-5 2.8606187601441357e-5 5.261029045242421e-5 9.243886806932414e-5 0.00016618473623536027 0.0003185184498026959 0.000647033202794316 0.001343201272123049 0.002780715372317808 0.005672403113605929 0.011331197739531828 0.022111942086474316 0.04168527067662592 0.07513157175698404 0.12964106856785473 0.2164172767665027 0.3530690080019947 0.56201932545101 0.8613582030355491 1.2587887223009093 1.753485032056198 2.3356199574417547 2.964904807822429 3.542503738264137 3.933649061913405 4.031745908272978 3.8197250056156715 3.3619745891633697 2.7651415735824867 2.1397004818245895 1.5710460050377528 1.1046219756710234 0.7460369357120166 0.48184630063602296 0.2952835134625079 0.17118830042450076 0.09460323913915286 0.05049143079629791 0.026356714487003104 0.013531016215553575 0.006796463630159427 0.0033433437716834154 0.001622738071299658 0.0007783716947567061 0.0003672887180729413 0.00016728361221844036 7.163163904980109e-5 2.8257905194293525e-5 9.986683627823687e-6 3.0422407121416507e-6 7.845923840220876e-7 1.6679703800328825e-7 2.805757292037556e-8 3.979736635430596e-9 1.5652302430989687e-9 0.0 0.0 0.0 0.0 0.0 0.0 0.0 0.0 0.0 0.0 0.0 0.0 0.0 0.0 0.0 0.0 0.0 0.0 0.0 0.0 0.0 0.0 0.0 0.0 0.0 0.0 0.0 0.0 0.0 0.0 0.0 0.0 0.0 0.0 0.0 0.0 0.0 0.0 0.0 0.0 0.0 0.0 0.0 0.0 0.0 
1.2154151353483143e-5 2.5355456373506216e-5 4.6397594942268305e-5 7.91970787281336e-5 0.00013574256265561034 0.0002482645140869004 0.000489747297904543 0.001006089900286322 0.002090669198009545 0.004320454891628536 0.008762241893041848 0.01729513600696994 0.03282436926712207 0.05949041379405359 0.10342367020989128 0.17397215358477133 0.2845923672282722 0.4505964238455323 0.6825640971843221 0.9831638541899528 1.3502393935335073 1.778527777135524 2.2450389962591997 2.6848941498130943 2.999883507487155 3.1024531636557513 2.9667700332629705 2.6317678405899323 2.1755962856553213 1.6866255433595152 1.2375471480793907 0.8691115819376961 0.5871660930190458 0.38022491968120814 0.23400443947438154 0.13625843737997279 0.07546435297248434 0.04019586855913341 0.020854448872726385 0.010629698792283942 0.005315917783671281 0.002616581219872948 0.0012751305261959156 0.000612910186172218 0.00028716827083572437 0.00012806484199252074 5.2967975861914615e-5 2.0028036022478635e-5 6.784740186302663e-6 1.989067356826205e-6 4.970614460431074e-7 1.0280275524889638e-7 1.6838551822965927e-8 2.347874580137615e-9 1.1480094507271353e-9 0.0 0.0 0.0 0.0 0.0 0.0 0.0 0.0 0.0 0.0 0.0 0.0 0.0 0.0 0.0 0.0 0.0 0.0 0.0 0.0 0.0 0.0 0.0 0.0 0.0 0.0 0.0 0.0 0.0 0.0 0.0 0.0 0.0 0.0 0.0 0.0 0.0 0.0 0.0 0.0 0.0 0.0 0.0 0.0 0.0 
8.84792767878567e-6 1.8960051093727104e-5 3.523142987642145e-5 5.974577205400016e-5 9.939515555977191e-5 0.00017512095363759117 0.00033767837250867094 0.0006924816898869024 0.0014594397529553494 0.003083084824728584 0.0063841281590581635 0.01277489902104588 0.024412332150916212 0.044465645579306844 0.07786407937348103 0.1320359982349043 0.2168288568434979 0.342113547167491 0.5133539112902644 0.7301049398757826 0.9884463158413835 1.2828912182398131 1.5982971144829161 1.8946922372311759 2.110425650064256 2.1881502270114446 2.107390300438488 1.8882626074656095 1.5777320371229777 1.2345730182416115 0.9123449886903819 0.6444856520595252 0.43806696792445426 0.28569111932029445 0.1772010843175118 0.10396631405179402 0.05792310361820009 0.030950575565781145 0.016062105810958544 0.008176271786727592 0.004083141232392059 0.002007193640862965 0.000976055320658235 0.00046663750120041927 0.0002157718723194586 9.366390402129837e-5 3.703889410808349e-5 1.3186360165496714e-5 4.1809403579246295e-6 1.1506184682168478e-6 2.7341808542798384e-7 5.438993412996825e-8 8.636169909668201e-9 1.1849457276516056e-9 6.905212324596318e-10 0.0 0.0 0.0 0.0 0.0 0.0 0.0 0.0 0.0 0.0 0.0 0.0 0.0 0.0 0.0 0.0 0.0 0.0 0.0 0.0 0.0 0.0 0.0 0.0 0.0 0.0 0.0 0.0 0.0 0.0 0.0 0.0 0.0 0.0 0.0 0.0 0.0 0.0 0.0 0.0 0.0 0.0 0.0 0.0 0.0 
5.336023991404091e-6 1.1875836259356419e-5 2.2734894629139212e-5 3.9085449898238485e-5 6.471626549398657e-5 0.00011262940755416549 0.00021698084912318593 0.0004520147949931456 0.000977024776824625 0.0021165950125191925 0.004460343005401432 0.00899242789670053 0.017196647435062704 0.03132973832022573 0.055082182610897805 0.09398621085570724 0.1548722802095559 0.24373973619699354 0.36299761213352766 0.5109555935922317 0.6832768546156756 0.8740095446437062 1.0715491634153949 1.2514883186685517 1.3792686611222502 1.4242498697189645 1.3760561680391303 1.2448032250520848 1.0542804148036868 0.8372720652504098 0.6275751335973796 0.44910844922261894 0.30894729578101787 0.2037447156081797 0.12768116180410272 0.07560663698390813 0.042454100063997385 0.022828833794465056 0.01190462092209172 0.006080274055302422 0.003040340153553708 0.0014914053987589043 0.0007206874190926726 0.0003409250620094271 0.0001550405325521104 6.544711997417138e-5 2.471485747749636e-5 8.227638780479335e-6 2.4001015211337347e-6 6.034059556618949e-7 1.324704188881384e-7 2.4734720524227936e-8 3.742820743484781e-9 5.009881361667029e-10 3.3572870490283436e-10 0.0 0.0 0.0 0.0 0.0 0.0 0.0 0.0 0.0 0.0 0.0 0.0 0.0 0.0 0.0 0.0 0.0 0.0 0.0 0.0 0.0 0.0 0.0 0.0 0.0 0.0 0.0 0.0 0.0 0.0 0.0 0.0 0.0 0.0 0.0 0.0 0.0 0.0 0.0 0.0 0.0 0.0 0.0 0.0 0.0 
2.6584944739115695e-6 6.181207486176828e-6 1.230590800661848e-5 2.1848894976137726e-5 3.719064253116112e-5 6.680566895158553e-5 0.00013409759353688724 0.00029133578602799886 0.0006506785266952969 0.0014356397400820575 0.0030392122359903253 0.006096717097091828 0.011562150451314854 0.02094405599047552 0.03680877384198588 0.06296597921310625 0.10384254284961278 0.1628738834172662 0.2409521980969225 0.3364839779650122 0.4461804380728876 0.5650695082930706 0.6840832396876598 0.7874072494194924 0.8559118796569358 0.8753104825777944 0.8432075438996011 0.7664125739943471 0.6566270014989867 0.529930026279959 0.4045552755298296 0.29486436489618406 0.20625424714270438 0.13796736793269393 0.08749471692839934 0.05232871701790798 0.02962534142047235 0.016037525911138342 0.00840803292400608 0.00431149369315328 0.0021601804846774035 0.0010582469788332765 0.0005084736816170235 0.00023801158627096016 0.0001064513084677093 4.377342215762355e-5 1.585535029667705e-5 4.959124619139011e-6 1.3288320628671427e-6 3.005080986995275e-7 5.923464085098028e-8 1.0026170614999509e-8 1.3987737450094155e-9 1.7833285637070152e-10 1.3181113674997017e-10 0.0 0.0 0.0 0.0 0.0 0.0 0.0 0.0 0.0 0.0 0.0 0.0 0.0 0.0 0.0 0.0 0.0 0.0 0.0 0.0 0.0 0.0 0.0 0.0 0.0 0.0 0.0 0.0 0.0 0.0 0.0 0.0 0.0 0.0 0.0 0.0 0.0 0.0 0.0 0.0 0.0 0.0 0.0 0.0 0.0 
1.088592305675713e-6 2.6527416821431946e-6 5.536691447017375e-6 1.0370261756079784e-5 1.8941043186199565e-5 3.731334744528321e-5 8.220068271405908e-5 0.00019058905793797656 0.00043900733001992636 0.0009722640803476766 0.0020344566600834584 0.004012416127411391 0.007496954899633467 0.01345606307497196 0.023553321253682168 0.04019038135055694 0.06601064068139 0.10287816717893 0.1511125763031227 0.2097597323184434 0.2770183173100368 0.3496658308791112 0.4211479173803712 0.48058107166614905 0.5163316790171385 0.5216191506244856 0.49784017465413644 0.4510648700481807 0.38832555779813704 0.31737570221864575 0.2467610704207357 0.183538167467645 0.13081721275776045 0.08887711774437976 0.0570789676312637 0.03449384818840684 0.019688900517834673 0.010721426150324426 0.005642086524836096 0.002900245829858558 0.0014560388460903152 0.0007142737306212287 0.0003428354244345632 0.00015945683196494728 7.029168540354975e-5 2.820546128193566e-5 9.843251383191997e-6 2.918779461963767e-6 7.262781195818236e-7 1.483997731150332e-7 2.5956388093468553e-8 3.859113511329157e-9 4.741240541261515e-10 5.500070981360514e-11 4.174367446232809e-11 0.0 0.0 0.0 0.0 0.0 0.0 0.0 0.0 0.0 0.0 0.0 0.0 0.0 0.0 0.0 0.0 0.0 0.0 0.0 0.0 0.0 0.0 0.0 0.0 0.0 0.0 0.0 0.0 0.0 0.0 0.0 0.0 0.0 0.0 0.0 0.0 0.0 0.0 0.0 0.0 0.0 0.0 0.0 0.0 0.0 
3.647550415160037e-7 9.339208995581495e-7 2.0674455352508573e-6 4.223033550459118e-6 8.795810810075611e-6 2.0305582411772316e-5 5.0852804063230494e-5 0.00012624488130739123 0.00029665114551610024 0.0006505660135868232 0.0013312845538750555 0.002567478462797788 0.004723915206856626 0.008409989782850123 0.014640001677972804 0.024799342399934848 0.040336387949185606 0.06222650940537266 0.0906387999968905 0.12516879865633743 0.1650540812416233 0.20853581488853368 0.251341260911861 0.2860988220000902 0.3052264740813341 0.30499035420819276 0.2875461828689635 0.2580626962514616 0.22160861867658105 0.18232867111470175 0.14385993246112194 0.10898728061967679 0.07905917578354121 0.054510001603555604 0.03544713065778066 0.02166087756012489 0.012482338932598713 0.006845923724298649 0.0036186740964018384 0.001865565510800041 0.0009399248975030567 0.0004633557350360054 0.0002231561221431025 0.00010342705111617713 4.4937057847222353e-5 1.757939406125895e-5 5.9208116209220914e-6 1.6776542526944297e-6 3.9375615752566953e-7 7.42813362605598e-8 1.1740251207314064e-8 1.5359041557826852e-9 1.6191010188226628e-10 1.6202165616927517e-11 1.0846800454682648e-11 0.0 0.0 0.0 0.0 0.0 0.0 0.0 0.0 0.0 0.0 0.0 0.0 0.0 0.0 0.0 0.0 0.0 0.0 0.0 0.0 0.0 0.0 0.0 0.0 0.0 0.0 0.0 0.0 0.0 0.0 0.0 0.0 0.0 0.0 0.0 0.0 0.0 0.0 0.0 0.0 0.0 0.0 0.0 0.0 0.0 
9.992844437978974e-8 2.7085677396205713e-7 6.523248941773326e-7 1.5408481324836328e-6 3.938493699591957e-6 1.1055212345546862e-5 3.1273074284307625e-5 8.176428662870581e-5 0.00019384074161674428 0.00041907451486069647 0.0008388130771625793 0.001587659333291915 0.0028928906249858356 0.0051334732168576615 0.008899509469939252 0.01493354858233225 0.023971854295671415 0.03651072966482783 0.05266307507753825 0.07226549103743057 0.0949722070432864 0.1198464591138022 0.14437713086960613 0.16406283620362386 0.17426876534512967 0.17284732872613626 0.16142831588968498 0.1435867109293255 0.1227451790941652 0.10128497918328822 0.08074372035705975 0.06203745577062344 0.04563240934225254 0.03185528200081807 0.02096535812367114 0.012976726161708477 0.0075783417976394455 0.004207993187395003 0.002246456024118489 0.001167037326935929 0.0005924446807100417 0.00029439053462886175 0.000142345363185775 6.55136008177239e-5 2.786107305556489e-5 1.0547325861387249e-5 3.412201764819727e-6 9.251491000968485e-7 2.068353194860934e-7 3.677625605573939e-8 5.412575068085696e-9 6.441386994761493e-10 5.958311283823367e-11 5.069070057210798e-12 2.3633593513136123e-12 0.0 0.0 0.0 0.0 0.0 0.0 0.0 0.0 0.0 0.0 0.0 0.0 0.0 0.0 0.0 0.0 0.0 0.0 0.0 0.0 0.0 0.0 0.0 0.0 0.0 0.0 0.0 0.0 0.0 0.0 0.0 0.0 0.0 0.0 0.0 0.0 0.0 0.0 0.0 0.0 0.0 0.0 0.0 0.0 0.0 
2.205825021842678e-8 6.488271900789454e-8 1.8048270051850602e-7 5.403542271434626e-7 1.779482949412632e-6 5.951080870910286e-6 1.8362333764181492e-5 4.962441838963768e-5 0.00011830010974741069 0.0002536453635104732 0.0005015619065535362 0.0009416851558014575 0.0017146109515291147 0.003050334823503179 0.005279682731092342 0.008780055765026096 0.013902288652196063 0.020882863520505293 0.02977407570778883 0.0404602175564084 0.05269331345894265 0.06593129971163203 0.07884908759337073 0.08909241831339001 0.09424033401002854 0.09319510198803871 0.0868482835259756 0.07713029184888362 0.06593845660431591 0.054590577463903334 0.04382657663520277 0.033983245714232814 0.025238192810540135 0.01779788327045853 0.011857656667400934 0.007454068082440578 0.004433432380324838 0.0025088941653623057 0.0013627680199220448 0.0007186914428324822 0.00037022300304830297 0.0001864311540692259 9.055699804003002e-5 4.113443544185836e-5 1.6915681468103454e-5 6.104911386916079e-6 1.8696448243911495e-6 4.802264446473672e-7 1.0196884597092246e-7 1.7203096884543913e-8 2.4028442987894576e-9 2.687351978282487e-10 2.284473620076821e-11 1.7253211398728128e-12 4.4202717051780676e-13 0.0 0.0 0.0 0.0 0.0 0.0 0.0 0.0 0.0 0.0 0.0 0.0 0.0 0.0 0.0 0.0 0.0 0.0 0.0 0.0 0.0 0.0 0.0 0.0 0.0 0.0 0.0 0.0 0.0 0.0 0.0 0.0 0.0 0.0 0.0 0.0 0.0 0.0 0.0 0.0 0.0 0.0 0.0 0.0 0.0 
4.120010882324996e-9 1.3922972365325043e-8 4.928431881561556e-8 1.9882140298281787e-7 8.127774824784734e-7 3.045248784708603e-6 9.905569799336982e-6 2.7439823508122394e-5 6.623952686989106e-5 0.000143020155121062 0.00028437549024162346 0.0005377201357931158 0.0009874826942610482 0.001767335515453469 0.003055857655968045 0.005037171785792185 0.007866797621475335 0.011640859927120694 0.01636261594815921 0.021928524447626992 0.02813675370965453 0.03465600547630213 0.04084989890469747 0.04568018101315521 0.048112229839526045 0.047688125920737706 0.04476405628535804 0.04011374508407766 0.03455697075431577 0.028767528579636586 0.023192534536292244 0.018061453564325806 0.013492971076147503 0.009601491238121602 0.006482757919823809 0.004148341632106267 0.0025195257866230903 0.0014575519787217092 0.0008091308035348579 0.0004365924433609484 0.00023099285954803964 0.00011945724591865834 5.881271367142312e-5 2.640043887515523e-5 1.0421856648158143e-5 3.5321747446663846e-6 1.0025245689054205e-6 2.3852141607715575e-7 4.7174326182396145e-8 7.452331257512317e-9 9.861677588234645e-10 1.0481570397785275e-10 8.437019961959811e-12 5.967809191412883e-13 8.150735252958741e-14 0.0 0.0 0.0 0.0 0.0 0.0 0.0 0.0 0.0 0.0 0.0 0.0 0.0 0.0 0.0 0.0 0.0 0.0 0.0 0.0 0.0 0.0 0.0 0.0 0.0 0.0 0.0 0.0 0.0 0.0 0.0 0.0 0.0 0.0 0.0 0.0 0.0 0.0 0.0 0.0 0.0 0.0 0.0 0.0 0.0 
6.736016858760577e-10 2.9456963897609276e-9 1.4468473658363855e-8 7.575690421607828e-8 3.5464900172788187e-7 1.4205569031481914e-6 4.810271204137858e-6 1.3751198976108858e-5 3.421130921548559e-5 7.609137331560513e-5 0.00015547578738411478 0.0003006398909211418 0.0005600279771951625 0.0010065688427109297 0.0017311528488239926 0.00281816379408783 0.004328463632485208 0.006290034172114098 0.008688769903122758 0.011456117717577334 0.01445947753324793 0.01749976332812738 0.02027710517653307 0.022391857685456606 0.023494308183353442 0.023445581504744545 0.02233549228531984 0.020354018424340672 0.01775781960425871 0.014873261472777167 0.012005557514604354 0.00935446383309219 0.00701493000243062 0.005037648682311515 0.0034499508195155056 0.0022465279874002053 0.0013900894142225366 0.0008195950114569373 0.0004649906259752885 0.0002586963059262845 0.00014288062423574842 7.734893271956908e-5 3.920991211368495e-5 1.7596917867752035e-5 6.7180903440604085e-6 2.14000580682518e-6 5.576033138642629e-7 1.2039329618010276e-7 2.1552661052106617e-8 3.0846343152508047e-9 3.7648572588514994e-10 3.730198931851453e-11 2.8235917684315703e-12 1.8980158044567695e-13 1.582349376741645e-14 0.0 0.0 0.0 0.0 0.0 0.0 0.0 0.0 0.0 0.0 0.0 0.0 0.0 0.0 0.0 0.0 0.0 0.0 0.0 0.0 0.0 0.0 0.0 0.0 0.0 0.0 0.0 0.0 0.0 0.0 0.0 0.0 0.0 0.0 0.0 0.0 0.0 0.0 0.0 0.0 0.0 0.0 0.0 0.0 0.0 
1.0950618740207697e-10 6.938423275941083e-10 4.538558441439804e-9 2.7814041438300216e-8 1.4062468433094636e-7 5.926609466782481e-7 2.1060949898526424e-6 6.335829321035933e-6 1.6656291765540474e-5 3.912657089237015e-5 8.378073480865762e-5 0.00016743078904998932 0.00031655870685020834 0.0005678804281414116 0.0009633476326221798 0.0015372695158465633 0.002308835886254161 0.0032817461311493916 0.004447025760552411 0.005776036106448111 0.007200277799979126 0.008602027883019742 0.009825135136391888 0.01072013634102333 0.011204800661256722 0.01126976178370824 0.010918082043911601 0.010133765362607803 0.008953277125381794 0.007530784135367036 0.006068334484443577 0.00471832084429059 0.0035465940076880764 0.0025683781696382198 0.0017808113416037663 0.0011749003822736997 0.0007355667722805589 0.0004388814228292001 0.00025376346241783043 0.00014642309167118105 8.5477062765848e-5 4.9003442274525723e-5 2.5800604580004692e-5 1.1699812097588411e-5 4.388553658786853e-6 1.3396194386698894e-6 3.2630218612535044e-7 6.452347077463233e-8 1.0399267785325514e-8 1.317267120265023e-9 1.4331694096662185e-10 1.2711912052881533e-11 8.703283521050444e-13 5.444162673001394e-14 3.3783589861787603e-15 0.0 0.0 0.0 0.0 0.0 0.0 0.0 0.0 0.0 0.0 0.0 0.0 0.0 0.0 0.0 0.0 0.0 0.0 0.0 0.0 0.0 0.0 0.0 0.0 0.0 0.0 0.0 0.0 0.0 0.0 0.0 0.0 0.0 0.0 0.0 0.0 0.0 0.0 0.0 0.0 0.0 0.0 0.0 0.0 0.0 
2.149129583624037e-11 1.835086508448022e-10 1.4007930773534151e-9 9.331700475570416e-9 5.00142392178337e-8 2.2351764477132833e-7 8.50891996677822e-7 2.757946576977346e-6 7.830420438985052e-6 1.975254007872733e-5 4.47676263406816e-5 9.280479175857673e-5 0.0001777891697566938 0.00031653324357593473 0.0005255329603904443 0.0008160029611046905 0.001192618692740468 0.0016562415780694635 0.0022077458730211733 0.002842330445690198 0.0035286131530840713 0.004195513299657905 0.00475031469315039 0.005129295916753636 0.00533068045941131 0.005383909947107528 0.005281457847768404 0.004971174648785343 0.00443051339141783 0.0037304821689555507 0.002992942764396922 0.002316832223233327 0.0017415064187833124 0.0012676533036782526 0.0008851061133607245 0.0005868993092188316 0.0003680499178409372 0.00022001548741573505 0.00012877799305714805 7.694614888395447e-5 4.745274884254092e-5 2.8694973355832044e-5 1.5632115285607587e-5 7.179505222163893e-6 2.6767177688525884e-6 7.994756867633037e-7 1.8748190191041118e-7 3.511874435635361e-8 5.263902341719876e-9 6.044560317770404e-10 5.893378557510243e-11 4.60482237537114e-12 2.747649843064499e-13 1.5409249290566297e-14 8.412579602680335e-16 0.0 0.0 0.0 0.0 0.0 0.0 0.0 0.0 0.0 0.0 0.0 0.0 0.0 0.0 0.0 0.0 0.0 0.0 0.0 0.0 0.0 0.0 0.0 0.0 0.0 0.0 0.0 0.0 0.0 0.0 0.0 0.0 0.0 0.0 0.0 0.0 0.0 0.0 0.0 0.0 0.0 0.0 0.0 0.0 0.0 
4.651135042069036e-12 4.6885863050969256e-11 3.895635845677694e-10 2.779029666946166e-9 1.595630448324775e-8 7.713436927273917e-8 3.2141405185215003e-7 1.1409127605847904e-6 3.5342713525637267e-6 9.626013991674058e-6 2.315815125785279e-5 4.989940338800166e-5 9.695335824461245e-5 0.0001711312404956286 0.00027715833702300386 0.0004173403832759865 0.0005935746939769738 0.0008097095288450715 0.0010716251561437083 0.0013813108461233994 0.0017219605560021467 0.0020494084754472575 0.0023072420872552843 0.0024652168838331886 0.002538984441933558 0.0025611632962669753 0.002529175142499748 0.002401595189923133 0.0021501450321940938 0.0018060954728909037 0.001438018987333797 0.0011046556435706982 0.0008276616328343944 0.0006031454768725266 0.0004214674668509348 0.0002782470683072319 0.00017258629601299912 0.00010184267809526487 5.943642874714911e-5 3.6268037051154265e-5 2.329521180033518e-5 1.4650555883884727e-5 8.17858743086479e-6 3.793777228758854e-6 1.412248134420629e-6 4.1746911760633055e-7 9.606442164682386e-8 1.75040491455918e-8 2.524500080852778e-9 2.7407925390309294e-10 2.491849906714136e-11 1.7720851303643153e-12 9.341872261200199e-14 4.674794285261507e-15 2.775485280740685e-16 0.0 0.0 0.0 0.0 0.0 0.0 0.0 0.0 0.0 0.0 0.0 0.0 0.0 0.0 0.0 0.0 0.0 0.0 0.0 0.0 0.0 0.0 0.0 0.0 0.0 0.0 0.0 0.0 0.0 0.0 0.0 0.0 0.0 0.0 0.0 0.0 0.0 0.0 0.0 0.0 0.0 0.0 0.0 0.0 0.0 
9.7628408637536e-13 1.073575078682361e-11 9.55005658860374e-11 7.378126633566286e-10 4.623159327443923e-9 2.4588483359353645e-8 1.1349769026964356e-7 4.4362894770538225e-7 1.5030579284287383e-6 4.430991668948741e-6 1.1350206881895612e-5 2.550702394478534e-5 5.040308158237035e-5 8.833075343007725e-5 0.00013961911003283252 0.00020432744948929845 0.0002849941372079043 0.00038733605617836123 0.0005171547794399105 0.0006751036499547466 0.0008490326889279743 0.001011648432157982 0.0011310290699460851 0.0011938787705345164 0.0012157205004724445 0.0012210585332389217 0.0012099118173623036 0.0011554494399033768 0.001035881953494173 0.0008646328746473511 0.0006798313668555466 0.0005157304971174549 0.0003838208835278659 0.0002792208240342182 0.00019430060295206347 0.00012649359814274598 7.638933034185889e-5 4.350602594980467e-5 2.4610201521016576e-5 1.4894025664170862e-5 9.721083905054229e-6 6.249654336396066e-6 3.540996323123903e-6 1.6531560489916381e-6 6.152370779834696e-7 1.8093134051340214e-7 4.1236291267737125e-8 7.41079988394372e-9 1.048849670829988e-9 1.108075614638235e-10 9.73292739690609e-12 6.589099188586103e-13 3.233029423881548e-14 1.5278157626305575e-15 1.4224454575757992e-16 0.0 0.0 0.0 0.0 0.0 0.0 0.0 0.0 0.0 0.0 0.0 0.0 0.0 0.0 0.0 0.0 0.0 0.0 0.0 0.0 0.0 0.0 0.0 0.0 0.0 0.0 0.0 0.0 0.0 0.0 0.0 0.0 0.0 0.0 0.0 0.0 0.0 0.0 0.0 0.0 0.0 0.0 0.0 0.0 0.0 
1.8596158489866195e-13 2.1990755314217494e-12 2.1114268717476094e-11 1.7932483777919096e-10 1.2403390957243138e-9 7.301113975144904e-9 3.744601727665516e-8 1.6152499053538136e-7 6.007032371204271e-7 1.9249205716846866e-6 5.263501241582399e-6 1.2343985342352973e-5 2.4802842710361427e-5 4.319569391157809e-5 6.691869021908943e-5 9.620615016750097e-5 0.00013414938670777972 0.00018592686225116025 0.000254790320887405 0.0003386135365322944 0.0004277053127651392 0.000506335861865132 0.000559023909631158 0.0005818774236906926 0.0005862904720816592 0.0005871985305469376 0.0005843261436589874 0.000561090706075998 0.0005028924694329445 0.00041559462244374616 0.0003208167766628838 0.00023878078342745156 0.00017562384038510268 0.00012708581920073663 8.767519372803955e-5 5.585278798705063e-5 3.2391909820272e-5 1.738564231904108e-5 9.181691010342061e-6 5.273036256301219e-6 3.3780976615287076e-6 2.177851096652303e-6 1.241583015592987e-6 5.815952686395359e-7 2.1643982529388782e-7 6.347679399285689e-8 1.4392559384557705e-8 2.5678204256697004e-9 3.5994476011827805e-10 3.752230274203886e-11 3.2429891331608286e-12 2.145958471922896e-13 1.0191019566042502e-14 4.962015687114534e-16 1.0258349278604195e-16 0.0 0.0 0.0 0.0 0.0 0.0 0.0 0.0 0.0 0.0 0.0 0.0 0.0 0.0 0.0 0.0 0.0 0.0 0.0 0.0 0.0 0.0 0.0 0.0 0.0 0.0 0.0 0.0 0.0 0.0 0.0 0.0 0.0 0.0 0.0 0.0 0.0 0.0 0.0 0.0 0.0 0.0 0.0 0.0 0.0 
3.0474637586961587e-14 3.920614030989132e-13 4.133314368209809e-12 3.923444251923841e-11 3.031673325826878e-10 1.9944946889679175e-9 1.1496026942301904e-8 5.5280661466987606e-8 2.2722290322175274e-7 7.923487424382877e-7 2.302644471716027e-6 5.60000214193772e-6 1.1400747401382774e-5 1.9800948350826417e-5 3.053505817980583e-5 4.445636279787515e-5 6.440750399915613e-5 9.361429189742629e-5 0.00013234625944663343 0.00017662598404966705 0.0002193536381676753 0.0002529999515750701 0.00027234360895475303 0.0002782034937912514 0.00027770305372836005 0.0002783405638320466 0.00027901594013056164 0.0002698498408444118 0.00024189198207278273 0.00019765197624337262 0.00014915178479142302 0.00010807926605595436 7.783343193615806e-5 5.5550079545246375e-5 3.774204681861035e-5 2.341127470066881e-5 1.296919352835369e-5 6.478236854852904e-6 3.095489335148703e-6 1.6024126108617253e-6 9.62774254213786e-7 6.083760665991085e-7 3.4604628578370403e-7 1.6221623079316558e-7 6.035959550833145e-8 1.7673666096469766e-8 3.995039066350437e-9 7.096953621804736e-10 9.892318329325998e-11 1.0234166276321411e-11 8.768098060941499e-13 5.727862512584936e-14 2.6745878125778116e-15 1.5692089426901617e-16 8.541296094773266e-17 0.0 0.0 0.0 0.0 0.0 0.0 0.0 0.0 0.0 0.0 0.0 0.0 0.0 0.0 0.0 0.0 0.0 0.0 0.0 0.0 0.0 0.0 0.0 0.0 0.0 0.0 0.0 0.0 0.0 0.0 0.0 0.0 0.0 0.0 0.0 0.0 0.0 0.0 0.0 0.0 0.0 0.0 0.0 0.0 0.0 
4.5818604168169815e-15 6.362839181771885e-14 7.443644312323411e-13 7.987028848096658e-12 6.975142998261834e-11 5.1870696299863e-10 3.392096246963586e-9 1.8200424595101384e-8 8.199990487717881e-8 3.0653313387955135e-7 9.319853192541301e-7 2.3254742925534576e-6 4.800473516392698e-6 8.479650476972566e-6 1.3650684816989816e-5 2.157009194405348e-5 3.437795753611844e-5 5.317740924162989e-5 7.589451463169444e-5 9.787433514974058e-5 0.00011468595230158815 0.00012431125098778746 0.00012714298041075693 0.00012568661135016834 0.0001237496454854075 0.0001242191737560451 0.00012568190081412822 0.000122652508006561 0.000110168377424781 8.915584811498878e-5 6.572967385089714e-5 4.6095397004428286e-5 3.213201104887385e-5 2.2336065316471142e-5 1.481453280905232e-5 8.92425587578659e-6 4.73935428162074e-6 2.21555192036658e-6 9.515878899986265e-7 4.2671534314809703e-7 2.272442330173122e-7 1.3613245070224842e-7 7.634735934014906e-8 3.5692277682754764e-8 1.3272780634663454e-8 3.882736463499092e-9 8.761751897779734e-10 1.552638770423569e-10 2.1571750410387726e-11 2.22205425646002e-12 1.895014148272256e-13 1.2238594579205515e-14 5.595530206731455e-16 5.837012019021726e-17 7.138703134073795e-17 0.0 0.0 0.0 0.0 0.0 0.0 0.0 0.0 0.0 0.0 0.0 0.0 0.0 0.0 0.0 0.0 0.0 0.0 0.0 0.0 0.0 0.0 0.0 0.0 0.0 0.0 0.0 0.0 0.0 0.0 0.0 0.0 0.0 0.0 0.0 0.0 0.0 0.0 0.0 0.0 0.0 0.0 0.0 0.0 0.0 
7.166693175725826e-16 9.605820652684755e-15 1.2689419849206706e-13 1.5673577189950109e-12 1.56783443453595e-11 1.3221266955912217e-10 9.713472201393776e-10 5.694807689038028e-9 2.740182782225593e-8 1.0717666992475367e-7 3.354302722183235e-7 8.561483392883605e-7 1.8280943194156932e-6 3.470477629544523e-6 6.387159794643263e-6 1.1876885958608095e-5 2.1335242347722394e-5 3.441238601510761e-5 4.791580800821064e-5 5.752154083694669e-5 6.102234035358407e-5 5.94657216415577e-5 5.550716570863882e-5 5.159253866328825e-5 4.933850174413445e-5 4.931678707538419e-5 5.030991350755014e-5 4.958122336961493e-5 4.471635986458493e-5 3.595150129110407e-5 2.5959590922150347e-5 1.758470546798568e-5 1.1764060658597622e-5 7.874566203857584e-6 5.0564140555635745e-6 2.9524230000878245e-6 1.5124389100065702e-6 6.716417774152991e-7 2.641199675409612e-7 1.0204398793507332e-7 4.580004511769658e-8 2.483973835997609e-8 1.3485365459356084e-8 6.253686438695368e-9 2.3216547967470196e-9 6.786781256270558e-10 1.5300562832331867e-10 2.7076174010763096e-11 3.754728218072255e-12 3.8580246780381836e-13 3.290147981302557e-14 2.0625147472010485e-15 8.027509837559316e-17 3.3548088492393986e-17 6.515413232465897e-17 0.0 0.0 0.0 0.0 0.0 0.0 0.0 0.0 0.0 0.0 0.0 0.0 0.0 0.0 0.0 0.0 0.0 0.0 0.0 0.0 0.0 0.0 0.0 0.0 0.0 0.0 0.0 0.0 0.0 0.0 0.0 0.0 0.0 0.0 0.0 0.0 0.0 0.0 0.0 0.0 0.0 0.0 0.0 0.0 0.0 
1.7408924000937963e-16 1.3088861182418935e-15 2.0484936144750927e-14 2.9629263710439956e-13 3.391088949550901e-12 3.1853947364864666e-11 2.55281234392352e-10 1.5869307778111601e-9 7.948681128324019e-9 3.198317666779336e-8 1.0264899246688705e-7 2.7285788974284714e-7 6.371145407189628e-7 1.4266129052894571e-6 3.2486163225704185e-6 7.148978884451512e-6 1.393470686884534e-5 2.2715130208677596e-5 3.0458890067967245e-5 3.387570821698758e-5 3.218080032780973e-5 2.7409123373770443e-5 2.2351695883299562e-5 1.8695412352534994e-5 1.6861724185929485e-5 1.6561382917999354e-5 1.696857376372869e-5 1.688562520185228e-5 1.5313788247121208e-5 1.2264980595017654e-5 8.700388476783177e-6 5.6955715183754494e-6 3.6387203186904485e-6 2.3251864806819283e-6 1.4347560683498175e-6 8.094276798107195e-7 4.0112255789090766e-7 1.711459164168005e-7 6.30226649590149e-8 2.1392293896309117e-8 7.82662379384056e-9 3.5964728098616458e-9 1.8256050859139665e-9 8.307232766697625e-10 3.0711937234370533e-10 8.968604528553923e-11 2.020715132336773e-11 3.5732146999949826e-12 4.949145210084706e-13 5.0800888090091557e-14 4.450676633446647e-15 2.3672591812794077e-16 2.4872879815653024e-18 3.039888012731291e-17 5.866939150427219e-17 0.0 0.0 0.0 0.0 0.0 0.0 0.0 0.0 0.0 0.0 0.0 0.0 0.0 0.0 0.0 0.0 0.0 0.0 0.0 0.0 0.0 0.0 0.0 0.0 0.0 0.0 0.0 0.0 0.0 0.0 0.0 0.0 0.0 0.0 0.0 0.0 0.0 0.0 0.0 0.0 0.0 0.0 0.0 0.0 0.0 
9.578809476414639e-17 1.6339791049568123e-16 3.4411188924467235e-15 5.587534343848719e-14 7.006124905038381e-13 7.021729257908938e-12 5.9002782208506e-11 3.7808313547589206e-10 1.936427638964986e-9 7.97945321292998e-9 2.667651605268722e-8 7.769552245956697e-8 2.1687569213496598e-7 6.123960586173654e-7 1.6905106594649304e-6 4.118732842291627e-6 8.306963021774717e-6 1.347272764502995e-5 1.7509649047463186e-5 1.8386668140179894e-5 1.5971467017595447e-5 1.1975397012815072e-5 8.347253287082705e-6 5.996670439354918e-6 4.882871612290904e-6 4.605685255800186e-6 4.704043491970119e-6 4.719970319533039e-6 4.3076762607295555e-6 3.4446804157291345e-6 2.4092954634609355e-6 1.529425446610512e-6 9.333068252372332e-7 5.673533990606069e-7 3.350611673792688e-7 1.8229401603050722e-7 8.756945789854749e-8 3.621682675717812e-8 1.2774448423666906e-8 3.975700777544051e-9 1.2171500012417893e-9 4.5330500912868094e-10 2.05372344069611e-10 9.006127934979525e-11 3.300483982360504e-11 9.61906010778854e-12 2.1661579719151682e-12 3.8305439036223735e-13 5.302245269176115e-14 5.469387476297447e-15 6.296661088455912e-16 1.375444852267742e-17 1.5371357258756313e-19 3.6996080129235446e-17 4.943693548609777e-17 0.0 0.0 0.0 0.0 0.0 0.0 0.0 0.0 0.0 0.0 0.0 0.0 0.0 0.0 0.0 0.0 0.0 0.0 0.0 0.0 0.0 0.0 0.0 0.0 0.0 0.0 0.0 0.0 0.0 0.0 0.0 0.0 0.0 0.0 0.0 0.0 0.0 0.0 0.0 0.0 0.0 0.0 0.0 0.0 0.0 
7.51085882455493e-17 1.0107863092750642e-17 5.994732789980144e-16 9.690331719432903e-15 1.2697990098832334e-13 1.3171402510600476e-12 1.1344365975444384e-11 7.400577910163312e-11 3.8669428565240893e-10 1.6585424861803571e-9 6.0515656999443265e-9 2.0978256980829305e-8 7.454468566907527e-8 2.574654611900096e-7 7.950335947629279e-7 2.0243748759799405e-6 4.1235072881159094e-6 6.635458472068923e-6 8.445383471489695e-6 8.549350424763895e-6 6.993171524004781e-6 4.7606410121935105e-6 2.872022812205472e-6 1.723201148378474e-6 1.2014774315838003e-6 1.0500490732432485e-6 1.0561981607292332e-6 1.0660781009521021e-6 9.793884548292556e-7 7.831911936648357e-7 5.416524928427076e-7 3.345713317102923e-7 1.9535126245910108e-7 1.1279681107369914e-7 6.356258527665679e-8 3.3271692140213086e-8 1.5484695385528956e-8 6.226026891410731e-9 2.1276857324205546e-9 6.257237519264938e-10 1.673498704407973e-10 4.9629513792542525e-11 1.8831893976455056e-11 7.692555994738322e-12 2.7676957201484964e-12 8.031751823063852e-13 1.807675774275048e-13 3.2118217236728283e-14 4.47006046138271e-15 4.978658653805157e-16 2.2639495688687316e-16 1.7672951359405915e-17 -5.9398529067714045e-18 4.8610150578983944e-17 3.847450807020263e-17 0.0 0.0 0.0 0.0 0.0 0.0 0.0 0.0 0.0 0.0 0.0 0.0 0.0 0.0 0.0 0.0 0.0 0.0 0.0 0.0 0.0 0.0 0.0 0.0 0.0 0.0 0.0 0.0 0.0 0.0 0.0 0.0 0.0 0.0 0.0 0.0 0.0 0.0 0.0 0.0 0.0 0.0 0.0 0.0 0.0 
6.034782140430141e-17 6.8822898662951634e-18 1.4271232301558764e-16 1.4921656261325683e-15 1.855576959039243e-14 1.95701738138922e-13 1.7104845646259059e-12 1.1362338507347775e-11 6.151328604651136e-11 2.883931573795391e-10 1.2499173139945823e-9 5.540820854360414e-9 2.44868910098676e-8 9.546743041876867e-8 3.1021745935720473e-7 8.026964267989811e-7 1.6368207816740627e-6 2.6160756109948005e-6 3.2851541157281036e-6 3.2511857655467575e-6 2.5607690209516716e-6 1.6334276701165258e-6 8.808626951425147e-7 4.424131592126361e-7 2.506912671883658e-7 1.917265215439621e-7 1.8576988582454987e-7 1.878795552399448e-7 1.737769888012211e-7 1.39141963855014e-7 9.534471784978534e-8 5.743583723724456e-8 3.2109510325950994e-8 1.7563500812102182e-8 9.400979071583809e-9 4.714660457261226e-9 2.1195484240929817e-9 8.277470274608238e-10 2.75254238895093e-10 7.790183286203813e-11 1.9010330402308484e-11 4.586422310858309e-12 1.3631532467588927e-12 4.870382232994138e-13 1.6844643388495859e-13 4.844627635036811e-14 1.0959330533380736e-14 2.114565310373105e-15 3.485507528227996e-16 8.377083424619725e-17 2.0349876188035758e-16 5.076670612275222e-17 -1.1005673684202176e-18 6.176773615797866e-17 2.668538257891864e-17 0.0 0.0 0.0 0.0 0.0 0.0 0.0 0.0 0.0 0.0 0.0 0.0 0.0 0.0 0.0 0.0 0.0 0.0 0.0 0.0 0.0 0.0 0.0 0.0 0.0 0.0 0.0 0.0 0.0 0.0 0.0 0.0 0.0 0.0 0.0 0.0 0.0 0.0 0.0 0.0 0.0 0.0 0.0 0.0 0.0 
4.5501472004342854e-17 2.8431040633790694e-17 7.974999947346998e-17 3.267034990159994e-16 2.304944176861099e-15 2.421708471645013e-14 2.1391011280073186e-13 1.4666770646440165e-12 8.548516140328065e-12 4.7276869693869955e-11 2.583955716101572e-10 1.419656399271201e-9 7.116602630463651e-9 2.9249520903684042e-8 9.681523634056047e-8 2.51573314385603e-7 5.121586487081104e-7 8.14469379181558e-7 1.0143072100416843e-6 9.905560895053671e-7 7.632647152889296e-7 4.6843870807264414e-7 2.351635552408174e-7 1.0316060779018502e-7 4.7213512154850995e-8 2.978338029884761e-8 2.6860134626423104e-8 2.7009391656256186e-8 2.5126124585810384e-8 2.016139821431765e-8 1.3723446830145476e-8 8.09932506742933e-9 4.359136389729617e-9 2.267410161365188e-9 1.1545972936395524e-9 5.552346778483623e-10 2.413315235852211e-10 9.16562951338833e-11 2.9770306105605826e-11 8.217348632892618e-12 1.907593318295961e-12 4.039908648408462e-13 9.564244732108597e-14 2.8491949123352605e-14 9.347421735536278e-15 2.7096850678659784e-15 6.9453510039300265e-16 3.0675867777032135e-16 1.2366984290655468e-16 6.98277361857308e-17 2.1000990701813507e-16 8.81681911846663e-17 8.516827480582288e-18 7.400217688162999e-17 1.5384375221609004e-17 0.0 0.0 0.0 0.0 0.0 0.0 0.0 0.0 0.0 0.0 0.0 0.0 0.0 0.0 0.0 0.0 0.0 0.0 0.0 0.0 0.0 0.0 0.0 0.0 0.0 0.0 0.0 0.0 0.0 0.0 0.0 0.0 0.0 0.0 0.0 0.0 0.0 0.0 0.0 0.0 0.0 0.0 0.0 0.0 0.0 
3.177242704209554e-17 5.342959825959514e-17 6.923075628432986e-17 2.1059954473895059e-16 2.729136145561906e-16 2.4406238906030947e-15 2.1114226947411904e-14 1.5556136662467034e-13 1.0522339580627226e-12 7.425515700948151e-12 5.068968677128773e-11 3.193185911103848e-10 1.7004406730538539e-9 7.139955689717644e-9 2.3780669887510782e-8 6.181519859177446e-8 1.2557817860570476e-7 1.989594277132215e-7 2.464156337613919e-7 2.386430794219186e-7 1.8143595351009465e-7 1.0878184209442014e-7 5.223922616810779e-8 2.0884257066235385e-8 7.918564973112076e-9 3.897695722934593e-9 3.087709225307629e-9 3.0421495371941263e-9 2.8404352656097616e-9 2.2845020994594147e-9 1.546352753909602e-9 8.956700481305485e-10 4.646555544158692e-10 2.2950234429252153e-10 1.1073459776529497e-10 5.084875611037016e-11 2.130076926430522e-11 7.850609659198459e-12 2.4906969289346923e-12 6.743055420251936e-13 1.5200989468970983e-13 2.9728082528398965e-14 5.695156080293425e-15 1.3707028839812761e-15 5.641174403241936e-16 2.447532611621875e-16 1.4374997133833992e-16 2.1602355513368432e-16 1.2852136564855082e-16 7.830823447096634e-17 2.1432296030786816e-16 1.2389227934009267e-16 1.8506029563595175e-17 8.404799511748563e-17 6.226488627466498e-18 0.0 0.0 0.0 0.0 0.0 0.0 0.0 0.0 0.0 0.0 0.0 0.0 0.0 0.0 0.0 0.0 0.0 0.0 0.0 0.0 0.0 0.0 0.0 0.0 0.0 0.0 0.0 0.0 0.0 0.0 0.0 0.0 0.0 0.0 0.0 0.0 0.0 0.0 0.0 0.0 0.0 0.0 0.0 0.0 0.0 
2.241554616319422e-17 7.724257921935762e-17 6.508330434867855e-17 2.303147635093683e-16 1.1950549649562083e-16 4.787668639352763e-16 2.3779075570167218e-15 1.6536819590915626e-14 1.2763786715879925e-13 1.1077754795225037e-12 8.670960915893773e-12 5.828405889536353e-11 3.180484297243721e-10 1.3455059134353237e-9 4.487420854012274e-9 1.165263215948386e-8 2.3623428981346684e-8 3.732045361190603e-8 4.604464555358583e-8 4.4348399187238505e-8 3.343635142138269e-8 1.9770825542119204e-8 9.263382487348229e-9 3.535251690994315e-9 1.2313433871339565e-9 5.381404082329258e-10 3.8290023517965515e-10 3.432778372146108e-10 2.940045058346555e-10 2.204989262007305e-10 1.4135851696476754e-10 7.804796205173737e-11 3.8436363783466385e-11 1.7946108852661878e-11 8.304991557234487e-12 3.841404499265277e-12 1.7780100823124964e-12 8.257801890175443e-13 3.7783300487591087e-13 1.6016841213615792e-13 5.846443614872523e-14 1.763149562049329e-14 4.203439318973024e-15 8.596968861464203e-16 3.3664543439904506e-16 1.7573183914468e-16 1.230306711021759e-16 2.1770439022758508e-16 1.3714883180122887e-16 8.450849500686065e-17 2.1476618021881329e-16 1.553507183678571e-16 2.6588977811856663e-17 9.098618929773294e-17 4.1435120384959334e-19 0.0 0.0 0.0 0.0 0.0 0.0 0.0 0.0 0.0 0.0 0.0 0.0 0.0 0.0 0.0 0.0 0.0 0.0 0.0 0.0 0.0 0.0 0.0 0.0 0.0 0.0 0.0 0.0 0.0 0.0 0.0 0.0 0.0 0.0 0.0 0.0 0.0 0.0 0.0 0.0 0.0 0.0 0.0 0.0 0.0 
2.3159983021340303e-17 9.84326824901962e-17 7.746489225361061e-17 3.8979662969915893e-16 1.0753857092984884e-15 5.488191110736864e-15 2.2750396952826293e-14 7.526150821604527e-14 2.0353825373043372e-13 5.274562713988536e-13 1.8704952847598623e-12 9.625244170697296e-12 4.98153983021492e-11 2.0889026338979342e-10 6.951246387582091e-10 1.8022261460650262e-9 3.6473685037281604e-9 5.750428824852576e-9 7.077537053953588e-9 6.7985982190503e-9 5.122791168919973e-9 3.0825749838541983e-9 1.6347100656737967e-9 1.0515976956095936e-9 1.0622815596148871e-9 1.2226807256577757e-9 1.208459823225934e-9 9.513531740742006e-10 5.8878237653694e-10 2.8718930548947945e-10 1.113248669887271e-10 3.5308571435156185e-11 1.0295789845944305e-11 4.769002502062274e-12 5.198267452978343e-12 6.9053695980432165e-12 7.758110271917065e-12 6.874631890093596e-12 4.7504946956787755e-12 2.5456586972252517e-12 1.0591817962433194e-12 3.409811581349269e-13 8.551396911098084e-14 1.645399541574572e-14 2.6842100226198886e-15 4.514080267360163e-16 1.3985190076536586e-16 2.1851913065417236e-16 1.3661049181483538e-16 8.558028405755209e-17 2.1150630837261016e-16 1.7928102199976847e-16 3.0598856657535654e-17 9.354077304686701e-17 -2.1175389785230438e-18 0.0 0.0 0.0 0.0 0.0 0.0 0.0 0.0 0.0 0.0 0.0 0.0 0.0 0.0 0.0 0.0 0.0 0.0 0.0 0.0 0.0 0.0 0.0 0.0 0.0 0.0 0.0 0.0 0.0 0.0 0.0 0.0 0.0 0.0 0.0 0.0 0.0 0.0 0.0 0.0 0.0 0.0 0.0 0.0 0.0 
0.0 0.0 0.0 0.0 0.0 0.0 0.0 0.0 0.0 0.0 0.0 0.0 0.0 0.0 0.0 0.0 0.0 0.0 0.0 0.0 0.0 0.0 0.0 0.0 0.0 0.0 0.0 0.0 0.0 0.0 0.0 0.0 0.0 0.0 0.0 0.0 0.0 0.0 0.0 0.0 0.0 0.0 0.0 0.0 0.0 0.0 0.0 0.0 0.0 0.0 0.0 0.0 0.0 0.0 0.0 0.0 0.0 0.0 0.0 0.0 0.0 0.0 0.0 0.0 0.0 0.0 0.0 0.0 0.0 0.0 0.0 0.0 0.0 0.0 0.0 0.0 0.0 0.0 0.0 0.0 0.0 0.0 0.0 0.0 0.0 0.0 0.0 0.0 0.0 0.0 0.0 0.0 0.0 0.0 0.0 0.0 0.0 0.0 0.0 0.0 
0.0 0.0 0.0 0.0 0.0 0.0 0.0 0.0 0.0 0.0 0.0 0.0 0.0 0.0 0.0 0.0 0.0 0.0 0.0 0.0 0.0 0.0 0.0 0.0 0.0 0.0 0.0 0.0 0.0 0.0 0.0 0.0 0.0 0.0 0.0 0.0 0.0 0.0 0.0 0.0 0.0 0.0 0.0 0.0 0.0 0.0 0.0 0.0 0.0 0.0 0.0 0.0 0.0 0.0 0.0 0.0 0.0 0.0 0.0 0.0 0.0 0.0 0.0 0.0 0.0 0.0 0.0 0.0 0.0 0.0 0.0 0.0 0.0 0.0 0.0 0.0 0.0 0.0 0.0 0.0 0.0 0.0 0.0 0.0 0.0 0.0 0.0 0.0 0.0 0.0 0.0 0.0 0.0 0.0 0.0 0.0 0.0 0.0 0.0 0.0 
0.0 0.0 0.0 0.0 0.0 0.0 0.0 0.0 0.0 0.0 0.0 0.0 0.0 0.0 0.0 0.0 0.0 0.0 0.0 0.0 0.0 0.0 0.0 0.0 0.0 0.0 0.0 0.0 0.0 0.0 0.0 0.0 0.0 0.0 0.0 0.0 0.0 0.0 0.0 0.0 0.0 0.0 0.0 0.0 0.0 0.0 0.0 0.0 0.0 0.0 0.0 0.0 0.0 0.0 0.0 0.0 0.0 0.0 0.0 0.0 0.0 0.0 0.0 0.0 0.0 0.0 0.0 0.0 0.0 0.0 0.0 0.0 0.0 0.0 0.0 0.0 0.0 0.0 0.0 0.0 0.0 0.0 0.0 0.0 0.0 0.0 0.0 0.0 0.0 0.0 0.0 0.0 0.0 0.0 0.0 0.0 0.0 0.0 0.0 0.0 
0.0 0.0 0.0 0.0 0.0 0.0 0.0 0.0 0.0 0.0 0.0 0.0 0.0 0.0 0.0 0.0 0.0 0.0 0.0 0.0 0.0 0.0 0.0 0.0 0.0 0.0 0.0 0.0 0.0 0.0 0.0 0.0 0.0 0.0 0.0 0.0 0.0 0.0 0.0 0.0 0.0 0.0 0.0 0.0 0.0 0.0 0.0 0.0 0.0 0.0 0.0 0.0 0.0 0.0 0.0 0.0 0.0 0.0 0.0 0.0 0.0 0.0 0.0 0.0 0.0 0.0 0.0 0.0 0.0 0.0 0.0 0.0 0.0 0.0 0.0 0.0 0.0 0.0 0.0 0.0 0.0 0.0 0.0 0.0 0.0 0.0 0.0 0.0 0.0 0.0 0.0 0.0 0.0 0.0 0.0 0.0 0.0 0.0 0.0 0.0 
0.0 0.0 0.0 0.0 0.0 0.0 0.0 0.0 0.0 0.0 0.0 0.0 0.0 0.0 0.0 0.0 0.0 0.0 0.0 0.0 0.0 0.0 0.0 0.0 0.0 0.0 0.0 0.0 0.0 0.0 0.0 0.0 0.0 0.0 0.0 0.0 0.0 0.0 0.0 0.0 0.0 0.0 0.0 0.0 0.0 0.0 0.0 0.0 0.0 0.0 0.0 0.0 0.0 0.0 0.0 0.0 0.0 0.0 0.0 0.0 0.0 0.0 0.0 0.0 0.0 0.0 0.0 0.0 0.0 0.0 0.0 0.0 0.0 0.0 0.0 0.0 0.0 0.0 0.0 0.0 0.0 0.0 0.0 0.0 0.0 0.0 0.0 0.0 0.0 0.0 0.0 0.0 0.0 0.0 0.0 0.0 0.0 0.0 0.0 0.0 
0.0 0.0 0.0 0.0 0.0 0.0 0.0 0.0 0.0 0.0 0.0 0.0 0.0 0.0 0.0 0.0 0.0 0.0 0.0 0.0 0.0 0.0 0.0 0.0 0.0 0.0 0.0 0.0 0.0 0.0 0.0 0.0 0.0 0.0 0.0 0.0 0.0 0.0 0.0 0.0 0.0 0.0 0.0 0.0 0.0 0.0 0.0 0.0 0.0 0.0 0.0 0.0 0.0 0.0 0.0 0.0 0.0 0.0 0.0 0.0 0.0 0.0 0.0 0.0 0.0 0.0 0.0 0.0 0.0 0.0 0.0 0.0 0.0 0.0 0.0 0.0 0.0 0.0 0.0 0.0 0.0 0.0 0.0 0.0 0.0 0.0 0.0 0.0 0.0 0.0 0.0 0.0 0.0 0.0 0.0 0.0 0.0 0.0 0.0 0.0 
0.0 0.0 0.0 0.0 0.0 0.0 0.0 0.0 0.0 0.0 0.0 0.0 0.0 0.0 0.0 0.0 0.0 0.0 0.0 0.0 0.0 0.0 0.0 0.0 0.0 0.0 0.0 0.0 0.0 0.0 0.0 0.0 0.0 0.0 0.0 0.0 0.0 0.0 0.0 0.0 0.0 0.0 0.0 0.0 0.0 0.0 0.0 0.0 0.0 0.0 0.0 0.0 0.0 0.0 0.0 0.0 0.0 0.0 0.0 0.0 0.0 0.0 0.0 0.0 0.0 0.0 0.0 0.0 0.0 0.0 0.0 0.0 0.0 0.0 0.0 0.0 0.0 0.0 0.0 0.0 0.0 0.0 0.0 0.0 0.0 0.0 0.0 0.0 0.0 0.0 0.0 0.0 0.0 0.0 0.0 0.0 0.0 0.0 0.0 0.0 
0.0 0.0 0.0 0.0 0.0 0.0 0.0 0.0 0.0 0.0 0.0 0.0 0.0 0.0 0.0 0.0 0.0 0.0 0.0 0.0 0.0 0.0 0.0 0.0 0.0 0.0 0.0 0.0 0.0 0.0 0.0 0.0 0.0 0.0 0.0 0.0 0.0 0.0 0.0 0.0 0.0 0.0 0.0 0.0 0.0 0.0 0.0 0.0 0.0 0.0 0.0 0.0 0.0 0.0 0.0 0.0 0.0 0.0 0.0 0.0 0.0 0.0 0.0 0.0 0.0 0.0 0.0 0.0 0.0 0.0 0.0 0.0 0.0 0.0 0.0 0.0 0.0 0.0 0.0 0.0 0.0 0.0 0.0 0.0 0.0 0.0 0.0 0.0 0.0 0.0 0.0 0.0 0.0 0.0 0.0 0.0 0.0 0.0 0.0 0.0 
0.0 0.0 0.0 0.0 0.0 0.0 0.0 0.0 0.0 0.0 0.0 0.0 0.0 0.0 0.0 0.0 0.0 0.0 0.0 0.0 0.0 0.0 0.0 0.0 0.0 0.0 0.0 0.0 0.0 0.0 0.0 0.0 0.0 0.0 0.0 0.0 0.0 0.0 0.0 0.0 0.0 0.0 0.0 0.0 0.0 0.0 0.0 0.0 0.0 0.0 0.0 0.0 0.0 0.0 0.0 0.0 0.0 0.0 0.0 0.0 0.0 0.0 0.0 0.0 0.0 0.0 0.0 0.0 0.0 0.0 0.0 0.0 0.0 0.0 0.0 0.0 0.0 0.0 0.0 0.0 0.0 0.0 0.0 0.0 0.0 0.0 0.0 0.0 0.0 0.0 0.0 0.0 0.0 0.0 0.0 0.0 0.0 0.0 0.0 0.0 
0.0 0.0 0.0 0.0 0.0 0.0 0.0 0.0 0.0 0.0 0.0 0.0 0.0 0.0 0.0 0.0 0.0 0.0 0.0 0.0 0.0 0.0 0.0 0.0 0.0 0.0 0.0 0.0 0.0 0.0 0.0 0.0 0.0 0.0 0.0 0.0 0.0 0.0 0.0 0.0 0.0 0.0 0.0 0.0 0.0 0.0 0.0 0.0 0.0 0.0 0.0 0.0 0.0 0.0 0.0 0.0 0.0 0.0 0.0 0.0 0.0 0.0 0.0 0.0 0.0 0.0 0.0 0.0 0.0 0.0 0.0 0.0 0.0 0.0 0.0 0.0 0.0 0.0 0.0 0.0 0.0 0.0 0.0 0.0 0.0 0.0 0.0 0.0 0.0 0.0 0.0 0.0 0.0 0.0 0.0 0.0 0.0 0.0 0.0 0.0 
0.0 0.0 0.0 0.0 0.0 0.0 0.0 0.0 0.0 0.0 0.0 0.0 0.0 0.0 0.0 0.0 0.0 0.0 0.0 0.0 0.0 0.0 0.0 0.0 0.0 0.0 0.0 0.0 0.0 0.0 0.0 0.0 0.0 0.0 0.0 0.0 0.0 0.0 0.0 0.0 0.0 0.0 0.0 0.0 0.0 0.0 0.0 0.0 0.0 0.0 0.0 0.0 0.0 0.0 0.0 0.0 0.0 0.0 0.0 0.0 0.0 0.0 0.0 0.0 0.0 0.0 0.0 0.0 0.0 0.0 0.0 0.0 0.0 0.0 0.0 0.0 0.0 0.0 0.0 0.0 0.0 0.0 0.0 0.0 0.0 0.0 0.0 0.0 0.0 0.0 0.0 0.0 0.0 0.0 0.0 0.0 0.0 0.0 0.0 0.0 
0.0 0.0 0.0 0.0 0.0 0.0 0.0 0.0 0.0 0.0 0.0 0.0 0.0 0.0 0.0 0.0 0.0 0.0 0.0 0.0 0.0 0.0 0.0 0.0 0.0 0.0 0.0 0.0 0.0 0.0 0.0 0.0 0.0 0.0 0.0 0.0 0.0 0.0 0.0 0.0 0.0 0.0 0.0 0.0 0.0 0.0 0.0 0.0 0.0 0.0 0.0 0.0 0.0 0.0 0.0 0.0 0.0 0.0 0.0 0.0 0.0 0.0 0.0 0.0 0.0 0.0 0.0 0.0 0.0 0.0 0.0 0.0 0.0 0.0 0.0 0.0 0.0 0.0 0.0 0.0 0.0 0.0 0.0 0.0 0.0 0.0 0.0 0.0 0.0 0.0 0.0 0.0 0.0 0.0 0.0 0.0 0.0 0.0 0.0 0.0 
0.0 0.0 0.0 0.0 0.0 0.0 0.0 0.0 0.0 0.0 0.0 0.0 0.0 0.0 0.0 0.0 0.0 0.0 0.0 0.0 0.0 0.0 0.0 0.0 0.0 0.0 0.0 0.0 0.0 0.0 0.0 0.0 0.0 0.0 0.0 0.0 0.0 0.0 0.0 0.0 0.0 0.0 0.0 0.0 0.0 0.0 0.0 0.0 0.0 0.0 0.0 0.0 0.0 0.0 0.0 0.0 0.0 0.0 0.0 0.0 0.0 0.0 0.0 0.0 0.0 0.0 0.0 0.0 0.0 0.0 0.0 0.0 0.0 0.0 0.0 0.0 0.0 0.0 0.0 0.0 0.0 0.0 0.0 0.0 0.0 0.0 0.0 0.0 0.0 0.0 0.0 0.0 0.0 0.0 0.0 0.0 0.0 0.0 0.0 0.0 
0.0 0.0 0.0 0.0 0.0 0.0 0.0 0.0 0.0 0.0 0.0 0.0 0.0 0.0 0.0 0.0 0.0 0.0 0.0 0.0 0.0 0.0 0.0 0.0 0.0 0.0 0.0 0.0 0.0 0.0 0.0 0.0 0.0 0.0 0.0 0.0 0.0 0.0 0.0 0.0 0.0 0.0 0.0 0.0 0.0 0.0 0.0 0.0 0.0 0.0 0.0 0.0 0.0 0.0 0.0 0.0 0.0 0.0 0.0 0.0 0.0 0.0 0.0 0.0 0.0 0.0 0.0 0.0 0.0 0.0 0.0 0.0 0.0 0.0 0.0 0.0 0.0 0.0 0.0 0.0 0.0 0.0 0.0 0.0 0.0 0.0 0.0 0.0 0.0 0.0 0.0 0.0 0.0 0.0 0.0 0.0 0.0 0.0 0.0 0.0 
0.0 0.0 0.0 0.0 0.0 0.0 0.0 0.0 0.0 0.0 0.0 0.0 0.0 0.0 0.0 0.0 0.0 0.0 0.0 0.0 0.0 0.0 0.0 0.0 0.0 0.0 0.0 0.0 0.0 0.0 0.0 0.0 0.0 0.0 0.0 0.0 0.0 0.0 0.0 0.0 0.0 0.0 0.0 0.0 0.0 0.0 0.0 0.0 0.0 0.0 0.0 0.0 0.0 0.0 0.0 0.0 0.0 0.0 0.0 0.0 0.0 0.0 0.0 0.0 0.0 0.0 0.0 0.0 0.0 0.0 0.0 0.0 0.0 0.0 0.0 0.0 0.0 0.0 0.0 0.0 0.0 0.0 0.0 0.0 0.0 0.0 0.0 0.0 0.0 0.0 0.0 0.0 0.0 0.0 0.0 0.0 0.0 0.0 0.0 0.0 
0.0 0.0 0.0 0.0 0.0 0.0 0.0 0.0 0.0 0.0 0.0 0.0 0.0 0.0 0.0 0.0 0.0 0.0 0.0 0.0 0.0 0.0 0.0 0.0 0.0 0.0 0.0 0.0 0.0 0.0 0.0 0.0 0.0 0.0 0.0 0.0 0.0 0.0 0.0 0.0 0.0 0.0 0.0 0.0 0.0 0.0 0.0 0.0 0.0 0.0 0.0 0.0 0.0 0.0 0.0 0.0 0.0 0.0 0.0 0.0 0.0 0.0 0.0 0.0 0.0 0.0 0.0 0.0 0.0 0.0 0.0 0.0 0.0 0.0 0.0 0.0 0.0 0.0 0.0 0.0 0.0 0.0 0.0 0.0 0.0 0.0 0.0 0.0 0.0 0.0 0.0 0.0 0.0 0.0 0.0 0.0 0.0 0.0 0.0 0.0 
0.0 0.0 0.0 0.0 0.0 0.0 0.0 0.0 0.0 0.0 0.0 0.0 0.0 0.0 0.0 0.0 0.0 0.0 0.0 0.0 0.0 0.0 0.0 0.0 0.0 0.0 0.0 0.0 0.0 0.0 0.0 0.0 0.0 0.0 0.0 0.0 0.0 0.0 0.0 0.0 0.0 0.0 0.0 0.0 0.0 0.0 0.0 0.0 0.0 0.0 0.0 0.0 0.0 0.0 0.0 0.0 0.0 0.0 0.0 0.0 0.0 0.0 0.0 0.0 0.0 0.0 0.0 0.0 0.0 0.0 0.0 0.0 0.0 0.0 0.0 0.0 0.0 0.0 0.0 0.0 0.0 0.0 0.0 0.0 0.0 0.0 0.0 0.0 0.0 0.0 0.0 0.0 0.0 0.0 0.0 0.0 0.0 0.0 0.0 0.0 
0.0 0.0 0.0 0.0 0.0 0.0 0.0 0.0 0.0 0.0 0.0 0.0 0.0 0.0 0.0 0.0 0.0 0.0 0.0 0.0 0.0 0.0 0.0 0.0 0.0 0.0 0.0 0.0 0.0 0.0 0.0 0.0 0.0 0.0 0.0 0.0 0.0 0.0 0.0 0.0 0.0 0.0 0.0 0.0 0.0 0.0 0.0 0.0 0.0 0.0 0.0 0.0 0.0 0.0 0.0 0.0 0.0 0.0 0.0 0.0 0.0 0.0 0.0 0.0 0.0 0.0 0.0 0.0 0.0 0.0 0.0 0.0 0.0 0.0 0.0 0.0 0.0 0.0 0.0 0.0 0.0 0.0 0.0 0.0 0.0 0.0 0.0 0.0 0.0 0.0 0.0 0.0 0.0 0.0 0.0 0.0 0.0 0.0 0.0 0.0 
0.0 0.0 0.0 0.0 0.0 0.0 0.0 0.0 0.0 0.0 0.0 0.0 0.0 0.0 0.0 0.0 0.0 0.0 0.0 0.0 0.0 0.0 0.0 0.0 0.0 0.0 0.0 0.0 0.0 0.0 0.0 0.0 0.0 0.0 0.0 0.0 0.0 0.0 0.0 0.0 0.0 0.0 0.0 0.0 0.0 0.0 0.0 0.0 0.0 0.0 0.0 0.0 0.0 0.0 0.0 0.0 0.0 0.0 0.0 0.0 0.0 0.0 0.0 0.0 0.0 0.0 0.0 0.0 0.0 0.0 0.0 0.0 0.0 0.0 0.0 0.0 0.0 0.0 0.0 0.0 0.0 0.0 0.0 0.0 0.0 0.0 0.0 0.0 0.0 0.0 0.0 0.0 0.0 0.0 0.0 0.0 0.0 0.0 0.0 0.0 
0.0 0.0 0.0 0.0 0.0 0.0 0.0 0.0 0.0 0.0 0.0 0.0 0.0 0.0 0.0 0.0 0.0 0.0 0.0 0.0 0.0 0.0 0.0 0.0 0.0 0.0 0.0 0.0 0.0 0.0 0.0 0.0 0.0 0.0 0.0 0.0 0.0 0.0 0.0 0.0 0.0 0.0 0.0 0.0 0.0 0.0 0.0 0.0 0.0 0.0 0.0 0.0 0.0 0.0 0.0 0.0 0.0 0.0 0.0 0.0 0.0 0.0 0.0 0.0 0.0 0.0 0.0 0.0 0.0 0.0 0.0 0.0 0.0 0.0 0.0 0.0 0.0 0.0 0.0 0.0 0.0 0.0 0.0 0.0 0.0 0.0 0.0 0.0 0.0 0.0 0.0 0.0 0.0 0.0 0.0 0.0 0.0 0.0 0.0 0.0 
0.0 0.0 0.0 0.0 0.0 0.0 0.0 0.0 0.0 0.0 0.0 0.0 0.0 0.0 0.0 0.0 0.0 0.0 0.0 0.0 0.0 0.0 0.0 0.0 0.0 0.0 0.0 0.0 0.0 0.0 0.0 0.0 0.0 0.0 0.0 0.0 0.0 0.0 0.0 0.0 0.0 0.0 0.0 0.0 0.0 0.0 0.0 0.0 0.0 0.0 0.0 0.0 0.0 0.0 0.0 0.0 0.0 0.0 0.0 0.0 0.0 0.0 0.0 0.0 0.0 0.0 0.0 0.0 0.0 0.0 0.0 0.0 0.0 0.0 0.0 0.0 0.0 0.0 0.0 0.0 0.0 0.0 0.0 0.0 0.0 0.0 0.0 0.0 0.0 0.0 0.0 0.0 0.0 0.0 0.0 0.0 0.0 0.0 0.0 0.0 
0.0 0.0 0.0 0.0 0.0 0.0 0.0 0.0 0.0 0.0 0.0 0.0 0.0 0.0 0.0 0.0 0.0 0.0 0.0 0.0 0.0 0.0 0.0 0.0 0.0 0.0 0.0 0.0 0.0 0.0 0.0 0.0 0.0 0.0 0.0 0.0 0.0 0.0 0.0 0.0 0.0 0.0 0.0 0.0 0.0 0.0 0.0 0.0 0.0 0.0 0.0 0.0 0.0 0.0 0.0 0.0 0.0 0.0 0.0 0.0 0.0 0.0 0.0 0.0 0.0 0.0 0.0 0.0 0.0 0.0 0.0 0.0 0.0 0.0 0.0 0.0 0.0 0.0 0.0 0.0 0.0 0.0 0.0 0.0 0.0 0.0 0.0 0.0 0.0 0.0 0.0 0.0 0.0 0.0 0.0 0.0 0.0 0.0 0.0 0.0 
0.0 0.0 0.0 0.0 0.0 0.0 0.0 0.0 0.0 0.0 0.0 0.0 0.0 0.0 0.0 0.0 0.0 0.0 0.0 0.0 0.0 0.0 0.0 0.0 0.0 0.0 0.0 0.0 0.0 0.0 0.0 0.0 0.0 0.0 0.0 0.0 0.0 0.0 0.0 0.0 0.0 0.0 0.0 0.0 0.0 0.0 0.0 0.0 0.0 0.0 0.0 0.0 0.0 0.0 0.0 0.0 0.0 0.0 0.0 0.0 0.0 0.0 0.0 0.0 0.0 0.0 0.0 0.0 0.0 0.0 0.0 0.0 0.0 0.0 0.0 0.0 0.0 0.0 0.0 0.0 0.0 0.0 0.0 0.0 0.0 0.0 0.0 0.0 0.0 0.0 0.0 0.0 0.0 0.0 0.0 0.0 0.0 0.0 0.0 0.0 
0.0 0.0 0.0 0.0 0.0 0.0 0.0 0.0 0.0 0.0 0.0 0.0 0.0 0.0 0.0 0.0 0.0 0.0 0.0 0.0 0.0 0.0 0.0 0.0 0.0 0.0 0.0 0.0 0.0 0.0 0.0 0.0 0.0 0.0 0.0 0.0 0.0 0.0 0.0 0.0 0.0 0.0 0.0 0.0 0.0 0.0 0.0 0.0 0.0 0.0 0.0 0.0 0.0 0.0 0.0 0.0 0.0 0.0 0.0 0.0 0.0 0.0 0.0 0.0 0.0 0.0 0.0 0.0 0.0 0.0 0.0 0.0 0.0 0.0 0.0 0.0 0.0 0.0 0.0 0.0 0.0 0.0 0.0 0.0 0.0 0.0 0.0 0.0 0.0 0.0 0.0 0.0 0.0 0.0 0.0 0.0 0.0 0.0 0.0 0.0 
0.0 0.0 0.0 0.0 0.0 0.0 0.0 0.0 0.0 0.0 0.0 0.0 0.0 0.0 0.0 0.0 0.0 0.0 0.0 0.0 0.0 0.0 0.0 0.0 0.0 0.0 0.0 0.0 0.0 0.0 0.0 0.0 0.0 0.0 0.0 0.0 0.0 0.0 0.0 0.0 0.0 0.0 0.0 0.0 0.0 0.0 0.0 0.0 0.0 0.0 0.0 0.0 0.0 0.0 0.0 0.0 0.0 0.0 0.0 0.0 0.0 0.0 0.0 0.0 0.0 0.0 0.0 0.0 0.0 0.0 0.0 0.0 0.0 0.0 0.0 0.0 0.0 0.0 0.0 0.0 0.0 0.0 0.0 0.0 0.0 0.0 0.0 0.0 0.0 0.0 0.0 0.0 0.0 0.0 0.0 0.0 0.0 0.0 0.0 0.0 
0.0 0.0 0.0 0.0 0.0 0.0 0.0 0.0 0.0 0.0 0.0 0.0 0.0 0.0 0.0 0.0 0.0 0.0 0.0 0.0 0.0 0.0 0.0 0.0 0.0 0.0 0.0 0.0 0.0 0.0 0.0 0.0 0.0 0.0 0.0 0.0 0.0 0.0 0.0 0.0 0.0 0.0 0.0 0.0 0.0 0.0 0.0 0.0 0.0 0.0 0.0 0.0 0.0 0.0 0.0 0.0 0.0 0.0 0.0 0.0 0.0 0.0 0.0 0.0 0.0 0.0 0.0 0.0 0.0 0.0 0.0 0.0 0.0 0.0 0.0 0.0 0.0 0.0 0.0 0.0 0.0 0.0 0.0 0.0 0.0 0.0 0.0 0.0 0.0 0.0 0.0 0.0 0.0 0.0 0.0 0.0 0.0 0.0 0.0 0.0 
0.0 0.0 0.0 0.0 0.0 0.0 0.0 0.0 0.0 0.0 0.0 0.0 0.0 0.0 0.0 0.0 0.0 0.0 0.0 0.0 0.0 0.0 0.0 0.0 0.0 0.0 0.0 0.0 0.0 0.0 0.0 0.0 0.0 0.0 0.0 0.0 0.0 0.0 0.0 0.0 0.0 0.0 0.0 0.0 0.0 0.0 0.0 0.0 0.0 0.0 0.0 0.0 0.0 0.0 0.0 0.0 0.0 0.0 0.0 0.0 0.0 0.0 0.0 0.0 0.0 0.0 0.0 0.0 0.0 0.0 0.0 0.0 0.0 0.0 0.0 0.0 0.0 0.0 0.0 0.0 0.0 0.0 0.0 0.0 0.0 0.0 0.0 0.0 0.0 0.0 0.0 0.0 0.0 0.0 0.0 0.0 0.0 0.0 0.0 0.0 
0.0 0.0 0.0 0.0 0.0 0.0 0.0 0.0 0.0 0.0 0.0 0.0 0.0 0.0 0.0 0.0 0.0 0.0 0.0 0.0 0.0 0.0 0.0 0.0 0.0 0.0 0.0 0.0 0.0 0.0 0.0 0.0 0.0 0.0 0.0 0.0 0.0 0.0 0.0 0.0 0.0 0.0 0.0 0.0 0.0 0.0 0.0 0.0 0.0 0.0 0.0 0.0 0.0 0.0 0.0 0.0 0.0 0.0 0.0 0.0 0.0 0.0 0.0 0.0 0.0 0.0 0.0 0.0 0.0 0.0 0.0 0.0 0.0 0.0 0.0 0.0 0.0 0.0 0.0 0.0 0.0 0.0 0.0 0.0 0.0 0.0 0.0 0.0 0.0 0.0 0.0 0.0 0.0 0.0 0.0 0.0 0.0 0.0 0.0 0.0 
0.0 0.0 0.0 0.0 0.0 0.0 0.0 0.0 0.0 0.0 0.0 0.0 0.0 0.0 0.0 0.0 0.0 0.0 0.0 0.0 0.0 0.0 0.0 0.0 0.0 0.0 0.0 0.0 0.0 0.0 0.0 0.0 0.0 0.0 0.0 0.0 0.0 0.0 0.0 0.0 0.0 0.0 0.0 0.0 0.0 0.0 0.0 0.0 0.0 0.0 0.0 0.0 0.0 0.0 0.0 0.0 0.0 0.0 0.0 0.0 0.0 0.0 0.0 0.0 0.0 0.0 0.0 0.0 0.0 0.0 0.0 0.0 0.0 0.0 0.0 0.0 0.0 0.0 0.0 0.0 0.0 0.0 0.0 0.0 0.0 0.0 0.0 0.0 0.0 0.0 0.0 0.0 0.0 0.0 0.0 0.0 0.0 0.0 0.0 0.0 
0.0 0.0 0.0 0.0 0.0 0.0 0.0 0.0 0.0 0.0 0.0 0.0 0.0 0.0 0.0 0.0 0.0 0.0 0.0 0.0 0.0 0.0 0.0 0.0 0.0 0.0 0.0 0.0 0.0 0.0 0.0 0.0 0.0 0.0 0.0 0.0 0.0 0.0 0.0 0.0 0.0 0.0 0.0 0.0 0.0 0.0 0.0 0.0 0.0 0.0 0.0 0.0 0.0 0.0 0.0 0.0 0.0 0.0 0.0 0.0 0.0 0.0 0.0 0.0 0.0 0.0 0.0 0.0 0.0 0.0 0.0 0.0 0.0 0.0 0.0 0.0 0.0 0.0 0.0 0.0 0.0 0.0 0.0 0.0 0.0 0.0 0.0 0.0 0.0 0.0 0.0 0.0 0.0 0.0 0.0 0.0 0.0 0.0 0.0 0.0 
0.0 0.0 0.0 0.0 0.0 0.0 0.0 0.0 0.0 0.0 0.0 0.0 0.0 0.0 0.0 0.0 0.0 0.0 0.0 0.0 0.0 0.0 0.0 0.0 0.0 0.0 0.0 0.0 0.0 0.0 0.0 0.0 0.0 0.0 0.0 0.0 0.0 0.0 0.0 0.0 0.0 0.0 0.0 0.0 0.0 0.0 0.0 0.0 0.0 0.0 0.0 0.0 0.0 0.0 0.0 0.0 0.0 0.0 0.0 0.0 0.0 0.0 0.0 0.0 0.0 0.0 0.0 0.0 0.0 0.0 0.0 0.0 0.0 0.0 0.0 0.0 0.0 0.0 0.0 0.0 0.0 0.0 0.0 0.0 0.0 0.0 0.0 0.0 0.0 0.0 0.0 0.0 0.0 0.0 0.0 0.0 0.0 0.0 0.0 0.0 
0.0 0.0 0.0 0.0 0.0 0.0 0.0 0.0 0.0 0.0 0.0 0.0 0.0 0.0 0.0 0.0 0.0 0.0 0.0 0.0 0.0 0.0 0.0 0.0 0.0 0.0 0.0 0.0 0.0 0.0 0.0 0.0 0.0 0.0 0.0 0.0 0.0 0.0 0.0 0.0 0.0 0.0 0.0 0.0 0.0 0.0 0.0 0.0 0.0 0.0 0.0 0.0 0.0 0.0 0.0 0.0 0.0 0.0 0.0 0.0 0.0 0.0 0.0 0.0 0.0 0.0 0.0 0.0 0.0 0.0 0.0 0.0 0.0 0.0 0.0 0.0 0.0 0.0 0.0 0.0 0.0 0.0 0.0 0.0 0.0 0.0 0.0 0.0 0.0 0.0 0.0 0.0 0.0 0.0 0.0 0.0 0.0 0.0 0.0 0.0 
0.0 0.0 0.0 0.0 0.0 0.0 0.0 0.0 0.0 0.0 0.0 0.0 0.0 0.0 0.0 0.0 0.0 0.0 0.0 0.0 0.0 0.0 0.0 0.0 0.0 0.0 0.0 0.0 0.0 0.0 0.0 0.0 0.0 0.0 0.0 0.0 0.0 0.0 0.0 0.0 0.0 0.0 0.0 0.0 0.0 0.0 0.0 0.0 0.0 0.0 0.0 0.0 0.0 0.0 0.0 0.0 0.0 0.0 0.0 0.0 0.0 0.0 0.0 0.0 0.0 0.0 0.0 0.0 0.0 0.0 0.0 0.0 0.0 0.0 0.0 0.0 0.0 0.0 0.0 0.0 0.0 0.0 0.0 0.0 0.0 0.0 0.0 0.0 0.0 0.0 0.0 0.0 0.0 0.0 0.0 0.0 0.0 0.0 0.0 0.0 
0.0 0.0 0.0 0.0 0.0 0.0 0.0 0.0 0.0 0.0 0.0 0.0 0.0 0.0 0.0 0.0 0.0 0.0 0.0 0.0 0.0 0.0 0.0 0.0 0.0 0.0 0.0 0.0 0.0 0.0 0.0 0.0 0.0 0.0 0.0 0.0 0.0 0.0 0.0 0.0 0.0 0.0 0.0 0.0 0.0 0.0 0.0 0.0 0.0 0.0 0.0 0.0 0.0 0.0 0.0 0.0 0.0 0.0 0.0 0.0 0.0 0.0 0.0 0.0 0.0 0.0 0.0 0.0 0.0 0.0 0.0 0.0 0.0 0.0 0.0 0.0 0.0 0.0 0.0 0.0 0.0 0.0 0.0 0.0 0.0 0.0 0.0 0.0 0.0 0.0 0.0 0.0 0.0 0.0 0.0 0.0 0.0 0.0 0.0 0.0 
0.0 0.0 0.0 0.0 0.0 0.0 0.0 0.0 0.0 0.0 0.0 0.0 0.0 0.0 0.0 0.0 0.0 0.0 0.0 0.0 0.0 0.0 0.0 0.0 0.0 0.0 0.0 0.0 0.0 0.0 0.0 0.0 0.0 0.0 0.0 0.0 0.0 0.0 0.0 0.0 0.0 0.0 0.0 0.0 0.0 0.0 0.0 0.0 0.0 0.0 0.0 0.0 0.0 0.0 0.0 0.0 0.0 0.0 0.0 0.0 0.0 0.0 0.0 0.0 0.0 0.0 0.0 0.0 0.0 0.0 0.0 0.0 0.0 0.0 0.0 0.0 0.0 0.0 0.0 0.0 0.0 0.0 0.0 0.0 0.0 0.0 0.0 0.0 0.0 0.0 0.0 0.0 0.0 0.0 0.0 0.0 0.0 0.0 0.0 0.0 
0.0 0.0 0.0 0.0 0.0 0.0 0.0 0.0 0.0 0.0 0.0 0.0 0.0 0.0 0.0 0.0 0.0 0.0 0.0 0.0 0.0 0.0 0.0 0.0 0.0 0.0 0.0 0.0 0.0 0.0 0.0 0.0 0.0 0.0 0.0 0.0 0.0 0.0 0.0 0.0 0.0 0.0 0.0 0.0 0.0 0.0 0.0 0.0 0.0 0.0 0.0 0.0 0.0 0.0 0.0 0.0 0.0 0.0 0.0 0.0 0.0 0.0 0.0 0.0 0.0 0.0 0.0 0.0 0.0 0.0 0.0 0.0 0.0 0.0 0.0 0.0 0.0 0.0 0.0 0.0 0.0 0.0 0.0 0.0 0.0 0.0 0.0 0.0 0.0 0.0 0.0 0.0 0.0 0.0 0.0 0.0 0.0 0.0 0.0 0.0 
0.0 0.0 0.0 0.0 0.0 0.0 0.0 0.0 0.0 0.0 0.0 0.0 0.0 0.0 0.0 0.0 0.0 0.0 0.0 0.0 0.0 0.0 0.0 0.0 0.0 0.0 0.0 0.0 0.0 0.0 0.0 0.0 0.0 0.0 0.0 0.0 0.0 0.0 0.0 0.0 0.0 0.0 0.0 0.0 0.0 0.0 0.0 0.0 0.0 0.0 0.0 0.0 0.0 0.0 0.0 0.0 0.0 0.0 0.0 0.0 0.0 0.0 0.0 0.0 0.0 0.0 0.0 0.0 0.0 0.0 0.0 0.0 0.0 0.0 0.0 0.0 0.0 0.0 0.0 0.0 0.0 0.0 0.0 0.0 0.0 0.0 0.0 0.0 0.0 0.0 0.0 0.0 0.0 0.0 0.0 0.0 0.0 0.0 0.0 0.0 
0.0 0.0 0.0 0.0 0.0 0.0 0.0 0.0 0.0 0.0 0.0 0.0 0.0 0.0 0.0 0.0 0.0 0.0 0.0 0.0 0.0 0.0 0.0 0.0 0.0 0.0 0.0 0.0 0.0 0.0 0.0 0.0 0.0 0.0 0.0 0.0 0.0 0.0 0.0 0.0 0.0 0.0 0.0 0.0 0.0 0.0 0.0 0.0 0.0 0.0 0.0 0.0 0.0 0.0 0.0 0.0 0.0 0.0 0.0 0.0 0.0 0.0 0.0 0.0 0.0 0.0 0.0 0.0 0.0 0.0 0.0 0.0 0.0 0.0 0.0 0.0 0.0 0.0 0.0 0.0 0.0 0.0 0.0 0.0 0.0 0.0 0.0 0.0 0.0 0.0 0.0 0.0 0.0 0.0 0.0 0.0 0.0 0.0 0.0 0.0 
0.0 0.0 0.0 0.0 0.0 0.0 0.0 0.0 0.0 0.0 0.0 0.0 0.0 0.0 0.0 0.0 0.0 0.0 0.0 0.0 0.0 0.0 0.0 0.0 0.0 0.0 0.0 0.0 0.0 0.0 0.0 0.0 0.0 0.0 0.0 0.0 0.0 0.0 0.0 0.0 0.0 0.0 0.0 0.0 0.0 0.0 0.0 0.0 0.0 0.0 0.0 0.0 0.0 0.0 0.0 0.0 0.0 0.0 0.0 0.0 0.0 0.0 0.0 0.0 0.0 0.0 0.0 0.0 0.0 0.0 0.0 0.0 0.0 0.0 0.0 0.0 0.0 0.0 0.0 0.0 0.0 0.0 0.0 0.0 0.0 0.0 0.0 0.0 0.0 0.0 0.0 0.0 0.0 0.0 0.0 0.0 0.0 0.0 0.0 0.0 
0.0 0.0 0.0 0.0 0.0 0.0 0.0 0.0 0.0 0.0 0.0 0.0 0.0 0.0 0.0 0.0 0.0 0.0 0.0 0.0 0.0 0.0 0.0 0.0 0.0 0.0 0.0 0.0 0.0 0.0 0.0 0.0 0.0 0.0 0.0 0.0 0.0 0.0 0.0 0.0 0.0 0.0 0.0 0.0 0.0 0.0 0.0 0.0 0.0 0.0 0.0 0.0 0.0 0.0 0.0 0.0 0.0 0.0 0.0 0.0 0.0 0.0 0.0 0.0 0.0 0.0 0.0 0.0 0.0 0.0 0.0 0.0 0.0 0.0 0.0 0.0 0.0 0.0 0.0 0.0 0.0 0.0 0.0 0.0 0.0 0.0 0.0 0.0 0.0 0.0 0.0 0.0 0.0 0.0 0.0 0.0 0.0 0.0 0.0 0.0 
0.0 0.0 0.0 0.0 0.0 0.0 0.0 0.0 0.0 0.0 0.0 0.0 0.0 0.0 0.0 0.0 0.0 0.0 0.0 0.0 0.0 0.0 0.0 0.0 0.0 0.0 0.0 0.0 0.0 0.0 0.0 0.0 0.0 0.0 0.0 0.0 0.0 0.0 0.0 0.0 0.0 0.0 0.0 0.0 0.0 0.0 0.0 0.0 0.0 0.0 0.0 0.0 0.0 0.0 0.0 0.0 0.0 0.0 0.0 0.0 0.0 0.0 0.0 0.0 0.0 0.0 0.0 0.0 0.0 0.0 0.0 0.0 0.0 0.0 0.0 0.0 0.0 0.0 0.0 0.0 0.0 0.0 0.0 0.0 0.0 0.0 0.0 0.0 0.0 0.0 0.0 0.0 0.0 0.0 0.0 0.0 0.0 0.0 0.0 0.0 
0.0 0.0 0.0 0.0 0.0 0.0 0.0 0.0 0.0 0.0 0.0 0.0 0.0 0.0 0.0 0.0 0.0 0.0 0.0 0.0 0.0 0.0 0.0 0.0 0.0 0.0 0.0 0.0 0.0 0.0 0.0 0.0 0.0 0.0 0.0 0.0 0.0 0.0 0.0 0.0 0.0 0.0 0.0 0.0 0.0 0.0 0.0 0.0 0.0 0.0 0.0 0.0 0.0 0.0 0.0 0.0 0.0 0.0 0.0 0.0 0.0 0.0 0.0 0.0 0.0 0.0 0.0 0.0 0.0 0.0 0.0 0.0 0.0 0.0 0.0 0.0 0.0 0.0 0.0 0.0 0.0 0.0 0.0 0.0 0.0 0.0 0.0 0.0 0.0 0.0 0.0 0.0 0.0 0.0 0.0 0.0 0.0 0.0 0.0 0.0 
0.0 0.0 0.0 0.0 0.0 0.0 0.0 0.0 0.0 0.0 0.0 0.0 0.0 0.0 0.0 0.0 0.0 0.0 0.0 0.0 0.0 0.0 0.0 0.0 0.0 0.0 0.0 0.0 0.0 0.0 0.0 0.0 0.0 0.0 0.0 0.0 0.0 0.0 0.0 0.0 0.0 0.0 0.0 0.0 0.0 0.0 0.0 0.0 0.0 0.0 0.0 0.0 0.0 0.0 0.0 0.0 0.0 0.0 0.0 0.0 0.0 0.0 0.0 0.0 0.0 0.0 0.0 0.0 0.0 0.0 0.0 0.0 0.0 0.0 0.0 0.0 0.0 0.0 0.0 0.0 0.0 0.0 0.0 0.0 0.0 0.0 0.0 0.0 0.0 0.0 0.0 0.0 0.0 0.0 0.0 0.0 0.0 0.0 0.0 0.0 
0.0 0.0 0.0 0.0 0.0 0.0 0.0 0.0 0.0 0.0 0.0 0.0 0.0 0.0 0.0 0.0 0.0 0.0 0.0 0.0 0.0 0.0 0.0 0.0 0.0 0.0 0.0 0.0 0.0 0.0 0.0 0.0 0.0 0.0 0.0 0.0 0.0 0.0 0.0 0.0 0.0 0.0 0.0 0.0 0.0 0.0 0.0 0.0 0.0 0.0 0.0 0.0 0.0 0.0 0.0 0.0 0.0 0.0 0.0 0.0 0.0 0.0 0.0 0.0 0.0 0.0 0.0 0.0 0.0 0.0 0.0 0.0 0.0 0.0 0.0 0.0 0.0 0.0 0.0 0.0 0.0 0.0 0.0 0.0 0.0 0.0 0.0 0.0 0.0 0.0 0.0 0.0 0.0 0.0 0.0 0.0 0.0 0.0 0.0 0.0 
