0.0 0.0 0.0 0.0 0.0 0.0 0.0 0.0 0.0 0.0 0.0 0.0 0.0 0.0 0.0 0.0 0.0 0.0 0.0 0.0 0.0 0.0 0.0 0.0 0.0 0.0 0.0 0.0 0.0 0.0 0.0 0.0 0.0 0.0 0.0 0.0 0.0 0.0 0.0 0.0 0.0 0.0 0.0 0.0 0.0 0.0 0.0 4.214028928388286e-17 5.791340847773152e-17 4.107819968961524e-17 6.677913541207309e-17 4.0449560172059884e-16 4.027566318392149e-15 3.4320299642608797e-14 2.512644641481659e-13 1.6319048823060226e-12 9.92759311226551e-12 5.561403210456968e-11 2.7709745347795147e-10 1.201509712465203e-9 4.565033872075786e-9 1.5645576061027424e-8 4.898843592561183e-8 1.3738393632622443e-7 3.306179783125221e-7 6.546121620316919e-7 1.039127457269523e-6 1.3162556731518207e-6 1.3541050675798755e-6 1.2000420851306235e-6 1.0282953317489392e-6 9.379903027024326e-7 8.775915377214732e-7 7.615007010614641e-7 5.866619394224765e-7 4.1342772282390817e-7 2.819332048983561e-7 1.8907354161603697e-7 1.1968418554760628e-7 6.828228077203664e-8 3.5278707614657416e-8 1.8487428449745007e-8 1.2558847601770012e-8 1.1649895065325247e-8 1.1241567966703772e-8 9.268576397965355e-9 6.1213815913216395e-9 3.1858093768080063e-9 1.3021039161340128e-9 4.2054139792113156e-10 1.0840638437113154e-10 2.2506416110536136e-11 3.796807708401824e-12 5.393479648903753e-13 6.620068443949534e-14 7.30157066167017e-15 9.05981898557467e-16 2.67744373759894e-16 1.9599129900894844e-16 2.581549869914473e-16 
0.0 0.0 0.0 0.0 0.0 0.0 0.0 0.0 0.0 0.0 0.0 0.0 0.0 0.0 0.0 0.0 0.0 0.0 0.0 0.0 0.0 0.0 0.0 0.0 0.0 0.0 0.0 0.0 0.0 0.0 0.0 0.0 0.0 0.0 0.0 0.0 0.0 0.0 0.0 0.0 0.0 0.0 0.0 0.0 0.0 0.0 0.0 3.6526090632491406e-17 3.1677615566607864e-17 3.718069701297503e-17 2.761014495712164e-16 4.155427641449905e-15 4.494387975556133e-14 3.820658391972467e-13 2.6408078049490833e-12 1.5548013329160864e-11 8.274514545108682e-11 4.0781314222457584e-10 1.8430866135257582e-9 7.4009561639041e-9 2.5916606606148874e-8 8.002250003993987e-8 2.23020279368818e-7 5.653063866126153e-7 1.2692391291726186e-6 2.4152075836462487e-6 3.761712321889774e-6 4.7436613656650855e-6 4.929278875377892e-6 4.501652143346627e-6 4.057099006111137e-6 3.894880060674681e-6 3.777181842899566e-6 3.3781265744419944e-6 2.7086007357457693e-6 2.0185830047879717e-6 1.4664118881708624e-6 1.0401444987465228e-6 6.903352207930426e-7 4.133736222962869e-7 2.2622669617642597e-7 1.2629619527973192e-7 8.926757212213987e-8 8.295054488854072e-8 7.943803685093249e-8 6.523983596487707e-8 4.310606281102042e-8 2.2545778239037152e-8 9.316863692453222e-9 3.068828324067763e-9 8.165868533050731e-10 1.7776332202942753e-10 3.20127753918279e-11 4.92432728189348e-12 6.618481172841351e-13 7.907329653285719e-14 8.766081501049195e-15 1.0796697444644562e-15 2.5769652581297955e-16 2.369606283382504e-16 
0.0 0.0 0.0 0.0 0.0 0.0 0.0 0.0 0.0 0.0 0.0 0.0 0.0 0.0 0.0 0.0 0.0 0.0 0.0 0.0 0.0 0.0 0.0 0.0 0.0 0.0 0.0 0.0 0.0 0.0 0.0 0.0 0.0 0.0 0.0 0.0 0.0 0.0 0.0 0.0 0.0 0.0 0.0 0.0 0.0 0.0 0.0 3.287910392193113e-17 1.4023374829297206e-17 1.488727189732461e-16 2.5984395140264874e-15 3.703538337017372e-14 3.9849456288723777e-13 3.3317490362579197e-12 2.2231060335252116e-11 1.2245311428210294e-10 5.842751699673915e-10 2.5265356191861632e-9 1.0170791657295742e-8 3.746517133351498e-8 1.2207324583673295e-7 3.471647361359645e-7 8.742851119789547e-7 1.9940689089358397e-6 4.107882363372709e-6 7.3935391571667495e-6 1.1189481140243374e-5 1.3998597595369315e-5 1.4714576169547914e-5 1.3896265557270337e-5 1.3159545756651076e-5 1.3201741604815939e-5 1.3202971115061561e-5 1.2180507827541847e-5 1.0210365615988692e-5 8.073624167687891e-6 6.2417080676064e-6 4.67361665645554e-6 3.255868506081244e-6 2.0522339277598457e-6 1.1894442631084066e-6 7.006217336643878e-7 5.062623127774145e-7 4.653737132403683e-7 4.397960757591074e-7 3.5906266873015826e-7 2.3742658952140716e-7 1.2511826922624403e-7 5.255057735596074e-8 1.780067387810232e-8 4.943701802725836e-9 1.1421159331903116e-9 2.2185610573451443e-10 3.7279631581701796e-11 5.565921303195478e-12 7.591534183462041e-13 9.745082170791301e-14 1.1874799985496704e-14 1.4295378755374949e-15 3.101159688650088e-16 
0.0 0.0 0.0 0.0 0.0 0.0 0.0 0.0 0.0 0.0 0.0 0.0 0.0 0.0 0.0 0.0 0.0 0.0 0.0 0.0 0.0 0.0 0.0 0.0 0.0 0.0 0.0 0.0 0.0 0.0 0.0 0.0 0.0 0.0 0.0 0.0 0.0 0.0 0.0 0.0 0.0 0.0 0.0 0.0 0.0 0.0 0.0 3.5593910998547925e-17 6.272849392463104e-17 1.301909308086689e-15 2.0334997345651014e-14 2.741370429331521e-13 2.8872198670780184e-12 2.3732729878352645e-11 1.5463044672743007e-10 8.148176960112887e-10 3.5807140871262397e-9 1.3716712844232541e-8 4.835628839178474e-8 1.5959875145882856e-7 4.79922594293372e-7 1.2721540839883958e-6 2.9554155498359835e-6 6.136961539294808e-6 1.1553023040419493e-5 1.9447002932481954e-5 2.8349547281172362e-5 3.509061249659471e-5 3.7398088199215235e-5 3.659619861243213e-5 3.619152581240534e-5 3.7501336111295174e-5 3.842901763251435e-5 3.6629028735846715e-5 3.228059385952098e-5 2.7177978078186456e-5 2.2345764749089166e-5 1.7650794060860284e-5 1.2932202777850528e-5 8.600857528825329e-6 5.271654113548329e-6 3.245935018862839e-6 2.3608513059596955e-6 2.1178620588682705e-6 1.9593377925808612e-6 1.5852943066641553e-6 1.049815798023275e-6 5.598698803844306e-7 2.4104690762397863e-7 8.50270437255085e-8 2.501834447729593e-8 6.22532341642223e-9 1.322586294282199e-9 2.471780940341532e-10 4.2216001997025294e-11 6.8090625263639484e-12 1.0391750588369007e-12 1.4307180367142812e-13 1.7031700184217548e-14 1.799377405452573e-15 
0.0 0.0 0.0 0.0 0.0 0.0 0.0 0.0 0.0 0.0 0.0 0.0 0.0 0.0 0.0 0.0 0.0 0.0 0.0 0.0 0.0 0.0 0.0 0.0 0.0 0.0 0.0 0.0 0.0 0.0 0.0 0.0 0.0 0.0 0.0 0.0 0.0 0.0 0.0 0.0 0.0 0.0 0.0 0.0 0.0 0.0 0.0 8.432562457404943e-17 7.359481799017457e-16 1.0579724264248934e-14 1.3867490251288842e-13 1.6757539518213466e-12 1.6723302850694114e-11 1.3357464535266742e-10 8.514729028945074e-10 4.356396333786056e-9 1.8133909431582176e-8 6.333397512864696e-8 1.9689208125066928e-7 5.72217131583787e-7 1.5598199065540429e-6 3.854391131811627e-6 8.41392467905742e-6 1.6306597308569765e-5 2.8538205328764106e-5 4.520540114390699e-5 6.359905738537065e-5 7.815492033648093e-5 8.485727590768673e-5 8.598968498488856e-5 8.772497072098766e-5 9.238236629291421e-5 9.615051472060227e-5 9.463759908012101e-5 8.782471601926675e-5 7.852424442654431e-5 6.82284771158865e-5 5.6552269653104164e-5 4.344027631249104e-5 3.0378561611804546e-5 1.9568670160249908e-5 1.2470710165308623e-5 9.017668425623249e-6 7.794040742548148e-6 6.989762417141698e-6 5.579113020873305e-6 3.7018650578081468e-6 2.0082624728003603e-6 8.94749106630509e-7 3.326666674843329e-7 1.0494385580761684e-7 2.8419783879083833e-8 6.691353836259449e-9 1.424645399725353e-9 2.867439520822199e-10 5.5113589814515005e-11 9.702611618258417e-12 1.4586928966122743e-12 1.8033866379875485e-13 1.8122942200423697e-14 
0.0 0.0 0.0 0.0 0.0 0.0 0.0 0.0 0.0 0.0 0.0 0.0 0.0 0.0 0.0 0.0 0.0 0.0 0.0 0.0 0.0 0.0 0.0 0.0 0.0 0.0 0.0 0.0 0.0 0.0 0.0 0.0 0.0 0.0 0.0 0.0 0.0 0.0 0.0 0.0 0.0 0.0 0.0 0.0 0.0 0.0 0.0 5.952879359965702e-16 7.423853441375815e-15 8.60103468723832e-14 9.062113096840556e-13 9.063024123902458e-12 8.044537979000116e-11 6.034068860419351e-10 3.714580972033621e-9 1.8500557762790457e-8 7.426278913334741e-8 2.436386165505129e-7 6.853395949856474e-7 1.7563110402701487e-6 4.265857707884162e-6 9.719396927910783e-6 2.0095303087584303e-5 3.7231858473935266e-5 6.237234877429664e-5 9.526724338879474e-5 0.0001316641420749767 0.0001628676281635185 0.00018187491749319717 0.0001908422371704615 0.0001985701764224881 0.00020949681072941978 0.00021934373137092684 0.0002217766769872438 0.0002152789069284883 0.00020203334729637163 0.0001830555055161302 0.00015749451991885696 0.00012576349527579578 9.175622765807106e-5 6.164236269631766e-5 4.0370473240431476e-5 2.8823415659223154e-5 2.3749457869589058e-5 2.0405171365471637e-5 1.5956737040681648e-5 1.0600149048313827e-5 5.8768304610465644e-6 2.7320837468763485e-6 1.0802698400418912e-6 3.6809179155638947e-7 1.0943273120968867e-7 2.9039394916716137e-8 7.209577388741852e-9 1.7187680768179334e-9 3.811086488050997e-10 7.359966545298346e-11 1.1620833820489232e-11 1.4681741148272467e-12 1.483580108603494e-13 
0.0 0.0 0.0 0.0 0.0 0.0 0.0 0.0 0.0 0.0 0.0 0.0 0.0 0.0 0.0 0.0 0.0 0.0 0.0 0.0 0.0 0.0 0.0 0.0 0.0 0.0 0.0 0.0 0.0 0.0 0.0 0.0 0.0 0.0 0.0 0.0 0.0 0.0 0.0 0.0 0.0 0.0 0.0 0.0 0.0 0.0 0.0 5.356524704555856e-15 6.731955506480563e-14 6.973382711347584e-13 6.166338317754089e-12 4.9255775133025917e-11 3.583360843733005e-10 2.3512095999320327e-9 1.340323199837544e-8 6.387551028659261e-8 2.4781602109932914e-7 7.783443816458549e-7 2.038965713672289e-6 4.697945939127162e-6 1.0117014080968145e-5 2.0946432460549216e-5 4.0956657475376136e-5 7.387307122400528e-5 0.0001222999621863139 0.00018648086053011997 0.00026072659164556606 0.000331708419250233 0.00038581811395524906 0.00042058006043092246 0.0004451658703466276 0.00046825771408149513 0.0004894218269879715 0.0005021286909179234 0.0005006820364930299 0.00048271233265077807 0.00044714587934628944 0.00039303825533445845 0.00032216455641298226 0.00024279589243595055 0.00016895404222113655 0.00011332863658842784 7.974760354286278e-5 6.21337660980029e-5 5.040546930281729e-5 3.8178490420510774e-5 2.5285029628282686e-5 1.4356972869383492e-5 7.0038454745492485e-6 2.9636049091607946e-6 1.099757268273316e-6 3.650275615625969e-7 1.1216573232126285e-7 3.30290537515221e-8 9.159002984564094e-9 2.2474781234710166e-9 4.58806778654107e-10 7.441152408318187e-11 9.511264189093172e-12 9.659078889779626e-13 
0.0 0.0 0.0 0.0 0.0 0.0 0.0 0.0 0.0 0.0 0.0 0.0 0.0 0.0 0.0 0.0 0.0 0.0 0.0 0.0 0.0 0.0 0.0 0.0 0.0 0.0 0.0 0.0 0.0 0.0 0.0 0.0 0.0 0.0 0.0 0.0 0.0 0.0 0.0 0.0 0.0 0.0 0.0 0.0 0.0 0.0 0.0 4.2959935052909986e-14 5.277500117505731e-13 5.188605358118785e-12 4.1723777382873344e-11 2.8257155559273414e-10 1.6564136677619564e-9 8.812123190045099e-9 4.297878987459053e-8 1.861059384253332e-7 6.827714567385573e-7 2.058751558890077e-6 5.140333214916254e-6 1.1011667927758702e-5 2.1502154815819397e-5 4.055982172760065e-5 7.503077336853824e-5 0.00013353458245472457 0.0002242373229936563 0.00035155542116276214 0.0005094478850635372 0.0006767526674040593 0.0008251683959824398 0.0009367896533778698 0.0010135717814156392 0.0010690511299552724 0.0011127753793910636 0.0011415954943324483 0.0011428341501478652 0.0011051570550783562 0.001025074608702386 0.0009045221383655728 0.0007498155150394029 0.0005770199459634388 0.0004129131351116932 0.00028302787898125615 0.0001967755364490677 0.00014474880879924735 0.00010944270758765352 7.901065977263216e-5 5.158786824702121e-5 2.984033725269875e-5 1.5253022964924868e-5 6.924563254014183e-6 2.832765376484647e-6 1.076462976485899e-6 3.914154006744786e-7 1.3522718582055748e-7 4.192693170976881e-8 1.0950853334262285e-8 2.305608886669017e-9 3.7936875913478905e-10 4.881073295288269e-11 4.974438054686814e-12 
0.0 0.0 0.0 0.0 0.0 0.0 0.0 0.0 0.0 0.0 0.0 0.0 0.0 0.0 0.0 0.0 0.0 0.0 0.0 0.0 0.0 0.0 0.0 0.0 0.0 0.0 0.0 0.0 0.0 0.0 0.0 0.0 0.0 0.0 0.0 0.0 0.0 0.0 0.0 0.0 0.0 0.0 0.0 0.0 0.0 0.0 0.0 2.759567185488163e-13 3.273925998850804e-12 3.120045496623827e-11 2.4036509259004944e-10 1.5036586297351658e-9 7.70024552687824e-9 3.393569621374252e-8 1.352594702929635e-7 4.969362368370299e-7 1.6393161920955254e-6 4.649292501619975e-6 1.1152970243262805e-5 2.2961775214726273e-5 4.2545399057092e-5 7.573768998161024e-5 0.00013491349895080752 0.00023931939265844964 0.0004112068194402161 0.0006671556175334125 0.0010039657380681616 0.0013880862143115565 0.0017630577175772662 0.002075452228624989 0.0023014632159584205 0.0024515407769512554 0.0025479011651388583 0.002595271244293675 0.0025739296243195717 0.0024621616621016825 0.0022577554744946005 0.0019746729287602916 0.001634172687617856 0.0012689269009109536 0.0009249887294755413 0.0006446570316659468 0.0004442020888399029 0.0003105418338098593 0.00021791370594792663 0.00014757617907521116 9.323126457108999e-5 5.408146219099638e-5 2.8684448317692247e-5 1.3985677033064042e-5 6.406863334777396e-6 2.837108720771966e-6 1.2088491767908364e-6 4.7023619954853376e-7 1.5609519765613954e-7 4.218721687768538e-8 9.029078578289733e-9 1.4979758861132546e-9 1.936797393379998e-10 1.9820602982518835e-11 
0.0 0.0 0.0 0.0 0.0 0.0 0.0 0.0 0.0 0.0 0.0 0.0 0.0 0.0 0.0 0.0 0.0 0.0 0.0 0.0 0.0 0.0 0.0 0.0 0.0 0.0 0.0 0.0 0.0 0.0 0.0 0.0 0.0 0.0 0.0 0.0 0.0 0.0 0.0 0.0 0.0 0.0 0.0 0.0 0.0 0.0 0.0 1.5110691611348536e-12 1.6709140999787002e-11 1.5282154332725857e-10 1.1421317138507899e-9 6.878713323763264e-9 3.303523107055869e-8 1.3047272179767753e-7 4.426948873053206e-7 1.3515511123745023e-6 3.8024796896894936e-6 9.720266347752242e-6 2.210377791739953e-5 4.4596793344439437e-5 8.217841045671068e-5 0.000145556014398518 0.0002576787012729196 0.00045708090016639 0.0007926859460331857 0.0013064761477908473 0.0020060187968947356 0.0028422272233817798 0.003712197292444362 0.004493944541843738 0.0050997990681414885 0.005508948072076399 0.005745544665931482 0.005823366167740982 0.005718941046761124 0.005403262320622517 0.004885306240307399 0.004212891633690676 0.003450881711490559 0.002673776966955328 0.001961448154509166 0.0013766248538582078 0.00093977430365729 0.0006306796756399744 0.0004134813006394651 0.00026041335037584203 0.00015577326782883767 8.838586848825263e-5 4.783277914513131e-5 2.5063616923988613e-5 1.3021823380421217e-5 6.698841430503349e-6 3.232936853702982e-6 1.3575714742359165e-6 4.686737916384853e-7 1.2913446827329595e-7 2.7927242055713685e-8 4.667126246129916e-9 6.077047990028983e-10 6.27321911113684e-11 
0.0 0.0 0.0 0.0 0.0 0.0 0.0 0.0 0.0 0.0 0.0 0.0 0.0 0.0 0.0 0.0 0.0 0.0 0.0 0.0 0.0 0.0 0.0 0.0 0.0 0.0 0.0 0.0 0.0 0.0 0.0 0.0 0.0 0.0 0.0 0.0 0.0 0.0 0.0 0.0 0.0 0.0 0.0 0.0 0.0 0.0 0.0 7.809126950054922e-12 7.499571656210476e-11 6.295162883843588e-10 4.480742097978577e-9 2.61305678396489e-8 1.214275070319731e-7 4.5589599826666306e-7 1.420292662125729e-6 3.8167049855103806e-6 9.250480247732964e-6 2.0819827383234047e-5 4.386508819955527e-5 8.653773149650291e-5 0.0001617240297802729 0.00029302022855353207 0.0005237114128663394 0.0009238325650422404 0.001585934707790587 0.0025987811697948714 0.0039994490757690885 0.005727233269071909 0.007610756413434278 0.009408542680328251 0.010900774742376287 0.011971013447111057 0.012601894161035913 0.012795880579926158 0.012519554638574043 0.01173965757157443 0.01049887406650199 0.008930873560771282 0.0072144213570695 0.005530089706860693 0.004031315895992141 0.002813486129350241 0.001893778829733338 0.0012303468944310548 0.000764811702368155 0.0004506899104234674 0.0002523727278049923 0.00013663975543592668 7.371898038801734e-5 4.108673240289172e-5 2.39450568574766e-5 1.3845266804029496e-5 7.245035357817906e-6 3.180737956291396e-6 1.1237062703888381e-6 3.1391003392577085e-7 6.865467553726233e-8 1.1619233046832033e-8 1.538116687649932e-9 1.6237100943426818e-10 
0.0 0.0 0.0 0.0 0.0 0.0 0.0 0.0 0.0 0.0 0.0 0.0 0.0 0.0 0.0 0.0 0.0 0.0 0.0 0.0 0.0 0.0 0.0 0.0 0.0 0.0 0.0 0.0 0.0 0.0 0.0 0.0 0.0 0.0 0.0 0.0 0.0 0.0 0.0 0.0 0.0 0.0 0.0 0.0 0.0 0.0 0.0 3.9785537911566413e-11 3.1550092476531364e-10 2.2770902511236303e-9 1.4718756927125272e-8 8.131026937540061e-8 3.6598779103697515e-7 1.3370390010833751e-6 4.0135081673929685e-6 1.0162886719404297e-5 2.2625328369708985e-5 4.63924285672532e-5 9.094114480345282e-5 0.00017373421460994856 0.0003253214017637768 0.0005967962217621516 0.0010690593765360346 0.001863743554705847 0.0031446909360058786 0.005085820596995118 0.007793121443885083 0.011211828022891206 0.015076556641269372 0.01895199651286094 0.022376785017881574 0.02501629042021509 0.026696396481776838 0.027316414481490168 0.026776737801840093 0.025033375181339093 0.022223622278622738 0.018694448910882958 0.014895941663007905 0.011254521230320216 0.008088129348126744 0.0055597849159044485 0.003671313737183256 0.0023219881157475327 0.0013909882415138344 0.000781444112867051 0.00041340965713110224 0.00021160125829388458 0.00011084288361737168 6.338455118012978e-5 3.9556317146537546e-5 2.4440714921671484e-5 1.3359659344587196e-5 6.019072647942619e-6 2.1653352995909805e-6 6.154942977499713e-7 1.3749088640421485e-7 2.3946972862423953e-8 3.2956705408422378e-9 3.66003216200652e-10 
0.0 0.0 0.0 0.0 0.0 0.0 0.0 0.0 0.0 0.0 0.0 0.0 0.0 0.0 0.0 0.0 0.0 0.0 0.0 0.0 0.0 0.0 0.0 0.0 0.0 0.0 0.0 0.0 0.0 0.0 0.0 0.0 0.0 0.0 0.0 0.0 0.0 0.0 0.0 0.0 0.0 0.0 0.0 0.0 0.0 0.0 0.0 1.9480001068612216e-10 1.3068003275628454e-9 7.833881548110874e-9 4.3287996814574e-8 2.158167719692614e-7 9.185314343112167e-7 3.255487249768219e-6 9.570196957197327e-6 2.3677160227054413e-5 5.099644770659338e-5 0.00010023664345804898 0.00018855366332170707 0.0003503663005639988 0.0006482777336976703 0.0011832356131853776 0.0021036499481888573 0.0036221081963866363 0.006028383518122941 0.00965310842915253 0.014742834776629491 0.021285683780275552 0.02889393244357018 0.036835781001740314 0.044241729750867514 0.05033869159904758 0.05453605147121944 0.056371995836098754 0.05549840647181251 0.05183367229743695 0.045769064192568966 0.03815942780611751 0.030053106928831265 0.022395410885602655 0.015843921464144435 0.010698706150340442 0.006924351371562919 0.004284803590684078 0.002507877299600642 0.0013727165444142493 0.000702656775619331 0.0003442309015365537 0.00017173152520352753 9.502713591479839e-5 5.904701592048883e-5 3.692976032602567e-5 2.0526965231428303e-5 9.43194481157957e-6 3.479462104264526e-6 1.022878943568683e-6 2.390698223204285e-7 4.421558421128719e-8 6.557359887161702e-9 7.94014362584291e-10 
0.0 0.0 0.0 0.0 0.0 0.0 0.0 0.0 0.0 0.0 0.0 0.0 0.0 0.0 0.0 0.0 0.0 0.0 0.0 0.0 0.0 0.0 0.0 0.0 0.0 0.0 0.0 0.0 0.0 0.0 0.0 0.0 0.0 0.0 0.0 0.0 0.0 0.0 0.0 0.0 0.0 0.0 0.0 0.0 0.0 0.0 0.0 8.60320428031789e-10 5.209671391421434e-9 2.677043130060851e-8 1.232651034222171e-7 5.236841016024036e-7 2.0075258999101575e-6 6.726568998818264e-6 1.9263671299315874e-5 4.711715640353394e-5 0.00010078997287782017 0.0001965765289898129 0.0003660956485345327 0.000673053175206687 0.0012333234758869225 0.002231893802792603 0.0039369032839272145 0.006728830756205649 0.011128756651412532 0.017749071955546227 0.02709331040281639 0.03925851416991149 0.05371227875579594 0.0692898229909461 0.08444975468375247 0.09758129824155119 0.10715957391111444 0.1118126522688205 0.11054243953864816 0.10317664155778285 0.09071039675425421 0.07510550968132906 0.058628207470826775 0.04323180884464751 0.030211738974713413 0.020112164555294257 0.012812833783954883 0.007806310071765909 0.004510748583531696 0.0024457402345932013 0.0012396459208353662 0.0005951755875243664 0.0002835672407933428 0.00014532168990627177 8.369721822528159e-5 5.028561830969655e-5 2.7868215740683945e-5 1.311876843834829e-5 5.061004012073307e-6 1.5832685527893045e-6 3.999807018638453e-7 8.103099672291107e-8 1.3240127910747082e-8 1.7616320326389973e-9 
0.0 0.0 0.0 0.0 0.0 0.0 0.0 0.0 0.0 0.0 0.0 0.0 0.0 0.0 0.0 0.0 0.0 0.0 0.0 0.0 0.0 0.0 0.0 0.0 0.0 0.0 0.0 0.0 0.0 0.0 0.0 0.0 0.0 0.0 0.0 0.0 0.0 0.0 0.0 0.0 0.0 0.0 0.0 0.0 0.0 0.0 0.0 3.1582513183246437e-9 1.8232284173743933e-8 8.578326224485369e-8 3.4374481366786904e-7 1.2327498285016368e-6 4.072718308133889e-6 1.2377436694288271e-5 3.376819009932584e-5 8.131617067132357e-5 0.0001743244451710564 0.0003431988285058384 0.0006454434328119729 0.0011940741379919118 0.0021922410134688083 0.00396490629459121 0.006988716064929055 0.011944904355777015 0.019762568009801015 0.03153509234679463 0.048207752438192614 0.07011263819521743 0.09658309214844649 0.12583488024052206 0.15519910379810925 0.18149432230024076 0.20133416429789008 0.21149353435702617 0.20966118058780742 0.19552194019872765 0.1713149272943261 0.14115221402213174 0.10955788005683217 0.0802815086241769 0.05571193291161758 0.03678379942197528 0.0232088636054843 0.014002672438811679 0.008033999403104439 0.004346592613244446 0.002206644640517126 0.0010570664864295986 0.0004913528531151796 0.00023485861073759966 0.00012243483355603367 6.843261457752475e-5 3.730692194947047e-5 1.8100831240912677e-5 7.414413315049721e-6 2.503461868307393e-6 6.872968373040226e-7 1.5125631245694228e-7 2.6622018404367577e-8 3.767417503695978e-9 
0.0 0.0 0.0 0.0 0.0 0.0 0.0 0.0 0.0 0.0 0.0 0.0 0.0 0.0 0.0 0.0 0.0 0.0 0.0 0.0 0.0 0.0 0.0 0.0 0.0 0.0 0.0 0.0 0.0 0.0 0.0 0.0 0.0 0.0 0.0 0.0 0.0 0.0 0.0 0.0 0.0 0.0 0.0 0.0 0.0 0.0 0.0 9.23905221602162e-9 5.2320050005476145e-8 2.3651615697049587e-7 8.783593405190149e-7 2.7909606909897643e-6 7.98271287295669e-6 2.1411474938799283e-5 5.409748826977248e-5 0.00012642072072408203 0.00027112479128743106 0.0005418140760101376 0.001038341559218484 0.0019531457786196083 0.003630452657372337 0.006625412782582581 0.011763226661893843 0.02022777783942087 0.033618888392246485 0.05381256752620736 0.08249882412490135 0.12049083744163992 0.16706564041763683 0.2195405578160358 0.2733160716008211 0.32234523648649416 0.3598611125804087 0.3793992162406997 0.37647358420957333 0.3506707701253946 0.30649626142691644 0.25179202029266673 0.194879064231119 0.1424369233154044 0.0985833364572956 0.06485133726184618 0.04069072321633815 0.024377538672975447 0.013900382929954762 0.007501947351166573 0.003816851629080449 0.0018348740613364847 0.0008475829050359735 0.00039106768404707375 0.0001902596675722634 9.956918154001111e-5 5.3006607485384066e-5 2.622298999084366e-5 1.1226457638206543e-5 3.994559463244315e-6 1.154127078057124e-6 2.657338063908329e-7 4.85115883653996e-8 7.0621192079552075e-9 
0.0 0.0 0.0 0.0 0.0 0.0 0.0 0.0 0.0 0.0 0.0 0.0 0.0 0.0 0.0 0.0 0.0 0.0 0.0 0.0 0.0 0.0 0.0 0.0 0.0 0.0 0.0 0.0 0.0 0.0 0.0 0.0 0.0 0.0 0.0 0.0 0.0 0.0 0.0 0.0 0.0 0.0 0.0 0.0 0.0 0.0 0.0 2.1341216525312842e-8 1.2005120465243662e-7 5.343157033737639e-7 1.918460922596996e-6 5.714895332027384e-6 1.4818324125671775e-5 3.555267699756777e-5 8.226256819201475e-5 0.00018401464805656363 0.00039209221692017445 0.0007943310516006297 0.0015538414606159005 0.002982716490168366 0.005642273887655346 0.010448826869345897 0.018776800429817574 0.032595308732481794 0.054546656525018666 0.08774363182210382 0.13511463101326068 0.1983754589631799 0.2768872413597135 0.3666073307614546 0.45967848373703635 0.5451149265946612 0.6105182335752981 0.6443831319142131 0.6391353031713322 0.5945249819828996 0.5187652024169217 0.4255483670009866 0.3290460513149768 0.24037713741615171 0.16625328369142728 0.10913944982069815 0.06816463519687396 0.04054816434109903 0.02294259216835789 0.012311486442150887 0.006251756976391562 0.00300877625630844 0.0013885394550096856 0.0006316044406945139 0.0002961127684210808 0.000147732561539305 7.617868119528376e-5 3.744847079835144e-5 1.6202171396495563e-5 5.864181718960135e-6 1.724826537747307e-6 4.037829378733617e-7 7.482450767686052e-8 1.1054846824002409e-8 
0.0 0.0 0.0 0.0 0.0 0.0 0.0 0.0 0.0 0.0 0.0 0.0 0.0 0.0 0.0 0.0 0.0 0.0 0.0 0.0 0.0 0.0 0.0 0.0 0.0 0.0 0.0 0.0 0.0 0.0 0.0 0.0 0.0 0.0 0.0 0.0 0.0 0.0 0.0 0.0 0.0 0.0 0.0 0.0 0.0 0.0 0.0 3.8572001558264354e-8 2.1677345635800313e-7 9.609950395752793e-7 3.4121997297850516e-6 9.904932977619883e-6 2.4481305180687997e-5 5.487474090051337e-5 0.00011873229903333138 0.0002550721169115199 0.0005389724177814248 0.0011049426862725308 0.0022037771376337894 0.004314286844111117 0.008305546085221428 0.015617691159956015 0.02843375559962837 0.049887647117706005 0.08418709485790377 0.13634727302707772 0.2112559128115795 0.31209391505653494 0.4383991878422456 0.5839999950531367 0.735868846300505 0.875265975146895 0.981299442121224 1.0353533627780283 1.0258720093074927 0.9531749768924943 0.8308788403782701 0.6810738488174553 0.5263682556872171 0.38433048213948473 0.2655014329305899 0.17380353658654502 0.10798543716123067 0.0637485600335909 0.03575552910211463 0.01903494620838725 0.009610454880639867 0.004608391050412686 0.002117173074961938 0.0009505257689922737 0.000431904637591145 0.0002053924924290544 0.00010111966546338317 4.825831993725506e-5 2.0608124186599606e-5 7.442057025595349e-6 2.199368061774631e-6 5.206365811441784e-7 9.836678641274353e-8 1.5005881602889353e-8 
0.0 0.0 0.0 0.0 0.0 0.0 0.0 0.0 0.0 0.0 0.0 0.0 0.0 0.0 0.0 0.0 0.0 0.0 0.0 0.0 0.0 0.0 0.0 0.0 0.0 0.0 0.0 0.0 0.0 0.0 0.0 0.0 0.0 0.0 0.0 0.0 0.0 0.0 0.0 0.0 0.0 0.0 0.0 0.0 0.0 0.0 0.0 5.4611658426103104e-8 3.0759223931213475e-7 1.3668064504178683e-6 4.8586496367502006e-6 1.4061296829161637e-5 3.435618918928115e-5 7.528387166552937e-5 0.00015848378881937983 0.00033469834537603195 0.0007082892341628668 0.0014738222079180795 0.002995984374419534 0.005967924177654401 0.011657204349253639 0.022202348374761115 0.040901687564564346 0.07254066768866177 0.12359064507800252 0.20184355978517837 0.3150173408445682 0.46830685268972183 0.6613126174949694 0.884628310237956 1.117776158287323 1.3311316312680377 1.492244018111578 1.5732062315566573 1.5574628370584307 1.4461270820260133 1.2598430081760672 1.0319070201050904 0.7965527964424594 0.5805155706656986 0.3998949308007458 0.2607123773538547 0.16108353434955996 0.09443403636021143 0.05255144630501524 0.02775552158307179 0.013911207848194019 0.0066239934168339865 0.003014414395718436 0.0013277103125584663 0.000580379367788698 0.0002600537153964329 0.00012030520287933765 5.49826298278149e-5 2.304400956132083e-5 8.337660013033794e-6 2.5149107826374196e-6 6.209913807002887e-7 1.2598635634964122e-7 2.1407790499972e-8 
0.0 0.0 0.0 0.0 0.0 0.0 0.0 0.0 0.0 0.0 0.0 0.0 0.0 0.0 0.0 0.0 0.0 0.0 0.0 0.0 0.0 0.0 0.0 0.0 0.0 0.0 0.0 0.0 0.0 0.0 0.0 0.0 0.0 0.0 0.0 0.0 0.0 0.0 0.0 0.0 0.0 0.0 0.0 0.0 0.0 0.0 0.0 6.062226612925394e-8 3.432108215463028e-7 1.5372898492145437e-6 5.525168834601929e-6 1.622062481885247e-5 4.0296469131971235e-5 8.980720923184294e-5 0.0001920211115717879 0.0004120680426172817 0.0008891813805415621 0.0018905739474618414 0.003918172083919649 0.007918512618075689 0.01563330247279974 0.030064889449846692 0.05595635145655637 0.10030607573602414 0.17265584680117865 0.28451714698510383 0.4472478907525781 0.6683992423622318 0.9472751542213461 1.2700406971064258 1.6066891790621387 1.9139457752733855 2.144929205040462 2.260100040974478 2.2365133128344237 2.0759524920971493 1.8075058500861545 1.4785615204519518 1.138632980825859 0.826964999154727 0.5672635040110281 0.36811760045723213 0.22634380633695236 0.13201175777643293 0.0730462132811173 0.03833510580340499 0.019079590893451032 0.009011258626327808 0.004052195532128391 0.0017451458335764809 0.0007309075509037628 0.0003068552361454912 0.00013272620390534988 5.8391000580372526e-5 2.4570791644883795e-5 9.28715903397247e-6 3.040709179769926e-6 8.494651972510777e-7 2.0283006416253876e-7 4.1548561704674455e-8 
0.0 0.0 0.0 0.0 0.0 0.0 0.0 0.0 0.0 0.0 0.0 0.0 0.0 0.0 0.0 0.0 0.0 0.0 0.0 0.0 0.0 0.0 0.0 0.0 0.0 0.0 0.0 0.0 0.0 0.0 0.0 0.0 0.0 0.0 0.0 0.0 0.0 0.0 0.0 0.0 0.0 0.0 0.0 0.0 0.0 0.0 0.0 5.321942146438871e-8 3.042335584775419e-7 1.3858417529383037e-6 5.10428147515028e-6 1.5511340921703653e-5 4.031010043382259e-5 9.470217069435839e-5 0.00021335803682860047 0.0004783477784270744 0.0010677271929247637 0.002328922491800488 0.004913846806334259 0.01004306764471636 0.019980423336558126 0.0387221905963995 0.07274742804752861 0.1317814708264809 0.22914538922810102 0.3807996150837544 0.602225171385107 0.9033732877683069 1.282845265575918 1.7216081695930847 2.1789850278988308 2.5963167146290482 2.909857918515687 3.0658425286777464 3.033263004726674 2.8145396238982485 2.44862295434534 1.9994666248135233 1.5350564900036894 1.1102426873422124 0.7581297831329237 0.48993948128184106 0.3002112131300416 0.17455542666655793 0.09624826960462386 0.05027765212593152 0.024872561648472777 0.011655790073754262 0.005181939726061539 0.0021875801067354535 0.0008838879035022011 0.00035195478839382703 0.00014510999524780662 6.363925545166394e-5 2.84203631958138e-5 1.201727484234379e-5 4.564953018830922e-6 1.5080160421636001e-6 4.2379094077152555e-7 9.948533696311534e-8 
0.0 0.0 0.0 0.0 0.0 0.0 0.0 0.0 0.0 0.0 0.0 0.0 0.0 0.0 0.0 0.0 0.0 0.0 0.0 0.0 0.0 0.0 0.0 0.0 0.0 0.0 0.0 0.0 0.0 0.0 0.0 0.0 0.0 0.0 0.0 0.0 0.0 0.0 0.0 0.0 0.0 0.0 0.0 0.0 0.0 0.0 0.0 3.781046076734829e-8 2.2008449823368835e-7 1.0378221858013503e-6 4.010525216163289e-6 1.298661137935871e-5 3.6422279863815605e-5 9.276748025926292e-5 0.00022455775459287203 0.000530947376515496 0.0012279086327436977 0.0027409267793033145 0.005868328228346673 0.012101245454929858 0.024233666369367798 0.04730833704236585 0.08968916107721267 0.16410820464697987 0.28802229617136194 0.48210667218899755 0.7659909036481702 1.1518369091733254 1.6373181534864103 2.198156700547254 2.7831390529884477 3.317944930478535 3.720534323930841 3.920807567832099 3.878573895810582 3.597489332414462 3.1275077336222745 2.5499845534773424 1.9524587011458863 1.406938887760159 0.9570106188800938 0.6164702193705586 0.37686729656893786 0.21871568399786054 0.12031489697778378 0.0626222421098811 0.030817903580915944 0.014342338501566314 0.006318017293052151 0.0026310355848901765 0.0010402736477405162 0.0004025877526215121 0.00016368723619086486 7.46756069778459e-5 3.691333334993353e-5 1.7856769942290286e-5 7.776257022754208e-6 2.8937606641010084e-6 8.9071380485196e-7 2.2252684710284276e-7 
0.0 0.0 0.0 0.0 0.0 0.0 0.0 0.0 0.0 0.0 0.0 0.0 0.0 0.0 0.0 0.0 0.0 0.0 0.0 0.0 0.0 0.0 0.0 0.0 0.0 0.0 0.0 0.0 0.0 0.0 0.0 0.0 0.0 0.0 0.0 0.0 0.0 0.0 0.0 0.0 0.0 0.0 0.0 0.0 0.0 0.0 0.0 2.3031508542690442e-8 1.3829873162545357e-7 6.969052075645149e-7 2.924119812742717e-6 1.0404348413551788e-5 3.21107628649176e-5 8.90607714082071e-5 0.00022997938636390636 0.0005673357662012497 0.0013473509964908083 0.0030602332814365007 0.00663059669813865 0.013791025084734348 0.027819035821687394 0.05472799789019125 0.10466230497023395 0.19323129220476143 0.3418412197855115 0.5755831252833825 0.9178565036525013 1.382737178217813 1.9669520003856822 2.641488390418045 3.3458000352880735 3.991302811531003 4.478343900943957 4.7206197645148835 4.669443512034931 4.330748550367865 3.765039542274303 3.068736587418965 2.3466247037194 1.68707576191843 1.14442683905261 0.7353730473458078 0.44865348433228386 0.2598883902171259 0.14263013405300612 0.07399263929349278 0.03625152405606377 0.016779930910646793 0.007348942101408131 0.0030422438824758546 0.001194776934816597 0.0004593487756268376 0.00018820886580613941 9.029017015411003e-5 4.898339912891372e-5 2.62679121937164e-5 1.2497994924002816e-5 4.9706072481641486e-6 1.600719491931394e-6 4.114746879221638e-7 
0.0 0.0 0.0 0.0 0.0 0.0 0.0 0.0 0.0 0.0 0.0 0.0 0.0 0.0 0.0 0.0 0.0 0.0 0.0 0.0 0.0 0.0 0.0 0.0 0.0 0.0 0.0 0.0 0.0 0.0 0.0 0.0 0.0 0.0 0.0 0.0 0.0 0.0 0.0 0.0 0.0 0.0 0.0 0.0 0.0 0.0 0.0 1.346974631933677e-8 8.422597367140696e-8 4.6880263707006953e-7 2.1838424899729406e-6 8.584318477412193e-6 2.8815400033890664e-5 8.512717465542421e-5 0.00022923162409892116 0.000580367099128791 0.0014025268562863058 0.0032294628306576752 0.007079190210465775 0.014870846163227886 0.030254572620603416 0.0599862404319224 0.11558549541485516 0.21492079496094274 0.3825424607557728 0.6471094876401221 1.0351429377649624 1.5623494319610483 2.224652353090367 2.989126255373701 3.7878137399388114 4.520839773796383 5.074393157000533 5.3495232357787605 5.292079978916389 4.9109976713286345 4.274269848210315 3.487707250995852 2.667976474902579 1.916691555217284 1.298128030150169 0.8324534095210312 0.506720384443016 0.2927659582652399 0.16021231861980714 0.0828578228270636 0.04046647109484932 0.018678282816809905 0.008169743408447568 0.0033876867336036795 0.0013364041709477655 0.0005160131796485708 0.00021264827729130967 0.00010466432950529756 5.993581252483468e-5 3.416605364388739e-5 1.709558012770666e-5 7.04752859681659e-6 2.3232026868582835e-6 6.058019203694293e-7 
0.0 0.0 0.0 0.0 0.0 0.0 0.0 0.0 0.0 0.0 0.0 0.0 0.0 0.0 0.0 0.0 0.0 0.0 0.0 0.0 0.0 0.0 0.0 0.0 0.0 0.0 0.0 0.0 0.0 0.0 0.0 0.0 0.0 0.0 0.0 0.0 0.0 0.0 0.0 0.0 0.0 0.0 0.0 0.0 0.0 0.0 0.0 8.435025879841967e-9 5.450484457898892e-8 3.356583592235909e-7 1.7127738834824557e-6 7.261768128358794e-6 2.5813302521595927e-5 7.939061939658687e-5 0.00021950992370660621 0.0005656826080178139 0.0013865374457045715 0.003235173569473303 0.007180916947290031 0.01525060067169964 0.03130137425186849 0.06248753139049314 0.12106687725414511 0.22614179198985443 0.4040498281235879 0.6856707357486104 1.0997778871944943 1.6635240363312134 2.3724949566228704 3.1911476697269396 4.04665754985252 4.831864420524203 5.424113549175101 5.717647412366505 5.657128983386159 5.254616731180719 4.581181424276248 3.745286823387453 2.868848087362317 2.0616403335313076 1.3952470889163653 0.8931935774199873 0.542282947922315 0.312318329700373 0.17038205762460187 0.08791856093244513 0.042901527895247066 0.019823080679379025 0.008704149699828172 0.003637297625158689 0.0014497381603217783 0.0005629674923548109 0.0002299683676947181 0.00011165202061646561 6.433490061625112e-5 3.748306098981866e-5 1.9175215248318706e-5 8.03720688351522e-6 2.6784326551547377e-6 7.030642437624736e-7 
0.0 0.0 0.0 0.0 0.0 0.0 0.0 0.0 0.0 0.0 0.0 0.0 0.0 0.0 0.0 0.0 0.0 0.0 0.0 0.0 0.0 0.0 0.0 0.0 0.0 0.0 0.0 0.0 0.0 0.0 0.0 0.0 0.0 0.0 0.0 0.0 0.0 0.0 0.0 0.0 0.0 0.0 0.0 0.0 0.0 0.0 0.0 5.642937169049698e-9 3.7391700548853354e-8 2.4847617461044865e-7 1.3536984252726959e-6 6.05972607647286e-6 2.2480993345444588e-5 7.140869494787383e-5 0.0002020599201563149 0.0005293908124298516 0.0013150277842007378 0.0031065982466923405 0.00697657728578404 0.014965983575471686 0.030949532262746923 0.062095807757304264 0.12067248937925636 0.22578834551364918 0.4038703957159674 0.6862695814032627 1.1028599294540444 1.672096260558461 2.3901404503167054 3.220804549701183 4.089511548746821 4.886254580982326 5.485305691006164 5.780126616921555 5.718058776596104 5.314150551056316 4.639091040464623 3.7987305948991663 2.9137683953235824 2.095398641419936 1.4177272366186322 0.9062571271799114 0.5487425149142058 0.3149905172379067 0.17137553371974906 0.08837596171372784 0.04322913105952383 0.020088493612854235 0.008898482979199639 0.0037610193842587164 0.0015165008116298322 0.0005909862055464977 0.00023648680919598856 0.00010938038239783189 6.034145467561624e-5 3.4477114026114724e-5 1.7542598632657763e-5 7.3469043550627555e-6 2.448628557260964e-6 6.427737391421128e-7 
0.0 0.0 0.0 0.0 0.0 0.0 0.0 0.0 0.0 0.0 0.0 0.0 0.0 0.0 0.0 0.0 0.0 0.0 0.0 0.0 0.0 0.0 0.0 0.0 0.0 0.0 0.0 0.0 0.0 0.0 0.0 0.0 0.0 0.0 0.0 0.0 0.0 0.0 0.0 0.0 0.0 0.0 0.0 0.0 0.0 0.0 0.0 3.747978734437703e-9 2.608902254295204e-8 1.8418051033289022e-7 1.0597423939833645e-6 4.979250670440562e-6 1.9233907339571376e-5 6.304924158620915e-5 0.0001823450948829627 0.00048409477125085747 0.001212523300497952 0.0028852440509395693 0.006529160299435677 0.014108701639207605 0.02934155337450136 0.059059442575713474 0.1148584081509721 0.21466947470501266 0.3832975406019145 0.6506457595089403 1.0462031796630182 1.589320031411796 2.277718150808129 3.0768662228530417 3.9138763494602054 4.6806468854497005 5.254275503949281 5.532829584988209 5.468985056520278 5.080439711513358 4.435649084142648 3.6345213722486776 2.79058249393082 2.008724908039767 1.359478719478445 0.8681355364138509 0.5243467364289307 0.3000285245690676 0.16289698551832507 0.08409936074174099 0.04136904780902974 0.01941376654641127 0.008706200757273236 0.0037267620124619527 0.0015189706936833175 0.0005940624484989565 0.00023331069027503562 0.00010162227749332694 5.1565189029361674e-5 2.753760600697273e-5 1.3422577638910792e-5 5.475079276191279e-6 1.794966415537105e-6 4.6628466552934435e-7 
0.0 0.0 0.0 0.0 0.0 0.0 0.0 0.0 0.0 0.0 0.0 0.0 0.0 0.0 0.0 0.0 0.0 0.0 0.0 0.0 0.0 0.0 0.0 0.0 0.0 0.0 0.0 0.0 0.0 0.0 0.0 0.0 0.0 0.0 0.0 0.0 0.0 0.0 0.0 0.0 0.0 0.0 0.0 0.0 0.0 0.0 0.0 2.4666997719608393e-9 1.8921258648942382e-8 1.4103665528629246e-7 8.523965513946479e-7 4.183213648369865e-6 1.673811710653312e-5 5.6264295989901624e-5 0.0001649151385184 0.0004388875988153506 0.0010956300111892173 0.002600432923787249 0.0058921585538406485 0.012784913676090835 0.026701904484905024 0.05385683012461648 0.10462833771579755 0.19483992514846396 0.34631104930304735 0.5857938009031279 0.9407029716575339 1.4302766506697226 2.054113307654209 2.781215213493273 3.543830362342799 4.241010011048507 4.75908838823713 5.005847902248401 4.940902786109376 4.583489859814632 3.9980799252030392 3.2758457733161706 2.5178024250355757 1.8155322573094033 1.230490993917524 0.7857609943766852 0.47369883662457657 0.27025655619990907 0.1464654048300323 0.07575543983427929 0.03752726760909111 0.017815269044280532 0.00809639225870118 0.003508088828501947 0.0014439778661602893 0.0005686996806980934 0.0002225007064221243 9.315957820247445e-5 4.3265580484514745e-5 2.0781479849053053e-5 9.245282472034241e-6 3.520207428123423e-6 1.0992409275578526e-6 2.7626206534916735e-7 
0.0 0.0 0.0 0.0 0.0 0.0 0.0 0.0 0.0 0.0 0.0 0.0 0.0 0.0 0.0 0.0 0.0 0.0 0.0 0.0 0.0 0.0 0.0 0.0 0.0 0.0 0.0 0.0 0.0 0.0 0.0 0.0 0.0 0.0 0.0 0.0 0.0 0.0 0.0 0.0 0.0 0.0 0.0 0.0 0.0 0.0 0.0 1.7661578295070695e-9 1.5273059791755666e-8 1.1814783710702514e-7 7.372812958889536e-7 3.7171461104407444e-6 1.5169252719820446e-5 5.1523842754843566e-5 0.00015084743122556127 0.00039648762839405326 0.0009722495120499854 0.0022745472440050445 0.005122301027006858 0.011123784017913321 0.02330379739530888 0.0470505502325923 0.09115708315574882 0.16878372733725436 0.2979840740868685 0.5012222837392687 0.8022981518934562 1.2188474117560655 1.7517621639699206 2.374633726505475 3.027930389057254 3.623071505579957 4.0618372981604125 4.266243051996658 4.203664996893593 3.892878821452579 3.3916124394452654 2.7791496410837158 2.139964612163016 1.5480146074683565 1.052553012157587 0.6732749525707105 0.4056536734430317 0.23092121747980787 0.1249156720253313 0.06468108218227409 0.03222609594079447 0.015449056385835823 0.007098589262855122 0.0031047581772415253 0.0012879420173139968 0.0005119027532075416 0.0002022776383432166 8.402063267916294e-5 3.6945821500470845e-5 1.6062392700573584e-5 6.353055919824163e-6 2.159554021474161e-6 6.121641396278713e-7 1.4267377519741916e-7 
0.0 0.0 0.0 0.0 0.0 0.0 0.0 0.0 0.0 0.0 0.0 0.0 0.0 0.0 0.0 0.0 0.0 0.0 0.0 0.0 0.0 0.0 0.0 0.0 0.0 0.0 0.0 0.0 0.0 0.0 0.0 0.0 0.0 0.0 0.0 0.0 0.0 0.0 0.0 0.0 0.0 0.0 0.0 0.0 0.0 0.0 0.0 1.507869247735084e-9 1.4089819938862308e-8 1.0978029901409093e-7 6.885359045977553e-7 3.482225796562522e-6 1.4207202140439668e-5 4.7973741017472714e-5 0.00013845171294253484 0.00035531452968851345 0.0008464956218075935 0.001932678818708335 0.004294673982747377 0.009294995826571263 0.019482618524510335 0.03929036381949573 0.07575980780765872 0.1392376109342775 0.2438568877290479 0.4073867087749997 0.6490384108899697 0.9834703043722945 1.4118726958025456 1.9127444467600823 2.4369284556009254 2.911975732934363 3.25923292886902 3.417621303667344 3.36242296730255 3.1099399994226973 2.708124670497946 2.2214327272910515 1.715875875945092 1.2471254700016783 0.8521533898260069 0.5470306351098991 0.33003471072732643 0.18775743894165192 0.10143850049545368 0.052526628935317246 0.02624367415835343 0.012647532839121527 0.0058435592404662675 0.002564894433976242 0.0010659080987492863 0.00042517644205325667 0.00016939680393163767 7.064795322725961e-5 3.040796088165864e-5 1.2475837896947494e-5 4.512737293014275e-6 1.3733147196804086e-6 3.454940233525062e-7 7.179636412564015e-8 
0.0 0.0 0.0 0.0 0.0 0.0 0.0 0.0 0.0 0.0 0.0 0.0 0.0 0.0 0.0 0.0 0.0 0.0 0.0 0.0 0.0 0.0 0.0 0.0 0.0 0.0 0.0 0.0 0.0 0.0 0.0 0.0 0.0 0.0 0.0 0.0 0.0 0.0 0.0 0.0 0.0 0.0 0.0 0.0 0.0 0.0 0.0 1.4532493117798188e-9 1.3840241596622004e-8 1.06328702779097e-7 6.575860446638397e-7 3.2804516338451855e-6 1.320215360680511e-5 4.3898808038127185e-5 0.0001242217327468191 0.0003106423375978772 0.0007181192452366224 0.0015957740639517654 0.0034842613327742506 0.007479938300547402 0.01561376703559401 0.031326131582091896 0.05994308503823926 0.10918281602471828 0.1895768090709853 0.3144291324269628 0.49817484158455555 0.75182667033016 1.076136184442818 1.4543541697684308 1.848432622190993 2.20319125072099 2.460222442445192 2.5752988573429807 2.5310957686762445 2.3404263146015314 2.039784248377175 1.677429925430544 1.30135816521487 0.9511707533791537 0.6536331351510246 0.4215819294664285 0.2551908820472056 0.14545434055090636 0.07865527027837194 0.04075673144878407 0.020385522095340728 0.009835215256011984 0.004540723940837938 0.001983558902732019 0.0008166675157429413 0.0003218419508432928 0.0001267207342321633 5.226336675808642e-5 2.212423443954421e-5 8.813137422812554e-6 3.042363612611898e-6 8.661199190461824e-7 1.9972886923329688e-7 3.742323458798293e-8 
0.0 0.0 0.0 0.0 0.0 0.0 0.0 0.0 0.0 0.0 0.0 0.0 0.0 0.0 0.0 0.0 0.0 0.0 0.0 0.0 0.0 0.0 0.0 0.0 0.0 0.0 0.0 0.0 0.0 0.0 0.0 0.0 0.0 0.0 0.0 0.0 0.0 0.0 0.0 0.0 0.0 0.0 0.0 0.0 0.0 0.0 0.0 1.3662955941763292e-9 1.292750711887359e-8 9.753010653736883e-8 5.92413146421569e-7 2.9051188400562947e-6 1.1510927214200869e-5 3.7719454312704816e-5 0.00010512880584925938 0.0002583069288076853 0.0005850484052804682 0.0012740311649539972 0.002737446267167822 0.005810917172232515 0.012017001940463347 0.02386768007790046 0.04516976214728003 0.08140011415037096 0.14005122157107744 0.2305793651059981 0.3631102145982152 0.5451353158455118 0.7767251746732613 1.0454354820926852 1.323691149246559 1.5722665686934376 1.7507222185236953 1.829321831185713 1.7969539783890243 1.6629574647297511 1.452754619935687 1.199412497009913 0.9353490286956042 0.6875135059654528 0.47501023081908833 0.3079269926876014 0.18732034142255727 0.10729759315038855 0.05829254009377902 0.030328859165433555 0.015217473573751921 0.007349127534483548 0.0033803630508633955 0.0014598604228844066 0.000588304734815475 0.00022437515422301816 8.459904420516951e-5 3.3318949076637194e-5 1.3575808699775044e-5 5.25190644821633e-6 1.7643937114395245e-6 4.86226385471448e-7 1.07348213487941e-7 1.8974334662793036e-8 
0.0 0.0 0.0 0.0 0.0 0.0 0.0 0.0 0.0 0.0 0.0 0.0 0.0 0.0 0.0 0.0 0.0 0.0 0.0 0.0 0.0 0.0 0.0 0.0 0.0 0.0 0.0 0.0 0.0 0.0 0.0 0.0 0.0 0.0 0.0 0.0 0.0 0.0 0.0 0.0 0.0 0.0 0.0 0.0 0.0 0.0 0.0 1.1213434168331528e-9 1.0518623507699828e-8 7.837318212203993e-8 4.704976295594893e-7 2.284620830063907e-6 8.990536851769972e-6 2.9351376079002288e-5 8.168282605092506e-5 0.00020038379406070987 0.00045188768864054546 0.0009761487024470426 0.0020753521197637956 0.004354030499161754 0.008889558489409389 0.017413178936314857 0.03250212086416558 0.05785503735711264 0.09855559213763765 0.16098263914396727 0.25177795907592304 0.375550215246808 0.5318101556806346 0.7117794297053469 0.8967814488958208 1.0607682967277634 1.1774890704498264 1.2281990866916996 1.2063223435312167 1.1182222781625153 0.9802227953753371 0.8131783035669092 0.6375639570753844 0.47104403899806085 0.327018009872388 0.21310346878426978 0.13048772382481674 0.07534769851090355 0.04130519902431661 0.021691274647412495 0.010980149556995165 0.005337746609418062 0.002457376028000711 0.0010518962512695727 0.00041445902197534645 0.00015163248418090017 5.341497768266356e-5 1.9216697496336008e-5 7.177394378447119e-6 2.6099694585084353e-6 8.435405634519745e-7 2.2635406377849208e-7 4.880713048349161e-8 8.39635998630645e-9 
0.0 0.0 0.0 0.0 0.0 0.0 0.0 0.0 0.0 0.0 0.0 0.0 0.0 0.0 0.0 0.0 0.0 0.0 0.0 0.0 0.0 0.0 0.0 0.0 0.0 0.0 0.0 0.0 0.0 0.0 0.0 0.0 0.0 0.0 0.0 0.0 0.0 0.0 0.0 0.0 0.0 0.0 0.0 0.0 0.0 0.0 0.0 7.606630729258824e-10 7.116053844073134e-9 5.288960507823221e-8 3.177443134604852e-7 1.5517121815833727e-6 6.176925937709299e-6 2.050874221526754e-5 5.821991787205954e-5 0.00014543392584677166 0.0003315008130180471 0.0007165089175270673 0.001511788834685178 0.003134351380356691 0.006312545423078295 0.01218536151801178 0.022413465609295392 0.03937022770545991 0.06633061239395958 0.10736470825333617 0.16654279552626033 0.24641079578659422 0.3461945075649022 0.4600403758860997 0.5761510618452006 0.6783791749471695 0.7506796085313632 0.781816173255979 0.7680561646134145 0.7134153726468891 0.627681956682984 0.5231894907027927 0.412232696042944 0.30597749598992735 0.21343292420591548 0.1399308290104735 0.08640368022952624 0.05043074209449171 0.027992174250018098 0.014904973301825499 0.007661242785248422 0.0037839504038275767 0.0017664942643991462 0.00076306676927602 0.000301079277266432 0.0001087066895268112 3.656035689673243e-5 1.1871599075717438e-5 3.822548307428585e-6 1.2031620478193399e-6 3.5002057960577704e-7 8.795990505450099e-8 1.8246888539898746e-8 3.06061844419902e-9 
0.0 0.0 0.0 0.0 0.0 0.0 0.0 0.0 0.0 0.0 0.0 0.0 0.0 0.0 0.0 0.0 0.0 0.0 0.0 0.0 0.0 0.0 0.0 0.0 0.0 0.0 0.0 0.0 0.0 0.0 0.0 0.0 0.0 0.0 0.0 0.0 0.0 0.0 0.0 0.0 0.0 0.0 0.0 0.0 0.0 0.0 0.0 4.1864010767116205e-10 3.945641209477838e-9 2.9684411946537115e-8 1.8196942106420451e-7 9.159997580975999e-7 3.7917796110927477e-6 1.3162605561065162e-5 3.9032439953917916e-5 0.00010090267284738557 0.00023407523931788808 0.000505845616836116 0.0010551168689878192 0.002156730021578415 0.004287740986666922 0.008174687849293948 0.014844098195605487 0.02574156965995511 0.042859954155052324 0.06864352277781904 0.10541552542782687 0.1544213176218802 0.21486789561069525 0.2830813854814988 0.3521073860124775 0.41257947869992895 0.4552073888371484 0.4734970921531386 0.46533880884922696 0.43308360107323374 0.3822928603795597 0.3199395702677944 0.2531541138373687 0.18872932737971557 0.13235238033189153 0.0874178297660082 0.05452176012862677 0.032212642378137944 0.018126605592628485 0.009805419159258148 0.005141234885785871 0.0026056671320992316 0.0012561786529907335 0.0005639392207241971 0.00023259370536703194 8.77301397516109e-5 3.0154447334456705e-5 9.41848349466507e-6 2.6634045446663695e-6 6.822567229302981e-7 1.5849974608975582e-7 3.297915631818918e-8 6.023535980925298e-9 9.365775065038318e-10 
0.0 0.0 0.0 0.0 0.0 0.0 0.0 0.0 0.0 0.0 0.0 0.0 0.0 0.0 0.0 0.0 0.0 0.0 0.0 0.0 0.0 0.0 0.0 0.0 0.0 0.0 0.0 0.0 0.0 0.0 0.0 0.0 0.0 0.0 0.0 0.0 0.0 0.0 0.0 0.0 0.0 0.0 0.0 0.0 0.0 0.0 0.0 1.8725547146885844e-10 1.8094897779480221e-9 1.411009076896979e-8 9.091891299881217e-8 4.877509194124029e-7 2.165634626693785e-6 8.047984262067873e-6 2.5270750472157685e-5 6.78605781841601e-5 0.00015966520376696876 0.000342513476281683 0.0007012793682338806 0.0014087380202535138 0.0027695658682138705 0.005238756856969489 0.009432287665807223 0.016189788685618114 0.026654635633359743 0.042202614900110916 0.06406506814016275 0.09277048485281189 0.12767638031349887 0.1666177848710098 0.2057375118489111 0.23988772948215345 0.26390760217477655 0.27415640956298465 0.2694777043237869 0.2512051571649318 0.22236828707430664 0.18675037007319906 0.148344605333428 0.11110611625679159 0.0783959181292118 0.05220676779133168 0.032892426303570636 0.019653589526356922 0.011194524662382641 0.006147700556197403 0.0032979851435803688 0.0017326304670354893 0.0008796656025837971 0.0004222955618118687 0.00018822093273659812 7.664639744059153e-5 2.7905777258633027e-5 8.864587813976034e-6 2.401701209186429e-6 5.468536495202578e-7 1.0421540730241786e-7 1.6733911080981956e-8 2.3485904907214437e-9 2.946288258282545e-10 
0.0 0.0 0.0 0.0 0.0 0.0 0.0 0.0 0.0 0.0 0.0 0.0 0.0 0.0 0.0 0.0 0.0 0.0 0.0 0.0 0.0 0.0 0.0 0.0 0.0 0.0 0.0 0.0 0.0 0.0 0.0 0.0 0.0 0.0 0.0 0.0 0.0 0.0 0.0 0.0 0.0 0.0 0.0 0.0 0.0 0.0 0.0 7.019360423819427e-11 7.160354947493579e-10 5.985881524278622e-9 4.194614309363348e-8 2.464665630594533e-7 1.190847992889469e-6 4.746171315027949e-6 1.5680329047114e-5 4.336392968966439e-5 0.00010281694671705291 0.0002182777450295086 0.0004383720707664466 0.0008664707042054676 0.0016905252594585484 0.0031892688887235937 0.005724771871298244 0.009767753368018339 0.015939740608472384 0.02496484604590295 0.037446419875475805 0.05357080166554434 0.07289968232198013 0.09423427854844386 0.11552909329340341 0.13404305485688886 0.14698224536796073 0.15238491714555 0.1497030645749899 0.13972691852503738 0.1240446402404629 0.10458733321352184 0.08346471634514845 0.06285544586724798 0.04464119260446794 0.029950003064592185 0.01901709472139567 0.011451534944343618 0.006580591178749421 0.003665400156858689 0.0020206952544869466 0.0011133655095743266 0.0006052982409508584 0.00031517583165908644 0.00015224630166354666 6.618893031036551e-5 2.510847057902336e-5 8.08550722889059e-6 2.1633703536958e-6 4.7309739490904756e-7 8.339607974730048e-8 1.171534228160966e-8 1.3468371943061705e-9 1.3142615935854218e-10 
0.0 0.0 0.0 0.0 0.0 0.0 0.0 0.0 0.0 0.0 0.0 0.0 0.0 0.0 0.0 0.0 0.0 0.0 0.0 0.0 0.0 0.0 0.0 0.0 0.0 0.0 0.0 0.0 0.0 0.0 0.0 0.0 0.0 0.0 0.0 0.0 0.0 0.0 0.0 0.0 0.0 0.0 0.0 0.0 0.0 0.0 0.0 2.3260411397968687e-11 2.60023694446331e-10 2.402412524410653e-9 1.8614751016331584e-8 1.1973683341186451e-7 6.211653129895509e-7 2.6071307786494926e-6 8.920156624933718e-6 2.519215776050945e-5 6.028741287103444e-5 0.00012798834725591857 0.0002556632628758613 0.0005026102968324128 0.000978500954489714 0.0018462126551597267 0.0033129972590388245 0.005637660785115137 0.009145886731613814 0.014195923121316555 0.021058586446117772 0.029778966912705828 0.040095170989014293 0.051381687888292824 0.06258543711719956 0.07226427500155548 0.07892643536776434 0.08156367307008332 0.07998930532321599 0.07470794336488551 0.06653033965995694 0.05636797762678179 0.04524617272922331 0.03428708429110792 0.024500645077579746 0.016524884158640705 0.010536496249504047 0.006369362197780971 0.0036840124710108666 0.002084263150872612 0.0011890784645852115 0.000694555346289768 0.0004071889528401054 0.0002287124341425748 0.00011733799819621697 5.290032379959266e-5 2.0317469199576695e-5 6.4990528337398296e-6 1.7060404662748312e-6 3.63029160936817e-7 6.173561804411032e-8 8.24665513224345e-9 8.795381160185027e-10 7.652560615509678e-11 
0.0 0.0 0.0 0.0 0.0 0.0 0.0 0.0 0.0 0.0 0.0 0.0 0.0 0.0 0.0 0.0 0.0 0.0 0.0 0.0 0.0 0.0 0.0 0.0 0.0 0.0 0.0 0.0 0.0 0.0 0.0 0.0 0.0 0.0 0.0 0.0 0.0 0.0 0.0 0.0 0.0 0.0 0.0 0.0 0.0 0.0 0.0 7.36144160470866e-12 9.178823875439976e-11 9.351583999583417e-10 7.860631065699154e-9 5.383162224064462e-8 2.9195388120783e-7 1.2651948486985738e-6 4.4394062014825066e-6 1.2838855530328038e-5 3.155117666994855e-5 6.90209840094953e-5 0.00014177983603156602 0.0002834849089245302 0.0005536281320235774 0.001039399697437689 0.0018530076963328896 0.0031353673749208496 0.005057471065600372 0.007791688416214361 0.011448070400977544 0.016019114792889057 0.02135768312878572 0.02715242664289519 0.03287631173225548 0.037780587265878 0.04107719972877695 0.042260840177544036 0.0413053882274706 0.038542722476167995 0.034394883002773616 0.02927069239351698 0.023628144942958732 0.018007828421030526 0.012931857569107027 0.008755094173512397 0.005599069985581199 0.0033975541112054117 0.0019808486208676233 0.0011416163042633637 0.0006762321265645176 0.00041868585867967225 0.00026223229448430087 0.00015577063539170253 8.275239428354495e-5 3.775228260804955e-5 1.4387386254012954e-5 4.5027865377817005e-6 1.1473543890678419e-6 2.361558632575555e-7 3.879182573973229e-8 4.999323179884124e-9 5.135402517385387e-10 4.2764040518305907e-11 
0.0 0.0 0.0 0.0 0.0 0.0 0.0 0.0 0.0 0.0 0.0 0.0 0.0 0.0 0.0 0.0 0.0 0.0 0.0 0.0 0.0 0.0 0.0 0.0 0.0 0.0 0.0 0.0 0.0 0.0 0.0 0.0 0.0 0.0 0.0 0.0 0.0 0.0 0.0 0.0 0.0 0.0 0.0 0.0 0.0 0.0 0.0 2.2847580776511698e-12 3.1059863752564914e-11 3.377124974909489e-10 2.977253456167885e-9 2.1108559449893965e-8 1.1755408510585983e-7 5.223713318149726e-7 1.8910316761903716e-6 5.726098826789593e-6 1.5047385556191864e-5 3.573632578929274e-5 7.917008662875468e-5 0.0001653388015857002 0.0003243573404520339 0.0005966892419810928 0.001036246184962201 0.0017178026827249066 0.0027359078901487105 0.004178805351859875 0.006087277905190026 0.008433593568181038 0.011127201289956208 0.014013894022520733 0.016844314006218886 0.01925052694317317 0.020827464943936336 0.02131435505631272 0.02072021142523956 0.01925568929135205 0.017158643210345756 0.014619935960808225 0.01183488465441537 0.009051782648358698 0.006529429429870584 0.004449050570160079 0.0028719411217319377 0.0017641900055290058 0.001043390614353076 0.0006117227945592184 0.0003715323138125317 0.00023859043850168625 0.0001556338786706323 9.544832412615835e-5 5.1509887687891676e-5 2.3467977609108335e-5 8.801111114107635e-6 2.6801509881302163e-6 6.597311928225033e-7 1.306629461708883e-7 2.0616729298851394e-8 2.551787925160952e-9 2.5242144855339934e-10 2.0300302131883347e-11 
0.0 0.0 0.0 0.0 0.0 0.0 0.0 0.0 0.0 0.0 0.0 0.0 0.0 0.0 0.0 0.0 0.0 0.0 0.0 0.0 0.0 0.0 0.0 0.0 0.0 0.0 0.0 0.0 0.0 0.0 0.0 0.0 0.0 0.0 0.0 0.0 0.0 0.0 0.0 0.0 0.0 0.0 0.0 0.0 0.0 0.0 0.0 6.553675190513788e-13 9.36804421922455e-12 1.0543911497281821e-10 9.534601142148593e-10 6.911484283269681e-9 3.94711173021724e-8 1.8202548650063412e-7 7.001982262374011e-7 2.3334454657208704e-6 6.981556084319384e-6 1.9015151311938697e-5 4.692653762163488e-5 0.00010359806979911005 0.00020375612995669854 0.00036201765468377715 0.0005983293950691782 0.0009497306326147306 0.0014729350462685052 0.002221793097197152 0.003212300340521299 0.004409905500749008 0.005746616665675353 0.007139937434822463 0.008483712536428269 0.009618984435660097 0.010349124946767468 0.010529684043406633 0.010158570173077749 0.009360906371601462 0.00828250209488923 0.007024996294062988 0.0056741648661497324 0.004342703794655284 0.00315222954228323 0.002180343807511173 0.0014414521887207658 0.0009101602059429964 0.0005498811063088407 0.0003243352758132872 0.0001955043744073349 0.00012479219504854945 8.181539395490677e-5 5.064660940221911e-5 2.7438280732306637e-5 1.242879085902204e-5 4.58747933915023e-6 1.362517802698601e-6 3.247928719437382e-7 6.196042864377303e-8 9.378448343090068e-9 1.1104811909645623e-9 1.0519719539481329e-10 8.127011702307066e-12 
0.0 0.0 0.0 0.0 0.0 0.0 0.0 0.0 0.0 0.0 0.0 0.0 0.0 0.0 0.0 0.0 0.0 0.0 0.0 0.0 0.0 0.0 0.0 0.0 0.0 0.0 0.0 0.0 0.0 0.0 0.0 0.0 0.0 0.0 0.0 0.0 0.0 0.0 0.0 0.0 0.0 0.0 0.0 0.0 0.0 0.0 0.0 1.6133626323979793e-13 2.3630129556208346e-12 2.7085646893264205e-11 2.494564273917567e-10 1.8567887876868377e-9 1.1091137967325439e-8 5.5267129117619795e-8 2.404241837434139e-7 9.462922857274148e-7 3.3869620409963478e-6 1.0706648932412796e-5 2.9142726523706908e-5 6.7388044073316e-5 0.00013268649628592986 0.00022745992304440052 0.00035448710663734436 0.0005302693079236707 0.0007914214351914658 0.0011769845850797273 0.0016964944828247457 0.00231725337737984 0.002983190740751705 0.003643749252946999 0.004259889182877358 0.004776835224876557 0.005106411751339756 0.005164597582292171 0.004937020404147624 0.004492658264929393 0.003922893856467312 0.0032890917092472517 0.0026339773662303035 0.002010437421069373 0.001472006800601844 0.001042975239653068 0.0007149665567295336 0.00046827381493214304 0.00028876918033029423 0.0001684805611369842 9.705383533529115e-5 5.8544258207088313e-5 3.701175930353784e-5 2.2606448909749796e-5 1.2185710353252361e-5 5.482321731998352e-6 1.9984845169397947e-6 5.823852201648901e-7 1.353692617761716e-7 2.5035673254219338e-8 3.653035456816046e-9 4.1474001040007976e-10 3.75869255927532e-11 2.778427884271997e-12 
0.0 0.0 0.0 0.0 0.0 0.0 0.0 0.0 0.0 0.0 0.0 0.0 0.0 0.0 0.0 0.0 0.0 0.0 0.0 0.0 0.0 0.0 0.0 0.0 0.0 0.0 0.0 0.0 0.0 0.0 0.0 0.0 0.0 0.0 0.0 0.0 0.0 0.0 0.0 0.0 0.0 0.0 0.0 0.0 0.0 0.0 0.0 3.292092836495819e-14 4.892446728876438e-13 5.701761343206739e-12 5.399638978198505e-11 4.24512512127283e-10 2.7975572491930617e-9 1.6240217159927856e-8 8.589115763719589e-8 4.1251323704219666e-7 1.7353260708107821e-6 6.113990073374348e-6 1.773986381937885e-5 4.225032843750063e-5 8.318242022116841e-5 0.00013858197379029775 0.00020498009158939864 0.0002891980362820166 0.00041562499916223333 0.00061362680725326 0.0008913188790111423 0.0012233269174451009 0.0015660049718928583 0.0018850739280003494 0.0021670669209766266 0.002399462748372038 0.0025465435258580755 0.002561310438892096 0.002427496493693318 0.0021795010028311202 0.0018715512774525433 0.0015424386857170011 0.0012172821993433679 0.0009222425870877345 0.0006790616976402827 0.0004911763210423307 0.0003467527530168223 0.0002330755779342802 0.0001449643180538786 8.261246656542478e-5 4.451599833749668e-5 2.4396847902891092e-5 1.4246575825251451e-5 8.36096012654464e-6 4.438199334799344e-6 1.9808118154593052e-6 7.157306448043465e-7 2.0598524552697153e-7 4.707648594079588e-8 8.519945062053626e-9 1.210087238012597e-9 1.3293368840505947e-10 1.1606763770528387e-11 8.242796269996205e-13 
0.0 0.0 0.0 0.0 0.0 0.0 0.0 0.0 0.0 0.0 0.0 0.0 0.0 0.0 0.0 0.0 0.0 0.0 0.0 0.0 0.0 0.0 0.0 0.0 0.0 0.0 0.0 0.0 0.0 0.0 0.0 0.0 0.0 0.0 0.0 0.0 0.0 0.0 0.0 0.0 0.0 0.0 0.0 0.0 0.0 0.0 0.0 5.387160421967503e-15 8.168324051144643e-14 9.842987413524907e-13 9.961702341773108e-12 8.891039324906508e-11 7.098114021507918e-10 5.161602239022774e-9 3.358027858125259e-8 1.884835198098173e-7 8.78465187744888e-7 3.29328474583056e-6 9.901226860552071e-6 2.3956395493647288e-5 4.703460916718066e-5 7.66014873647596e-5 0.00010872589512014698 0.0001464810192729976 0.00020559256587090406 0.00030641072170952674 0.00045571895188112885 0.0006371243346194276 0.0008205623835684078 0.0009821038976222014 0.0011148429731094819 0.001218579148143557 0.0012819486588779919 0.001282695461940647 0.0012088544201470225 0.0010745160662288097 0.0009085510571532288 0.0007351903397930609 0.0005705752337424828 0.0004274977793359258 0.00031351088010988625 0.00022711483369901024 0.0001610072949723433 0.00010857738577300419 6.722974853491429e-5 3.734323363846516e-5 1.8822037715509196e-5 9.182899985060588e-6 4.731721048271101e-6 2.564683317792646e-6 1.3156706243392849e-6 5.794377728364454e-7 2.0776227157911776e-7 5.930814202080875e-8 1.3411333167599058e-8 2.3937491128784565e-9 3.339546173019034e-10 3.58577876095475e-11 3.046503244484142e-12 2.0971228984795962e-13 
0.0 0.0 0.0 0.0 0.0 0.0 0.0 0.0 0.0 0.0 0.0 0.0 0.0 0.0 0.0 0.0 0.0 0.0 0.0 0.0 0.0 0.0 0.0 0.0 0.0 0.0 0.0 0.0 0.0 0.0 0.0 0.0 0.0 0.0 0.0 0.0 0.0 0.0 0.0 0.0 0.0 0.0 0.0 0.0 0.0 0.0 0.0 7.07179112294659e-16 1.1035454067480037e-14 1.4517149674608784e-13 1.72765939399027e-12 1.9642271865490276e-11 2.0268922201263744e-10 1.812253810905468e-9 1.3555155145054e-8 8.300100982027264e-8 4.080169504344482e-7 1.5793391849789894e-6 4.833947022873807e-6 1.176868042484679e-5 2.2970514252150363e-5 3.6695626950662034e-5 5.049622148896594e-5 6.609012772802092e-5 9.270306194124418e-5 0.0001426641509819289 0.00022092598593831966 0.0003187553014537037 0.0004180388381520023 0.0005024607229281333 0.0005658544472613244 0.0006097261522544295 0.0006335037101652402 0.0006299787962486475 0.0005922307679540333 0.0005237124371792975 0.0004378474721460371 0.0003492113061031439 0.0002679903919610981 0.00019971378936108124 0.00014600859454948177 0.0001054854962536687 7.506366079760787e-5 5.141445115329017e-5 3.2480992073381704e-5 1.8121428276531035e-5 8.755412851360046e-6 3.7617164711078265e-6 1.5733264512594531e-6 7.019364079311559e-7 3.229434784306135e-7 1.3609266003704621e-7 4.799430640240856e-8 1.3587625890881241e-8 3.0503043141269162e-9 5.39741465982699e-10 7.446452754108578e-11 7.879821487760879e-12 6.574761229174256e-13 4.430869151589089e-14 
0.0 0.0 0.0 0.0 0.0 0.0 0.0 0.0 0.0 0.0 0.0 0.0 0.0 0.0 0.0 0.0 0.0 0.0 0.0 0.0 0.0 0.0 0.0 0.0 0.0 0.0 0.0 0.0 0.0 0.0 0.0 0.0 0.0 0.0 0.0 0.0 0.0 0.0 0.0 0.0 0.0 0.0 0.0 0.0 0.0 0.0 0.0 1.182131087765926e-16 1.4571503722033453e-15 2.2622561548355162e-14 3.507834278368865e-13 5.178310110433653e-12 6.42758422481205e-11 6.422756572769356e-10 5.1267931443561545e-9 3.2659370664974776e-8 1.645932410408984e-7 6.46686545631852e-7 1.9938511296113843e-6 4.854663293359033e-6 9.402089332834372e-6 1.478109985306993e-5 1.992828857182558e-5 2.5867567914762504e-5 3.729868657458453e-5 6.062459886230269e-5 9.89816770246111e-5 0.0001486639191604476 0.0002001636956599251 0.00024316774470066322 0.0002721900287678707 0.00028814031103122203 0.00029407576466106334 0.00028980921824634263 0.0002720028909299045 0.00023994814800486458 0.00019903236288895465 0.00015742660467335217 0.00012106931860114594 9.207781633050182e-5 7.033695338371552e-5 5.5026366978123973e-5 4.4202645841803765e-5 3.480128171302713e-5 2.479003532248384e-5 1.4938526985873425e-5 7.345526399829672e-6 2.920627060347218e-6 9.648345079502416e-7 2.8876451833368707e-7 8.87738770272276e-8 2.918853891550253e-8 9.264312427835079e-9 2.528900743095961e-9 5.600230637494661e-10 9.83435143410568e-11 1.3474151048798276e-11 1.414139273402426e-12 1.1676089796275385e-13 7.78963224207648e-15 
0.0 0.0 0.0 0.0 0.0 0.0 0.0 0.0 0.0 0.0 0.0 0.0 0.0 0.0 0.0 0.0 0.0 0.0 0.0 0.0 0.0 0.0 0.0 0.0 0.0 0.0 0.0 0.0 0.0 0.0 0.0 0.0 0.0 0.0 0.0 0.0 0.0 0.0 0.0 0.0 0.0 0.0 0.0 0.0 0.0 0.0 0.0 7.274078465038035e-17 2.8035754713173245e-16 4.267250575716797e-15 8.376141004365761e-14 1.444831769255241e-12 1.9535868650009858e-11 2.0458848571702728e-10 1.6791151248314324e-9 1.0888456007308496e-8 5.550386792805416e-8 2.1945226842597183e-7 6.778276035335619e-7 1.6457320308501912e-6 3.1624339583653687e-6 4.91227268097586e-6 6.560719911219328e-6 8.636010259323418e-6 1.3160858377241454e-5 2.2969884001533365e-5 3.9778511842203445e-5 6.24138930916388e-5 8.655746085793915e-5 0.00010648905460552644 0.00011838201070509269 0.00012260934780149036 0.00012220079400517713 0.00011881496988288504 0.00011112038200529276 9.774915062412087e-5 8.054730734703348e-5 6.36115668854295e-5 5.018687685071807e-5 4.149928184557767e-5 3.7741882850357974e-5 3.820216992900458e-5 3.981149907433351e-5 3.791656674845358e-5 3.0244678293923945e-5 1.934424199443807e-5 9.747635972255092e-6 3.839670990684194e-6 1.1831334480209238e-6 2.898923007627672e-7 5.878210645207055e-8 1.079978323032417e-8 2.062660903180554e-9 4.299003035301151e-10 8.580930335074997e-11 1.4531453729789095e-11 1.9636697794341725e-12 2.0460254764402449e-13 1.6757906317389436e-14 1.1339155323064166e-15 
0.0 0.0 0.0 0.0 0.0 0.0 0.0 0.0 0.0 0.0 0.0 0.0 0.0 0.0 0.0 0.0 0.0 0.0 0.0 0.0 0.0 0.0 0.0 0.0 0.0 0.0 0.0 0.0 0.0 0.0 0.0 0.0 0.0 0.0 0.0 0.0 0.0 0.0 0.0 0.0 0.0 0.0 0.0 0.0 0.0 0.0 0.0 8.359300562670062e-17 1.4017998620263474e-16 9.129445880684523e-16 1.990558067455619e-14 3.6508032346559474e-13 5.102761373132663e-12 5.448081585746673e-11 4.5268015396556163e-10 2.959613369172932e-9 1.5162698349011172e-8 6.007663442350611e-8 1.8542283886856717e-7 4.4850599075241073e-7 8.560357495997624e-7 1.3196977222884154e-6 1.7665133211992108e-6 2.4143873984776753e-6 3.9873645713011385e-6 7.548664053490969e-6 1.3891616851790995e-5 2.278647905072064e-5 3.255851886610294e-5 4.0540994203525335e-5 4.468458385744386e-5 4.51166215656873e-5 4.366425275105408e-5 4.165371423037757e-5 3.867478546467084e-5 3.38630889981257e-5 2.775553060876496e-5 2.217677151236598e-5 1.8954710110239587e-5 1.9471642148207516e-5 2.4726876207675358e-5 3.3931762137983173e-5 4.259698117262911e-5 4.4449064821595934e-5 3.6947305030130756e-5 2.4069748176901576e-5 1.222422599514432e-5 4.821717471343145e-6 1.4753466481369594e-6 3.5187645527480105e-7 6.568203021391326e-8 9.639942031896581e-9 1.144989656586916e-9 1.2603621087988043e-10 1.4875174466056486e-11 1.898290492408359e-12 2.2955323945005696e-13 2.310356376841808e-14 1.8614268317131563e-15 1.6475891292594445e-16 
0.0 0.0 0.0 0.0 0.0 0.0 0.0 0.0 0.0 0.0 0.0 0.0 0.0 0.0 0.0 0.0 0.0 0.0 0.0 0.0 0.0 0.0 0.0 0.0 0.0 0.0 0.0 0.0 0.0 0.0 0.0 0.0 0.0 0.0 0.0 0.0 0.0 0.0 0.0 0.0 0.0 0.0 0.0 0.0 0.0 0.0 0.0 9.438052868320692e-17 1.3472415916328146e-16 2.0945627264124134e-16 4.166163663468905e-15 7.708347621143079e-14 1.0891786296028021e-12 1.1720569706949065e-11 9.790766469624054e-11 6.423601653534394e-10 3.296863247573855e-9 1.3063542296498932e-8 4.025139758632741e-8 9.70163908228147e-8 1.8427158138158584e-7 2.8343782261135894e-7 3.853253131551568e-7 5.604633299259796e-7 1.022632426138463e-6 2.10690928911597e-6 4.115014177497687e-6 7.0462472676287255e-6 1.0354333395984447e-5 1.3025001747248364e-5 1.4212242466100402e-5 1.3954930334691957e-5 1.3049151561605646e-5 1.213724169942981e-5 1.1135143773561262e-5 9.687671414523335e-6 7.944146221619528e-6 6.6769025409575266e-6 7.0308989553682785e-6 1.0511776187744298e-5 1.8518956928310674e-5 3.0279192198966783e-5 4.095906161927298e-5 4.4032356686574355e-5 3.703755698116863e-5 2.424566878133842e-5 1.2338372527666024e-5 4.870097522042202e-6 1.489599971897735e-6 3.54450083389082e-7 6.56391020844057e-8 9.388301032355301e-9 1.0268839069911772e-9 9.009118950268663e-11 6.670682576392284e-12 4.48198105004244e-13 3.127105564345896e-14 2.4157671166521973e-15 1.9378730342539464e-16 7.185513004262684e-17 
0.0 0.0 0.0 0.0 0.0 0.0 0.0 0.0 0.0 0.0 0.0 0.0 0.0 0.0 0.0 0.0 0.0 0.0 0.0 0.0 0.0 0.0 0.0 0.0 0.0 0.0 0.0 0.0 0.0 0.0 0.0 0.0 0.0 0.0 0.0 0.0 0.0 0.0 0.0 0.0 0.0 0.0 0.0 0.0 0.0 0.0 0.0 9.943067659543434e-17 1.4744281902265315e-16 7.684010002087151e-17 7.777475525642968e-16 1.3400573512762604e-14 1.8861213115254572e-13 2.035267931699682e-12 1.7039846248236138e-11 1.1194673731362735e-10 5.747695334900022e-10 2.275968822371338e-9 7.000596225602288e-9 1.6827553255153697e-8 3.1879260031428946e-8 4.919884329289777e-8 6.887564697116158e-8 1.0900581211937325e-7 2.2195281584902844e-7 4.961973525564224e-7 1.0244581653892604e-6 1.824516525973858e-6 2.7475463444451513e-6 3.4830072979551855e-6 3.759369522304713e-6 3.5874530377698286e-6 3.2302488881220086e-6 2.9120039239098067e-6 2.627081918837597e-6 2.271782145846233e-6 1.9031677272383315e-6 1.867691900913447e-6 2.9025270731790408e-6 6.256156050169301e-6 1.3160244248208543e-5 2.3010044093329412e-5 3.189547958740379e-5 3.4600825480037455e-5 2.920450105266053e-5 1.9143588371610638e-5 9.747202713875715e-6 3.848128812739246e-6 1.1770480039616813e-6 2.8002942239910585e-7 5.182223934197619e-8 7.395172542891036e-9 8.026185449669331e-10 6.864722565292576e-11 4.699780651851391e-12 2.5366677166360706e-13 1.1031448765166092e-14 4.968282228654254e-16 7.032129645347638e-17 8.22151789517759e-17 
0.0 0.0 0.0 0.0 0.0 0.0 0.0 0.0 0.0 0.0 0.0 0.0 0.0 0.0 0.0 0.0 0.0 0.0 0.0 0.0 0.0 0.0 0.0 0.0 0.0 0.0 0.0 0.0 0.0 0.0 0.0 0.0 0.0 0.0 0.0 0.0 0.0 0.0 0.0 0.0 0.0 0.0 0.0 0.0 0.0 0.0 0.0 9.914395606188804e-17 1.5867533618696215e-16 6.177102459586613e-17 1.7514877294322026e-16 1.9300625733216956e-15 2.5695214561298876e-14 2.7630672786419435e-13 2.314875991358219e-12 1.5215001564235053e-11 7.810387277435618e-11 3.0901167112827487e-10 9.490431932470142e-10 2.2769277567493583e-9 4.311642601795537e-9 6.717909030741289e-9 9.852042950721989e-9 1.739440388072519e-8 3.985205141211118e-8 9.642004979187851e-8 2.0973941931834747e-7 3.871190901253198e-7 5.953539010342124e-7 7.589040542573289e-7 8.098641284822771e-7 7.508657823746861e-7 6.489047443594322e-7 5.63206152279864e-7 4.971169163445155e-7 4.299352632505428e-7 3.917108076790631e-7 5.450902775286117e-7 1.3125380053131477e-6 3.479474804402125e-6 7.833896737883042e-6 1.400488627618625e-5 1.956335617704961e-5 2.1282393192205022e-5 1.7982027644256433e-5 1.179194430074746e-5 6.0049521032086815e-6 2.3708575034089498e-6 7.252007554099849e-7 1.7252961594438028e-7 3.192642860032337e-8 4.555035792965914e-9 4.940158520078701e-10 4.2151593302559617e-11 2.863353064101677e-12 1.505745010833749e-13 6.074245878244968e-15 2.564904615647123e-16 8.686429829554444e-17 1.0485552748928831e-16 
0.0 0.0 0.0 0.0 0.0 0.0 0.0 0.0 0.0 0.0 0.0 0.0 0.0 0.0 0.0 0.0 0.0 0.0 0.0 0.0 0.0 0.0 0.0 0.0 0.0 0.0 0.0 0.0 0.0 0.0 0.0 0.0 0.0 0.0 0.0 0.0 0.0 0.0 0.0 0.0 0.0 0.0 0.0 0.0 0.0 0.0 0.0 9.505388511446177e-17 1.6458855826628602e-16 6.388816222040135e-17 9.088003836785241e-17 3.0412687436064544e-16 2.7947202714142763e-15 2.863650027641593e-14 2.3915431119118884e-13 1.572016730065284e-12 8.066138323626656e-12 3.188705670312628e-11 9.78187988371823e-11 2.3446002362650805e-10 4.449101148173554e-10 7.056254132542818e-10 1.1088459295278964e-9 2.2416778501377717e-9 5.79915707093417e-9 1.511632426368811e-8 3.449320970043114e-8 6.569405083753231e-8 1.0280237013722232e-7 1.3150650460356594e-7 1.3873637786221564e-7 1.250203746731964e-7 1.0342770297011885e-7 8.583204382559398e-8 7.382203195193463e-8 6.54899423478545e-8 7.571283894483212e-8 1.750738579394802e-7 5.617783867083647e-7 1.6161511785300002e-6 3.721737250000235e-6 6.700739233325171e-6 9.383121038495107e-6 1.0216674348734664e-5 8.63516384380305e-6 5.663320315206871e-6 2.8841368120616273e-6 1.1387272469221075e-6 3.483175610779336e-7 8.286693160780539e-8 1.5334373130387924e-8 2.1877600337400515e-9 2.372583658485089e-10 2.0239684406934282e-11 1.3739538565538849e-12 7.205164237722643e-14 2.9634981315601046e-15 1.6568854976693615e-16 1.1395804570263236e-16 1.3271722144690454e-16 
0.0 0.0 0.0 0.0 0.0 0.0 0.0 0.0 0.0 0.0 0.0 0.0 0.0 0.0 0.0 0.0 0.0 0.0 0.0 0.0 0.0 0.0 0.0 0.0 0.0 0.0 0.0 0.0 0.0 0.0 0.0 0.0 0.0 0.0 0.0 0.0 0.0 0.0 0.0 0.0 0.0 0.0 0.0 0.0 0.0 0.0 0.0 8.873298213440259e-17 1.6479461345895156e-16 6.423434510460087e-17 8.086495916115671e-17 1.1569585173417683e-16 3.803005319242227e-16 2.545868841444026e-15 2.0385017138657437e-14 1.3389865374510073e-13 6.863370758100301e-13 2.711468674772921e-12 8.311951206471503e-12 1.9923786504400503e-11 3.798633820251356e-11 6.184667993048988e-11 1.0622626161731508e-10 2.481471271641453e-10 7.155884870152954e-10 1.9848694516671856e-9 4.708111469871026e-9 9.187602229190107e-9 1.456036893403882e-8 1.865702966302635e-8 1.9481003363376944e-8 1.7118907502598463e-8 1.3587425875074219e-8 1.0760571277319073e-8 9.05504642141532e-9 8.864944856611354e-9 1.5986272194991834e-8 5.599814778778592e-8 2.0247170305882561e-7 5.97974657251869e-7 1.3865058572467142e-6 2.501662399655846e-6 3.505706490321843e-6 3.818168723845383e-6 3.2274507967224486e-6 2.1167836411745172e-6 1.0780214189858941e-6 4.256313489282257e-7 1.3019375083531899e-7 3.097392975429191e-8 5.731667966779859e-9 8.177377961844711e-10 8.868164407495367e-11 7.565029538776743e-12 5.135523600902813e-13 2.6908305860153144e-14 1.2146543477805769e-15 1.2392530049544287e-16 1.405438426392636e-16 1.6394835639341576e-16 
0.0 0.0 0.0 0.0 0.0 0.0 0.0 0.0 0.0 0.0 0.0 0.0 0.0 0.0 0.0 0.0 0.0 0.0 0.0 0.0 0.0 0.0 0.0 0.0 0.0 0.0 0.0 0.0 0.0 0.0 0.0 0.0 0.0 0.0 0.0 0.0 0.0 0.0 0.0 0.0 0.0 0.0 0.0 0.0 0.0 0.0 0.0 8.132873061570267e-17 1.5978242846717484e-16 6.024946265788995e-17 7.82164830183344e-17 8.437294399979801e-17 1.6686493118743163e-16 2.8176539204272187e-16 1.4060030884021936e-15 8.919626713410242e-15 4.525370289912623e-14 1.7849949337750135e-13 5.467669781695483e-13 1.313087763457837e-12 2.5334229441623162e-12 4.342231765234238e-12 8.579546847816714e-12 2.368466795727763e-11 7.492724195164973e-11 2.1689709135373275e-10 5.264824801195485e-10 1.0405957135703334e-9 1.6575224699034686e-9 2.1191673947441046e-9 2.1886011834036666e-9 1.878387358478111e-9 1.4318260521338487e-9 1.0800162648109336e-9 9.065949910789281e-10 1.1498018721839857e-9 3.5450427661115663e-9 1.549304478518418e-8 5.8426460023467965e-8 1.7400786979352236e-7 4.043389064881172e-7 7.300407445060894e-7 1.0232850661685043e-6 1.1145863486551579e-6 9.421762476707927e-7 6.179512294506557e-7 3.147074978500064e-7 1.2425505212205655e-7 3.800763660856644e-8 9.042263031340697e-9 1.673254102839831e-9 2.3872332810139894e-10 2.5888946150470266e-11 2.208527417994789e-12 1.4997780035282308e-13 7.86983701136506e-15 4.942122794850655e-16 1.1723938591062885e-16 1.6440817387349566e-16 1.9553805496158464e-16 
0.0 0.0 0.0 0.0 0.0 0.0 0.0 0.0 0.0 0.0 0.0 0.0 0.0 0.0 0.0 0.0 0.0 0.0 0.0 0.0 0.0 0.0 0.0 0.0 0.0 0.0 0.0 0.0 0.0 0.0 0.0 0.0 0.0 0.0 0.0 0.0 0.0 0.0 0.0 0.0 0.0 0.0 0.0 0.0 0.0 0.0 0.0 7.355691187938105e-17 1.503435205558747e-16 5.945096065166745e-17 7.501733899652964e-17 7.072700742001363e-17 1.4929791366307807e-16 1.304814656646693e-16 1.724204910316753e-16 5.334225343048608e-16 2.3286758407622765e-15 9.19336301775578e-15 3.050633330554655e-14 9.413830639572525e-14 3.2103643661252484e-13 1.2866097535433249e-12 5.107815285338393e-12 1.734241680558369e-11 4.7733373798438925e-11 1.0513029197760415e-10 1.8598022068836713e-10 2.681586075389768e-10 3.213774919598816e-10 3.273020272788797e-10 2.905077812447257e-10 2.3176075268731063e-10 1.729942918504869e-10 1.2705521164034608e-10 1.0411677763665126e-10 1.7118484506791413e-10 7.272374074184943e-10 3.4366913793866497e-9 1.312773914643745e-8 3.919703021254845e-8 9.114242000767375e-8 1.6459457481904967e-7 2.3072682971790726e-7 2.513201851756274e-7 2.1244688301414428e-7 1.393394687219182e-7 7.09623083638448e-8 2.8017863440707155e-8 8.570220818460249e-9 2.0389118284217084e-9 3.772971386521802e-10 5.382903956313717e-11 5.837633678008907e-12 4.980888676320614e-13 3.3898711133419166e-14 1.8335474290053068e-15 2.837353259809311e-16 1.30063636475217e-16 1.8419154793396728e-16 2.2498992911565754e-16 
0.0 0.0 0.0 0.0 0.0 0.0 0.0 0.0 0.0 0.0 0.0 0.0 0.0 0.0 0.0 0.0 0.0 0.0 0.0 0.0 0.0 0.0 0.0 0.0 0.0 0.0 0.0 0.0 0.0 0.0 0.0 0.0 0.0 0.0 0.0 0.0 0.0 0.0 0.0 0.0 0.0 0.0 0.0 0.0 0.0 0.0 0.0 6.594857313748472e-17 1.3701133371237586e-16 5.861894625361304e-17 7.027874490822163e-17 6.233640485752969e-17 1.4569077700072729e-16 1.2116170256843535e-16 1.6891454017289047e-16 2.6877294831286307e-16 1.5945001567725592e-15 1.0881292119171923e-14 7.109225911322162e-14 4.341191402945974e-13 2.4602118433933415e-12 1.240339296338982e-11 5.2002327979372766e-11 1.7506065533389103e-10 4.658748846917189e-10 9.704180506575958e-10 1.575146396788097e-9 2.000067633436459e-9 2.011932514032385e-9 1.663498485612914e-9 1.235763677798851e-9 9.361632632080075e-10 7.546259260808853e-10 5.907062740627812e-10 4.107545604070905e-10 2.6504728536284053e-10 2.5709010135108473e-10 6.76998551365294e-10 2.3599366880939674e-9 6.956297682845078e-9 1.614242837494925e-8 2.9141922424892352e-8 4.0848686763474077e-8 4.449449335255802e-8 3.761251851772913e-8 2.4669534708575425e-8 1.256379489213148e-8 4.960625754637432e-9 1.5174157804589675e-9 3.610154778058653e-10 6.680848983892728e-11 9.532202468337336e-12 1.033852442133867e-12 8.834999849763855e-14 6.113038938472461e-15 4.3830221223400975e-16 2.5186928444080507e-16 1.511957990510869e-16 1.987503258536682e-16 2.4997189542526476e-16 
0.0 0.0 0.0 0.0 0.0 0.0 0.0 0.0 0.0 0.0 0.0 0.0 0.0 0.0 0.0 0.0 0.0 0.0 0.0 0.0 0.0 0.0 0.0 0.0 0.0 0.0 0.0 0.0 0.0 0.0 0.0 0.0 0.0 0.0 0.0 0.0 0.0 0.0 0.0 0.0 0.0 0.0 0.0 0.0 0.0 0.0 0.0 0.0 0.0 0.0 0.0 0.0 0.0 0.0 0.0 0.0 0.0 0.0 0.0 0.0 0.0 0.0 0.0 0.0 0.0 0.0 0.0 0.0 0.0 0.0 0.0 0.0 0.0 0.0 0.0 0.0 0.0 0.0 0.0 0.0 0.0 0.0 0.0 0.0 0.0 0.0 0.0 0.0 0.0 0.0 0.0 0.0 0.0 0.0 0.0 0.0 0.0 0.0 0.0 0.0 
0.0 0.0 0.0 0.0 0.0 0.0 0.0 0.0 0.0 0.0 0.0 0.0 0.0 0.0 0.0 0.0 0.0 0.0 0.0 0.0 0.0 0.0 0.0 0.0 0.0 0.0 0.0 0.0 0.0 0.0 0.0 0.0 0.0 0.0 0.0 0.0 0.0 0.0 0.0 0.0 0.0 0.0 0.0 0.0 0.0 0.0 0.0 0.0 0.0 0.0 0.0 0.0 0.0 0.0 0.0 0.0 0.0 0.0 0.0 0.0 0.0 0.0 0.0 0.0 0.0 0.0 0.0 0.0 0.0 0.0 0.0 0.0 0.0 0.0 0.0 0.0 0.0 0.0 0.0 0.0 0.0 0.0 0.0 0.0 0.0 0.0 0.0 0.0 0.0 0.0 0.0 0.0 0.0 0.0 0.0 0.0 0.0 0.0 0.0 0.0 
0.0 0.0 0.0 0.0 0.0 0.0 0.0 0.0 0.0 0.0 0.0 0.0 0.0 0.0 0.0 0.0 0.0 0.0 0.0 0.0 0.0 0.0 0.0 0.0 0.0 0.0 0.0 0.0 0.0 0.0 0.0 0.0 0.0 0.0 0.0 0.0 0.0 0.0 0.0 0.0 0.0 0.0 0.0 0.0 0.0 0.0 0.0 0.0 0.0 0.0 0.0 0.0 0.0 0.0 0.0 0.0 0.0 0.0 0.0 0.0 0.0 0.0 0.0 0.0 0.0 0.0 0.0 0.0 0.0 0.0 0.0 0.0 0.0 0.0 0.0 0.0 0.0 0.0 0.0 0.0 0.0 0.0 0.0 0.0 0.0 0.0 0.0 0.0 0.0 0.0 0.0 0.0 0.0 0.0 0.0 0.0 0.0 0.0 0.0 0.0 
0.0 0.0 0.0 0.0 0.0 0.0 0.0 0.0 0.0 0.0 0.0 0.0 0.0 0.0 0.0 0.0 0.0 0.0 0.0 0.0 0.0 0.0 0.0 0.0 0.0 0.0 0.0 0.0 0.0 0.0 0.0 0.0 0.0 0.0 0.0 0.0 0.0 0.0 0.0 0.0 0.0 0.0 0.0 0.0 0.0 0.0 0.0 0.0 0.0 0.0 0.0 0.0 0.0 0.0 0.0 0.0 0.0 0.0 0.0 0.0 0.0 0.0 0.0 0.0 0.0 0.0 0.0 0.0 0.0 0.0 0.0 0.0 0.0 0.0 0.0 0.0 0.0 0.0 0.0 0.0 0.0 0.0 0.0 0.0 0.0 0.0 0.0 0.0 0.0 0.0 0.0 0.0 0.0 0.0 0.0 0.0 0.0 0.0 0.0 0.0 
0.0 0.0 0.0 0.0 0.0 0.0 0.0 0.0 0.0 0.0 0.0 0.0 0.0 0.0 0.0 0.0 0.0 0.0 0.0 0.0 0.0 0.0 0.0 0.0 0.0 0.0 0.0 0.0 0.0 0.0 0.0 0.0 0.0 0.0 0.0 0.0 0.0 0.0 0.0 0.0 0.0 0.0 0.0 0.0 0.0 0.0 0.0 0.0 0.0 0.0 0.0 0.0 0.0 0.0 0.0 0.0 0.0 0.0 0.0 0.0 0.0 0.0 0.0 0.0 0.0 0.0 0.0 0.0 0.0 0.0 0.0 0.0 0.0 0.0 0.0 0.0 0.0 0.0 0.0 0.0 0.0 0.0 0.0 0.0 0.0 0.0 0.0 0.0 0.0 0.0 0.0 0.0 0.0 0.0 0.0 0.0 0.0 0.0 0.0 0.0 
0.0 0.0 0.0 0.0 0.0 0.0 0.0 0.0 0.0 0.0 0.0 0.0 0.0 0.0 0.0 0.0 0.0 0.0 0.0 0.0 0.0 0.0 0.0 0.0 0.0 0.0 0.0 0.0 0.0 0.0 0.0 0.0 0.0 0.0 0.0 0.0 0.0 0.0 0.0 0.0 0.0 0.0 0.0 0.0 0.0 0.0 0.0 0.0 0.0 0.0 0.0 0.0 0.0 0.0 0.0 0.0 0.0 0.0 0.0 0.0 0.0 0.0 0.0 0.0 0.0 0.0 0.0 0.0 0.0 0.0 0.0 0.0 0.0 0.0 0.0 0.0 0.0 0.0 0.0 0.0 0.0 0.0 0.0 0.0 0.0 0.0 0.0 0.0 0.0 0.0 0.0 0.0 0.0 0.0 0.0 0.0 0.0 0.0 0.0 0.0 
0.0 0.0 0.0 0.0 0.0 0.0 0.0 0.0 0.0 0.0 0.0 0.0 0.0 0.0 0.0 0.0 0.0 0.0 0.0 0.0 0.0 0.0 0.0 0.0 0.0 0.0 0.0 0.0 0.0 0.0 0.0 0.0 0.0 0.0 0.0 0.0 0.0 0.0 0.0 0.0 0.0 0.0 0.0 0.0 0.0 0.0 0.0 0.0 0.0 0.0 0.0 0.0 0.0 0.0 0.0 0.0 0.0 0.0 0.0 0.0 0.0 0.0 0.0 0.0 0.0 0.0 0.0 0.0 0.0 0.0 0.0 0.0 0.0 0.0 0.0 0.0 0.0 0.0 0.0 0.0 0.0 0.0 0.0 0.0 0.0 0.0 0.0 0.0 0.0 0.0 0.0 0.0 0.0 0.0 0.0 0.0 0.0 0.0 0.0 0.0 
0.0 0.0 0.0 0.0 0.0 0.0 0.0 0.0 0.0 0.0 0.0 0.0 0.0 0.0 0.0 0.0 0.0 0.0 0.0 0.0 0.0 0.0 0.0 0.0 0.0 0.0 0.0 0.0 0.0 0.0 0.0 0.0 0.0 0.0 0.0 0.0 0.0 0.0 0.0 0.0 0.0 0.0 0.0 0.0 0.0 0.0 0.0 0.0 0.0 0.0 0.0 0.0 0.0 0.0 0.0 0.0 0.0 0.0 0.0 0.0 0.0 0.0 0.0 0.0 0.0 0.0 0.0 0.0 0.0 0.0 0.0 0.0 0.0 0.0 0.0 0.0 0.0 0.0 0.0 0.0 0.0 0.0 0.0 0.0 0.0 0.0 0.0 0.0 0.0 0.0 0.0 0.0 0.0 0.0 0.0 0.0 0.0 0.0 0.0 0.0 
0.0 0.0 0.0 0.0 0.0 0.0 0.0 0.0 0.0 0.0 0.0 0.0 0.0 0.0 0.0 0.0 0.0 0.0 0.0 0.0 0.0 0.0 0.0 0.0 0.0 0.0 0.0 0.0 0.0 0.0 0.0 0.0 0.0 0.0 0.0 0.0 0.0 0.0 0.0 0.0 0.0 0.0 0.0 0.0 0.0 0.0 0.0 0.0 0.0 0.0 0.0 0.0 0.0 0.0 0.0 0.0 0.0 0.0 0.0 0.0 0.0 0.0 0.0 0.0 0.0 0.0 0.0 0.0 0.0 0.0 0.0 0.0 0.0 0.0 0.0 0.0 0.0 0.0 0.0 0.0 0.0 0.0 0.0 0.0 0.0 0.0 0.0 0.0 0.0 0.0 0.0 0.0 0.0 0.0 0.0 0.0 0.0 0.0 0.0 0.0 
0.0 0.0 0.0 0.0 0.0 0.0 0.0 0.0 0.0 0.0 0.0 0.0 0.0 0.0 0.0 0.0 0.0 0.0 0.0 0.0 0.0 0.0 0.0 0.0 0.0 0.0 0.0 0.0 0.0 0.0 0.0 0.0 0.0 0.0 0.0 0.0 0.0 0.0 0.0 0.0 0.0 0.0 0.0 0.0 0.0 0.0 0.0 0.0 0.0 0.0 0.0 0.0 0.0 0.0 0.0 0.0 0.0 0.0 0.0 0.0 0.0 0.0 0.0 0.0 0.0 0.0 0.0 0.0 0.0 0.0 0.0 0.0 0.0 0.0 0.0 0.0 0.0 0.0 0.0 0.0 0.0 0.0 0.0 0.0 0.0 0.0 0.0 0.0 0.0 0.0 0.0 0.0 0.0 0.0 0.0 0.0 0.0 0.0 0.0 0.0 
0.0 0.0 0.0 0.0 0.0 0.0 0.0 0.0 0.0 0.0 0.0 0.0 0.0 0.0 0.0 0.0 0.0 0.0 0.0 0.0 0.0 0.0 0.0 0.0 0.0 0.0 0.0 0.0 0.0 0.0 0.0 0.0 0.0 0.0 0.0 0.0 0.0 0.0 0.0 0.0 0.0 0.0 0.0 0.0 0.0 0.0 0.0 0.0 0.0 0.0 0.0 0.0 0.0 0.0 0.0 0.0 0.0 0.0 0.0 0.0 0.0 0.0 0.0 0.0 0.0 0.0 0.0 0.0 0.0 0.0 0.0 0.0 0.0 0.0 0.0 0.0 0.0 0.0 0.0 0.0 0.0 0.0 0.0 0.0 0.0 0.0 0.0 0.0 0.0 0.0 0.0 0.0 0.0 0.0 0.0 0.0 0.0 0.0 0.0 0.0 
0.0 0.0 0.0 0.0 0.0 0.0 0.0 0.0 0.0 0.0 0.0 0.0 0.0 0.0 0.0 0.0 0.0 0.0 0.0 0.0 0.0 0.0 0.0 0.0 0.0 0.0 0.0 0.0 0.0 0.0 0.0 0.0 0.0 0.0 0.0 0.0 0.0 0.0 0.0 0.0 0.0 0.0 0.0 0.0 0.0 0.0 0.0 0.0 0.0 0.0 0.0 0.0 0.0 0.0 0.0 0.0 0.0 0.0 0.0 0.0 0.0 0.0 0.0 0.0 0.0 0.0 0.0 0.0 0.0 0.0 0.0 0.0 0.0 0.0 0.0 0.0 0.0 0.0 0.0 0.0 0.0 0.0 0.0 0.0 0.0 0.0 0.0 0.0 0.0 0.0 0.0 0.0 0.0 0.0 0.0 0.0 0.0 0.0 0.0 0.0 
0.0 0.0 0.0 0.0 0.0 0.0 0.0 0.0 0.0 0.0 0.0 0.0 0.0 0.0 0.0 0.0 0.0 0.0 0.0 0.0 0.0 0.0 0.0 0.0 0.0 0.0 0.0 0.0 0.0 0.0 0.0 0.0 0.0 0.0 0.0 0.0 0.0 0.0 0.0 0.0 0.0 0.0 0.0 0.0 0.0 0.0 0.0 0.0 0.0 0.0 0.0 0.0 0.0 0.0 0.0 0.0 0.0 0.0 0.0 0.0 0.0 0.0 0.0 0.0 0.0 0.0 0.0 0.0 0.0 0.0 0.0 0.0 0.0 0.0 0.0 0.0 0.0 0.0 0.0 0.0 0.0 0.0 0.0 0.0 0.0 0.0 0.0 0.0 0.0 0.0 0.0 0.0 0.0 0.0 0.0 0.0 0.0 0.0 0.0 0.0 
0.0 0.0 0.0 0.0 0.0 0.0 0.0 0.0 0.0 0.0 0.0 0.0 0.0 0.0 0.0 0.0 0.0 0.0 0.0 0.0 0.0 0.0 0.0 0.0 0.0 0.0 0.0 0.0 0.0 0.0 0.0 0.0 0.0 0.0 0.0 0.0 0.0 0.0 0.0 0.0 0.0 0.0 0.0 0.0 0.0 0.0 0.0 0.0 0.0 0.0 0.0 0.0 0.0 0.0 0.0 0.0 0.0 0.0 0.0 0.0 0.0 0.0 0.0 0.0 0.0 0.0 0.0 0.0 0.0 0.0 0.0 0.0 0.0 0.0 0.0 0.0 0.0 0.0 0.0 0.0 0.0 0.0 0.0 0.0 0.0 0.0 0.0 0.0 0.0 0.0 0.0 0.0 0.0 0.0 0.0 0.0 0.0 0.0 0.0 0.0 
0.0 0.0 0.0 0.0 0.0 0.0 0.0 0.0 0.0 0.0 0.0 0.0 0.0 0.0 0.0 0.0 0.0 0.0 0.0 0.0 0.0 0.0 0.0 0.0 0.0 0.0 0.0 0.0 0.0 0.0 0.0 0.0 0.0 0.0 0.0 0.0 0.0 0.0 0.0 0.0 0.0 0.0 0.0 0.0 0.0 0.0 0.0 0.0 0.0 0.0 0.0 0.0 0.0 0.0 0.0 0.0 0.0 0.0 0.0 0.0 0.0 0.0 0.0 0.0 0.0 0.0 0.0 0.0 0.0 0.0 0.0 0.0 0.0 0.0 0.0 0.0 0.0 0.0 0.0 0.0 0.0 0.0 0.0 0.0 0.0 0.0 0.0 0.0 0.0 0.0 0.0 0.0 0.0 0.0 0.0 0.0 0.0 0.0 0.0 0.0 
0.0 0.0 0.0 0.0 0.0 0.0 0.0 0.0 0.0 0.0 0.0 0.0 0.0 0.0 0.0 0.0 0.0 0.0 0.0 0.0 0.0 0.0 0.0 0.0 0.0 0.0 0.0 0.0 0.0 0.0 0.0 0.0 0.0 0.0 0.0 0.0 0.0 0.0 0.0 0.0 0.0 0.0 0.0 0.0 0.0 0.0 0.0 0.0 0.0 0.0 0.0 0.0 0.0 0.0 0.0 0.0 0.0 0.0 0.0 0.0 0.0 0.0 0.0 0.0 0.0 0.0 0.0 0.0 0.0 0.0 0.0 0.0 0.0 0.0 0.0 0.0 0.0 0.0 0.0 0.0 0.0 0.0 0.0 0.0 0.0 0.0 0.0 0.0 0.0 0.0 0.0 0.0 0.0 0.0 0.0 0.0 0.0 0.0 0.0 0.0 
0.0 0.0 0.0 0.0 0.0 0.0 0.0 0.0 0.0 0.0 0.0 0.0 0.0 0.0 0.0 0.0 0.0 0.0 0.0 0.0 0.0 0.0 0.0 0.0 0.0 0.0 0.0 0.0 0.0 0.0 0.0 0.0 0.0 0.0 0.0 0.0 0.0 0.0 0.0 0.0 0.0 0.0 0.0 0.0 0.0 0.0 0.0 0.0 0.0 0.0 0.0 0.0 0.0 0.0 0.0 0.0 0.0 0.0 0.0 0.0 0.0 0.0 0.0 0.0 0.0 0.0 0.0 0.0 0.0 0.0 0.0 0.0 0.0 0.0 0.0 0.0 0.0 0.0 0.0 0.0 0.0 0.0 0.0 0.0 0.0 0.0 0.0 0.0 0.0 0.0 0.0 0.0 0.0 0.0 0.0 0.0 0.0 0.0 0.0 0.0 
0.0 0.0 0.0 0.0 0.0 0.0 0.0 0.0 0.0 0.0 0.0 0.0 0.0 0.0 0.0 0.0 0.0 0.0 0.0 0.0 0.0 0.0 0.0 0.0 0.0 0.0 0.0 0.0 0.0 0.0 0.0 0.0 0.0 0.0 0.0 0.0 0.0 0.0 0.0 0.0 0.0 0.0 0.0 0.0 0.0 0.0 0.0 0.0 0.0 0.0 0.0 0.0 0.0 0.0 0.0 0.0 0.0 0.0 0.0 0.0 0.0 0.0 0.0 0.0 0.0 0.0 0.0 0.0 0.0 0.0 0.0 0.0 0.0 0.0 0.0 0.0 0.0 0.0 0.0 0.0 0.0 0.0 0.0 0.0 0.0 0.0 0.0 0.0 0.0 0.0 0.0 0.0 0.0 0.0 0.0 0.0 0.0 0.0 0.0 0.0 
0.0 0.0 0.0 0.0 0.0 0.0 0.0 0.0 0.0 0.0 0.0 0.0 0.0 0.0 0.0 0.0 0.0 0.0 0.0 0.0 0.0 0.0 0.0 0.0 0.0 0.0 0.0 0.0 0.0 0.0 0.0 0.0 0.0 0.0 0.0 0.0 0.0 0.0 0.0 0.0 0.0 0.0 0.0 0.0 0.0 0.0 0.0 0.0 0.0 0.0 0.0 0.0 0.0 0.0 0.0 0.0 0.0 0.0 0.0 0.0 0.0 0.0 0.0 0.0 0.0 0.0 0.0 0.0 0.0 0.0 0.0 0.0 0.0 0.0 0.0 0.0 0.0 0.0 0.0 0.0 0.0 0.0 0.0 0.0 0.0 0.0 0.0 0.0 0.0 0.0 0.0 0.0 0.0 0.0 0.0 0.0 0.0 0.0 0.0 0.0 
0.0 0.0 0.0 0.0 0.0 0.0 0.0 0.0 0.0 0.0 0.0 0.0 0.0 0.0 0.0 0.0 0.0 0.0 0.0 0.0 0.0 0.0 0.0 0.0 0.0 0.0 0.0 0.0 0.0 0.0 0.0 0.0 0.0 0.0 0.0 0.0 0.0 0.0 0.0 0.0 0.0 0.0 0.0 0.0 0.0 0.0 0.0 0.0 0.0 0.0 0.0 0.0 0.0 0.0 0.0 0.0 0.0 0.0 0.0 0.0 0.0 0.0 0.0 0.0 0.0 0.0 0.0 0.0 0.0 0.0 0.0 0.0 0.0 0.0 0.0 0.0 0.0 0.0 0.0 0.0 0.0 0.0 0.0 0.0 0.0 0.0 0.0 0.0 0.0 0.0 0.0 0.0 0.0 0.0 0.0 0.0 0.0 0.0 0.0 0.0 
0.0 0.0 0.0 0.0 0.0 0.0 0.0 0.0 0.0 0.0 0.0 0.0 0.0 0.0 0.0 0.0 0.0 0.0 0.0 0.0 0.0 0.0 0.0 0.0 0.0 0.0 0.0 0.0 0.0 0.0 0.0 0.0 0.0 0.0 0.0 0.0 0.0 0.0 0.0 0.0 0.0 0.0 0.0 0.0 0.0 0.0 0.0 0.0 0.0 0.0 0.0 0.0 0.0 0.0 0.0 0.0 0.0 0.0 0.0 0.0 0.0 0.0 0.0 0.0 0.0 0.0 0.0 0.0 0.0 0.0 0.0 0.0 0.0 0.0 0.0 0.0 0.0 0.0 0.0 0.0 0.0 0.0 0.0 0.0 0.0 0.0 0.0 0.0 0.0 0.0 0.0 0.0 0.0 0.0 0.0 0.0 0.0 0.0 0.0 0.0 
0.0 0.0 0.0 0.0 0.0 0.0 0.0 0.0 0.0 0.0 0.0 0.0 0.0 0.0 0.0 0.0 0.0 0.0 0.0 0.0 0.0 0.0 0.0 0.0 0.0 0.0 0.0 0.0 0.0 0.0 0.0 0.0 0.0 0.0 0.0 0.0 0.0 0.0 0.0 0.0 0.0 0.0 0.0 0.0 0.0 0.0 0.0 0.0 0.0 0.0 0.0 0.0 0.0 0.0 0.0 0.0 0.0 0.0 0.0 0.0 0.0 0.0 0.0 0.0 0.0 0.0 0.0 0.0 0.0 0.0 0.0 0.0 0.0 0.0 0.0 0.0 0.0 0.0 0.0 0.0 0.0 0.0 0.0 0.0 0.0 0.0 0.0 0.0 0.0 0.0 0.0 0.0 0.0 0.0 0.0 0.0 0.0 0.0 0.0 0.0 
0.0 0.0 0.0 0.0 0.0 0.0 0.0 0.0 0.0 0.0 0.0 0.0 0.0 0.0 0.0 0.0 0.0 0.0 0.0 0.0 0.0 0.0 0.0 0.0 0.0 0.0 0.0 0.0 0.0 0.0 0.0 0.0 0.0 0.0 0.0 0.0 0.0 0.0 0.0 0.0 0.0 0.0 0.0 0.0 0.0 0.0 0.0 0.0 0.0 0.0 0.0 0.0 0.0 0.0 0.0 0.0 0.0 0.0 0.0 0.0 0.0 0.0 0.0 0.0 0.0 0.0 0.0 0.0 0.0 0.0 0.0 0.0 0.0 0.0 0.0 0.0 0.0 0.0 0.0 0.0 0.0 0.0 0.0 0.0 0.0 0.0 0.0 0.0 0.0 0.0 0.0 0.0 0.0 0.0 0.0 0.0 0.0 0.0 0.0 0.0 
0.0 0.0 0.0 0.0 0.0 0.0 0.0 0.0 0.0 0.0 0.0 0.0 0.0 0.0 0.0 0.0 0.0 0.0 0.0 0.0 0.0 0.0 0.0 0.0 0.0 0.0 0.0 0.0 0.0 0.0 0.0 0.0 0.0 0.0 0.0 0.0 0.0 0.0 0.0 0.0 0.0 0.0 0.0 0.0 0.0 0.0 0.0 0.0 0.0 0.0 0.0 0.0 0.0 0.0 0.0 0.0 0.0 0.0 0.0 0.0 0.0 0.0 0.0 0.0 0.0 0.0 0.0 0.0 0.0 0.0 0.0 0.0 0.0 0.0 0.0 0.0 0.0 0.0 0.0 0.0 0.0 0.0 0.0 0.0 0.0 0.0 0.0 0.0 0.0 0.0 0.0 0.0 0.0 0.0 0.0 0.0 0.0 0.0 0.0 0.0 
0.0 0.0 0.0 0.0 0.0 0.0 0.0 0.0 0.0 0.0 0.0 0.0 0.0 0.0 0.0 0.0 0.0 0.0 0.0 0.0 0.0 0.0 0.0 0.0 0.0 0.0 0.0 0.0 0.0 0.0 0.0 0.0 0.0 0.0 0.0 0.0 0.0 0.0 0.0 0.0 0.0 0.0 0.0 0.0 0.0 0.0 0.0 0.0 0.0 0.0 0.0 0.0 0.0 0.0 0.0 0.0 0.0 0.0 0.0 0.0 0.0 0.0 0.0 0.0 0.0 0.0 0.0 0.0 0.0 0.0 0.0 0.0 0.0 0.0 0.0 0.0 0.0 0.0 0.0 0.0 0.0 0.0 0.0 0.0 0.0 0.0 0.0 0.0 0.0 0.0 0.0 0.0 0.0 0.0 0.0 0.0 0.0 0.0 0.0 0.0 
0.0 0.0 0.0 0.0 0.0 0.0 0.0 0.0 0.0 0.0 0.0 0.0 0.0 0.0 0.0 0.0 0.0 0.0 0.0 0.0 0.0 0.0 0.0 0.0 0.0 0.0 0.0 0.0 0.0 0.0 0.0 0.0 0.0 0.0 0.0 0.0 0.0 0.0 0.0 0.0 0.0 0.0 0.0 0.0 0.0 0.0 0.0 0.0 0.0 0.0 0.0 0.0 0.0 0.0 0.0 0.0 0.0 0.0 0.0 0.0 0.0 0.0 0.0 0.0 0.0 0.0 0.0 0.0 0.0 0.0 0.0 0.0 0.0 0.0 0.0 0.0 0.0 0.0 0.0 0.0 0.0 0.0 0.0 0.0 0.0 0.0 0.0 0.0 0.0 0.0 0.0 0.0 0.0 0.0 0.0 0.0 0.0 0.0 0.0 0.0 
0.0 0.0 0.0 0.0 0.0 0.0 0.0 0.0 0.0 0.0 0.0 0.0 0.0 0.0 0.0 0.0 0.0 0.0 0.0 0.0 0.0 0.0 0.0 0.0 0.0 0.0 0.0 0.0 0.0 0.0 0.0 0.0 0.0 0.0 0.0 0.0 0.0 0.0 0.0 0.0 0.0 0.0 0.0 0.0 0.0 0.0 0.0 0.0 0.0 0.0 0.0 0.0 0.0 0.0 0.0 0.0 0.0 0.0 0.0 0.0 0.0 0.0 0.0 0.0 0.0 0.0 0.0 0.0 0.0 0.0 0.0 0.0 0.0 0.0 0.0 0.0 0.0 0.0 0.0 0.0 0.0 0.0 0.0 0.0 0.0 0.0 0.0 0.0 0.0 0.0 0.0 0.0 0.0 0.0 0.0 0.0 0.0 0.0 0.0 0.0 
0.0 0.0 0.0 0.0 0.0 0.0 0.0 0.0 0.0 0.0 0.0 0.0 0.0 0.0 0.0 0.0 0.0 0.0 0.0 0.0 0.0 0.0 0.0 0.0 0.0 0.0 0.0 0.0 0.0 0.0 0.0 0.0 0.0 0.0 0.0 0.0 0.0 0.0 0.0 0.0 0.0 0.0 0.0 0.0 0.0 0.0 0.0 0.0 0.0 0.0 0.0 0.0 0.0 0.0 0.0 0.0 0.0 0.0 0.0 0.0 0.0 0.0 0.0 0.0 0.0 0.0 0.0 0.0 0.0 0.0 0.0 0.0 0.0 0.0 0.0 0.0 0.0 0.0 0.0 0.0 0.0 0.0 0.0 0.0 0.0 0.0 0.0 0.0 0.0 0.0 0.0 0.0 0.0 0.0 0.0 0.0 0.0 0.0 0.0 0.0 
0.0 0.0 0.0 0.0 0.0 0.0 0.0 0.0 0.0 0.0 0.0 0.0 0.0 0.0 0.0 0.0 0.0 0.0 0.0 0.0 0.0 0.0 0.0 0.0 0.0 0.0 0.0 0.0 0.0 0.0 0.0 0.0 0.0 0.0 0.0 0.0 0.0 0.0 0.0 0.0 0.0 0.0 0.0 0.0 0.0 0.0 0.0 0.0 0.0 0.0 0.0 0.0 0.0 0.0 0.0 0.0 0.0 0.0 0.0 0.0 0.0 0.0 0.0 0.0 0.0 0.0 0.0 0.0 0.0 0.0 0.0 0.0 0.0 0.0 0.0 0.0 0.0 0.0 0.0 0.0 0.0 0.0 0.0 0.0 0.0 0.0 0.0 0.0 0.0 0.0 0.0 0.0 0.0 0.0 0.0 0.0 0.0 0.0 0.0 0.0 
0.0 0.0 0.0 0.0 0.0 0.0 0.0 0.0 0.0 0.0 0.0 0.0 0.0 0.0 0.0 0.0 0.0 0.0 0.0 0.0 0.0 0.0 0.0 0.0 0.0 0.0 0.0 0.0 0.0 0.0 0.0 0.0 0.0 0.0 0.0 0.0 0.0 0.0 0.0 0.0 0.0 0.0 0.0 0.0 0.0 0.0 0.0 0.0 0.0 0.0 0.0 0.0 0.0 0.0 0.0 0.0 0.0 0.0 0.0 0.0 0.0 0.0 0.0 0.0 0.0 0.0 0.0 0.0 0.0 0.0 0.0 0.0 0.0 0.0 0.0 0.0 0.0 0.0 0.0 0.0 0.0 0.0 0.0 0.0 0.0 0.0 0.0 0.0 0.0 0.0 0.0 0.0 0.0 0.0 0.0 0.0 0.0 0.0 0.0 0.0 
0.0 0.0 0.0 0.0 0.0 0.0 0.0 0.0 0.0 0.0 0.0 0.0 0.0 0.0 0.0 0.0 0.0 0.0 0.0 0.0 0.0 0.0 0.0 0.0 0.0 0.0 0.0 0.0 0.0 0.0 0.0 0.0 0.0 0.0 0.0 0.0 0.0 0.0 0.0 0.0 0.0 0.0 0.0 0.0 0.0 0.0 0.0 0.0 0.0 0.0 0.0 0.0 0.0 0.0 0.0 0.0 0.0 0.0 0.0 0.0 0.0 0.0 0.0 0.0 0.0 0.0 0.0 0.0 0.0 0.0 0.0 0.0 0.0 0.0 0.0 0.0 0.0 0.0 0.0 0.0 0.0 0.0 0.0 0.0 0.0 0.0 0.0 0.0 0.0 0.0 0.0 0.0 0.0 0.0 0.0 0.0 0.0 0.0 0.0 0.0 
0.0 0.0 0.0 0.0 0.0 0.0 0.0 0.0 0.0 0.0 0.0 0.0 0.0 0.0 0.0 0.0 0.0 0.0 0.0 0.0 0.0 0.0 0.0 0.0 0.0 0.0 0.0 0.0 0.0 0.0 0.0 0.0 0.0 0.0 0.0 0.0 0.0 0.0 0.0 0.0 0.0 0.0 0.0 0.0 0.0 0.0 0.0 0.0 0.0 0.0 0.0 0.0 0.0 0.0 0.0 0.0 0.0 0.0 0.0 0.0 0.0 0.0 0.0 0.0 0.0 0.0 0.0 0.0 0.0 0.0 0.0 0.0 0.0 0.0 0.0 0.0 0.0 0.0 0.0 0.0 0.0 0.0 0.0 0.0 0.0 0.0 0.0 0.0 0.0 0.0 0.0 0.0 0.0 0.0 0.0 0.0 0.0 0.0 0.0 0.0 
0.0 0.0 0.0 0.0 0.0 0.0 0.0 0.0 0.0 0.0 0.0 0.0 0.0 0.0 0.0 0.0 0.0 0.0 0.0 0.0 0.0 0.0 0.0 0.0 0.0 0.0 0.0 0.0 0.0 0.0 0.0 0.0 0.0 0.0 0.0 0.0 0.0 0.0 0.0 0.0 0.0 0.0 0.0 0.0 0.0 0.0 0.0 0.0 0.0 0.0 0.0 0.0 0.0 0.0 0.0 0.0 0.0 0.0 0.0 0.0 0.0 0.0 0.0 0.0 0.0 0.0 0.0 0.0 0.0 0.0 0.0 0.0 0.0 0.0 0.0 0.0 0.0 0.0 0.0 0.0 0.0 0.0 0.0 0.0 0.0 0.0 0.0 0.0 0.0 0.0 0.0 0.0 0.0 0.0 0.0 0.0 0.0 0.0 0.0 0.0 
0.0 0.0 0.0 0.0 0.0 0.0 0.0 0.0 0.0 0.0 0.0 0.0 0.0 0.0 0.0 0.0 0.0 0.0 0.0 0.0 0.0 0.0 0.0 0.0 0.0 0.0 0.0 0.0 0.0 0.0 0.0 0.0 0.0 0.0 0.0 0.0 0.0 0.0 0.0 0.0 0.0 0.0 0.0 0.0 0.0 0.0 0.0 0.0 0.0 0.0 0.0 0.0 0.0 0.0 0.0 0.0 0.0 0.0 0.0 0.0 0.0 0.0 0.0 0.0 0.0 0.0 0.0 0.0 0.0 0.0 0.0 0.0 0.0 0.0 0.0 0.0 0.0 0.0 0.0 0.0 0.0 0.0 0.0 0.0 0.0 0.0 0.0 0.0 0.0 0.0 0.0 0.0 0.0 0.0 0.0 0.0 0.0 0.0 0.0 0.0 
0.0 0.0 0.0 0.0 0.0 0.0 0.0 0.0 0.0 0.0 0.0 0.0 0.0 0.0 0.0 0.0 0.0 0.0 0.0 0.0 0.0 0.0 0.0 0.0 0.0 0.0 0.0 0.0 0.0 0.0 0.0 0.0 0.0 0.0 0.0 0.0 0.0 0.0 0.0 0.0 0.0 0.0 0.0 0.0 0.0 0.0 0.0 0.0 0.0 0.0 0.0 0.0 0.0 0.0 0.0 0.0 0.0 0.0 0.0 0.0 0.0 0.0 0.0 0.0 0.0 0.0 0.0 0.0 0.0 0.0 0.0 0.0 0.0 0.0 0.0 0.0 0.0 0.0 0.0 0.0 0.0 0.0 0.0 0.0 0.0 0.0 0.0 0.0 0.0 0.0 0.0 0.0 0.0 0.0 0.0 0.0 0.0 0.0 0.0 0.0 
0.0 0.0 0.0 0.0 0.0 0.0 0.0 0.0 0.0 0.0 0.0 0.0 0.0 0.0 0.0 0.0 0.0 0.0 0.0 0.0 0.0 0.0 0.0 0.0 0.0 0.0 0.0 0.0 0.0 0.0 0.0 0.0 0.0 0.0 0.0 0.0 0.0 0.0 0.0 0.0 0.0 0.0 0.0 0.0 0.0 0.0 0.0 0.0 0.0 0.0 0.0 0.0 0.0 0.0 0.0 0.0 0.0 0.0 0.0 0.0 0.0 0.0 0.0 0.0 0.0 0.0 0.0 0.0 0.0 0.0 0.0 0.0 0.0 0.0 0.0 0.0 0.0 0.0 0.0 0.0 0.0 0.0 0.0 0.0 0.0 0.0 0.0 0.0 0.0 0.0 0.0 0.0 0.0 0.0 0.0 0.0 0.0 0.0 0.0 0.0 
0.0 0.0 0.0 0.0 0.0 0.0 0.0 0.0 0.0 0.0 0.0 0.0 0.0 0.0 0.0 0.0 0.0 0.0 0.0 0.0 0.0 0.0 0.0 0.0 0.0 0.0 0.0 0.0 0.0 0.0 0.0 0.0 0.0 0.0 0.0 0.0 0.0 0.0 0.0 0.0 0.0 0.0 0.0 0.0 0.0 0.0 0.0 0.0 0.0 0.0 0.0 0.0 0.0 0.0 0.0 0.0 0.0 0.0 0.0 0.0 0.0 0.0 0.0 0.0 0.0 0.0 0.0 0.0 0.0 0.0 0.0 0.0 0.0 0.0 0.0 0.0 0.0 0.0 0.0 0.0 0.0 0.0 0.0 0.0 0.0 0.0 0.0 0.0 0.0 0.0 0.0 0.0 0.0 0.0 0.0 0.0 0.0 0.0 0.0 0.0 
0.0 0.0 0.0 0.0 0.0 0.0 0.0 0.0 0.0 0.0 0.0 0.0 0.0 0.0 0.0 0.0 0.0 0.0 0.0 0.0 0.0 0.0 0.0 0.0 0.0 0.0 0.0 0.0 0.0 0.0 0.0 0.0 0.0 0.0 0.0 0.0 0.0 0.0 0.0 0.0 0.0 0.0 0.0 0.0 0.0 0.0 0.0 0.0 0.0 0.0 0.0 0.0 0.0 0.0 0.0 0.0 0.0 0.0 0.0 0.0 0.0 0.0 0.0 0.0 0.0 0.0 0.0 0.0 0.0 0.0 0.0 0.0 0.0 0.0 0.0 0.0 0.0 0.0 0.0 0.0 0.0 0.0 0.0 0.0 0.0 0.0 0.0 0.0 0.0 0.0 0.0 0.0 0.0 0.0 0.0 0.0 0.0 0.0 0.0 0.0 
0.0 0.0 0.0 0.0 0.0 0.0 0.0 0.0 0.0 0.0 0.0 0.0 0.0 0.0 0.0 0.0 0.0 0.0 0.0 0.0 0.0 0.0 0.0 0.0 0.0 0.0 0.0 0.0 0.0 0.0 0.0 0.0 0.0 0.0 0.0 0.0 0.0 0.0 0.0 0.0 0.0 0.0 0.0 0.0 0.0 0.0 0.0 0.0 0.0 0.0 0.0 0.0 0.0 0.0 0.0 0.0 0.0 0.0 0.0 0.0 0.0 0.0 0.0 0.0 0.0 0.0 0.0 0.0 0.0 0.0 0.0 0.0 0.0 0.0 0.0 0.0 0.0 0.0 0.0 0.0 0.0 0.0 0.0 0.0 0.0 0.0 0.0 0.0 0.0 0.0 0.0 0.0 0.0 0.0 0.0 0.0 0.0 0.0 0.0 0.0 
0.0 0.0 0.0 0.0 0.0 0.0 0.0 0.0 0.0 0.0 0.0 0.0 0.0 0.0 0.0 0.0 0.0 0.0 0.0 0.0 0.0 0.0 0.0 0.0 0.0 0.0 0.0 0.0 0.0 0.0 0.0 0.0 0.0 0.0 0.0 0.0 0.0 0.0 0.0 0.0 0.0 0.0 0.0 0.0 0.0 0.0 0.0 0.0 0.0 0.0 0.0 0.0 0.0 0.0 0.0 0.0 0.0 0.0 0.0 0.0 0.0 0.0 0.0 0.0 0.0 0.0 0.0 0.0 0.0 0.0 0.0 0.0 0.0 0.0 0.0 0.0 0.0 0.0 0.0 0.0 0.0 0.0 0.0 0.0 0.0 0.0 0.0 0.0 0.0 0.0 0.0 0.0 0.0 0.0 0.0 0.0 0.0 0.0 0.0 0.0 
0.0 0.0 0.0 0.0 0.0 0.0 0.0 0.0 0.0 0.0 0.0 0.0 0.0 0.0 0.0 0.0 0.0 0.0 0.0 0.0 0.0 0.0 0.0 0.0 0.0 0.0 0.0 0.0 0.0 0.0 0.0 0.0 0.0 0.0 0.0 0.0 0.0 0.0 0.0 0.0 0.0 0.0 0.0 0.0 0.0 0.0 0.0 0.0 0.0 0.0 0.0 0.0 0.0 0.0 0.0 0.0 0.0 0.0 0.0 0.0 0.0 0.0 0.0 0.0 0.0 0.0 0.0 0.0 0.0 0.0 0.0 0.0 0.0 0.0 0.0 0.0 0.0 0.0 0.0 0.0 0.0 0.0 0.0 0.0 0.0 0.0 0.0 0.0 0.0 0.0 0.0 0.0 0.0 0.0 0.0 0.0 0.0 0.0 0.0 0.0 
0.0 0.0 0.0 0.0 0.0 0.0 0.0 0.0 0.0 0.0 0.0 0.0 0.0 0.0 0.0 0.0 0.0 0.0 0.0 0.0 0.0 0.0 0.0 0.0 0.0 0.0 0.0 0.0 0.0 0.0 0.0 0.0 0.0 0.0 0.0 0.0 0.0 0.0 0.0 0.0 0.0 0.0 0.0 0.0 0.0 0.0 0.0 0.0 0.0 0.0 0.0 0.0 0.0 0.0 0.0 0.0 0.0 0.0 0.0 0.0 0.0 0.0 0.0 0.0 0.0 0.0 0.0 0.0 0.0 0.0 0.0 0.0 0.0 0.0 0.0 0.0 0.0 0.0 0.0 0.0 0.0 0.0 0.0 0.0 0.0 0.0 0.0 0.0 0.0 0.0 0.0 0.0 0.0 0.0 0.0 0.0 0.0 0.0 0.0 0.0 
0.0 0.0 0.0 0.0 0.0 0.0 0.0 0.0 0.0 0.0 0.0 0.0 0.0 0.0 0.0 0.0 0.0 0.0 0.0 0.0 0.0 0.0 0.0 0.0 0.0 0.0 0.0 0.0 0.0 0.0 0.0 0.0 0.0 0.0 0.0 0.0 0.0 0.0 0.0 0.0 0.0 0.0 0.0 0.0 0.0 0.0 0.0 0.0 0.0 0.0 0.0 0.0 0.0 0.0 0.0 0.0 0.0 0.0 0.0 0.0 0.0 0.0 0.0 0.0 0.0 0.0 0.0 0.0 0.0 0.0 0.0 0.0 0.0 0.0 0.0 0.0 0.0 0.0 0.0 0.0 0.0 0.0 0.0 0.0 0.0 0.0 0.0 0.0 0.0 0.0 0.0 0.0 0.0 0.0 0.0 0.0 0.0 0.0 0.0 0.0 
0.0 0.0 0.0 0.0 0.0 0.0 0.0 0.0 0.0 0.0 0.0 0.0 0.0 0.0 0.0 0.0 0.0 0.0 0.0 0.0 0.0 0.0 0.0 0.0 0.0 0.0 0.0 0.0 0.0 0.0 0.0 0.0 0.0 0.0 0.0 0.0 0.0 0.0 0.0 0.0 0.0 0.0 0.0 0.0 0.0 0.0 0.0 0.0 0.0 0.0 0.0 0.0 0.0 0.0 0.0 0.0 0.0 0.0 0.0 0.0 0.0 0.0 0.0 0.0 0.0 0.0 0.0 0.0 0.0 0.0 0.0 0.0 0.0 0.0 0.0 0.0 0.0 0.0 0.0 0.0 0.0 0.0 0.0 0.0 0.0 0.0 0.0 0.0 0.0 0.0 0.0 0.0 0.0 0.0 0.0 0.0 0.0 0.0 0.0 0.0 
