0.0 0.0 0.0 2.7232045410363503e-16 3.661514766280304e-16 3.2721305560940906e-15 3.683455223110258e-14 3.291615208995676e-13 2.2822049100852806e-12 1.2293189911751319e-11 5.142469428679165e-11 1.6713913197132118e-10 4.2280501163452534e-10 8.384289353985723e-10 1.341243676204455e-9 1.912885321090736e-9 3.028991828221171e-9 6.023788416991435e-9 1.269773503786071e-8 2.4805821207365156e-8 4.8071379606341646e-8 1.0738329303559522e-7 2.664647640002521e-7 6.130767527008724e-7 1.1667698121728353e-6 1.763448158105588e-6 2.091652820474109e-6 1.9408070057785313e-6 1.4078750382516408e-6 7.986359205051459e-7 3.54550796254726e-7 1.2335986936636125e-7 3.3756685376844096e-8 7.3839289056247155e-9 1.4242883151063486e-9 3.6214195162294553e-10 1.6909714604844097e-10 9.151339643107577e-11 4.1613784857037224e-11 1.4877459879086427e-11 4.140661597997598e-12 8.960019526090895e-13 1.5064495087216513e-13 1.978120218812022e-14 2.1304726091986313e-15 3.98854586410981e-16 3.105828764581064e-16 4.021523112303876e-17 6.304551192686053e-17 2.2241049279752284e-16 1.6506979035576993e-16 1.147667327146686e-16 2.827662584447703e-17 0.0 0.0 0.0 0.0 0.0 0.0 0.0 0.0 0.0 0.0 0.0 0.0 0.0 0.0 0.0 0.0 0.0 0.0 0.0 0.0 0.0 0.0 0.0 0.0 0.0 0.0 0.0 0.0 0.0 0.0 0.0 0.0 0.0 0.0 0.0 0.0 0.0 0.0 0.0 0.0 0.0 0.0 0.0 0.0 0.0 0.0 0.0 
0.0 0.0 0.0 3.982347471398269e-16 2.784335265990945e-15 3.926746345168256e-14 4.5077513086687617e-13 4.026346167012561e-12 2.792544273582864e-11 1.504024276117001e-10 6.290251372194699e-10 2.0430630719259904e-9 5.154879199416393e-9 1.0113789785778887e-8 1.5492517644881768e-8 1.883877388965215e-8 1.9384753028723465e-8 2.039672739120508e-8 2.8840267276324595e-8 5.83494480381186e-8 1.5660322956549685e-7 4.824445176168545e-7 1.3956340999211601e-6 3.364090568134808e-6 6.468072710466881e-6 9.789577310192665e-6 1.162019709727244e-5 1.08077769902299e-5 7.877381664981892e-6 4.502310835920243e-6 2.020225249396049e-6 7.131620243139687e-7 1.9936392364856105e-7 4.574494573338282e-8 1.0501653015277102e-8 3.959280813023164e-9 2.3452899803883065e-9 1.3336105959175966e-9 6.107000347836382e-10 2.184902424100689e-10 6.079908891882596e-11 1.3151169178373674e-11 2.2111718833298477e-12 2.8912248918978894e-13 2.949365130350541e-14 2.5461923559390616e-15 4.3042356292702456e-16 3.7720833746125975e-17 6.194540657363803e-17 1.9793828758156223e-16 1.3320086162631662e-16 9.120135596157829e-17 2.2106229871897156e-17 0.0 0.0 0.0 0.0 0.0 0.0 0.0 0.0 0.0 0.0 0.0 0.0 0.0 0.0 0.0 0.0 0.0 0.0 0.0 0.0 0.0 0.0 0.0 0.0 0.0 0.0 0.0 0.0 0.0 0.0 0.0 0.0 0.0 0.0 0.0 0.0 0.0 0.0 0.0 0.0 0.0 0.0 0.0 0.0 0.0 0.0 0.0 
0.0 0.0 0.0 1.5869375457204988e-15 2.4938150250955767e-14 3.67401986539611e-13 4.2236641021182736e-12 3.771777165161433e-11 2.61560099797811e-10 1.4084854034324783e-9 5.8897311608447345e-9 1.91266721405196e-8 4.824944370125786e-8 9.462962990883528e-8 1.447879146387966e-7 1.7527913517132396e-7 1.773470871361607e-7 1.774139628141563e-7 2.2772905116480962e-7 3.982215722772954e-7 8.852392166769711e-7 2.361136239599795e-6 6.380766743231447e-6 1.4966801174066805e-5 2.8448622709355898e-5 4.2855960140250125e-5 5.084133329010611e-5 4.742642167117968e-5 3.479037611765261e-5 2.0085709907698644e-5 9.139623652878885e-6 3.2879224923158943e-6 9.472496232503555e-7 2.357781845783833e-7 7.083626100419425e-8 3.818897984690363e-8 2.568493206660471e-8 1.4920154329725693e-8 6.8501878334687546e-9 2.450635497172431e-9 6.816721864384047e-10 1.473921925781219e-10 2.4773898107910076e-11 3.2374719593121056e-12 3.290627805470345e-13 2.619429824552183e-14 1.8598512227566332e-15 1.615259222988741e-17 5.7855126396646e-17 1.6744211522386645e-16 1.0071358906501344e-16 6.49931833761156e-17 3.217971371139385e-17 0.0 0.0 0.0 0.0 0.0 0.0 0.0 0.0 0.0 0.0 0.0 0.0 0.0 0.0 0.0 0.0 0.0 0.0 0.0 0.0 0.0 0.0 0.0 0.0 0.0 0.0 0.0 0.0 0.0 0.0 0.0 0.0 0.0 0.0 0.0 0.0 0.0 0.0 0.0 0.0 0.0 0.0 0.0 0.0 0.0 0.0 0.0 
0.0 0.0 0.0 1.0004262678647575e-14 1.8143529797756594e-13 2.6831031830727843e-12 3.0839403915288406e-11 2.753040215259264e-10 1.908524545434711e-9 1.0274128562123204e-8 4.294996246089856e-8 1.3944026164579733e-7 3.5165851627504375e-7 6.894420111408603e-7 1.0540181998234948e-6 1.2724418346601565e-6 1.2741649800048622e-6 1.2343859918143005e-6 1.4852380195026683e-6 2.337244713484057e-6 4.377308235202046e-6 9.775841854485934e-6 2.3837957141255887e-5 5.355189459505869e-5 0.00010005013798190923 0.00014974254580060427 0.0001775527410945785 0.00016632674330578542 0.00012307719825225627 7.199871360034511e-5 3.3350920238010465e-5 1.2292556625392595e-5 3.7010625317774413e-6 1.055766358102394e-6 4.4560003436565696e-7 3.1060612955364587e-7 2.222364655950597e-7 1.3024074064359873e-7 5.982484999401969e-8 2.1388698803634275e-8 5.94542452355879e-9 1.284747081020396e-9 2.1582986438410808e-10 2.8191599117524368e-11 2.863677886777447e-12 2.2640521375528309e-13 1.4127717211215134e-14 6.038074756085934e-16 7.102760068565715e-17 1.357034046913526e-16 6.973800690841986e-17 4.202747413552351e-17 1.7639676508657325e-16 0.0 0.0 0.0 0.0 0.0 0.0 0.0 0.0 0.0 0.0 0.0 0.0 0.0 0.0 0.0 0.0 0.0 0.0 0.0 0.0 0.0 0.0 0.0 0.0 0.0 0.0 0.0 0.0 0.0 0.0 0.0 0.0 0.0 0.0 0.0 0.0 0.0 0.0 0.0 0.0 0.0 0.0 0.0 0.0 0.0 0.0 0.0 
0.0 0.0 0.0 5.638213690868291e-14 1.043009275152034e-12 1.5421081222992533e-11 1.7713596318487249e-10 1.5802942426940325e-9 1.0948680023782892e-8 5.890643727749672e-8 2.4612208927502857e-7 7.986597374293249e-7 2.0132138543121788e-6 3.944935134914501e-6 6.025656622773458e-6 7.2555786485172145e-6 7.198376326690132e-6 6.777969508034834e-6 7.723966202677687e-6 1.126293564890936e-5 1.851306469230869e-5 3.4610433141099053e-5 7.385225637956016e-5 0.00015577779650726147 0.0002838781667482594 0.00042121024783227433 0.0004993290518714326 0.0004705527885684237 0.0003522095111351282 0.00020950030193350017 9.920549431170227e-5 3.772652326320188e-5 1.215352562700534e-5 4.282593508699124e-6 2.546631812870351e-6 2.070767010765568e-6 1.523932060401075e-6 8.955344561537076e-7 4.1097181630608955e-7 1.4674600435880524e-7 4.0744621489842674e-8 8.795917367103714e-9 1.4764368684602834e-9 1.9271586835572476e-10 1.9564027925772635e-11 1.5450864841725905e-12 9.51036322883865e-14 4.508750456172145e-15 2.048083031740157e-16 1.1008753642558663e-16 4.2828915096914473e-17 4.200354511187921e-17 1.034364545126275e-15 0.0 0.0 0.0 0.0 0.0 0.0 0.0 0.0 0.0 0.0 0.0 0.0 0.0 0.0 0.0 0.0 0.0 0.0 0.0 0.0 0.0 0.0 0.0 0.0 0.0 0.0 0.0 0.0 0.0 0.0 0.0 0.0 0.0 0.0 0.0 0.0 0.0 0.0 0.0 0.0 0.0 0.0 0.0 0.0 0.0 0.0 0.0 
0.0 0.0 0.0 2.5597316886657636e-13 4.745293137407973e-12 7.00744163393314e-11 8.039194966838486e-10 7.163508856812372e-9 4.957443747977574e-8 2.664380922568628e-7 1.1121251583053631e-6 3.605517653982685e-6 9.080885564435026e-6 1.7779353476960793e-5 2.712737099389682e-5 3.2582769270521653e-5 3.205574798223276e-5 2.9411620345545454e-5 3.191249782796448e-5 4.386676897677723e-5 6.570032917121513e-5 0.00010519992479880833 0.0001926234767271267 0.00037287314082270654 0.0006561684256587044 0.0009627179204495729 0.0011417826566627758 0.00108488423159794 0.0008240315961024703 0.0005002648322779988 0.00024333353237144324 9.649946925699088e-5 3.4595434256576495e-5 1.615716633593339e-5 1.264487871021396e-5 1.1134853135749744e-5 8.281037446787134e-6 4.861150835109147e-6 2.2255923991632825e-6 7.929605324378437e-7 2.1975836933828054e-7 4.7366590814854495e-8 7.940193449022003e-9 1.0352747794072867e-9 1.0500419990401328e-10 8.286499147667829e-12 5.090320649059169e-13 2.4336430836985806e-14 9.308496083800398e-16 1.0761819500422899e-16 2.5197284875126003e-17 1.3196200061357238e-16 4.779672659879639e-15 0.0 0.0 0.0 0.0 0.0 0.0 0.0 0.0 0.0 0.0 0.0 0.0 0.0 0.0 0.0 0.0 0.0 0.0 0.0 0.0 0.0 0.0 0.0 0.0 0.0 0.0 0.0 0.0 0.0 0.0 0.0 0.0 0.0 0.0 0.0 0.0 0.0 0.0 0.0 0.0 0.0 0.0 0.0 0.0 0.0 0.0 0.0 
0.0 0.0 0.0 9.279639602106653e-13 1.7171403409290527e-11 2.5296271651605246e-10 2.8953797910970136e-9 2.5743039910128078e-8 1.7777982779076582e-7 9.536016813471716e-7 3.973119224595302e-6 1.2859355956754627e-5 3.233865994360587e-5 6.322774348492308e-5 9.633129750784099e-5 0.00011541782523743897 0.00011271552006574598 0.00010105013214251117 0.00010477474034864721 0.00013704755505006115 0.0001923733611581222 0.0002733455143407329 0.0004296200757591211 0.0007475381464964044 0.001254905311050583 0.0018147091080544862 0.0021554046680308542 0.0020708865969613346 0.0016022268036572655 0.000997323917151949 0.000501878236716799 0.0002115704203600859 8.922536451128063e-5 5.629835678326379e-5 5.242693398436138e-5 4.7725477726610415e-5 3.549065766365032e-5 2.0742809285756877e-5 9.456921220171932e-6 3.3574658830649908e-6 9.277204501881981e-7 1.9946819936673846e-7 3.336987833965371e-8 4.3438949798248915e-9 4.4005378498433915e-10 3.469982971005794e-11 2.130519391990853e-12 1.0193066185964536e-13 3.812814636675662e-15 1.7526959558853102e-16 2.7836099103565954e-17 4.968392321175669e-16 1.747122295667817e-14 0.0 0.0 0.0 0.0 0.0 0.0 0.0 0.0 0.0 0.0 0.0 0.0 0.0 0.0 0.0 0.0 0.0 0.0 0.0 0.0 0.0 0.0 0.0 0.0 0.0 0.0 0.0 0.0 0.0 0.0 0.0 0.0 0.0 0.0 0.0 0.0 0.0 0.0 0.0 0.0 0.0 0.0 0.0 0.0 0.0 0.0 0.0 
0.0 0.0 0.0 2.7332395239635717e-12 5.0322603034491115e-11 7.379929004872513e-10 8.412090048968164e-9 7.450256258641358e-8 5.126303462092533e-7 2.740314436192318e-6 1.13811951077656e-5 3.673015805620473e-5 9.213225924889528e-5 0.00017973458977725793 0.0002732995535736875 0.0003266832220217981 0.0003171841286917877 0.00027897308297823237 0.0002776571759458272 0.00034748010035141864 0.00046600393202119003 0.0006096771175973741 0.0008399098247508369 0.001297892375203703 0.0020489335101038894 0.002905158361405923 0.003457715316406215 0.003370757324375361 0.002670159871393173 0.0017170985378829082 0.0009067088161886049 0.00042015689223499735 0.00021917625033478718 0.00017641843119459594 0.00017841726916975273 0.0001631441568518763 0.00012034042502020553 6.976927144671702e-5 3.159708377026816e-5 1.1156860366321425e-5 3.0691482167665127e-6 6.575413410428149e-7 1.096995974258481e-7 1.4252315995245537e-8 1.4422947469505392e-9 1.1372950327509805e-10 6.99198540555756e-12 3.3555002937106523e-13 1.2591441294605065e-14 4.265349066376368e-16 3.760723036552802e-17 1.542850356241087e-15 5.1974187987170757e-14 0.0 0.0 0.0 0.0 0.0 0.0 0.0 0.0 0.0 0.0 0.0 0.0 0.0 0.0 0.0 0.0 0.0 0.0 0.0 0.0 0.0 0.0 0.0 0.0 0.0 0.0 0.0 0.0 0.0 0.0 0.0 0.0 0.0 0.0 0.0 0.0 0.0 0.0 0.0 0.0 0.0 0.0 0.0 0.0 0.0 0.0 0.0 
0.0 0.0 0.0 6.815905625926677e-12 1.2378830519461258e-10 1.7983482458117852e-9 2.0345269256605284e-8 1.79007530135408e-7 1.2243041156366294e-6 6.508317757139426e-6 2.6893018815357256e-5 8.639367839674566e-5 0.0002158452143321016 0.0004197148336029458 0.0006367020640672563 0.0007598623373421596 0.0007358375773604168 0.0006397430613699265 0.0006168747001444655 0.000743295696414536 0.0009664520521675373 0.0012061953835133823 0.0015149072475023565 0.0020906997760709333 0.003058178651593374 0.004206853962674365 0.005003313225520285 0.004962091311590221 0.004053924535022739 0.002730530322002337 0.0015525139769727054 0.0008242803998932453 0.0005312078501711152 0.0004894226156133254 0.0005021505712278355 0.0004516942436008118 0.00032779961321840047 0.00018761870439862557 8.41164038220145e-5 2.9465693737309816e-5 8.0555868463261e-6 1.7179602408233032e-6 2.8577794484916574e-7 3.708972800338256e-8 3.757966785854069e-9 2.9757788122903425e-10 1.845191248430678e-11 8.996080826321483e-13 3.4811048723749114e-14 1.1513823497966563e-15 1.2547589948095163e-16 4.250977250755648e-15 1.336379017644663e-13 0.0 0.0 0.0 0.0 0.0 0.0 0.0 0.0 0.0 0.0 0.0 0.0 0.0 0.0 0.0 0.0 0.0 0.0 0.0 0.0 0.0 0.0 0.0 0.0 0.0 0.0 0.0 0.0 0.0 0.0 0.0 0.0 0.0 0.0 0.0 0.0 0.0 0.0 0.0 0.0 0.0 0.0 0.0 0.0 0.0 0.0 0.0 
0.0 0.0 0.0 1.5638033078279723e-11 2.7063845374908625e-10 3.831353698065109e-9 4.266611706095902e-8 3.7114841841536115e-7 2.514925968095879e-6 1.3261135702721975e-5 5.4403499512832546e-5 0.0001736800006656449 0.0004316926026774536 0.0008363435770910673 0.001266643152698048 0.0015136223655971203 0.0014727662872874112 0.0012858124528123136 0.001227831604459536 0.00144707807129598 0.0018546992936097815 0.0022878596499055063 0.0027638447917160487 0.003521816550797485 0.004747942454959596 0.006227522173122443 0.0073142882870494315 0.0073564742752331306 0.006233915178956519 0.004468260452476221 0.0028057405699622993 0.0017244512390010866 0.0012721434464767493 0.0012012731662036616 0.001189721452399847 0.0010330474644737523 0.0007304650228465474 0.00041020573873251436 0.00018130685437128653 6.284326627211721e-5 1.705631846792687e-5 3.623475123880647e-6 6.027734625769835e-7 7.861090466034025e-8 8.054884309499396e-9 6.510380476250638e-10 4.184845928191906e-11 2.1823239846325075e-12 9.708573582801764e-14 4.1633045831194996e-15 6.550146003477749e-16 1.3549661991876753e-14 3.4634474829819956e-13 0.0 0.0 0.0 0.0 0.0 0.0 0.0 0.0 0.0 0.0 0.0 0.0 0.0 0.0 0.0 0.0 0.0 0.0 0.0 0.0 0.0 0.0 0.0 0.0 0.0 0.0 0.0 0.0 0.0 0.0 0.0 0.0 0.0 0.0 0.0 0.0 0.0 0.0 0.0 0.0 0.0 0.0 0.0 0.0 0.0 0.0 0.0 
0.0 0.0 0.0 4.0113656863512286e-11 5.899628803611548e-10 7.658878348952913e-9 8.159038500500436e-8 6.926562560693951e-7 4.622127150486925e-6 2.4105578059027407e-5 9.805095184321915e-5 0.00031095572536639777 0.0007693883969130239 0.001487866882296959 0.0022584731781891813 0.0027229847788463237 0.002702238296763763 0.00243664988001244 0.002396234387900792 0.002847714508224597 0.0036699442217974585 0.004595495195418357 0.005578039944299431 0.006865957999265622 0.008670247367396371 0.010727490271495147 0.012226385554429316 0.012307236379141577 0.010753586565974298 0.008196389832691622 0.005643737419812038 0.0038366439692285098 0.0029424111303519985 0.002641887008996075 0.002437763204838196 0.002006217062882887 0.0013672483780460042 0.0007483636894342591 0.00032498223515698647 0.0001114258251738223 3.01207354747261e-5 6.423090519815746e-6 1.0828504636516155e-6 1.449035975523402e-7 1.55002388761382e-8 1.34428115430271e-9 9.764283116555865e-11 6.380944272359944e-12 4.184744366842313e-13 2.92704617593167e-14 5.3794423554008124e-15 6.824903564941422e-14 1.2319984182189293e-12 0.0 0.0 0.0 0.0 0.0 0.0 0.0 0.0 0.0 0.0 0.0 0.0 0.0 0.0 0.0 0.0 0.0 0.0 0.0 0.0 0.0 0.0 0.0 0.0 0.0 0.0 0.0 0.0 0.0 0.0 0.0 0.0 0.0 0.0 0.0 0.0 0.0 0.0 0.0 0.0 0.0 0.0 0.0 0.0 0.0 0.0 0.0 
0.0 0.0 0.0 1.477019132930287e-10 1.5942226874770258e-9 1.647170289330453e-8 1.535607338570681e-7 1.2165593645817343e-6 7.838541030126072e-6 4.012854930524415e-5 0.00016155207578556947 0.0005096165941427806 0.001259504972158469 0.0024450085443460797 0.0037526164287318814 0.004629366676251133 0.004794589354314965 0.004626522715773039 0.004884172527479737 0.006029712386119065 0.007910220824578937 0.010093836284953599 0.012409564565724961 0.015069862975110997 0.01823458671022403 0.021446067810288114 0.023558648355569978 0.02341642958380209 0.020755454996751715 0.016465324237245556 0.011998885808066437 0.008523537887015162 0.006422413764023455 0.005312021093392755 0.004476740064870875 0.0034413126896076797 0.002240021003668799 0.0011906635314204485 0.0005089222466269027 0.00017398386985390137 4.756297978914367e-5 1.0428231395167622e-5 1.8439405755403674e-6 2.6542667080571516e-7 3.1683491995991765e-8 3.2670509333113678e-9 3.1457209463533237e-10 3.079829918038168e-11 3.0670449158461255e-12 2.8443827697617393e-13 4.8084317029937783e-14 4.5282345217961047e-13 6.55013069930783e-12 0.0 0.0 0.0 0.0 0.0 0.0 0.0 0.0 0.0 0.0 0.0 0.0 0.0 0.0 0.0 0.0 0.0 0.0 0.0 0.0 0.0 0.0 0.0 0.0 0.0 0.0 0.0 0.0 0.0 0.0 0.0 0.0 0.0 0.0 0.0 0.0 0.0 0.0 0.0 0.0 0.0 0.0 0.0 0.0 0.0 0.0 0.0 
0.0 0.0 0.0 7.101443206998031e-10 5.979355164161178e-9 4.581228839331652e-8 3.280519519592181e-7 2.178743901542589e-6 1.2742918925207335e-5 6.221909235914932e-5 0.00024527675859282815 0.0007685469135996809 0.001904848023923521 0.0037420809408271073 0.005880695283231383 0.007561630702151212 0.00838530924450604 0.00890743799515949 0.010296134018697431 0.013320698263271534 0.017771082013017823 0.022887567938677446 0.028208917032446438 0.033814684984227975 0.03968334063991637 0.04490512868728562 0.047722066681422856 0.04658800095672054 0.04134070075816495 0.033412644647022524 0.025004846116024437 0.01797486545387315 0.013097516151945475 0.009983191224124565 0.007671622085064455 0.005482926218321829 0.0034032060583950386 0.001764825985570199 0.0007517741586297992 0.0002617503788442721 7.457085520362727e-5 1.7458154915319655e-5 3.3859666073093364e-6 5.540953777832876e-7 7.985748499266124e-8 1.0924190787486374e-8 1.5093138003374181e-9 2.0513051760100956e-10 2.50392289299977e-11 2.551703122834575e-12 3.7915444165676296e-13 2.8555001864460243e-12 3.7887679157081206e-11 0.0 0.0 0.0 0.0 0.0 0.0 0.0 0.0 0.0 0.0 0.0 0.0 0.0 0.0 0.0 0.0 0.0 0.0 0.0 0.0 0.0 0.0 0.0 0.0 0.0 0.0 0.0 0.0 0.0 0.0 0.0 0.0 0.0 0.0 0.0 0.0 0.0 0.0 0.0 0.0 0.0 0.0 0.0 0.0 0.0 0.0 0.0 
0.0 0.0 0.0 3.330277850099227e-9 2.5075245148492922e-8 1.596879566455701e-7 8.875998967078595e-7 4.537063942354541e-6 2.171811873214276e-5 9.411801732420455e-5 0.0003499742072274096 0.0010730798194852993 0.0026617522110287516 0.00532441961585227 0.008677237943259187 0.011847391073460653 0.014359996120459753 0.01698511762411273 0.021403957215005695 0.028805791581004717 0.038858926202222935 0.05017186415135208 0.06162460216466312 0.07288055395459093 0.0834511524948697 0.09159246595902013 0.09463358683359718 0.09067569759752495 0.08001747572741644 0.06508734153474639 0.04924632074491026 0.0354113219519054 0.025042748913221526 0.017885674332069085 0.01271328088284807 0.008520252420189257 0.0050861812146365815 0.0026067420003224456 0.0011271852126172807 0.00040867063459450474 0.00012409356972168224 3.166708627602705e-5 6.896816827548108e-6 1.3374581920810707e-6 2.4814395438502337e-7 4.625350703866141e-8 8.331916365174298e-9 1.326885671689098e-9 1.7438713826635608e-10 1.8307733017841487e-11 2.4458309604795185e-12 1.5112249605052057e-11 1.9183817511628466e-10 0.0 0.0 0.0 0.0 0.0 0.0 0.0 0.0 0.0 0.0 0.0 0.0 0.0 0.0 0.0 0.0 0.0 0.0 0.0 0.0 0.0 0.0 0.0 0.0 0.0 0.0 0.0 0.0 0.0 0.0 0.0 0.0 0.0 0.0 0.0 0.0 0.0 0.0 0.0 0.0 0.0 0.0 0.0 0.0 0.0 0.0 0.0 
0.0 0.0 0.0 1.3438096404072996e-8 9.600633539125177e-8 5.624798700158311e-7 2.7247347820771906e-6 1.1378846423422425e-5 4.3167476905860284e-5 0.00015345721892247966 0.0005025730814221404 0.001448224802483577 0.0035332487137436754 0.007180588323057884 0.012227619339052363 0.017948390792279494 0.02397978175913749 0.031375261130736076 0.042376274321040165 0.058654304097114154 0.07966003594759491 0.10293852967830243 0.1260285323064955 0.14746967899897404 0.16566241804357035 0.1774875917675707 0.17914639420567324 0.168713648480219 0.14766521705194652 0.12015468570144197 0.09127570821582603 0.06549177941199655 0.045360661096530974 0.03097610350465061 0.020799477841559177 0.013276741428034505 0.007711337922337748 0.003942693022641841 0.0017412309216500827 0.000657796771365815 0.00021204757304027266 5.9035607320017654e-5 1.4799591027737454e-5 3.5863555683924675e-6 8.761419973597236e-7 2.058122372504879e-7 4.2464591662479995e-8 7.201943670102079e-9 9.71435243591382e-10 1.0298839525510407e-10 1.2748890454686494e-11 6.621471858670507e-11 8.110306215243027e-10 0.0 0.0 0.0 0.0 0.0 0.0 0.0 0.0 0.0 0.0 0.0 0.0 0.0 0.0 0.0 0.0 0.0 0.0 0.0 0.0 0.0 0.0 0.0 0.0 0.0 0.0 0.0 0.0 0.0 0.0 0.0 0.0 0.0 0.0 0.0 0.0 0.0 0.0 0.0 0.0 0.0 0.0 0.0 0.0 0.0 0.0 0.0 
0.0 0.0 0.0 4.539001582195077e-8 3.127695470831397e-7 1.7509463134224691e-6 7.939105372307938e-6 2.986460093902602e-5 9.706179548040755e-5 0.00028664781751544 0.000794974561767704 0.0020528150302733792 0.004767068301002292 0.009683916867662123 0.017136006654274984 0.02695903948633083 0.03928286812045893 0.055626427264141 0.07881394118447907 0.11100011849124189 0.15131730825603767 0.19573142491670992 0.2393642699154623 0.2782700059408193 0.30852747297091454 0.32487575526346923 0.3222501865599026 0.2992887216212767 0.2597749109015758 0.21081482355676975 0.16022869245079185 0.11474436733461325 0.07849591207698063 0.05212604955903279 0.03368092739314684 0.020743349941346998 0.011779938678920071 0.005987572657222812 0.0026700146662708077 0.0010349875033867633 0.0003516009442860671 0.00010901041971721362 3.316684392896438e-5 1.0323008769316205e-5 3.1147152067873005e-6 8.271430839382885e-7 1.805452402915044e-7 3.133411439940731e-8 4.264693832317628e-9 4.535629338900222e-10 5.3350485982152555e-11 2.4050869045355227e-10 2.850126165381036e-9 0.0 0.0 0.0 0.0 0.0 0.0 0.0 0.0 0.0 0.0 0.0 0.0 0.0 0.0 0.0 0.0 0.0 0.0 0.0 0.0 0.0 0.0 0.0 0.0 0.0 0.0 0.0 0.0 0.0 0.0 0.0 0.0 0.0 0.0 0.0 0.0 0.0 0.0 0.0 0.0 0.0 0.0 0.0 0.0 0.0 0.0 0.0 
0.0 0.0 0.0 1.277439819196657e-7 8.53668235569201e-7 4.620302595738968e-6 2.012543748469627e-5 7.171849528457853e-5 0.0002152757049806119 0.0005687339560490352 0.0013867224379160482 0.00320084420445595 0.006933478033255033 0.013779764379620797 0.024851609778131268 0.04102856202888216 0.06348599550824607 0.09457904068803588 0.13779685250927315 0.1957205068715337 0.2670291977852246 0.34554376878113513 0.4225715050716978 0.489676274434185 0.5387684347424785 0.5613160438789364 0.550681210662825 0.5066141205133384 0.4366486307425769 0.3528560542496032 0.2676761773749569 0.1913264291781356 0.13001615876373465 0.08495736703748379 0.05353862374863559 0.032091842430265735 0.017826606173742786 0.008937097756336885 0.0039737346512876215 0.001568568509911068 0.0005696210416981424 0.0002053464644883103 7.7630571884388e-5 2.9261805403214522e-5 9.874860927940486e-6 2.758927109212758e-6 6.145797958089868e-7 1.0748536851146443e-7 1.4670142973455553e-8 1.5614681865250885e-9 1.7781006271826037e-10 7.215914178534184e-10 8.308654118325587e-9 0.0 0.0 0.0 0.0 0.0 0.0 0.0 0.0 0.0 0.0 0.0 0.0 0.0 0.0 0.0 0.0 0.0 0.0 0.0 0.0 0.0 0.0 0.0 0.0 0.0 0.0 0.0 0.0 0.0 0.0 0.0 0.0 0.0 0.0 0.0 0.0 0.0 0.0 0.0 0.0 0.0 0.0 0.0 0.0 0.0 0.0 0.0 
0.0 0.0 0.0 2.980064915728081e-7 1.9423560354788e-6 1.0234345322974877e-5 4.3305973134221635e-5 0.00014928202064238156 0.00042972366951427157 0.0010733939399844065 0.0024387657324006777 0.005231363579115066 0.010701976967302799 0.02066489915641049 0.03730167115857907 0.0630433750737058 0.1008023483152216 0.15435315214195472 0.22800735241910755 0.3245388439200581 0.441793756353633 0.5707864267784465 0.6975594443001064 0.8069071554923112 0.8842160796353477 0.9160035757872526 0.8932611789110498 0.8170861471529722 0.7004047959316857 0.5631883912266256 0.42561604303572126 0.3034026379392912 0.20538737959026124 0.13304901422111282 0.08259743616742526 0.04860018450443733 0.026526216019274428 0.013131379773068958 0.005833364713469206 0.002370958034854833 0.000943540686755314 0.0003988458177210287 0.00017668060989874362 7.3391773369509e-5 2.586807738350684e-5 7.34710265141462e-6 1.645763166553675e-6 2.882929488377718e-7 3.935856796873822e-8 4.188422360734215e-9 4.67804471561244e-10 1.770132676166109e-9 1.993648404281601e-8 0.0 0.0 0.0 0.0 0.0 0.0 0.0 0.0 0.0 0.0 0.0 0.0 0.0 0.0 0.0 0.0 0.0 0.0 0.0 0.0 0.0 0.0 0.0 0.0 0.0 0.0 0.0 0.0 0.0 0.0 0.0 0.0 0.0 0.0 0.0 0.0 0.0 0.0 0.0 0.0 0.0 0.0 0.0 0.0 0.0 0.0 0.0 
0.0 0.0 0.0 5.713731247325248e-7 3.661286497413853e-6 1.894287931242539e-5 7.865061645725524e-5 0.00026582514056813355 0.0007489424101776469 0.001823702766113416 0.004014742619417056 0.008308750806948446 0.016450473227220017 0.03110860191385823 0.055899012192572685 0.09541458663841576 0.15515760993580352 0.2410778186005303 0.35845759053562554 0.5096826942024328 0.6908792697665869 0.8893411762117114 1.0845082305120528 1.2522065957611885 1.3686303041753671 1.4131250172655 1.3731525067869428 1.2513661227038715 1.0680140247427508 0.8545241900525171 0.6427648923030254 0.45659061035038145 0.30816199587240334 0.19868159950663233 0.12236209005780979 0.07129984412472337 0.038618938800633926 0.01910770260034563 0.008617880100509876 0.003670231140734001 0.001598259535495023 0.000750210260558225 0.00035643248995010214 0.00015249122549431868 5.4196735255208355e-5 1.5403857888947274e-5 3.445945459108477e-6 6.027299724447645e-7 8.218664294071089e-8 8.73796367975845e-9 9.65537456442447e-10 3.5086739500041806e-9 3.895273897747211e-8 0.0 0.0 0.0 0.0 0.0 0.0 0.0 0.0 0.0 0.0 0.0 0.0 0.0 0.0 0.0 0.0 0.0 0.0 0.0 0.0 0.0 0.0 0.0 0.0 0.0 0.0 0.0 0.0 0.0 0.0 0.0 0.0 0.0 0.0 0.0 0.0 0.0 0.0 0.0 0.0 0.0 0.0 0.0 0.0 0.0 0.0 0.0 
0.0 0.0 0.0 8.93500742290333e-7 5.681284434780791e-6 2.9168396874540084e-5 0.00012026379396011796 0.0004041468366041424 0.0011335053236196848 0.002747117984727647 0.006001472764088211 0.012269466991865156 0.023951908297142065 0.04484660288243379 0.08049688623405368 0.1384507296464504 0.22779255692506717 0.35744835604278935 0.5337709778631353 0.7579833413939714 1.0232352290591527 1.3118001813648337 1.5949666654920198 1.8372654528306054 2.002818854264296 2.0615354327519264 1.996695864642012 1.8135688101044112 1.542155817079986 1.2287486740813587 0.9204306999208871 0.6516215827553603 0.4385665993675052 0.28179994981989104 0.17277319994536208 0.1003223780759461 0.054452845998980884 0.027306612650712665 0.012701611907078162 0.005691340082134939 0.002623278940679256 0.001273546520148346 0.0006072076587002239 0.0002571235480264079 9.032412296447826e-5 2.5437726174298164e-5 5.654121023211459e-6 9.846960187372133e-7 1.3388657733072837e-7 1.4207471022282301e-8 1.5615480996039545e-9 5.574867496211605e-9 6.146231981192522e-8 0.0 0.0 0.0 0.0 0.0 0.0 0.0 0.0 0.0 0.0 0.0 0.0 0.0 0.0 0.0 0.0 0.0 0.0 0.0 0.0 0.0 0.0 0.0 0.0 0.0 0.0 0.0 0.0 0.0 0.0 0.0 0.0 0.0 0.0 0.0 0.0 0.0 0.0 0.0 0.0 0.0 0.0 0.0 0.0 0.0 0.0 0.0 
0.0 0.0 0.0 1.1330921745120977e-6 7.220743481856198e-6 3.722569087321668e-5 0.00015452621792956284 0.0005244715506009374 0.0014898686252015412 0.0036592220490232643 0.008072109780507913 0.016551838995153757 0.03225242661199617 0.060349023751056344 0.1088679349934028 0.18916796088086976 0.3148174616835554 0.4983448863013942 0.747330753816765 1.0614535971352446 1.4299430317994262 1.8285155206614885 2.2180703909973816 2.5489095720895247 2.770164248333294 2.8408224767926744 2.740818170831881 2.480559031633715 2.10265147965113 1.6705984677956558 1.2483704928273078 0.8819808918319949 0.5922740369914201 0.3793076340227485 0.2316618512581134 0.13438100065342537 0.07348684165958802 0.037643561260944376 0.018150650770326036 0.008465229836895023 0.003975828351978154 0.00189466474353879 0.0008679937560407049 0.00035356939331221594 0.00012063712467979748 3.330627447712816e-5 7.306701958168092e-6 1.2616396172545768e-6 1.70581387978429e-7 1.803465071627962e-8 1.9777207761141613e-9 7.061574488380482e-9 7.786091148126756e-8 0.0 0.0 0.0 0.0 0.0 0.0 0.0 0.0 0.0 0.0 0.0 0.0 0.0 0.0 0.0 0.0 0.0 0.0 0.0 0.0 0.0 0.0 0.0 0.0 0.0 0.0 0.0 0.0 0.0 0.0 0.0 0.0 0.0 0.0 0.0 0.0 0.0 0.0 0.0 0.0 0.0 0.0 0.0 0.0 0.0 0.0 0.0 
0.0 0.0 0.0 1.1664583343529747e-6 7.532691050000626e-6 3.951036253436561e-5 0.0001676229146768275 0.0005841383575651638 0.00170932906038697 0.004323066828106951 0.009764786468122632 0.020319448903636742 0.03991749601219547 0.0752665798835902 0.13727695497682887 0.2416548551051343 0.4068507201157333 0.6492108659148659 0.9778618029872339 1.3914193407048536 1.875236759970285 2.3973159939355684 2.9056972382479285 3.3333827936144536 3.6121359155890183 3.6897216494847305 3.5448770003812595 3.1964807291777753 2.702313028265835 2.143825981237433 1.6011537127656323 1.130957075827608 0.7585530398872207 0.4842585657876793 0.29455188370474444 0.1707260892716525 0.0941619115310142 0.04929282463434282 0.024521431169099953 0.011719067833022167 0.005464650413174523 0.002482589897308773 0.0010619779917403213 0.0004055217393737346 0.0001316150866608679 3.507534394265818e-5 7.512100734693468e-6 1.2764007649480494e-6 1.7073980183054992e-7 1.7925213004389743e-8 1.9644836938444583e-9 7.127721040714006e-9 7.919319938608586e-8 0.0 0.0 0.0 0.0 0.0 0.0 0.0 0.0 0.0 0.0 0.0 0.0 0.0 0.0 0.0 0.0 0.0 0.0 0.0 0.0 0.0 0.0 0.0 0.0 0.0 0.0 0.0 0.0 0.0 0.0 0.0 0.0 0.0 0.0 0.0 0.0 0.0 0.0 0.0 0.0 0.0 0.0 0.0 0.0 0.0 0.0 0.0 
0.0 0.0 0.0 9.91687041566637e-7 6.5766751260376445e-6 3.562030694920023e-5 0.0001568638084653443 0.0005698750604908032 0.0017416328580799527 0.004588981431091594 0.010720928805982428 0.022858854771973296 0.04569857093544013 0.08749646836187984 0.16203036251120612 0.28914256623411305 0.49170925114661007 0.7895503512841908 1.1936927636673504 1.702811884349023 2.2994674296050768 2.944072336981703 3.5708719114347605 4.094206118773831 4.4275624595424965 4.507879686619181 4.3146153727692536 3.8775576553781965 3.270931925411347 2.5932129444079024 1.9381219680603525 1.370496799162111 0.9192226982113445 0.5855363657037644 0.3549366020895424 0.2055855848543664 0.11421788204052499 0.06083808725965827 0.030924402604750507 0.01493109010513361 0.006822162802552274 0.0029233904346425772 0.0011505714552229951 0.00040304461086216833 0.00012145386773434768 3.0562151023674655e-5 6.277951061371675e-6 1.0360189415643483e-6 1.359160033487593e-7 1.4117494073443378e-8 1.5570869018255885e-9 5.80391227567798e-9 6.559515440010936e-8 0.0 0.0 0.0 0.0 0.0 0.0 0.0 0.0 0.0 0.0 0.0 0.0 0.0 0.0 0.0 0.0 0.0 0.0 0.0 0.0 0.0 0.0 0.0 0.0 0.0 0.0 0.0 0.0 0.0 0.0 0.0 0.0 0.0 0.0 0.0 0.0 0.0 0.0 0.0 0.0 0.0 0.0 0.0 0.0 0.0 0.0 0.0 
0.0 0.0 0.0 7.325989272225104e-7 5.0682407261581205e-6 2.876207961591214e-5 0.00013308777101756318 0.0005085113645070442 0.0016318162119356632 0.004493886899082439 0.010897837923143756 0.023947245345886145 0.04906892166694818 0.09591370697932224 0.18057852034403796 0.3259490338619967 0.5579832983972105 0.8990639431283582 1.3621998308772623 1.9471733868577663 2.6353449153563253 3.381450512677666 4.108141442868005 4.713217816983114 5.093328502887371 5.175268530918371 4.939630593052876 4.427300590150606 3.728054991864213 2.9546868072479615 2.2106918919717153 1.5659369214860719 1.0514852785417266 0.6695505133755373 0.4053807961732597 0.23495765265425608 0.13130638649890042 0.07075331269350164 0.036376352535953616 0.01755344772049264 0.00781919287171041 0.0031658850523531706 0.001146494303050225 0.0003647493731172575 9.998462881443192e-5 2.31596450001854e-5 4.453545526523172e-6 7.016016335445239e-7 9.027728177551946e-8 9.727990390088091e-9 1.2184989537919632e-9 4.014909755787926e-9 4.631965365444094e-8 0.0 0.0 0.0 0.0 0.0 0.0 0.0 0.0 0.0 0.0 0.0 0.0 0.0 0.0 0.0 0.0 0.0 0.0 0.0 0.0 0.0 0.0 0.0 0.0 0.0 0.0 0.0 0.0 0.0 0.0 0.0 0.0 0.0 0.0 0.0 0.0 0.0 0.0 0.0 0.0 0.0 0.0 0.0 0.0 0.0 0.0 0.0 
0.0 0.0 0.0 5.218441910714509e-7 3.804968568931112e-6 2.273190724331546e-5 0.00011039704085696447 0.0004409216249933915 0.0014722577647759355 0.00420024576436482 0.010515219056640459 0.02379535794304899 0.05007859718575229 0.10006570440292764 0.19123745320280766 0.34789057474719226 0.5972294320776932 0.9629117659655724 1.459504688167729 2.088236915704714 2.8306189116391773 3.6388068135718195 4.428881753667245 5.087829822218681 5.499891047321372 5.583584761966501 5.32010905879366 4.759226796052618 4.002523211043867 3.172047393757473 2.3760740990401032 1.6862768081700144 1.1346022684009713 0.7238497678750095 0.4391640272369838 0.2553774135232839 0.143530838039343 0.0779060422446379 0.040225039858324006 0.01928693655200747 0.00838276692574062 0.0032375350627991913 0.001093444891313102 0.00031866450013930657 7.92477566119905e-5 1.6689665889990807e-5 2.984563036124982e-6 4.703905597999967e-7 7.37746734627097e-8 1.3653819195600395e-8 3.0661223264541774e-9 3.0700297581188115e-9 3.10328872696867e-8 0.0 0.0 0.0 0.0 0.0 0.0 0.0 0.0 0.0 0.0 0.0 0.0 0.0 0.0 0.0 0.0 0.0 0.0 0.0 0.0 0.0 0.0 0.0 0.0 0.0 0.0 0.0 0.0 0.0 0.0 0.0 0.0 0.0 0.0 0.0 0.0 0.0 0.0 0.0 0.0 0.0 0.0 0.0 0.0 0.0 0.0 0.0 
0.0 0.0 0.0 4.0284635093046636e-7 3.063943682647848e-6 1.897790335149834e-5 9.494990464280271e-5 0.000388554027956823 0.0013241524015742674 0.00384949855710789 0.009829609369944078 0.022738839107409283 0.04894637706919702 0.09966439808533953 0.19271791133073576 0.3522480806725956 0.605026790285759 0.97467856449342 1.4764091378491708 2.1122994074086927 2.864486461303781 3.6854220086900025 4.4904980808413795 5.163792649410019 5.584676359368555 5.667889703269512 5.395296684685319 4.821521185155313 4.053163191655701 3.2138867233073216 2.4107407249986306 1.7142761329793301 1.1565467593187344 0.7406464250289643 0.45162066587170985 0.2641988046183951 0.14943744778314252 0.08155749898655137 0.042189845426382724 0.02011930873828742 0.008605096811384862 0.003229574071294712 0.0010461491703492496 0.00028888668781936464 6.768230959363889e-5 1.3764141997560326e-5 2.7271916718744284e-6 6.736587058571097e-7 2.1891171671701942e-7 7.209552195956924e-8 2.0096731688089278e-8 6.1058995035833245e-9 2.323899699376285e-8 0.0 0.0 0.0 0.0 0.0 0.0 0.0 0.0 0.0 0.0 0.0 0.0 0.0 0.0 0.0 0.0 0.0 0.0 0.0 0.0 0.0 0.0 0.0 0.0 0.0 0.0 0.0 0.0 0.0 0.0 0.0 0.0 0.0 0.0 0.0 0.0 0.0 0.0 0.0 0.0 0.0 0.0 0.0 0.0 0.0 0.0 0.0 
0.0 0.0 0.0 3.3751630213028987e-7 2.6211491126648625e-6 1.6521148758448505e-5 8.380485987326367e-5 0.0003467114987053548 0.0011922894580838395 0.0034958203937284294 0.009013414206394255 0.021101702510020318 0.046030553421458474 0.09482271931463573 0.18469388025182845 0.33852930552494365 0.5815799578326292 0.9363899296809031 1.417634808216217 2.0270659778312696 2.7470897953419575 3.5321941503235985 4.301991114277576 4.945823433158702 5.347662369843668 5.4253729044931625 5.162572672303979 4.613695089769534 3.881591438657886 3.0826853159929843 2.316835992714118 1.6510677750535991 1.1171789037828035 0.7186736162811687 0.4409057026864809 0.25964367656737586 0.14771941967516566 0.08097380700600491 0.042009692620021286 0.020066522173256447 0.008589980208874056 0.0032265281867655013 0.0010471998808149385 0.0002916112751507959 7.145444612724624e-5 1.776596525761981e-5 5.9562434722717595e-6 2.663165650269065e-6 1.1627539389232787e-6 4.187600081247216e-7 1.1891299056335024e-7 2.763629011029196e-8 2.2738603568782963e-8 0.0 0.0 0.0 0.0 0.0 0.0 0.0 0.0 0.0 0.0 0.0 0.0 0.0 0.0 0.0 0.0 0.0 0.0 0.0 0.0 0.0 0.0 0.0 0.0 0.0 0.0 0.0 0.0 0.0 0.0 0.0 0.0 0.0 0.0 0.0 0.0 0.0 0.0 0.0 0.0 0.0 0.0 0.0 0.0 0.0 0.0 0.0 
0.0 0.0 0.0 2.7838120194948004e-7 2.18693791390486e-6 1.4016158353609098e-5 7.231552081932559e-5 0.0003042005516987022 0.0010619012515293374 0.003149905817678225 0.008179561385095435 0.01921010321849557 0.041952829066807015 0.08649074993041146 0.1685857574137004 0.3091466625504289 0.5312723186286474 0.855638179700831 1.2953688387394877 1.8509690741585059 2.5048452946532334 3.2145638501867753 3.9073890310406965 4.4846041861870045 4.843399807955871 4.911444115432875 4.675152080559128 4.183734193855954 3.5281361750347755 2.8101467349699836 2.117924079732999 1.5130437469292564 1.026581865704687 0.6628272624968422 0.40840571173323204 0.241379296670081 0.13760492964955343 0.07554330208952102 0.03936046355520688 0.0190125607429351 0.008317015462084344 0.003233378801997093 0.001103592817649635 0.0003346440626090652 0.00010049197812733685 3.9114445456719456e-5 2.1008633892581633e-5 1.1545986181219952e-5 5.321034395701205e-6 1.9398082402639857e-6 5.52035210776294e-7 1.233032533780929e-7 3.576888287361349e-8 0.0 0.0 0.0 0.0 0.0 0.0 0.0 0.0 0.0 0.0 0.0 0.0 0.0 0.0 0.0 0.0 0.0 0.0 0.0 0.0 0.0 0.0 0.0 0.0 0.0 0.0 0.0 0.0 0.0 0.0 0.0 0.0 0.0 0.0 0.0 0.0 0.0 0.0 0.0 0.0 0.0 0.0 0.0 0.0 0.0 0.0 0.0 
0.0 0.0 0.0 2.161562616991192e-7 1.7050175763962623e-6 1.1248738046473738e-5 5.98677721434622e-5 0.00025972106913826253 0.0009316683279800647 0.00281799286562139 0.007378585745389288 0.017273334275510865 0.037328113642558614 0.0760812465616923 0.14710519694402502 0.26867833626031995 0.46116715498425837 0.7427368180219566 1.1244226941870326 1.6054632290462147 2.168916685990927 2.7767438707749625 3.3662751336628176 3.8547492104719954 4.157461715758676 4.215412831875774 4.0178766317244206 3.6053716488726417 3.0520820657570726 2.441242949655382 1.8468314221464097 1.3232461067390227 0.8998600261495922 0.5820038135304068 0.35873467473772025 0.2115593894766173 0.12006923762274 0.06571417876562044 0.034416056805227996 0.01697351179633244 0.007737076863053699 0.003202263249154137 0.0011958306798978318 0.0004260595411633126 0.0001790120422433905 0.00010564580413038299 7.029592282880936e-5 4.101745846303407e-5 1.9160976873434174e-5 7.005917313036902e-6 1.9948874837724735e-6 4.4264327113922935e-7 8.722841702767161e-8 0.0 0.0 0.0 0.0 0.0 0.0 0.0 0.0 0.0 0.0 0.0 0.0 0.0 0.0 0.0 0.0 0.0 0.0 0.0 0.0 0.0 0.0 0.0 0.0 0.0 0.0 0.0 0.0 0.0 0.0 0.0 0.0 0.0 0.0 0.0 0.0 0.0 0.0 0.0 0.0 0.0 0.0 0.0 0.0 0.0 0.0 0.0 
0.0 0.0 0.0 1.677478275604051e-7 1.2708130359868456e-6 8.710299034563516e-6 4.8193972270030895e-5 0.00021678232372835372 0.0008016004438528001 0.002475763749925248 0.006536068328513869 0.015217609743461414 0.03236418662353923 0.06469189945333473 0.12307392355687059 0.22251528849601993 0.3800315672108047 0.6108318849014764 0.9238162306686096 1.3175264620530562 1.7768675073142541 2.2698644299084685 2.745733426803491 3.1390450330452078 3.3836805171339335 3.4336574503447053 3.2803352482213324 2.9546155327451062 2.5132653862172627 2.0206408408573355 1.53579640586766 1.1043883769896463 0.7526708832603295 0.4868305085301616 0.2991010287958751 0.17512168318545146 0.09846331644743972 0.053606925811970366 0.028319266279213655 0.014411827916111482 0.0069522549407718785 0.003116978938719873 0.0013095738593743164 0.0005842206306736052 0.00034924680377520476 0.00026490538013996347 0.00019194113612683886 0.00011434622312633469 5.3666105310118994e-5 1.964273618719159e-5 5.594369614368829e-6 1.2397897478752842e-6 2.217887007186735e-7 0.0 0.0 0.0 0.0 0.0 0.0 0.0 0.0 0.0 0.0 0.0 0.0 0.0 0.0 0.0 0.0 0.0 0.0 0.0 0.0 0.0 0.0 0.0 0.0 0.0 0.0 0.0 0.0 0.0 0.0 0.0 0.0 0.0 0.0 0.0 0.0 0.0 0.0 0.0 0.0 0.0 0.0 0.0 0.0 0.0 0.0 0.0 
0.0 0.0 0.0 1.4345107365609582e-7 9.322323287767382e-7 6.594387321208082e-6 3.7645784543357156e-5 0.0001740885941568185 0.000658729875917904 0.002069494461397046 0.005514361643790471 0.012832952832744004 0.02700268408737879 0.05301437119417353 0.0989265468480513 0.1761105632258145 0.2978537553595173 0.47627251878183674 0.7182798729690263 1.0220678859269574 1.375029236299354 1.752359437632209 2.1162023919460555 2.418182514320131 2.6087570747291347 2.6525746861082373 2.5420564335278564 2.2993678149917907 1.9659819848426727 1.5894377519341636 1.214571544958575 0.8774334678056976 0.5998466251482872 0.38817756979733176 0.2377657310894878 0.13835426856566047 0.0773436923734526 0.042200010025940315 0.02272741071927807 0.012055103485187043 0.006179300253767673 0.0029985054889424736 0.001433686364028204 0.0008172874897176623 0.0006383622835011184 0.000549344584018163 0.0004123639048774512 0.000247722890474023 0.00011648690080814524 4.2655040328048685e-5 1.2149610145927385e-5 2.6918247877009206e-6 4.7057626729053345e-7 0.0 0.0 0.0 0.0 0.0 0.0 0.0 0.0 0.0 0.0 0.0 0.0 0.0 0.0 0.0 0.0 0.0 0.0 0.0 0.0 0.0 0.0 0.0 0.0 0.0 0.0 0.0 0.0 0.0 0.0 0.0 0.0 0.0 0.0 0.0 0.0 0.0 0.0 0.0 0.0 0.0 0.0 0.0 0.0 0.0 0.0 0.0 
0.0 0.0 0.0 1.354455940739053e-7 6.578328909801429e-7 4.722705468356519e-6 2.7455963030267918e-5 0.0001291863014945684 0.0004972974488548093 0.0015896449302325803 0.004305996793895736 0.01014648245848613 0.021434901638437538 0.04178210769160633 0.07674836291008834 0.13423944376824087 0.22391345983749206 0.35494159159434735 0.5323447002848679 0.7538060235267985 1.0088766493458632 1.2796971640144 1.540998866959363 1.760253658934059 1.9022721580156643 1.9401559167311808 1.8665975117070066 1.6962065634271908 1.4578903121725886 1.1853840778318918 0.9112249467444054 0.6622181142405317 0.45515458010336685 0.29577716091272566 0.18179037664507672 0.1063559968778294 0.06020026665049975 0.0336481396621666 0.01877815747810782 0.010378080927487458 0.0055455995704100855 0.002838681521845435 0.0015238046177746846 0.0010724935122095132 0.0009901519628979932 0.000906228042900422 0.0006912214547381479 0.00041681673140081435 0.0001961729658237978 7.184921217626714e-5 2.046608017163357e-5 4.534106567945569e-6 7.875907423170127e-7 0.0 0.0 0.0 0.0 0.0 0.0 0.0 0.0 0.0 0.0 0.0 0.0 0.0 0.0 0.0 0.0 0.0 0.0 0.0 0.0 0.0 0.0 0.0 0.0 0.0 0.0 0.0 0.0 0.0 0.0 0.0 0.0 0.0 0.0 0.0 0.0 0.0 0.0 0.0 0.0 0.0 0.0 0.0 0.0 0.0 0.0 0.0 
0.0 0.0 0.0 1.2751112661017118e-7 4.2351978334804354e-7 3.0542049882359052e-6 1.8024156963598862e-5 8.633647236587705e-5 0.00033970439174688973 0.001114886316890887 0.003109860515433798 0.007534830081146659 0.016230596239025567 0.03180585796867922 0.05790805016397956 0.09963420504667193 0.16355855710334297 0.2562353244889576 0.38087235549854537 0.5344148817447799 0.7078733201557591 0.8889684428930222 1.0630060232632679 1.2110593704681978 1.3104192198303484 1.3415206783961395 1.2971309695750817 1.18532113476031 1.0247790738609663 0.8384206485089656 0.6489673830411986 0.4753346902108653 0.32958452712272035 0.21641137039340327 0.1350320744872345 0.0810607003126224 0.047806098247705736 0.02813207396162086 0.016432845174701352 0.009309435650867181 0.0049991386358293425 0.002589026004900898 0.0015024785417096192 0.0012247737827082096 0.0012427266554244385 0.0011727429203686923 0.0009014330502379571 0.0005445731041366881 0.0002564109957192268 9.392110574223193e-5 2.6753830985223554e-5 5.926995632742572e-6 1.0272642121901823e-6 0.0 0.0 0.0 0.0 0.0 0.0 0.0 0.0 0.0 0.0 0.0 0.0 0.0 0.0 0.0 0.0 0.0 0.0 0.0 0.0 0.0 0.0 0.0 0.0 0.0 0.0 0.0 0.0 0.0 0.0 0.0 0.0 0.0 0.0 0.0 0.0 0.0 0.0 0.0 0.0 0.0 0.0 0.0 0.0 0.0 0.0 0.0 
0.0 0.0 0.0 1.0852352475159962e-7 2.469528694795393e-7 1.801271640895156e-6 1.0934266793436185e-5 5.407000038631377e-5 0.00022028741259380648 0.0007498337189533723 0.0021672887743858504 0.005414105750757065 0.01190690457105487 0.023504734133275012 0.04254607655548669 0.07218818433434544 0.1167089204477277 0.18050608259532905 0.2652209894598529 0.3672335341018003 0.47869593146461853 0.5912686203611613 0.6977110568408513 0.7892386557520854 0.8532679335211656 0.8767706701811474 0.8530231698114356 0.7850303843599861 0.6836287233313163 0.56358594616805 0.44007677185173905 0.3256945134123165 0.22859988585476154 0.15251225038693667 0.09762012914877333 0.0611873326828338 0.03837803318865691 0.024081170248503488 0.014682994462664361 0.00838877374098015 0.004414269832149791 0.002235431585114638 0.0013316646916963124 0.001167897578292929 0.0012380044146846126 0.0011839750477578826 0.0009130272983235979 0.0005519841332683423 0.0002599423824733535 9.521785729811303e-5 2.7123396854783154e-5 6.0088149530568845e-6 1.040495863813735e-6 0.0 0.0 0.0 0.0 0.0 0.0 0.0 0.0 0.0 0.0 0.0 0.0 0.0 0.0 0.0 0.0 0.0 0.0 0.0 0.0 0.0 0.0 0.0 0.0 0.0 0.0 0.0 0.0 0.0 0.0 0.0 0.0 0.0 0.0 0.0 0.0 0.0 0.0 0.0 0.0 0.0 0.0 0.0 0.0 0.0 0.0 0.0 
0.0 0.0 0.0 7.922331075940534e-8 1.4438611908027854e-7 1.0964897931075092e-6 6.9941201685289975e-6 3.615702973706728e-5 0.0001527025306426451 0.0005330461642978846 0.0015620325232313281 0.003915881095083808 0.008575709377289624 0.01677151243542139 0.029988091880197906 0.050223682051948375 0.08025684964974238 0.12288980566595176 0.17865720661834175 0.24392266612625566 0.3121619313356503 0.3777350853632061 0.4377155537243719 0.4894162915603156 0.5271525390114092 0.5430973952277951 0.531688549849051 0.49300213730807146 0.43276000164946776 0.36003542560237056 0.2842959302731084 0.21315235835110757 0.15170515975551468 0.10291365809194696 0.0676489121500255 0.04435404406683058 0.029565964869626035 0.019668175041107315 0.012448897823944623 0.007186535968364032 0.003738421442901348 0.001850561200409097 0.0010773573748226325 0.0009304821603640108 0.000978904246914323 0.0009330856188177305 0.0007185904434102398 0.00043421700394117 0.0002044470380475004 7.488527266661888e-5 2.1331122442190816e-5 4.72556746694255e-6 8.179854009533928e-7 0.0 0.0 0.0 0.0 0.0 0.0 0.0 0.0 0.0 0.0 0.0 0.0 0.0 0.0 0.0 0.0 0.0 0.0 0.0 0.0 0.0 0.0 0.0 0.0 0.0 0.0 0.0 0.0 0.0 0.0 0.0 0.0 0.0 0.0 0.0 0.0 0.0 0.0 0.0 0.0 0.0 0.0 0.0 0.0 0.0 0.0 0.0 
0.0 0.0 0.0 4.8993477311399034e-8 1.0042872140160553e-7 8.120927451203038e-7 5.4130030436348815e-6 2.8761521600212462e-5 0.00012254555237595409 0.00042324663174257314 0.001205200682869864 0.002897745259816971 0.006059615991479895 0.011377298382740385 0.01976728247163412 0.032590708342216924 0.05174308451104326 0.07898130565810053 0.11425098935485362 0.15446002547728457 0.194699721271001 0.2312951183675622 0.263324526851531 0.29072550184164614 0.3113792955819555 0.3208587122182178 0.3151434358881366 0.29346447155719274 0.25900249467748554 0.2172846322982073 0.17369244934240463 0.13209066425210073 0.09521808519949429 0.06531911922724684 0.0436352913851501 0.029495046545412084 0.02056481827993181 0.014343938800776427 0.009451488141105276 0.005646493541943133 0.003041141386929333 0.0015471293570339414 0.000866350401200288 0.0006591907232720105 0.0006308453385723015 0.000579456369777091 0.00044102962964160004 0.0002655494399680004 0.00012489809980111116 4.573335532227305e-5 1.3025942732769975e-5 2.8856051485089626e-6 4.99481024702938e-7 0.0 0.0 0.0 0.0 0.0 0.0 0.0 0.0 0.0 0.0 0.0 0.0 0.0 0.0 0.0 0.0 0.0 0.0 0.0 0.0 0.0 0.0 0.0 0.0 0.0 0.0 0.0 0.0 0.0 0.0 0.0 0.0 0.0 0.0 0.0 0.0 0.0 0.0 0.0 0.0 0.0 0.0 0.0 0.0 0.0 0.0 0.0 
0.0 0.0 0.0 2.6334098229026655e-8 8.29484199278567e-8 6.993942249390263e-7 4.72389189478359e-6 2.5091081075842414e-5 0.00010529645051533703 0.0003522306166666876 0.0009536795419824425 0.002142715661858305 0.004145334776716519 0.007236928926949168 0.011948133351259828 0.01926165778720947 0.030539412341342706 0.04689502797633911 0.06806766075906977 0.09179195568859211 0.1148204227714073 0.1349916951990848 0.15212549877758536 0.16665681549460779 0.17761912082467265 0.18236685272666867 0.17837337026301447 0.16529264335521687 0.145441819903853 0.12234904068199394 0.09876210155710446 0.07607421976770998 0.05534282043823856 0.03804196311517871 0.025391453213511824 0.017297828401349077 0.012373653523500287 0.009005217822401717 0.006288805709154015 0.00407096887104016 0.0024385422211723588 0.0013761652361811657 0.0007682455213859633 0.0004770354605588124 0.00035987021719792076 0.00029240737551210596 0.0002130731160522294 0.00012656510508163868 5.928678352610084e-5 2.168260500562287e-5 6.1735211356304e-6 1.3674661978580794e-6 2.3679408278204215e-7 0.0 0.0 0.0 0.0 0.0 0.0 0.0 0.0 0.0 0.0 0.0 0.0 0.0 0.0 0.0 0.0 0.0 0.0 0.0 0.0 0.0 0.0 0.0 0.0 0.0 0.0 0.0 0.0 0.0 0.0 0.0 0.0 0.0 0.0 0.0 0.0 0.0 0.0 0.0 0.0 0.0 0.0 0.0 0.0 0.0 0.0 0.0 
0.0 0.0 0.0 1.3093816423274724e-8 6.784142590947486e-8 5.801844904957048e-7 3.906101419667942e-6 2.0544834034993276e-5 8.468665671013036e-5 0.0002752311995466225 0.0007132440263315231 0.0015049137277274498 0.0026834551561271897 0.004290031725963463 0.006611849797192381 0.010350420061553638 0.0164669048583438 0.02564266499902742 0.03758888692624405 0.05084413802477598 0.06356877610684115 0.07474086136158964 0.08442378403442757 0.09273403904286186 0.09871666135278237 0.10051218530370017 0.09676009965960865 0.08786913676643067 0.07593152720820862 0.06331259628223262 0.05124234257861326 0.03980475600166775 0.029085275206791474 0.019855729562909777 0.013019974241365733 0.008737314866714488 0.006317226686925291 0.004840874547055295 0.0037259548713134043 0.0027783205978096906 0.0019611348020790523 0.0012696664190989442 0.0007348159896581469 0.0003904284027957419 0.00021303865601200194 0.00013122051447965965 8.375055371345378e-5 4.748130288990246e-5 2.192046385567985e-5 7.981958864143752e-6 2.269710113119751e-6 5.025669534230087e-7 8.713388588207945e-8 0.0 0.0 0.0 0.0 0.0 0.0 0.0 0.0 0.0 0.0 0.0 0.0 0.0 0.0 0.0 0.0 0.0 0.0 0.0 0.0 0.0 0.0 0.0 0.0 0.0 0.0 0.0 0.0 0.0 0.0 0.0 0.0 0.0 0.0 0.0 0.0 0.0 0.0 0.0 0.0 0.0 0.0 0.0 0.0 0.0 0.0 0.0 
0.0 0.0 0.0 6.384574272586327e-9 4.803647423474992e-8 4.1170853082484247e-7 2.7561779362776146e-6 1.4373146107410168e-5 5.8504882205991684e-5 0.00018659912105763735 0.0004699608249469197 0.0009497563777479115 0.0015925206745122816 0.002363567204495806 0.0034225272730978753 0.005235841417616033 0.00840890102289862 0.013284880571765594 0.01958658137854882 0.026470595806348265 0.033103510403048195 0.039232166922542965 0.04501928424013961 0.05022187657559363 0.05369446004860223 0.05396664681935036 0.0504479357145964 0.04406373512393323 0.03668126702584946 0.029845814415279275 0.023968654894048858 0.018646243559462452 0.013602584584872058 0.009150400830669593 0.0058160986408919615 0.0037760149872371794 0.0027479050928951383 0.0022866192456997055 0.0020514337909802566 0.001837722811565735 0.001525558079669262 0.001100153708036738 0.0006616230875064581 0.0003299507447870105 0.00014356665142271812 6.191001711885327e-5 2.953597767824065e-5 1.456445105299439e-5 6.399850126864577e-6 2.2946724092283076e-6 6.494862670157516e-7 1.4361922963140858e-7 2.4982674883712983e-8 0.0 0.0 0.0 0.0 0.0 0.0 0.0 0.0 0.0 0.0 0.0 0.0 0.0 0.0 0.0 0.0 0.0 0.0 0.0 0.0 0.0 0.0 0.0 0.0 0.0 0.0 0.0 0.0 0.0 0.0 0.0 0.0 0.0 0.0 0.0 0.0 0.0 0.0 0.0 0.0 0.0 0.0 0.0 0.0 0.0 0.0 0.0 
0.0 0.0 0.0 3.0114964061879685e-9 2.7871696547311446e-8 2.3860944214293197e-7 1.5903701799985174e-6 8.24661249647267e-6 3.331312806939862e-5 0.00010512646612610501 0.0002607087426376619 0.000515179910448125 0.0008382497326238053 0.0012065136730979864 0.0017255287089568484 0.0026774115807771397 0.004373777861069173 0.006903083133683741 0.010007609980122855 0.01325854820517006 0.016433091608951084 0.01969279266711829 0.023227491940005767 0.026626949689921953 0.028741004272540754 0.028418856551216565 0.025509621703585655 0.021081882031410648 0.016624035690147487 0.013034697924824857 0.010297242640253682 0.007949324937231024 0.005723947195586935 0.003746093457390675 0.0022745893729649276 0.0014091865243066513 0.0010441491133408188 0.0009928463177996765 0.001079740701581463 0.0011449821133245688 0.001063504976838114 0.0008161017778890638 0.0005029215509122666 0.0002468180866439094 9.78718613097313e-5 3.328340581003651e-5 1.1058367735308485e-5 4.041354372744982e-6 1.5345032080964708e-6 5.222392896139069e-7 1.4541810691438684e-7 3.20015076361827e-8 5.614435365637197e-9 0.0 0.0 0.0 0.0 0.0 0.0 0.0 0.0 0.0 0.0 0.0 0.0 0.0 0.0 0.0 0.0 0.0 0.0 0.0 0.0 0.0 0.0 0.0 0.0 0.0 0.0 0.0 0.0 0.0 0.0 0.0 0.0 0.0 0.0 0.0 0.0 0.0 0.0 0.0 0.0 0.0 0.0 0.0 0.0 0.0 0.0 0.0 
0.0 0.0 0.0 1.2769303480214755e-9 1.2972109161006091e-8 1.1087435007258093e-7 7.368320255919335e-7 3.8074740303344954e-6 1.531633138720794e-5 4.8090284950118475e-5 0.00011860575061807713 0.00023357277284851596 0.00038287750144287296 0.0005715036436884632 0.0008789992924935898 0.0014606073928646627 0.0024345810365159893 0.0037497484102308213 0.005198765549963914 0.006611809204299696 0.00806058668672478 0.00982426612813814 0.012031326996482032 0.014248308430749493 0.015518078841350327 0.015031927266909488 0.012868392758648902 0.009984065270677274 0.007433100951089643 0.0056455967855418236 0.004407209847608574 0.003346614264134853 0.002325188176574511 0.001437649406328791 0.0008091939950984392 0.00046806534095656256 0.0003599882732989157 0.0004076961960233548 0.0005295870707198655 0.0006294081506047091 0.0006217728728174915 0.0004919784733056733 0.0003070809263841047 0.00015038882582572844 5.795249478471913e-5 1.7907769099203533e-5 4.708788495358385e-6 1.1983303050852178e-6 3.3442494375735274e-7 9.764643566281418e-8 2.5729201193605864e-8 5.566048209056219e-9 9.980298866153521e-10 0.0 0.0 0.0 0.0 0.0 0.0 0.0 0.0 0.0 0.0 0.0 0.0 0.0 0.0 0.0 0.0 0.0 0.0 0.0 0.0 0.0 0.0 0.0 0.0 0.0 0.0 0.0 0.0 0.0 0.0 0.0 0.0 0.0 0.0 0.0 0.0 0.0 0.0 0.0 0.0 0.0 0.0 0.0 0.0 0.0 0.0 0.0 
0.0 0.0 0.0 4.542277808950684e-10 4.787499230430066e-9 4.0863819575968375e-8 2.7106523720775536e-7 1.3979694886826682e-6 5.613644624019651e-6 1.761510609851891e-5 4.3613035378202535e-5 8.744716494541618e-5 0.00015130437907558375 0.0002530650692361814 0.0004491602880538803 0.0008180570110704191 0.0013872434819357645 0.0020797874177278805 0.0027770306771851667 0.003462755035737713 0.004288806359670777 0.005452773889659913 0.006943146561793494 0.008350926301166834 0.008995988735609193 0.008417525704127914 0.006824357244861051 0.004972127791380258 0.003540070154789021 0.002674261977045726 0.002106989776071483 0.0015730094039978716 0.0010321373630244296 0.0005809013226558875 0.00028863404448941943 0.0001479315589457852 0.00011643022749044743 0.0001551291968757679 0.00022772195011493956 0.00028808186486654674 0.000293232979435983 0.00023533922682369076 0.00014780754829223468 7.243431815143379e-5 2.76981556994261e-5 8.305929138966908e-6 1.9903055168198097e-6 4.0329729052565333e-7 7.833627805945556e-8 1.663028566437891e-8 3.724663402640866e-9 7.599284762327081e-10 1.4370886045468495e-10 0.0 0.0 0.0 0.0 0.0 0.0 0.0 0.0 0.0 0.0 0.0 0.0 0.0 0.0 0.0 0.0 0.0 0.0 0.0 0.0 0.0 0.0 0.0 0.0 0.0 0.0 0.0 0.0 0.0 0.0 0.0 0.0 0.0 0.0 0.0 0.0 0.0 0.0 0.0 0.0 0.0 0.0 0.0 0.0 0.0 0.0 0.0 
0.0 0.0 0.0 1.2995639080721654e-10 1.3880454481111016e-9 1.1836348008003847e-8 7.843345627895885e-8 4.042186892039208e-7 1.6240231064779074e-6 5.119291229975456e-6 1.2887221481074224e-5 2.712706026140996e-5 5.251970042985859e-5 0.0001046225884819066 0.000217064403017344 0.0004274707719548892 0.0007415616021392773 0.0011234617340200588 0.0015532086978195109 0.002094032855689639 0.002860598971603443 0.0038845228637557775 0.004994770875131231 0.0058191529985297166 0.005950378047311947 0.0052361192921928906 0.003967137721377778 0.0027027860136750325 0.0018448568577265063 0.0013969443066447341 0.0011184595759447195 0.0008267052469262206 0.0005167938200612533 0.00026592462408163664 0.00011506390737619617 4.910018676104195e-5 3.575492119509393e-5 5.183625593229298e-5 8.121023758910412e-5 0.00010588031391454263 0.00010926330899875582 8.825574261811494e-5 5.559162676758848e-5 2.7264107112705734e-5 1.0406169871393327e-5 3.094329190561349e-6 7.204942070319759e-7 1.3369817909445577e-7 2.0848219978004165e-8 3.083321573058623e-9 4.961240253560639e-10 8.522744714437165e-11 1.8014027558443602e-11 0.0 0.0 0.0 0.0 0.0 0.0 0.0 0.0 0.0 0.0 0.0 0.0 0.0 0.0 0.0 0.0 0.0 0.0 0.0 0.0 0.0 0.0 0.0 0.0 0.0 0.0 0.0 0.0 0.0 0.0 0.0 0.0 0.0 0.0 0.0 0.0 0.0 0.0 0.0 0.0 0.0 0.0 0.0 0.0 0.0 0.0 0.0 
0.0 0.0 0.0 2.9428008484670785e-11 3.1570045828029563e-10 2.690615579755518e-9 1.7823794973344027e-8 9.191748225385017e-8 3.70656481277082e-7 1.183341320365289e-6 3.0928591003403585e-6 7.147229190066198e-6 1.639418820271995e-5 3.9464136523087215e-5 9.297998786734478e-5 0.000196198125156431 0.00036217708530324893 0.0006079356120487084 0.0009863927907744212 0.0015835195795891783 0.0024312969428058003 0.0034044086590417025 0.0042256400457922555 0.004591916536862427 0.004330474661440889 0.0035131575878447935 0.002456022477464663 0.0015432582186875854 0.0009827013414705076 0.0007195298640025179 0.0005723248687235584 0.0004193153755130079 0.000255577465688661 0.0001252004007145039 4.9575062909314984e-5 1.7779474342077424e-5 1.0372771585355224e-5 1.4522945557321783e-5 2.326297953452536e-5 3.072553472731509e-5 3.189928259614063e-5 2.5839367321771992e-5 1.6297587969414567e-5 7.996719442965398e-6 3.05107341993984e-6 9.052407267964515e-7 2.0911137893070728e-7 3.779399586468449e-8 5.433948347876031e-9 6.535891635288062e-10 7.397019563351724e-11 9.12551994218685e-12 2.2402605680337647e-12 0.0 0.0 0.0 0.0 0.0 0.0 0.0 0.0 0.0 0.0 0.0 0.0 0.0 0.0 0.0 0.0 0.0 0.0 0.0 0.0 0.0 0.0 0.0 0.0 0.0 0.0 0.0 0.0 0.0 0.0 0.0 0.0 0.0 0.0 0.0 0.0 0.0 0.0 0.0 0.0 0.0 0.0 0.0 0.0 0.0 0.0 0.0 
0.0 0.0 0.0 5.2479291809417585e-12 5.6378944834222415e-11 4.804375493631599e-10 3.1843215083505137e-9 1.646531368982115e-8 6.69999452854174e-8 2.1979189622242146e-7 6.171569063237932e-7 1.6535843328203015e-6 4.633506156056649e-6 1.3177574899487586e-5 3.475733482969076e-5 8.207313623706129e-5 0.00017897054501371737 0.0003763907152572705 0.0007593124833925801 0.0013971494744194797 0.002238561902223511 0.0030610645222587975 0.003571617308893513 0.0035806640619414822 0.0030971577128199894 0.002307467754899948 0.0014828452199675225 0.0008501154199935958 0.00048808900352527017 0.00032817122503308053 0.0002507866597695306 0.00018090236513545056 0.00010884354451627554 5.224121276058715e-5 1.9883647787101394e-5 6.3954186224022075e-6 2.802515798459621e-6 3.3322229359716297e-6 5.281335385419467e-6 7.0043671368586504e-6 7.290636788840552e-6 5.913085639866701e-6 3.731794649026305e-6 1.831534779127882e-6 6.987773228843765e-7 2.072043253552138e-7 4.776011850029311e-8 8.567978778247761e-9 1.201956523057783e-9 1.3396645613307969e-10 1.2451127234133452e-11 1.0920011908983618e-12 2.882678559892962e-13 0.0 0.0 0.0 0.0 0.0 0.0 0.0 0.0 0.0 0.0 0.0 0.0 0.0 0.0 0.0 0.0 0.0 0.0 0.0 0.0 0.0 0.0 0.0 0.0 0.0 0.0 0.0 0.0 0.0 0.0 0.0 0.0 0.0 0.0 0.0 0.0 0.0 0.0 0.0 0.0 0.0 0.0 0.0 0.0 0.0 0.0 0.0 
0.0 0.0 0.0 7.333900836968933e-13 7.882486219676672e-12 6.719882929672098e-11 4.462163208322417e-10 2.3217895348210504e-9 9.630270602212979e-9 3.331157158923434e-8 1.0566150968686667e-7 3.4485298174472956e-7 1.1838379794239468e-6 3.970579375958593e-6 1.2455310597223276e-5 3.7127186048456635e-5 0.00010623729176633973 0.0002804473118179586 0.0006434567707683542 0.0012322618825025876 0.001940833490764471 0.002521710657563136 0.0027380381177580185 0.0025243160686784357 0.0020001640941344715 0.0013677301462488192 0.000808058439712379 0.0004217146067354721 0.00021418694004344976 0.00012651499617790082 8.963147774964076e-5 6.291094725545546e-5 3.745334863903647e-5 1.781741148893019e-5 6.675756468215171e-6 2.0311234818518753e-6 6.920168569871364e-7 6.236426740626643e-7 9.447023663436232e-7 1.2508489949310764e-6 1.3031396882924759e-6 1.057502675746744e-6 6.675840873748944e-7 3.276860888871842e-7 1.2502274754483362e-7 3.706677902596636e-8 8.538643746287965e-9 1.5285900941032067e-9 2.129235739403873e-10 2.3181893723998063e-11 2.002942463367896e-12 1.45247488874215e-13 3.551939265507688e-14 0.0 0.0 0.0 0.0 0.0 0.0 0.0 0.0 0.0 0.0 0.0 0.0 0.0 0.0 0.0 0.0 0.0 0.0 0.0 0.0 0.0 0.0 0.0 0.0 0.0 0.0 0.0 0.0 0.0 0.0 0.0 0.0 0.0 0.0 0.0 0.0 0.0 0.0 0.0 0.0 0.0 0.0 0.0 0.0 0.0 0.0 0.0 
0.0 0.0 0.0 7.957806275884535e-14 8.546819370423337e-13 7.296246833615434e-12 4.8659744078884645e-11 2.5661264372635465e-10 1.1063335664763595e-9 4.218436632443943e-9 1.61229314708511e-8 6.680928307526562e-8 2.8950187868492495e-7 1.2473875443093435e-6 5.256894162326666e-6 2.090462220398548e-5 7.347959023852245e-5 0.00021564026829119548 0.0005120000824446412 0.0009726223794276303 0.001480234596182467 0.0018221236635577336 0.0018430164342451989 0.00156192812423871 0.0011297861368370953 0.0007055554108358443 0.0003819439632008844 0.00018150443916288756 8.12301118279204e-5 4.0880272124351225e-5 2.582071776030117e-5 1.7330467024667018e-5 1.0177961232449147e-5 4.814505871463356e-6 1.7919185526193752e-6 5.307221395888907e-7 1.5134443435339688e-7 9.592137095697271e-8 1.3231963928028984e-7 1.7384010702623533e-7 1.8108175977565799e-7 1.469802736323263e-7 9.279806772892208e-8 4.5553076235263516e-8 1.738027565925206e-8 5.152730912324384e-9 1.1867777682080936e-9 2.123324903830624e-10 2.951756035867156e-11 3.1921111111752602e-12 2.698141493099267e-13 1.8314644637103003e-14 3.668102977444496e-15 0.0 0.0 0.0 0.0 0.0 0.0 0.0 0.0 0.0 0.0 0.0 0.0 0.0 0.0 0.0 0.0 0.0 0.0 0.0 0.0 0.0 0.0 0.0 0.0 0.0 0.0 0.0 0.0 0.0 0.0 0.0 0.0 0.0 0.0 0.0 0.0 0.0 0.0 0.0 0.0 0.0 0.0 0.0 0.0 0.0 0.0 0.0 
0.0 0.0 0.0 6.722857725931407e-15 7.083689158133126e-14 6.068706807819095e-13 4.086058609237289e-12 2.2167144137795244e-11 1.0322936511998846e-10 4.676890627537265e-10 2.3544601544094287e-9 1.3451638852460307e-8 8.19241533341489e-8 4.945998609029556e-7 2.72765858621485e-6 1.2771597692322061e-5 4.850175742783125e-5 0.00014616760265067464 0.0003468338491469575 0.0006477611124772986 0.0009564375659263274 0.0011263040129957152 0.0010723649340842268 0.0008410942588537677 0.0005553738685690456 0.00031472194088888434 0.0001548284808345925 6.676819562287967e-5 2.6400522903495614e-5 1.1140547399390046e-5 6.008882341141727e-6 3.7570289773829726e-6 2.160446884916974e-6 1.0157173240238343e-6 3.7668042758870857e-7 1.1010262296286658e-7 2.812361376819609e-8 1.2311351909171542e-8 1.440094863430443e-8 1.8589953733716246e-8 1.934117534790313e-8 1.5699022075625352e-8 9.91232432962952e-9 4.86594242920821e-9 1.8565681392399508e-9 5.504135790318426e-10 1.2676577576034242e-10 2.2676652225342257e-11 3.1507155384625704e-12 3.4017112229788255e-13 2.872511579884274e-14 2.0112445703597406e-15 1.9806856962199806e-16 0.0 0.0 0.0 0.0 0.0 0.0 0.0 0.0 0.0 0.0 0.0 0.0 0.0 0.0 0.0 0.0 0.0 0.0 0.0 0.0 0.0 0.0 0.0 0.0 0.0 0.0 0.0 0.0 0.0 0.0 0.0 0.0 0.0 0.0 0.0 0.0 0.0 0.0 0.0 0.0 0.0 0.0 0.0 0.0 0.0 0.0 0.0 
0.0 0.0 0.0 5.965542701431712e-16 4.5090515390059744e-15 3.8802608308048486e-14 2.666149368985886e-13 1.5368620064251164e-12 8.37667036491989e-12 5.191188773450792e-11 4.0066730878000526e-10 3.5105446182452026e-9 3.015956497035335e-8 2.2732226351939537e-7 1.4080710325522927e-6 6.94022207115725e-6 2.684592157620568e-5 8.10930659777073e-5 0.00019114885347127806 0.0003521844593888939 0.0005090946598183547 0.0005810107485816637 0.0005287409319489845 0.00038944144403057633 0.00023690418696981536 0.00012181432212780182 5.402922071714697e-5 2.097754603017966e-5 7.341146058817251e-6 2.5913833138630895e-6 1.1446845269601116e-6 6.414224306124757e-7 3.5632371191752914e-7 1.6601824415077974e-7 6.13810128738482e-8 1.7821605201750637e-8 4.278605534362551e-9 1.3522563456866629e-9 1.2258105898765272e-9 1.5274706824810799e-9 1.5846906685382045e-9 1.2860517641076097e-9 8.120181540564046e-10 3.986232840550793e-10 1.5209297061371653e-10 4.5090903397128385e-11 1.0384803177151733e-11 1.857576119406614e-12 2.580947594150775e-13 2.7968130721747294e-14 2.5361189230813835e-15 2.8817881608923197e-16 -3.50899720440547e-18 0.0 0.0 0.0 0.0 0.0 0.0 0.0 0.0 0.0 0.0 0.0 0.0 0.0 0.0 0.0 0.0 0.0 0.0 0.0 0.0 0.0 0.0 0.0 0.0 0.0 0.0 0.0 0.0 0.0 0.0 0.0 0.0 0.0 0.0 0.0 0.0 0.0 0.0 0.0 0.0 0.0 0.0 0.0 0.0 0.0 0.0 0.0 
0.0 0.0 0.0 2.360723901644151e-16 2.9101083558452544e-16 2.0515866492708524e-15 1.4513480616317544e-14 9.633432085203445e-14 7.39802486572151e-13 7.79754886591027e-12 9.766902462022353e-11 1.1672671180854545e-9 1.1805130894589909e-8 9.594313618740524e-8 6.133746623729109e-7 3.058675187180938e-6 1.1861814646288682e-5 3.575563775550036e-5 8.383178450134123e-5 0.00015311592303440526 0.00021842063517176158 0.0002443420886504426 0.00021575832265081013 0.000151948258726032 8.669293193541282e-5 4.093791696253464e-5 1.6397856143836593e-5 5.69960364255751e-6 1.7643733406662628e-6 5.255017200371301e-7 1.8506960171436412e-7 8.844720434556012e-8 4.644082030440636e-8 2.1325217206493762e-8 7.854509215553072e-9 2.2719981500673257e-9 5.281622905558687e-10 1.3177131569620255e-10 8.607390150486179e-11 1.0057407908701639e-10 1.0375752146899096e-10 8.416861702859375e-11 5.314305229277878e-11 2.608827265988079e-11 9.953904409778232e-12 2.951199579334508e-12 6.797512671583873e-13 1.21522204310342e-13 1.6926329969939138e-14 1.9869839341334354e-15 3.768415502639776e-16 1.5464476070387038e-16 -4.1766509469860445e-18 0.0 0.0 0.0 0.0 0.0 0.0 0.0 0.0 0.0 0.0 0.0 0.0 0.0 0.0 0.0 0.0 0.0 0.0 0.0 0.0 0.0 0.0 0.0 0.0 0.0 0.0 0.0 0.0 0.0 0.0 0.0 0.0 0.0 0.0 0.0 0.0 0.0 0.0 0.0 0.0 0.0 0.0 0.0 0.0 0.0 0.0 0.0 
0.0 0.0 0.0 2.4226040603431817e-16 1.1301638890042246e-16 1.346250101309084e-16 6.892302313098295e-16 6.8628208598540075e-15 9.831229600071359e-14 1.7301451820125425e-12 2.8117145893543234e-11 3.7629619697339175e-10 3.989616359358583e-9 3.3048775156612386e-8 2.128035382670769e-7 1.063315982919572e-6 4.121824700255538e-6 1.2400335966476964e-5 2.8976111315220044e-5 5.265239193540361e-5 7.452527252685671e-5 8.23772249248176e-5 7.139905904195726e-5 4.8846077182789036e-5 2.665892155174323e-5 1.1797915495159637e-5 4.329730340450277e-6 1.3529074210679112e-6 3.70584130171947e-7 9.410683443794166e-8 2.6198893985393838e-8 1.0083864763619125e-8 4.829498584193588e-9 2.1638597833463607e-9 7.923105266920489e-10 2.285502019260025e-10 5.223764185365729e-11 1.1173880069664104e-11 5.0617385524689986e-12 5.291998893134041e-12 5.4011961557102405e-12 4.37778685026357e-12 2.763756174697828e-12 1.3567769609430157e-12 5.177152048328955e-13 1.53673380997019e-13 3.55097048052266e-14 6.258147617386925e-15 9.196720007839732e-16 2.9356068571270724e-16 2.444699725639205e-16 1.5252076841027722e-16 -3.997213455787056e-18 0.0 0.0 0.0 0.0 0.0 0.0 0.0 0.0 0.0 0.0 0.0 0.0 0.0 0.0 0.0 0.0 0.0 0.0 0.0 0.0 0.0 0.0 0.0 0.0 0.0 0.0 0.0 0.0 0.0 0.0 0.0 0.0 0.0 0.0 0.0 0.0 0.0 0.0 0.0 0.0 0.0 0.0 0.0 0.0 0.0 0.0 0.0 
0.0 0.0 0.0 2.582293430669533e-16 1.3540673763965837e-16 5.612542074347064e-17 6.109987123845163e-17 8.93697809297242e-16 1.9182796343112875e-14 4.166210290470471e-13 7.308069477189857e-12 1.0071475834146879e-10 1.0801531251191758e-9 8.986880441303679e-9 5.794863501244073e-8 2.895717380164404e-7 1.121738746394419e-6 3.3704394460595618e-6 7.86039060105033e-6 1.4241097540633358e-5 2.0066912372749543e-5 2.2026976969293197e-5 1.8881755548612702e-5 1.2690965424579117e-5 6.733230404582948e-6 2.851030479262924e-6 9.800811408908823e-7 2.8026307048751597e-7 6.881456181897785e-8 1.5234447398619154e-8 3.4380753015145366e-9 1.0134844164437824e-9 4.1227076357754926e-10 1.745632332379787e-10 6.284264827049805e-11 1.801909949544091e-11 4.07657618379736e-12 7.942623237386927e-13 2.5084357639381333e-13 2.1818822823942554e-13 2.1808666704980046e-13 1.7647823625314507e-13 1.1123644768300486e-13 5.4654729462239964e-14 2.0920734850179692e-14 6.396451280835727e-15 1.6385955819144428e-15 1.7238105924987787e-16 8.114455937035785e-17 2.2795594903737177e-16 2.379099236146524e-16 1.5448713427259767e-16 3.190757259118298e-18 0.0 0.0 0.0 0.0 0.0 0.0 0.0 0.0 0.0 0.0 0.0 0.0 0.0 0.0 0.0 0.0 0.0 0.0 0.0 0.0 0.0 0.0 0.0 0.0 0.0 0.0 0.0 0.0 0.0 0.0 0.0 0.0 0.0 0.0 0.0 0.0 0.0 0.0 0.0 0.0 0.0 0.0 0.0 0.0 0.0 0.0 0.0 
0.0 0.0 0.0 2.6592755593927667e-16 1.5353141559242014e-16 5.932534148780069e-17 6.069280792924023e-17 4.887550427657605e-16 5.316950125103654e-15 9.453351218574707e-14 1.5718129286318657e-12 2.143850713990932e-11 2.2959392205265918e-10 1.9101388897499764e-9 1.2316129543693104e-8 6.152805249398239e-8 2.382308949273878e-7 7.152666001212306e-7 1.666256020114434e-6 3.013807832744585e-6 4.235882760865018e-6 4.631182198704175e-6 3.945137972662287e-6 2.6258770150560955e-6 1.3731882153948929e-6 5.711656406153611e-7 1.946717950168167e-7 5.8346713007405646e-8 1.745533052260758e-8 5.75143684772663e-9 1.9749986209501703e-9 6.253007426347936e-10 1.7120556883258603e-10 4.065888856743937e-11 8.740473485694938e-12 1.795483664551547e-12 3.773992389783453e-13 9.182354596636023e-14 3.009091793523674e-14 1.3845926484956387e-14 8.694435794859046e-15 5.9300023535722e-15 3.3899589053174106e-15 1.7026190239095178e-15 7.343879571003726e-16 4.187357381534504e-16 2.987747096166738e-16 3.5270658789032464e-17 5.411605626821443e-17 2.3871098190705197e-16 2.2727382683726375e-16 1.507208310960001e-16 2.061522793045182e-17 0.0 0.0 0.0 0.0 0.0 0.0 0.0 0.0 0.0 0.0 0.0 0.0 0.0 0.0 0.0 0.0 0.0 0.0 0.0 0.0 0.0 0.0 0.0 0.0 0.0 0.0 0.0 0.0 0.0 0.0 0.0 0.0 0.0 0.0 0.0 0.0 0.0 0.0 0.0 0.0 0.0 0.0 0.0 0.0 0.0 0.0 0.0 
0.0 0.0 0.0 2.6681561732063957e-16 1.6286480391066244e-16 1.2364864940403656e-16 6.296205259227981e-16 5.76845415991346e-15 3.948104342594006e-14 2.2400017205481005e-13 1.1374622844536022e-12 6.487457211767562e-12 4.6383385014989496e-11 3.406400425075689e-10 2.1275330190394065e-9 1.0545848641073781e-8 4.074730101561073e-8 1.2223878585049543e-7 2.845770037812247e-7 5.143596845320982e-7 7.225563834722932e-7 7.909449121737718e-7 6.80143029759881e-7 4.721061769809169e-7 2.876111225854691e-7 1.8317648174521273e-7 1.375195136021763e-7 1.0762551903479372e-7 7.387443870133165e-8 4.100605731117713e-8 1.7942632141935973e-8 6.148369491613664e-9 1.6493566854852208e-9 3.481880483375618e-10 5.974927277083411e-11 1.0064240932932733e-11 2.789890957283653e-12 1.2654410420045466e-12 5.589682288286767e-13 1.9911457200340233e-13 5.566169961652444e-14 1.2294030533292764e-14 2.0638144998991168e-15 3.6383836001043526e-16 1.6324624284000142e-16 2.4844159078517797e-16 2.8724333184137076e-16 3.931786150505132e-17 5.842982852557346e-17 2.407967421493184e-16 2.072740950549121e-16 1.407967419092503e-16 2.937937015488884e-17 0.0 0.0 0.0 0.0 0.0 0.0 0.0 0.0 0.0 0.0 0.0 0.0 0.0 0.0 0.0 0.0 0.0 0.0 0.0 0.0 0.0 0.0 0.0 0.0 0.0 0.0 0.0 0.0 0.0 0.0 0.0 0.0 0.0 0.0 0.0 0.0 0.0 0.0 0.0 0.0 0.0 0.0 0.0 0.0 0.0 0.0 0.0 
0.0 0.0 0.0 0.0 0.0 0.0 0.0 0.0 0.0 0.0 0.0 0.0 0.0 0.0 0.0 0.0 0.0 0.0 0.0 0.0 0.0 0.0 0.0 0.0 0.0 0.0 0.0 0.0 0.0 0.0 0.0 0.0 0.0 0.0 0.0 0.0 0.0 0.0 0.0 0.0 0.0 0.0 0.0 0.0 0.0 0.0 0.0 0.0 0.0 0.0 0.0 0.0 0.0 0.0 0.0 0.0 0.0 0.0 0.0 0.0 0.0 0.0 0.0 0.0 0.0 0.0 0.0 0.0 0.0 0.0 0.0 0.0 0.0 0.0 0.0 0.0 0.0 0.0 0.0 0.0 0.0 0.0 0.0 0.0 0.0 0.0 0.0 0.0 0.0 0.0 0.0 0.0 0.0 0.0 0.0 0.0 0.0 0.0 0.0 0.0 
0.0 0.0 0.0 0.0 0.0 0.0 0.0 0.0 0.0 0.0 0.0 0.0 0.0 0.0 0.0 0.0 0.0 0.0 0.0 0.0 0.0 0.0 0.0 0.0 0.0 0.0 0.0 0.0 0.0 0.0 0.0 0.0 0.0 0.0 0.0 0.0 0.0 0.0 0.0 0.0 0.0 0.0 0.0 0.0 0.0 0.0 0.0 0.0 0.0 0.0 0.0 0.0 0.0 0.0 0.0 0.0 0.0 0.0 0.0 0.0 0.0 0.0 0.0 0.0 0.0 0.0 0.0 0.0 0.0 0.0 0.0 0.0 0.0 0.0 0.0 0.0 0.0 0.0 0.0 0.0 0.0 0.0 0.0 0.0 0.0 0.0 0.0 0.0 0.0 0.0 0.0 0.0 0.0 0.0 0.0 0.0 0.0 0.0 0.0 0.0 
0.0 0.0 0.0 0.0 0.0 0.0 0.0 0.0 0.0 0.0 0.0 0.0 0.0 0.0 0.0 0.0 0.0 0.0 0.0 0.0 0.0 0.0 0.0 0.0 0.0 0.0 0.0 0.0 0.0 0.0 0.0 0.0 0.0 0.0 0.0 0.0 0.0 0.0 0.0 0.0 0.0 0.0 0.0 0.0 0.0 0.0 0.0 0.0 0.0 0.0 0.0 0.0 0.0 0.0 0.0 0.0 0.0 0.0 0.0 0.0 0.0 0.0 0.0 0.0 0.0 0.0 0.0 0.0 0.0 0.0 0.0 0.0 0.0 0.0 0.0 0.0 0.0 0.0 0.0 0.0 0.0 0.0 0.0 0.0 0.0 0.0 0.0 0.0 0.0 0.0 0.0 0.0 0.0 0.0 0.0 0.0 0.0 0.0 0.0 0.0 
0.0 0.0 0.0 0.0 0.0 0.0 0.0 0.0 0.0 0.0 0.0 0.0 0.0 0.0 0.0 0.0 0.0 0.0 0.0 0.0 0.0 0.0 0.0 0.0 0.0 0.0 0.0 0.0 0.0 0.0 0.0 0.0 0.0 0.0 0.0 0.0 0.0 0.0 0.0 0.0 0.0 0.0 0.0 0.0 0.0 0.0 0.0 0.0 0.0 0.0 0.0 0.0 0.0 0.0 0.0 0.0 0.0 0.0 0.0 0.0 0.0 0.0 0.0 0.0 0.0 0.0 0.0 0.0 0.0 0.0 0.0 0.0 0.0 0.0 0.0 0.0 0.0 0.0 0.0 0.0 0.0 0.0 0.0 0.0 0.0 0.0 0.0 0.0 0.0 0.0 0.0 0.0 0.0 0.0 0.0 0.0 0.0 0.0 0.0 0.0 
0.0 0.0 0.0 0.0 0.0 0.0 0.0 0.0 0.0 0.0 0.0 0.0 0.0 0.0 0.0 0.0 0.0 0.0 0.0 0.0 0.0 0.0 0.0 0.0 0.0 0.0 0.0 0.0 0.0 0.0 0.0 0.0 0.0 0.0 0.0 0.0 0.0 0.0 0.0 0.0 0.0 0.0 0.0 0.0 0.0 0.0 0.0 0.0 0.0 0.0 0.0 0.0 0.0 0.0 0.0 0.0 0.0 0.0 0.0 0.0 0.0 0.0 0.0 0.0 0.0 0.0 0.0 0.0 0.0 0.0 0.0 0.0 0.0 0.0 0.0 0.0 0.0 0.0 0.0 0.0 0.0 0.0 0.0 0.0 0.0 0.0 0.0 0.0 0.0 0.0 0.0 0.0 0.0 0.0 0.0 0.0 0.0 0.0 0.0 0.0 
0.0 0.0 0.0 0.0 0.0 0.0 0.0 0.0 0.0 0.0 0.0 0.0 0.0 0.0 0.0 0.0 0.0 0.0 0.0 0.0 0.0 0.0 0.0 0.0 0.0 0.0 0.0 0.0 0.0 0.0 0.0 0.0 0.0 0.0 0.0 0.0 0.0 0.0 0.0 0.0 0.0 0.0 0.0 0.0 0.0 0.0 0.0 0.0 0.0 0.0 0.0 0.0 0.0 0.0 0.0 0.0 0.0 0.0 0.0 0.0 0.0 0.0 0.0 0.0 0.0 0.0 0.0 0.0 0.0 0.0 0.0 0.0 0.0 0.0 0.0 0.0 0.0 0.0 0.0 0.0 0.0 0.0 0.0 0.0 0.0 0.0 0.0 0.0 0.0 0.0 0.0 0.0 0.0 0.0 0.0 0.0 0.0 0.0 0.0 0.0 
0.0 0.0 0.0 0.0 0.0 0.0 0.0 0.0 0.0 0.0 0.0 0.0 0.0 0.0 0.0 0.0 0.0 0.0 0.0 0.0 0.0 0.0 0.0 0.0 0.0 0.0 0.0 0.0 0.0 0.0 0.0 0.0 0.0 0.0 0.0 0.0 0.0 0.0 0.0 0.0 0.0 0.0 0.0 0.0 0.0 0.0 0.0 0.0 0.0 0.0 0.0 0.0 0.0 0.0 0.0 0.0 0.0 0.0 0.0 0.0 0.0 0.0 0.0 0.0 0.0 0.0 0.0 0.0 0.0 0.0 0.0 0.0 0.0 0.0 0.0 0.0 0.0 0.0 0.0 0.0 0.0 0.0 0.0 0.0 0.0 0.0 0.0 0.0 0.0 0.0 0.0 0.0 0.0 0.0 0.0 0.0 0.0 0.0 0.0 0.0 
0.0 0.0 0.0 0.0 0.0 0.0 0.0 0.0 0.0 0.0 0.0 0.0 0.0 0.0 0.0 0.0 0.0 0.0 0.0 0.0 0.0 0.0 0.0 0.0 0.0 0.0 0.0 0.0 0.0 0.0 0.0 0.0 0.0 0.0 0.0 0.0 0.0 0.0 0.0 0.0 0.0 0.0 0.0 0.0 0.0 0.0 0.0 0.0 0.0 0.0 0.0 0.0 0.0 0.0 0.0 0.0 0.0 0.0 0.0 0.0 0.0 0.0 0.0 0.0 0.0 0.0 0.0 0.0 0.0 0.0 0.0 0.0 0.0 0.0 0.0 0.0 0.0 0.0 0.0 0.0 0.0 0.0 0.0 0.0 0.0 0.0 0.0 0.0 0.0 0.0 0.0 0.0 0.0 0.0 0.0 0.0 0.0 0.0 0.0 0.0 
0.0 0.0 0.0 0.0 0.0 0.0 0.0 0.0 0.0 0.0 0.0 0.0 0.0 0.0 0.0 0.0 0.0 0.0 0.0 0.0 0.0 0.0 0.0 0.0 0.0 0.0 0.0 0.0 0.0 0.0 0.0 0.0 0.0 0.0 0.0 0.0 0.0 0.0 0.0 0.0 0.0 0.0 0.0 0.0 0.0 0.0 0.0 0.0 0.0 0.0 0.0 0.0 0.0 0.0 0.0 0.0 0.0 0.0 0.0 0.0 0.0 0.0 0.0 0.0 0.0 0.0 0.0 0.0 0.0 0.0 0.0 0.0 0.0 0.0 0.0 0.0 0.0 0.0 0.0 0.0 0.0 0.0 0.0 0.0 0.0 0.0 0.0 0.0 0.0 0.0 0.0 0.0 0.0 0.0 0.0 0.0 0.0 0.0 0.0 0.0 
0.0 0.0 0.0 0.0 0.0 0.0 0.0 0.0 0.0 0.0 0.0 0.0 0.0 0.0 0.0 0.0 0.0 0.0 0.0 0.0 0.0 0.0 0.0 0.0 0.0 0.0 0.0 0.0 0.0 0.0 0.0 0.0 0.0 0.0 0.0 0.0 0.0 0.0 0.0 0.0 0.0 0.0 0.0 0.0 0.0 0.0 0.0 0.0 0.0 0.0 0.0 0.0 0.0 0.0 0.0 0.0 0.0 0.0 0.0 0.0 0.0 0.0 0.0 0.0 0.0 0.0 0.0 0.0 0.0 0.0 0.0 0.0 0.0 0.0 0.0 0.0 0.0 0.0 0.0 0.0 0.0 0.0 0.0 0.0 0.0 0.0 0.0 0.0 0.0 0.0 0.0 0.0 0.0 0.0 0.0 0.0 0.0 0.0 0.0 0.0 
0.0 0.0 0.0 0.0 0.0 0.0 0.0 0.0 0.0 0.0 0.0 0.0 0.0 0.0 0.0 0.0 0.0 0.0 0.0 0.0 0.0 0.0 0.0 0.0 0.0 0.0 0.0 0.0 0.0 0.0 0.0 0.0 0.0 0.0 0.0 0.0 0.0 0.0 0.0 0.0 0.0 0.0 0.0 0.0 0.0 0.0 0.0 0.0 0.0 0.0 0.0 0.0 0.0 0.0 0.0 0.0 0.0 0.0 0.0 0.0 0.0 0.0 0.0 0.0 0.0 0.0 0.0 0.0 0.0 0.0 0.0 0.0 0.0 0.0 0.0 0.0 0.0 0.0 0.0 0.0 0.0 0.0 0.0 0.0 0.0 0.0 0.0 0.0 0.0 0.0 0.0 0.0 0.0 0.0 0.0 0.0 0.0 0.0 0.0 0.0 
0.0 0.0 0.0 0.0 0.0 0.0 0.0 0.0 0.0 0.0 0.0 0.0 0.0 0.0 0.0 0.0 0.0 0.0 0.0 0.0 0.0 0.0 0.0 0.0 0.0 0.0 0.0 0.0 0.0 0.0 0.0 0.0 0.0 0.0 0.0 0.0 0.0 0.0 0.0 0.0 0.0 0.0 0.0 0.0 0.0 0.0 0.0 0.0 0.0 0.0 0.0 0.0 0.0 0.0 0.0 0.0 0.0 0.0 0.0 0.0 0.0 0.0 0.0 0.0 0.0 0.0 0.0 0.0 0.0 0.0 0.0 0.0 0.0 0.0 0.0 0.0 0.0 0.0 0.0 0.0 0.0 0.0 0.0 0.0 0.0 0.0 0.0 0.0 0.0 0.0 0.0 0.0 0.0 0.0 0.0 0.0 0.0 0.0 0.0 0.0 
0.0 0.0 0.0 0.0 0.0 0.0 0.0 0.0 0.0 0.0 0.0 0.0 0.0 0.0 0.0 0.0 0.0 0.0 0.0 0.0 0.0 0.0 0.0 0.0 0.0 0.0 0.0 0.0 0.0 0.0 0.0 0.0 0.0 0.0 0.0 0.0 0.0 0.0 0.0 0.0 0.0 0.0 0.0 0.0 0.0 0.0 0.0 0.0 0.0 0.0 0.0 0.0 0.0 0.0 0.0 0.0 0.0 0.0 0.0 0.0 0.0 0.0 0.0 0.0 0.0 0.0 0.0 0.0 0.0 0.0 0.0 0.0 0.0 0.0 0.0 0.0 0.0 0.0 0.0 0.0 0.0 0.0 0.0 0.0 0.0 0.0 0.0 0.0 0.0 0.0 0.0 0.0 0.0 0.0 0.0 0.0 0.0 0.0 0.0 0.0 
0.0 0.0 0.0 0.0 0.0 0.0 0.0 0.0 0.0 0.0 0.0 0.0 0.0 0.0 0.0 0.0 0.0 0.0 0.0 0.0 0.0 0.0 0.0 0.0 0.0 0.0 0.0 0.0 0.0 0.0 0.0 0.0 0.0 0.0 0.0 0.0 0.0 0.0 0.0 0.0 0.0 0.0 0.0 0.0 0.0 0.0 0.0 0.0 0.0 0.0 0.0 0.0 0.0 0.0 0.0 0.0 0.0 0.0 0.0 0.0 0.0 0.0 0.0 0.0 0.0 0.0 0.0 0.0 0.0 0.0 0.0 0.0 0.0 0.0 0.0 0.0 0.0 0.0 0.0 0.0 0.0 0.0 0.0 0.0 0.0 0.0 0.0 0.0 0.0 0.0 0.0 0.0 0.0 0.0 0.0 0.0 0.0 0.0 0.0 0.0 
0.0 0.0 0.0 0.0 0.0 0.0 0.0 0.0 0.0 0.0 0.0 0.0 0.0 0.0 0.0 0.0 0.0 0.0 0.0 0.0 0.0 0.0 0.0 0.0 0.0 0.0 0.0 0.0 0.0 0.0 0.0 0.0 0.0 0.0 0.0 0.0 0.0 0.0 0.0 0.0 0.0 0.0 0.0 0.0 0.0 0.0 0.0 0.0 0.0 0.0 0.0 0.0 0.0 0.0 0.0 0.0 0.0 0.0 0.0 0.0 0.0 0.0 0.0 0.0 0.0 0.0 0.0 0.0 0.0 0.0 0.0 0.0 0.0 0.0 0.0 0.0 0.0 0.0 0.0 0.0 0.0 0.0 0.0 0.0 0.0 0.0 0.0 0.0 0.0 0.0 0.0 0.0 0.0 0.0 0.0 0.0 0.0 0.0 0.0 0.0 
0.0 0.0 0.0 0.0 0.0 0.0 0.0 0.0 0.0 0.0 0.0 0.0 0.0 0.0 0.0 0.0 0.0 0.0 0.0 0.0 0.0 0.0 0.0 0.0 0.0 0.0 0.0 0.0 0.0 0.0 0.0 0.0 0.0 0.0 0.0 0.0 0.0 0.0 0.0 0.0 0.0 0.0 0.0 0.0 0.0 0.0 0.0 0.0 0.0 0.0 0.0 0.0 0.0 0.0 0.0 0.0 0.0 0.0 0.0 0.0 0.0 0.0 0.0 0.0 0.0 0.0 0.0 0.0 0.0 0.0 0.0 0.0 0.0 0.0 0.0 0.0 0.0 0.0 0.0 0.0 0.0 0.0 0.0 0.0 0.0 0.0 0.0 0.0 0.0 0.0 0.0 0.0 0.0 0.0 0.0 0.0 0.0 0.0 0.0 0.0 
0.0 0.0 0.0 0.0 0.0 0.0 0.0 0.0 0.0 0.0 0.0 0.0 0.0 0.0 0.0 0.0 0.0 0.0 0.0 0.0 0.0 0.0 0.0 0.0 0.0 0.0 0.0 0.0 0.0 0.0 0.0 0.0 0.0 0.0 0.0 0.0 0.0 0.0 0.0 0.0 0.0 0.0 0.0 0.0 0.0 0.0 0.0 0.0 0.0 0.0 0.0 0.0 0.0 0.0 0.0 0.0 0.0 0.0 0.0 0.0 0.0 0.0 0.0 0.0 0.0 0.0 0.0 0.0 0.0 0.0 0.0 0.0 0.0 0.0 0.0 0.0 0.0 0.0 0.0 0.0 0.0 0.0 0.0 0.0 0.0 0.0 0.0 0.0 0.0 0.0 0.0 0.0 0.0 0.0 0.0 0.0 0.0 0.0 0.0 0.0 
0.0 0.0 0.0 0.0 0.0 0.0 0.0 0.0 0.0 0.0 0.0 0.0 0.0 0.0 0.0 0.0 0.0 0.0 0.0 0.0 0.0 0.0 0.0 0.0 0.0 0.0 0.0 0.0 0.0 0.0 0.0 0.0 0.0 0.0 0.0 0.0 0.0 0.0 0.0 0.0 0.0 0.0 0.0 0.0 0.0 0.0 0.0 0.0 0.0 0.0 0.0 0.0 0.0 0.0 0.0 0.0 0.0 0.0 0.0 0.0 0.0 0.0 0.0 0.0 0.0 0.0 0.0 0.0 0.0 0.0 0.0 0.0 0.0 0.0 0.0 0.0 0.0 0.0 0.0 0.0 0.0 0.0 0.0 0.0 0.0 0.0 0.0 0.0 0.0 0.0 0.0 0.0 0.0 0.0 0.0 0.0 0.0 0.0 0.0 0.0 
0.0 0.0 0.0 0.0 0.0 0.0 0.0 0.0 0.0 0.0 0.0 0.0 0.0 0.0 0.0 0.0 0.0 0.0 0.0 0.0 0.0 0.0 0.0 0.0 0.0 0.0 0.0 0.0 0.0 0.0 0.0 0.0 0.0 0.0 0.0 0.0 0.0 0.0 0.0 0.0 0.0 0.0 0.0 0.0 0.0 0.0 0.0 0.0 0.0 0.0 0.0 0.0 0.0 0.0 0.0 0.0 0.0 0.0 0.0 0.0 0.0 0.0 0.0 0.0 0.0 0.0 0.0 0.0 0.0 0.0 0.0 0.0 0.0 0.0 0.0 0.0 0.0 0.0 0.0 0.0 0.0 0.0 0.0 0.0 0.0 0.0 0.0 0.0 0.0 0.0 0.0 0.0 0.0 0.0 0.0 0.0 0.0 0.0 0.0 0.0 
0.0 0.0 0.0 0.0 0.0 0.0 0.0 0.0 0.0 0.0 0.0 0.0 0.0 0.0 0.0 0.0 0.0 0.0 0.0 0.0 0.0 0.0 0.0 0.0 0.0 0.0 0.0 0.0 0.0 0.0 0.0 0.0 0.0 0.0 0.0 0.0 0.0 0.0 0.0 0.0 0.0 0.0 0.0 0.0 0.0 0.0 0.0 0.0 0.0 0.0 0.0 0.0 0.0 0.0 0.0 0.0 0.0 0.0 0.0 0.0 0.0 0.0 0.0 0.0 0.0 0.0 0.0 0.0 0.0 0.0 0.0 0.0 0.0 0.0 0.0 0.0 0.0 0.0 0.0 0.0 0.0 0.0 0.0 0.0 0.0 0.0 0.0 0.0 0.0 0.0 0.0 0.0 0.0 0.0 0.0 0.0 0.0 0.0 0.0 0.0 
0.0 0.0 0.0 0.0 0.0 0.0 0.0 0.0 0.0 0.0 0.0 0.0 0.0 0.0 0.0 0.0 0.0 0.0 0.0 0.0 0.0 0.0 0.0 0.0 0.0 0.0 0.0 0.0 0.0 0.0 0.0 0.0 0.0 0.0 0.0 0.0 0.0 0.0 0.0 0.0 0.0 0.0 0.0 0.0 0.0 0.0 0.0 0.0 0.0 0.0 0.0 0.0 0.0 0.0 0.0 0.0 0.0 0.0 0.0 0.0 0.0 0.0 0.0 0.0 0.0 0.0 0.0 0.0 0.0 0.0 0.0 0.0 0.0 0.0 0.0 0.0 0.0 0.0 0.0 0.0 0.0 0.0 0.0 0.0 0.0 0.0 0.0 0.0 0.0 0.0 0.0 0.0 0.0 0.0 0.0 0.0 0.0 0.0 0.0 0.0 
0.0 0.0 0.0 0.0 0.0 0.0 0.0 0.0 0.0 0.0 0.0 0.0 0.0 0.0 0.0 0.0 0.0 0.0 0.0 0.0 0.0 0.0 0.0 0.0 0.0 0.0 0.0 0.0 0.0 0.0 0.0 0.0 0.0 0.0 0.0 0.0 0.0 0.0 0.0 0.0 0.0 0.0 0.0 0.0 0.0 0.0 0.0 0.0 0.0 0.0 0.0 0.0 0.0 0.0 0.0 0.0 0.0 0.0 0.0 0.0 0.0 0.0 0.0 0.0 0.0 0.0 0.0 0.0 0.0 0.0 0.0 0.0 0.0 0.0 0.0 0.0 0.0 0.0 0.0 0.0 0.0 0.0 0.0 0.0 0.0 0.0 0.0 0.0 0.0 0.0 0.0 0.0 0.0 0.0 0.0 0.0 0.0 0.0 0.0 0.0 
0.0 0.0 0.0 0.0 0.0 0.0 0.0 0.0 0.0 0.0 0.0 0.0 0.0 0.0 0.0 0.0 0.0 0.0 0.0 0.0 0.0 0.0 0.0 0.0 0.0 0.0 0.0 0.0 0.0 0.0 0.0 0.0 0.0 0.0 0.0 0.0 0.0 0.0 0.0 0.0 0.0 0.0 0.0 0.0 0.0 0.0 0.0 0.0 0.0 0.0 0.0 0.0 0.0 0.0 0.0 0.0 0.0 0.0 0.0 0.0 0.0 0.0 0.0 0.0 0.0 0.0 0.0 0.0 0.0 0.0 0.0 0.0 0.0 0.0 0.0 0.0 0.0 0.0 0.0 0.0 0.0 0.0 0.0 0.0 0.0 0.0 0.0 0.0 0.0 0.0 0.0 0.0 0.0 0.0 0.0 0.0 0.0 0.0 0.0 0.0 
0.0 0.0 0.0 0.0 0.0 0.0 0.0 0.0 0.0 0.0 0.0 0.0 0.0 0.0 0.0 0.0 0.0 0.0 0.0 0.0 0.0 0.0 0.0 0.0 0.0 0.0 0.0 0.0 0.0 0.0 0.0 0.0 0.0 0.0 0.0 0.0 0.0 0.0 0.0 0.0 0.0 0.0 0.0 0.0 0.0 0.0 0.0 0.0 0.0 0.0 0.0 0.0 0.0 0.0 0.0 0.0 0.0 0.0 0.0 0.0 0.0 0.0 0.0 0.0 0.0 0.0 0.0 0.0 0.0 0.0 0.0 0.0 0.0 0.0 0.0 0.0 0.0 0.0 0.0 0.0 0.0 0.0 0.0 0.0 0.0 0.0 0.0 0.0 0.0 0.0 0.0 0.0 0.0 0.0 0.0 0.0 0.0 0.0 0.0 0.0 
0.0 0.0 0.0 0.0 0.0 0.0 0.0 0.0 0.0 0.0 0.0 0.0 0.0 0.0 0.0 0.0 0.0 0.0 0.0 0.0 0.0 0.0 0.0 0.0 0.0 0.0 0.0 0.0 0.0 0.0 0.0 0.0 0.0 0.0 0.0 0.0 0.0 0.0 0.0 0.0 0.0 0.0 0.0 0.0 0.0 0.0 0.0 0.0 0.0 0.0 0.0 0.0 0.0 0.0 0.0 0.0 0.0 0.0 0.0 0.0 0.0 0.0 0.0 0.0 0.0 0.0 0.0 0.0 0.0 0.0 0.0 0.0 0.0 0.0 0.0 0.0 0.0 0.0 0.0 0.0 0.0 0.0 0.0 0.0 0.0 0.0 0.0 0.0 0.0 0.0 0.0 0.0 0.0 0.0 0.0 0.0 0.0 0.0 0.0 0.0 
0.0 0.0 0.0 0.0 0.0 0.0 0.0 0.0 0.0 0.0 0.0 0.0 0.0 0.0 0.0 0.0 0.0 0.0 0.0 0.0 0.0 0.0 0.0 0.0 0.0 0.0 0.0 0.0 0.0 0.0 0.0 0.0 0.0 0.0 0.0 0.0 0.0 0.0 0.0 0.0 0.0 0.0 0.0 0.0 0.0 0.0 0.0 0.0 0.0 0.0 0.0 0.0 0.0 0.0 0.0 0.0 0.0 0.0 0.0 0.0 0.0 0.0 0.0 0.0 0.0 0.0 0.0 0.0 0.0 0.0 0.0 0.0 0.0 0.0 0.0 0.0 0.0 0.0 0.0 0.0 0.0 0.0 0.0 0.0 0.0 0.0 0.0 0.0 0.0 0.0 0.0 0.0 0.0 0.0 0.0 0.0 0.0 0.0 0.0 0.0 
0.0 0.0 0.0 0.0 0.0 0.0 0.0 0.0 0.0 0.0 0.0 0.0 0.0 0.0 0.0 0.0 0.0 0.0 0.0 0.0 0.0 0.0 0.0 0.0 0.0 0.0 0.0 0.0 0.0 0.0 0.0 0.0 0.0 0.0 0.0 0.0 0.0 0.0 0.0 0.0 0.0 0.0 0.0 0.0 0.0 0.0 0.0 0.0 0.0 0.0 0.0 0.0 0.0 0.0 0.0 0.0 0.0 0.0 0.0 0.0 0.0 0.0 0.0 0.0 0.0 0.0 0.0 0.0 0.0 0.0 0.0 0.0 0.0 0.0 0.0 0.0 0.0 0.0 0.0 0.0 0.0 0.0 0.0 0.0 0.0 0.0 0.0 0.0 0.0 0.0 0.0 0.0 0.0 0.0 0.0 0.0 0.0 0.0 0.0 0.0 
0.0 0.0 0.0 0.0 0.0 0.0 0.0 0.0 0.0 0.0 0.0 0.0 0.0 0.0 0.0 0.0 0.0 0.0 0.0 0.0 0.0 0.0 0.0 0.0 0.0 0.0 0.0 0.0 0.0 0.0 0.0 0.0 0.0 0.0 0.0 0.0 0.0 0.0 0.0 0.0 0.0 0.0 0.0 0.0 0.0 0.0 0.0 0.0 0.0 0.0 0.0 0.0 0.0 0.0 0.0 0.0 0.0 0.0 0.0 0.0 0.0 0.0 0.0 0.0 0.0 0.0 0.0 0.0 0.0 0.0 0.0 0.0 0.0 0.0 0.0 0.0 0.0 0.0 0.0 0.0 0.0 0.0 0.0 0.0 0.0 0.0 0.0 0.0 0.0 0.0 0.0 0.0 0.0 0.0 0.0 0.0 0.0 0.0 0.0 0.0 
0.0 0.0 0.0 0.0 0.0 0.0 0.0 0.0 0.0 0.0 0.0 0.0 0.0 0.0 0.0 0.0 0.0 0.0 0.0 0.0 0.0 0.0 0.0 0.0 0.0 0.0 0.0 0.0 0.0 0.0 0.0 0.0 0.0 0.0 0.0 0.0 0.0 0.0 0.0 0.0 0.0 0.0 0.0 0.0 0.0 0.0 0.0 0.0 0.0 0.0 0.0 0.0 0.0 0.0 0.0 0.0 0.0 0.0 0.0 0.0 0.0 0.0 0.0 0.0 0.0 0.0 0.0 0.0 0.0 0.0 0.0 0.0 0.0 0.0 0.0 0.0 0.0 0.0 0.0 0.0 0.0 0.0 0.0 0.0 0.0 0.0 0.0 0.0 0.0 0.0 0.0 0.0 0.0 0.0 0.0 0.0 0.0 0.0 0.0 0.0 
0.0 0.0 0.0 0.0 0.0 0.0 0.0 0.0 0.0 0.0 0.0 0.0 0.0 0.0 0.0 0.0 0.0 0.0 0.0 0.0 0.0 0.0 0.0 0.0 0.0 0.0 0.0 0.0 0.0 0.0 0.0 0.0 0.0 0.0 0.0 0.0 0.0 0.0 0.0 0.0 0.0 0.0 0.0 0.0 0.0 0.0 0.0 0.0 0.0 0.0 0.0 0.0 0.0 0.0 0.0 0.0 0.0 0.0 0.0 0.0 0.0 0.0 0.0 0.0 0.0 0.0 0.0 0.0 0.0 0.0 0.0 0.0 0.0 0.0 0.0 0.0 0.0 0.0 0.0 0.0 0.0 0.0 0.0 0.0 0.0 0.0 0.0 0.0 0.0 0.0 0.0 0.0 0.0 0.0 0.0 0.0 0.0 0.0 0.0 0.0 
0.0 0.0 0.0 0.0 0.0 0.0 0.0 0.0 0.0 0.0 0.0 0.0 0.0 0.0 0.0 0.0 0.0 0.0 0.0 0.0 0.0 0.0 0.0 0.0 0.0 0.0 0.0 0.0 0.0 0.0 0.0 0.0 0.0 0.0 0.0 0.0 0.0 0.0 0.0 0.0 0.0 0.0 0.0 0.0 0.0 0.0 0.0 0.0 0.0 0.0 0.0 0.0 0.0 0.0 0.0 0.0 0.0 0.0 0.0 0.0 0.0 0.0 0.0 0.0 0.0 0.0 0.0 0.0 0.0 0.0 0.0 0.0 0.0 0.0 0.0 0.0 0.0 0.0 0.0 0.0 0.0 0.0 0.0 0.0 0.0 0.0 0.0 0.0 0.0 0.0 0.0 0.0 0.0 0.0 0.0 0.0 0.0 0.0 0.0 0.0 
0.0 0.0 0.0 0.0 0.0 0.0 0.0 0.0 0.0 0.0 0.0 0.0 0.0 0.0 0.0 0.0 0.0 0.0 0.0 0.0 0.0 0.0 0.0 0.0 0.0 0.0 0.0 0.0 0.0 0.0 0.0 0.0 0.0 0.0 0.0 0.0 0.0 0.0 0.0 0.0 0.0 0.0 0.0 0.0 0.0 0.0 0.0 0.0 0.0 0.0 0.0 0.0 0.0 0.0 0.0 0.0 0.0 0.0 0.0 0.0 0.0 0.0 0.0 0.0 0.0 0.0 0.0 0.0 0.0 0.0 0.0 0.0 0.0 0.0 0.0 0.0 0.0 0.0 0.0 0.0 0.0 0.0 0.0 0.0 0.0 0.0 0.0 0.0 0.0 0.0 0.0 0.0 0.0 0.0 0.0 0.0 0.0 0.0 0.0 0.0 
0.0 0.0 0.0 0.0 0.0 0.0 0.0 0.0 0.0 0.0 0.0 0.0 0.0 0.0 0.0 0.0 0.0 0.0 0.0 0.0 0.0 0.0 0.0 0.0 0.0 0.0 0.0 0.0 0.0 0.0 0.0 0.0 0.0 0.0 0.0 0.0 0.0 0.0 0.0 0.0 0.0 0.0 0.0 0.0 0.0 0.0 0.0 0.0 0.0 0.0 0.0 0.0 0.0 0.0 0.0 0.0 0.0 0.0 0.0 0.0 0.0 0.0 0.0 0.0 0.0 0.0 0.0 0.0 0.0 0.0 0.0 0.0 0.0 0.0 0.0 0.0 0.0 0.0 0.0 0.0 0.0 0.0 0.0 0.0 0.0 0.0 0.0 0.0 0.0 0.0 0.0 0.0 0.0 0.0 0.0 0.0 0.0 0.0 0.0 0.0 
0.0 0.0 0.0 0.0 0.0 0.0 0.0 0.0 0.0 0.0 0.0 0.0 0.0 0.0 0.0 0.0 0.0 0.0 0.0 0.0 0.0 0.0 0.0 0.0 0.0 0.0 0.0 0.0 0.0 0.0 0.0 0.0 0.0 0.0 0.0 0.0 0.0 0.0 0.0 0.0 0.0 0.0 0.0 0.0 0.0 0.0 0.0 0.0 0.0 0.0 0.0 0.0 0.0 0.0 0.0 0.0 0.0 0.0 0.0 0.0 0.0 0.0 0.0 0.0 0.0 0.0 0.0 0.0 0.0 0.0 0.0 0.0 0.0 0.0 0.0 0.0 0.0 0.0 0.0 0.0 0.0 0.0 0.0 0.0 0.0 0.0 0.0 0.0 0.0 0.0 0.0 0.0 0.0 0.0 0.0 0.0 0.0 0.0 0.0 0.0 
0.0 0.0 0.0 0.0 0.0 0.0 0.0 0.0 0.0 0.0 0.0 0.0 0.0 0.0 0.0 0.0 0.0 0.0 0.0 0.0 0.0 0.0 0.0 0.0 0.0 0.0 0.0 0.0 0.0 0.0 0.0 0.0 0.0 0.0 0.0 0.0 0.0 0.0 0.0 0.0 0.0 0.0 0.0 0.0 0.0 0.0 0.0 0.0 0.0 0.0 0.0 0.0 0.0 0.0 0.0 0.0 0.0 0.0 0.0 0.0 0.0 0.0 0.0 0.0 0.0 0.0 0.0 0.0 0.0 0.0 0.0 0.0 0.0 0.0 0.0 0.0 0.0 0.0 0.0 0.0 0.0 0.0 0.0 0.0 0.0 0.0 0.0 0.0 0.0 0.0 0.0 0.0 0.0 0.0 0.0 0.0 0.0 0.0 0.0 0.0 
0.0 0.0 0.0 0.0 0.0 0.0 0.0 0.0 0.0 0.0 0.0 0.0 0.0 0.0 0.0 0.0 0.0 0.0 0.0 0.0 0.0 0.0 0.0 0.0 0.0 0.0 0.0 0.0 0.0 0.0 0.0 0.0 0.0 0.0 0.0 0.0 0.0 0.0 0.0 0.0 0.0 0.0 0.0 0.0 0.0 0.0 0.0 0.0 0.0 0.0 0.0 0.0 0.0 0.0 0.0 0.0 0.0 0.0 0.0 0.0 0.0 0.0 0.0 0.0 0.0 0.0 0.0 0.0 0.0 0.0 0.0 0.0 0.0 0.0 0.0 0.0 0.0 0.0 0.0 0.0 0.0 0.0 0.0 0.0 0.0 0.0 0.0 0.0 0.0 0.0 0.0 0.0 0.0 0.0 0.0 0.0 0.0 0.0 0.0 0.0 
0.0 0.0 0.0 0.0 0.0 0.0 0.0 0.0 0.0 0.0 0.0 0.0 0.0 0.0 0.0 0.0 0.0 0.0 0.0 0.0 0.0 0.0 0.0 0.0 0.0 0.0 0.0 0.0 0.0 0.0 0.0 0.0 0.0 0.0 0.0 0.0 0.0 0.0 0.0 0.0 0.0 0.0 0.0 0.0 0.0 0.0 0.0 0.0 0.0 0.0 0.0 0.0 0.0 0.0 0.0 0.0 0.0 0.0 0.0 0.0 0.0 0.0 0.0 0.0 0.0 0.0 0.0 0.0 0.0 0.0 0.0 0.0 0.0 0.0 0.0 0.0 0.0 0.0 0.0 0.0 0.0 0.0 0.0 0.0 0.0 0.0 0.0 0.0 0.0 0.0 0.0 0.0 0.0 0.0 0.0 0.0 0.0 0.0 0.0 0.0 
0.0 0.0 0.0 0.0 0.0 0.0 0.0 0.0 0.0 0.0 0.0 0.0 0.0 0.0 0.0 0.0 0.0 0.0 0.0 0.0 0.0 0.0 0.0 0.0 0.0 0.0 0.0 0.0 0.0 0.0 0.0 0.0 0.0 0.0 0.0 0.0 0.0 0.0 0.0 0.0 0.0 0.0 0.0 0.0 0.0 0.0 0.0 0.0 0.0 0.0 0.0 0.0 0.0 0.0 0.0 0.0 0.0 0.0 0.0 0.0 0.0 0.0 0.0 0.0 0.0 0.0 0.0 0.0 0.0 0.0 0.0 0.0 0.0 0.0 0.0 0.0 0.0 0.0 0.0 0.0 0.0 0.0 0.0 0.0 0.0 0.0 0.0 0.0 0.0 0.0 0.0 0.0 0.0 0.0 0.0 0.0 0.0 0.0 0.0 0.0 
0.0 0.0 0.0 0.0 0.0 0.0 0.0 0.0 0.0 0.0 0.0 0.0 0.0 0.0 0.0 0.0 0.0 0.0 0.0 0.0 0.0 0.0 0.0 0.0 0.0 0.0 0.0 0.0 0.0 0.0 0.0 0.0 0.0 0.0 0.0 0.0 0.0 0.0 0.0 0.0 0.0 0.0 0.0 0.0 0.0 0.0 0.0 0.0 0.0 0.0 0.0 0.0 0.0 0.0 0.0 0.0 0.0 0.0 0.0 0.0 0.0 0.0 0.0 0.0 0.0 0.0 0.0 0.0 0.0 0.0 0.0 0.0 0.0 0.0 0.0 0.0 0.0 0.0 0.0 0.0 0.0 0.0 0.0 0.0 0.0 0.0 0.0 0.0 0.0 0.0 0.0 0.0 0.0 0.0 0.0 0.0 0.0 0.0 0.0 0.0 
0.0 0.0 0.0 0.0 0.0 0.0 0.0 0.0 0.0 0.0 0.0 0.0 0.0 0.0 0.0 0.0 0.0 0.0 0.0 0.0 0.0 0.0 0.0 0.0 0.0 0.0 0.0 0.0 0.0 0.0 0.0 0.0 0.0 0.0 0.0 0.0 0.0 0.0 0.0 0.0 0.0 0.0 0.0 0.0 0.0 0.0 0.0 0.0 0.0 0.0 0.0 0.0 0.0 0.0 0.0 0.0 0.0 0.0 0.0 0.0 0.0 0.0 0.0 0.0 0.0 0.0 0.0 0.0 0.0 0.0 0.0 0.0 0.0 0.0 0.0 0.0 0.0 0.0 0.0 0.0 0.0 0.0 0.0 0.0 0.0 0.0 0.0 0.0 0.0 0.0 0.0 0.0 0.0 0.0 0.0 0.0 0.0 0.0 0.0 0.0 
0.0 0.0 0.0 0.0 0.0 0.0 0.0 0.0 0.0 0.0 0.0 0.0 0.0 0.0 0.0 0.0 0.0 0.0 0.0 0.0 0.0 0.0 0.0 0.0 0.0 0.0 0.0 0.0 0.0 0.0 0.0 0.0 0.0 0.0 0.0 0.0 0.0 0.0 0.0 0.0 0.0 0.0 0.0 0.0 0.0 0.0 0.0 0.0 0.0 0.0 0.0 0.0 0.0 0.0 0.0 0.0 0.0 0.0 0.0 0.0 0.0 0.0 0.0 0.0 0.0 0.0 0.0 0.0 0.0 0.0 0.0 0.0 0.0 0.0 0.0 0.0 0.0 0.0 0.0 0.0 0.0 0.0 0.0 0.0 0.0 0.0 0.0 0.0 0.0 0.0 0.0 0.0 0.0 0.0 0.0 0.0 0.0 0.0 0.0 0.0 
0.0 0.0 0.0 0.0 0.0 0.0 0.0 0.0 0.0 0.0 0.0 0.0 0.0 0.0 0.0 0.0 0.0 0.0 0.0 0.0 0.0 0.0 0.0 0.0 0.0 0.0 0.0 0.0 0.0 0.0 0.0 0.0 0.0 0.0 0.0 0.0 0.0 0.0 0.0 0.0 0.0 0.0 0.0 0.0 0.0 0.0 0.0 0.0 0.0 0.0 0.0 0.0 0.0 0.0 0.0 0.0 0.0 0.0 0.0 0.0 0.0 0.0 0.0 0.0 0.0 0.0 0.0 0.0 0.0 0.0 0.0 0.0 0.0 0.0 0.0 0.0 0.0 0.0 0.0 0.0 0.0 0.0 0.0 0.0 0.0 0.0 0.0 0.0 0.0 0.0 0.0 0.0 0.0 0.0 0.0 0.0 0.0 0.0 0.0 0.0 
0.0 0.0 0.0 0.0 0.0 0.0 0.0 0.0 0.0 0.0 0.0 0.0 0.0 0.0 0.0 0.0 0.0 0.0 0.0 0.0 0.0 0.0 0.0 0.0 0.0 0.0 0.0 0.0 0.0 0.0 0.0 0.0 0.0 0.0 0.0 0.0 0.0 0.0 0.0 0.0 0.0 0.0 0.0 0.0 0.0 0.0 0.0 0.0 0.0 0.0 0.0 0.0 0.0 0.0 0.0 0.0 0.0 0.0 0.0 0.0 0.0 0.0 0.0 0.0 0.0 0.0 0.0 0.0 0.0 0.0 0.0 0.0 0.0 0.0 0.0 0.0 0.0 0.0 0.0 0.0 0.0 0.0 0.0 0.0 0.0 0.0 0.0 0.0 0.0 0.0 0.0 0.0 0.0 0.0 0.0 0.0 0.0 0.0 0.0 0.0 
0.0 0.0 0.0 0.0 0.0 0.0 0.0 0.0 0.0 0.0 0.0 0.0 0.0 0.0 0.0 0.0 0.0 0.0 0.0 0.0 0.0 0.0 0.0 0.0 0.0 0.0 0.0 0.0 0.0 0.0 0.0 0.0 0.0 0.0 0.0 0.0 0.0 0.0 0.0 0.0 0.0 0.0 0.0 0.0 0.0 0.0 0.0 0.0 0.0 0.0 0.0 0.0 0.0 0.0 0.0 0.0 0.0 0.0 0.0 0.0 0.0 0.0 0.0 0.0 0.0 0.0 0.0 0.0 0.0 0.0 0.0 0.0 0.0 0.0 0.0 0.0 0.0 0.0 0.0 0.0 0.0 0.0 0.0 0.0 0.0 0.0 0.0 0.0 0.0 0.0 0.0 0.0 0.0 0.0 0.0 0.0 0.0 0.0 0.0 0.0 
0.0 0.0 0.0 0.0 0.0 0.0 0.0 0.0 0.0 0.0 0.0 0.0 0.0 0.0 0.0 0.0 0.0 0.0 0.0 0.0 0.0 0.0 0.0 0.0 0.0 0.0 0.0 0.0 0.0 0.0 0.0 0.0 0.0 0.0 0.0 0.0 0.0 0.0 0.0 0.0 0.0 0.0 0.0 0.0 0.0 0.0 0.0 0.0 0.0 0.0 0.0 0.0 0.0 0.0 0.0 0.0 0.0 0.0 0.0 0.0 0.0 0.0 0.0 0.0 0.0 0.0 0.0 0.0 0.0 0.0 0.0 0.0 0.0 0.0 0.0 0.0 0.0 0.0 0.0 0.0 0.0 0.0 0.0 0.0 0.0 0.0 0.0 0.0 0.0 0.0 0.0 0.0 0.0 0.0 0.0 0.0 0.0 0.0 0.0 0.0 
0.0 0.0 0.0 0.0 0.0 0.0 0.0 0.0 0.0 0.0 0.0 0.0 0.0 0.0 0.0 0.0 0.0 0.0 0.0 0.0 0.0 0.0 0.0 0.0 0.0 0.0 0.0 0.0 0.0 0.0 0.0 0.0 0.0 0.0 0.0 0.0 0.0 0.0 0.0 0.0 0.0 0.0 0.0 0.0 0.0 0.0 0.0 0.0 0.0 0.0 0.0 0.0 0.0 0.0 0.0 0.0 0.0 0.0 0.0 0.0 0.0 0.0 0.0 0.0 0.0 0.0 0.0 0.0 0.0 0.0 0.0 0.0 0.0 0.0 0.0 0.0 0.0 0.0 0.0 0.0 0.0 0.0 0.0 0.0 0.0 0.0 0.0 0.0 0.0 0.0 0.0 0.0 0.0 0.0 0.0 0.0 0.0 0.0 0.0 0.0 
