#! FIELDS psi2 ffpsi2 dffpsi2_psi2
#! SET min_psi2 -pi
#! SET max_psi2 pi
#! SET nbins_psi2  100
#! SET periodic_psi2 true
 -3.141593 15.834057 36.777064
 -3.078761 18.389439 51.408550
 -3.015929 22.599037 79.565834
 -2.953097 28.280341 100.068329
 -2.890265 35.712725 127.737001
 -2.827433 43.325467 58.468292
 -2.764602 47.241589 72.617067
 -2.701770 52.177788 55.897666
 -2.638938 52.238045 -22.650427
 -2.576106 50.564562 -39.026778
 -2.513274 47.769897 -41.681790
 -2.450442 45.081283 -50.333862
 -2.387610 41.888466 -41.206945
 -2.324779 40.619665 0.677315
 -2.261947 40.912712 -7.658653
 -2.199115 39.204136 -37.159826
 -2.136283 36.966933 -30.328269
 -2.073451 35.762573 -8.018042
 -2.010619 35.492385 -5.151913
 -1.947787 35.117643 -4.372031
 -1.884956 34.868856 -5.503639
 -1.822124 34.480888 -6.880480
 -1.759292 33.592287 -22.492036
 -1.696460 32.327144 -12.063627
 -1.633628 32.216666 5.765273
 -1.570796 32.543255 1.690466
 -1.507964 32.531716 1.561071
 -1.445133 33.020071 12.243515
 -1.382301 33.489514 0.449936
 -1.319469 33.418798 -1.521861
 -1.256637 32.932957 -14.021279
 -1.193805 32.377192 0.219251
 -1.130973 32.564638 -1.102758
 -1.068142 32.071025 -11.807492
 -1.005310 31.444909 -3.584167
 -0.942478 32.163059 27.273716
 -0.879646 34.037076 18.936618
 -0.816814 34.402227 3.890612
 -0.753982 34.993443 8.862328
 -0.691150 34.855617 -7.942562
 -0.628319 35.028751 15.826994
 -0.565487 36.331665 19.820970
 -0.502655 37.501838 14.374522
 -0.439823 34.315862 -111.899445
 -0.376991 28.119034 -75.613380
 -0.314159 24.377746 -59.277228
 -0.251327 19.460176 -81.358351
 -0.188496 15.766053 -33.733928
 -0.125664 14.848770 -2.446549
 -0.062832 14.950111 8.781572
 0.000000 15.912075 8.797755
 0.062832 15.092981 -19.380101
 0.125664 14.957217 15.847833
 0.188496 16.068971 4.310223
 0.251327 15.192895 -23.347751
 0.314159 13.658811 -23.293711
 0.376991 12.465871 -14.742900
 0.439823 11.747089 -8.068611
 0.502655 11.507000 -0.262339
 0.565487 11.291110 -9.400298
 0.628319 10.774400 -1.310702
 0.691150 11.189760 9.428505
 0.753982 11.394925 -2.898365
 0.816814 10.848234 -15.144318
 0.879646 9.823570 -13.704494
 0.942478 9.245504 -6.135929
 1.005310 8.909257 -4.582170
 1.068142 8.680163 -3.296117
 1.130973 8.403504 -5.710960
 1.193805 8.017610 -5.897654
 1.256637 7.678949 -5.471806
 1.319469 7.353993 -4.132552
 1.382301 7.128400 -3.772245
 1.445133 6.874681 -4.442252
 1.507964 6.459591 -9.740085
 1.570796 5.673346 -14.120227
 1.633628 4.817906 -12.749313
 1.696460 4.059933 -11.795964
 1.759292 3.313457 -11.431694
 1.822124 2.718234 -7.410475
 1.884956 2.294621 -6.921665
 1.947787 1.815446 -8.061853
 2.010619 1.386755 -4.660891
 2.073451 1.190439 -3.397945
 2.136283 0.788964 -9.132664
 2.199115 0.214270 -7.803747
 2.261947 -0.165799 -5.248511
 2.324779 -0.509521 -5.268506
 2.387610 -0.788205 -3.896255
 2.450442 -1.008565 -2.634478
 2.513274 -1.029241 2.379565
 2.576106 -0.714223 7.498458
 2.638938 -0.055239 13.545672
 2.701770 0.935849 17.573191
 2.764602 2.196307 22.769700
 2.827433 3.734011 24.876625
 2.890265 5.255706 24.073926
 2.953097 6.975939 32.351161
 3.015929 9.510905 48.546471
 3.078761 12.899273 54.801461
