#! FIELDS psi4 ffpsi4 dffpsi4_psi4
#! SET min_psi4 -pi
#! SET max_psi4 pi
#! SET nbins_psi4  100
#! SET periodic_psi4 true
 -3.141593 4.681059 20.258833
 -3.078761 6.216213 27.384465
 -3.015929 7.852137 22.543858
 -2.953097 9.042296 16.629920
 -2.890265 10.210285 22.208045
 -2.827433 11.770807 23.597436
 -2.764602 12.998743 20.477340
 -2.701770 14.813551 31.642704
 -2.638938 15.826657 4.263007
 -2.576106 16.514007 18.879301
 -2.513274 17.831084 21.457783
 -2.450442 19.469424 31.389224
 -2.387610 21.209105 18.080186
 -2.324779 21.877080 6.363804
 -2.261947 22.210012 6.505292
 -2.199115 22.787332 8.354731
 -2.136283 22.886005 -5.361052
 -2.073451 22.231260 -13.584969
 -2.010619 21.515801 -8.911243
 -1.947787 20.580066 -21.940333
 -1.884956 19.645116 -2.125965
 -1.822124 19.910526 -0.248945
 -1.759292 19.155567 -17.058754
 -1.696460 18.126918 -16.983332
 -1.633628 17.095803 -14.246219
 -1.570796 16.287419 -12.963865
 -1.507964 15.491847 -11.567640
 -1.445133 14.643162 -17.597671
 -1.382301 13.460587 -16.707693
 -1.319469 12.726535 -7.117304
 -1.256637 12.337965 -8.246171
 -1.193805 11.555606 -14.440305
 -1.130973 10.817201 -9.195792
 -1.068142 10.018381 -19.331504
 -1.005310 8.554148 -23.520472
 -0.942478 7.332046 -14.823964
 -0.879646 6.610744 -10.203791
 -0.816814 5.816979 -15.275351
 -0.753982 4.828569 -14.887714
 -0.691150 3.999855 -11.878577
 -0.628319 3.326978 -9.110425
 -0.565487 2.873834 -5.742908
 -0.502655 2.535130 -5.275082
 -0.439823 2.273297 -2.471217
 -0.376991 2.184184 -1.265216
 -0.314159 2.096833 -1.156335
 -0.251327 2.071986 0.692494
 -0.188496 2.229148 4.104558
 -0.125664 2.516487 4.618176
 -0.062832 2.832779 5.647507
 0.000000 3.198781 5.476791
 0.062832 3.488880 3.817928
 0.125664 3.757327 5.207644
 0.188496 4.120264 5.881678
 0.251327 4.478277 5.071078
 0.314159 4.690075 1.475114
 0.376991 4.732521 0.742099
 0.439823 4.842054 2.434383
 0.502655 4.966029 0.685690
 0.565487 4.902610 -1.791039
 0.628319 4.841020 -0.567458
 0.691150 4.740180 -2.953378
 0.753982 4.546562 -2.129196
 0.816814 4.523954 0.787834
 0.879646 4.562467 0.083569
 0.942478 4.544505 -0.110586
 1.005310 4.638062 3.460245
 1.068142 4.969977 6.304797
 1.130973 5.301374 3.583596
 1.193805 5.430426 1.058065
 1.256637 5.550919 3.608414
 1.319469 5.948024 8.862273
 1.382301 6.543091 8.726207
 1.445133 6.986848 5.471779
 1.507964 7.254964 3.507194
 1.570796 7.531955 5.320522
 1.633628 7.748157 -0.115414
 1.696460 7.606305 -2.029157
 1.759292 7.646864 2.339263
 1.822124 7.669420 -2.106714
 1.884956 7.546165 -1.347405
 1.947787 7.299743 -8.030870
 2.010619 6.676092 -9.969555
 2.073451 6.073797 -9.618492
 2.136283 5.489799 -9.360765
 2.199115 4.819038 -11.354845
 2.261947 4.185089 -9.126332
 2.324779 3.569103 -10.785431
 2.387610 2.832457 -12.503413
 2.450442 2.084313 -10.625326
 2.513274 1.500743 -8.132521
 2.576106 1.100911 -4.327580
 2.638938 0.904900 -2.665799
 2.701770 0.763654 -1.126971
 2.764602 0.829604 3.080644
 2.827433 1.100871 5.085488
 2.890265 1.437362 5.753172
 2.953097 1.922035 10.480016
 3.015929 2.746741 14.567523
 3.078761 3.637368 14.063707
