#! FIELDS phi2 ffphi2 dffphi2_phi2
#! SET min_phi2 -pi
#! SET max_phi2 pi
#! SET nbins_phi2  100
#! SET periodic_phi2 true
 -3.141593 16.749434 -46.205373
 -3.078761 14.002006 -41.459565
 -3.015929 11.512623 -38.124034
 -2.953097 9.210578 -34.461806
 -2.890265 7.267393 -27.397736
 -2.827433 5.719955 -22.084958
 -2.764602 4.471856 -17.840137
 -2.701770 3.486277 -13.437338
 -2.638938 2.730064 -11.322570
 -2.576106 2.060467 -9.198145
 -2.513274 1.684181 -2.615340
 -2.450442 1.629734 -0.479499
 -2.387610 1.544421 -1.659582
 -2.324779 1.536947 1.509342
 -2.261947 1.639640 0.904873
 -2.199115 1.659106 0.417522
 -2.136283 1.747367 2.187316
 -2.073451 1.914472 3.141412
 -2.010619 2.113751 2.656682
 -1.947787 2.255847 2.294205
 -1.884956 2.402862 1.862790
 -1.822124 2.458280 -0.029078
 -1.759292 2.425681 -0.983802
 -1.696460 2.322811 -2.392546
 -1.633628 2.124344 -4.082057
 -1.570796 1.826556 -4.933914
 -1.507964 1.541471 -4.440318
 -1.445133 1.199198 -6.645895
 -1.382301 0.787542 -5.694564
 -1.319469 0.517684 -2.881547
 -1.256637 0.428574 -0.145351
 -1.193805 0.477150 1.690640
 -1.130973 0.664490 4.415750
 -1.068142 1.061678 8.459483
 -1.005310 1.730371 12.319430
 -0.942478 2.574486 14.872000
 -0.879646 3.688009 20.741876
 -0.816814 5.130915 24.268467
 -0.753982 6.683278 25.193518
 -0.691150 8.402024 29.911181
 -0.628319 10.381837 31.281974
 -0.565487 12.241218 28.425127
 -0.502655 14.089458 30.027183
 -0.439823 15.974191 29.683231
 -0.376991 17.837932 29.227542
 -0.314159 19.651130 27.804412
 -0.251327 21.273761 23.860455
 -0.188496 22.729264 21.849565
 -0.125664 23.939316 16.699672
 -0.062832 24.918174 14.295882
 0.000000 25.644177 7.829624
 0.062832 25.865469 -0.534190
 0.125664 25.650575 -6.135843
 0.188496 25.096592 -11.209576
 0.251327 24.294311 -14.351991
 0.314159 23.294634 -17.020771
 0.376991 22.202054 -18.043781
 0.439823 20.979337 -20.856223
 0.502655 19.599350 -22.906170
 0.565487 18.159394 -22.296830
 0.628319 16.857479 -19.084529
 0.691150 15.704581 -18.001803
 0.753982 14.665231 -14.183951
 0.816814 13.922409 -9.938511
 0.879646 13.457328 -4.171381
 0.942478 13.379383 0.889675
 1.005310 13.562170 5.724431
 1.068142 14.170598 13.414802
 1.130973 15.186118 18.466212
 1.193805 16.510404 24.196286
 1.256637 18.279353 31.855992
 1.319469 20.529994 40.207684
 1.382301 23.422733 51.315579
 1.445133 26.896501 57.534237
 1.507964 30.638632 60.359974
 1.570796 34.596867 64.501741
 1.633628 38.871899 69.570807
 1.696460 43.377080 70.178580
 1.759292 47.690634 63.656720
 1.822124 51.469260 54.254539
 1.884956 54.647606 45.977863
 1.947787 57.333288 38.497623
 2.010619 59.512197 30.110439
 2.073451 61.123714 20.778706
 2.136283 62.131196 10.679403
 2.199115 62.429274 -1.350266
 2.261947 61.945917 -14.300090
 2.324779 60.680930 -25.203796
 2.387610 58.817091 -34.516704
 2.450442 56.320167 -44.522418
 2.513274 53.287601 -51.574288
 2.576106 49.873661 -57.073322
 2.638938 46.135063 -61.240538
 2.701770 42.232796 -62.749253
 2.764602 38.320044 -61.331050
 2.827433 34.461006 -62.138018
 2.890265 30.572114 -60.607602
 2.953097 26.854531 -58.277054
 3.015929 23.244296 -56.159503
 3.078761 19.837235 -52.009816
