#! FIELDS psi ffpsi dffpsi_psi
#! SET min_psi -pi
#! SET max_psi pi
#! SET nbins_psi  500
#! SET periodic_psi true
 -3.141593 4.701861 17.778752
 -3.129026 4.933034 18.800313
 -3.116460 5.175717 19.582111
 -3.103894 5.426245 20.063701
 -3.091327 5.680797 20.189691
 -3.078761 5.935246 20.083558
 -3.066194 6.187938 19.952712
 -3.053628 6.440478 20.058194
 -3.041062 6.696969 20.615818
 -3.028495 6.963079 21.560123
 -3.015929 7.242184 22.627684
 -3.003363 7.533783 23.458439
 -2.990796 7.833071 23.847699
 -2.978230 8.134260 23.755108
 -2.965663 8.432223 23.395391
 -2.953097 8.725400 23.024416
 -2.940531 9.015129 22.891397
 -2.927964 9.305338 23.110456
 -2.915398 9.600751 23.677054
 -2.902832 9.905258 24.517657
 -2.890265 10.221353 25.505270
 -2.877699 10.549773 26.498718
 -2.865133 10.890024 27.328807
 -2.852566 11.239184 27.916386
 -2.840000 11.593693 28.147344
 -2.827433 11.948835 28.013756
 -2.814867 12.300545 27.633290
 -2.802301 12.647157 27.221189
 -2.789734 12.989619 27.014880
 -2.777168 13.331335 27.063276
 -2.764602 13.674846 27.261281
 -2.752035 14.020403 27.398270
 -2.739469 14.366347 27.270801
 -2.726902 14.709341 26.946891
 -2.714336 15.047756 26.612027
 -2.701770 15.382647 26.388790
 -2.689203 15.715573 26.300525
 -2.676637 16.047652 26.224136
 -2.664071 16.378344 26.082312
 -2.651504 16.706953 25.869554
 -2.638938 17.032940 25.688660
 -2.626371 17.356942 25.573450
 -2.613805 17.679689 25.488787
 -2.601239 18.001115 25.397802
 -2.588672 18.321317 25.238059
 -2.576106 18.639654 25.103464
 -2.563540 18.956745 25.082936
 -2.550973 19.274514 25.221045
 -2.538407 19.594864 25.518147
 -2.525840 19.919474 25.800148
 -2.513274 20.246617 25.938292
 -2.500708 20.573453 25.714437
 -2.488141 20.895084 25.141510
 -2.475575 21.208072 24.338410
 -2.463009 21.510529 23.528885
 -2.450442 21.803189 22.748891
 -2.437876 22.086097 21.971713
 -2.425310 22.358609 21.105136
 -2.412743 22.619548 20.127065
 -2.400177 22.868031 19.145772
 -2.387610 23.104597 18.268356
 -2.375044 23.330709 17.493437
 -2.362478 23.547111 16.710733
 -2.349911 23.752862 15.772436
 -2.337345 23.945221 14.583647
 -2.324779 24.120920 13.117669
 -2.312212 24.276668 11.461079
 -2.299646 24.410701 9.691272
 -2.287079 24.522240 7.905699
 -2.274513 24.611726 6.201236
 -2.261947 24.680823 4.678841
 -2.249380 24.732311 3.449714
 -2.236814 24.770229 2.503013
 -2.224248 24.797386 1.730055
 -2.211681 24.814446 0.840854
 -2.199115 24.817876 -0.471019
 -2.186548 24.801194 -2.355198
 -2.173982 24.757818 -4.658076
 -2.161416 24.685164 -6.906945
 -2.148849 24.587473 -8.552227
 -2.136283 24.474876 -9.247486
 -2.123717 24.359519 -9.026284
 -2.111150 24.250887 -8.249060
 -2.098584 24.152863 -7.416673
 -2.086018 24.063484 -6.916497
 -2.073451 23.977332 -6.896183
 -2.060885 23.888939 -7.236874
 -2.048318 23.795191 -7.717775
 -2.035752 23.695197 -8.204895
 -2.023186 23.589077 -8.701963
 -2.010619 23.476274 -9.275626
 -1.998053 23.355805 -9.922992
 -1.985487 23.227009 -10.573678
 -1.972920 23.090462 -11.159489
 -1.960354 22.946641 -11.757315
 -1.947787 22.794401 -12.507702
 -1.935221 22.631235 -13.499808
 -1.922655 22.454525 -14.623101
 -1.910088 22.264336 -15.595199
 -1.897522 22.064432 -16.146550
 -1.884956 21.860887 -16.164104
 -1.872389 21.659832 -15.764493
 -1.859823 21.465525 -15.143025
 -1.847256 21.279223 -14.499894
 -1.834690 21.100659 -13.933023
 -1.822124 20.928271 -13.514630
 -1.809557 20.759849 -13.332237
 -1.796991 20.591483 -13.519248
 -1.784425 20.417820 -14.167890
 -1.771858 20.233410 -15.211035
 -1.759292 20.034719 -16.400860
 -1.746726 19.821668 -17.459330
 -1.734159 19.597144 -18.194833
 -1.721593 19.365856 -18.535698
 -1.709026 19.132885 -18.454594
 -1.696460 18.903504 -17.969860
 -1.683894 18.682561 -17.123622
 -1.671327 18.473893 -16.048265
 -1.658761 18.278915 -14.999574
 -1.646195 18.095373 -14.288388
 -1.633628 17.916921 -14.193058
 -1.621062 17.735671 -14.726281
 -1.608495 17.545024 -15.626523
 -1.595929 17.342940 -16.477682
 -1.583363 17.132139 -16.988415
 -1.570796 16.917531 -17.092019
 -1.558230 16.703406 -16.949061
 -1.545664 16.491620 -16.750640
 -1.533097 16.282122 -16.585098
 -1.520531 16.074782 -16.386184
 -1.507964 15.870965 -16.016072
 -1.495398 15.673135 -15.433976
 -1.482832 15.483472 -14.733708
 -1.470265 15.302621 -14.051855
 -1.457699 15.129540 -13.492768
 -1.445133 14.962652 -13.072426
 -1.432566 14.800157 -12.805351
 -1.420000 14.639667 -12.780177
 -1.407434 14.477105 -13.167550
 -1.394867 14.306494 -14.072503
 -1.382301 14.121540 -15.400983
 -1.369734 13.919071 -16.779776
 -1.357168 13.701675 -17.686835
 -1.344602 13.478083 -17.740727
 -1.332035 13.259432 -16.927643
 -1.319469 13.054735 -15.588810
 -1.306903 12.867590 -14.227464
 -1.294336 12.695308 -13.290635
 -1.281770 12.530913 -12.976399
 -1.269203 12.366942 -13.175965
 -1.256637 12.199065 -13.531315
 -1.244071 12.027829 -13.649246
 -1.231504 11.857834 -13.320683
 -1.218938 11.694651 -12.597472
 -1.206372 11.541791 -11.738077
 -1.193805 11.398823 -11.086630
 -1.181239 11.261457 -10.875957
 -1.168672 11.123696 -11.121914
 -1.156106 10.981428 -11.520461
 -1.143540 10.835713 -11.597971
 -1.130973 10.693078 -10.987409
 -1.118407 10.562820 -9.654057
 -1.105841 10.452345 -7.913391
 -1.093274 10.363696 -6.278072
 -1.080708 10.292451 -5.189900
 -1.068142 10.230372 -4.832636
 -1.055575 10.168724 -5.078198
 -1.043009 10.101768 -5.638162
 -1.030442 10.026973 -6.299403
 -1.017876 9.943625 -6.997227
 -1.005310 9.851407 -7.711557
 -0.992743 9.750852 -8.277070
 -0.980177 9.645640 -8.415142
 -0.967611 9.542708 -7.890340
 -0.955044 9.450596 -6.723694
 -0.942478 9.375724 -5.200402
 -0.929911 9.320075 -3.735798
 -0.917345 9.280538 -2.671545
 -0.904779 9.251129 -2.136285
 -0.892212 9.225674 -2.016106
 -0.879646 9.200164 -2.098466
 -0.867080 9.173284 -2.218821
 -0.854513 9.145143 -2.292171
 -0.841947 9.116627 -2.272317
 -0.829380 9.089370 -2.075589
 -0.816814 9.066107 -1.653422
 -0.804248 9.049311 -1.068379
 -0.791681 9.039553 -0.598244
 -0.779115 9.033223 -0.558076
 -0.766549 9.023844 -1.083501
 -0.753982 9.005212 -1.966111
 -0.741416 8.975614 -2.742168
 -0.728849 8.939423 -2.963495
 -0.716283 8.905108 -2.434194
 -0.703717 8.881433 -1.322239
 -0.691150 8.873395 -0.019183
 -0.678584 8.880495 0.993340
 -0.666018 8.896647 1.395104
 -0.653451 8.913414 1.110957
 -0.640885 8.923673 0.428764
 -0.628319 8.925374 -0.160210
 -0.615752 8.922356 -0.288359
 -0.603186 8.921139 0.097394
 -0.590619 8.926736 0.730117
 -0.578053 8.940139 1.293116
 -0.565487 8.959256 1.637830
 -0.552920 8.981507 1.805748
 -0.540354 9.005460 1.916183
 -0.527788 9.030657 2.025113
 -0.515221 9.057102 2.098367
 -0.502655 9.084412 2.186960
 -0.490088 9.113527 2.399887
 -0.477522 9.146891 2.872021
 -0.464956 9.187732 3.561297
 -0.452389 9.237484 4.251812
 -0.439823 9.294021 4.593993
 -0.427257 9.351223 4.311436
 -0.414690 9.400753 3.380179
 -0.402124 9.435668 2.053612
 -0.389557 9.453576 0.753808
 -0.376991 9.457463 -0.114880
 -0.364425 9.454313 -0.357405
 -0.351858 9.451897 -0.044283
 -0.339292 9.455617 0.575917
 -0.326726 9.467199 1.157288
 -0.314159 9.484399 1.428936
 -0.301593 9.502517 1.323487
 -0.289027 9.517266 0.924267
 -0.276460 9.526250 0.449251
 -0.263894 9.529811 0.084630
 -0.251327 9.529956 -0.088655
 -0.238761 9.528959 -0.112620
 -0.226195 9.528132 -0.101469
 -0.213628 9.526850 -0.200876
 -0.201062 9.522718 -0.594448
 -0.188496 9.510945 -1.409571
 -0.175929 9.486023 -2.682182
 -0.163363 9.443137 -4.221634
 -0.150796 9.380896 -5.691846
 -0.138230 9.302405 -6.762845
 -0.125664 9.213842 -7.291792
 -0.113097 9.121599 -7.382416
 -0.100531 9.029886 -7.229300
 -0.087965 8.940712 -6.991540
 -0.075398 8.854818 -6.708269
 -0.062832 8.772575 -6.412876
 -0.050265 8.693579 -6.217112
 -0.037699 8.615534 -6.283441
 -0.025133 8.534299 -6.739317
 -0.012566 8.444844 -7.578336
 0.000000 8.343312 -8.628142
 0.012566 8.228538 -9.629961
 0.025133 8.103098 -10.284752
 0.037699 7.972931 -10.345577
 0.050265 7.846064 -9.762893
 0.062832 7.729923 -8.688301
 0.075398 7.628582 -7.485307
 0.087965 7.540755 -6.603602
 0.100531 7.459967 -6.396195
 0.113097 7.376914 -6.952826
 0.125664 7.283139 -8.053257
 0.138230 7.174228 -9.283512
 0.150796 7.050877 -10.310183
 0.163363 6.916927 -10.969566
 0.175929 6.776930 -11.282817
 0.188496 6.634772 -11.321205
 0.201062 6.493664 -11.114963
 0.213628 6.356844 -10.636692
 0.226195 6.227690 -9.898711
 0.238761 6.108749 -9.037537
 0.251327 6.000143 -8.304300
 0.263894 5.898448 -7.979619
 0.276460 5.797243 -8.239569
 0.289027 5.689443 -9.000556
 0.301593 5.570602 -9.923060
 0.314159 5.441264 -10.609711
 0.326726 5.306361 -10.781711
 0.339292 5.172759 -10.409848
 0.351858 5.046476 -9.668969
 0.364425 4.930417 -8.827451
 0.376991 4.824085 -8.170507
 0.389557 4.723833 -7.869408
 0.402124 4.624792 -7.967264
 0.414690 4.522688 -8.338228
 0.427257 4.415221 -8.775636
 0.439823 4.302776 -9.118334
 0.452389 4.187199 -9.257024
 0.464956 4.071395 -9.159397
 0.477522 3.958312 -8.811126
 0.490088 3.851203 -8.216445
 0.502655 3.752982 -7.417828
 0.515221 3.665298 -6.574686
 0.527788 3.586971 -5.979254
 0.540354 3.512946 -5.931303
 0.552920 3.435484 -6.524196
 0.565487 3.347545 -7.533617
 0.578053 3.246532 -8.524556
 0.590619 3.135330 -9.106429
 0.603186 3.020441 -9.111548
 0.615752 2.908677 -8.643855
 0.628319 2.804464 -7.947029
 0.640885 2.709263 -7.259529
 0.653451 2.621659 -6.752559
 0.666018 2.538970 -6.480667
 0.678584 2.458511 -6.366325
 0.691150 2.379217 -6.261890
 0.703717 2.302231 -5.985248
 0.716283 2.230354 -5.442689
 0.728849 2.166694 -4.698473
 0.741416 2.112589 -3.969029
 0.753982 2.066370 -3.480838
 0.766549 2.024185 -3.329906
 0.779115 1.982141 -3.428655
 0.791681 1.938374 -3.565536
 0.804248 1.893456 -3.607971
 0.816814 1.848733 -3.547428
 0.829380 1.804925 -3.470959
 0.841947 1.762023 -3.403222
 0.854513 1.720283 -3.271088
 0.867080 1.680964 -3.022106
 0.879646 1.645315 -2.690226
 0.892212 1.613923 -2.373639
 0.904779 1.586219 -2.079834
 0.917345 1.562269 -1.765768
 0.929911 1.542966 -1.348034
 0.942478 1.529503 -0.846873
 0.955044 1.522097 -0.423101
 0.967611 1.518583 -0.237767
 0.980177 1.515427 -0.375561
 0.992743 1.509134 -0.700972
 1.005310 1.499049 -0.933505
 1.017876 1.488258 -0.762767
 1.030442 1.483178 -0.012162
 1.043009 1.490832 1.229854
 1.055575 1.515655 2.643453
 1.068142 1.557125 3.796765
 1.080708 1.609587 4.363383
 1.093274 1.664976 4.272706
 1.105841 1.716080 3.741020
 1.118407 1.759544 3.109766
 1.130973 1.796104 2.680717
 1.143540 1.829430 2.603047
 1.156106 1.864030 2.869871
 1.168672 1.903599 3.366761
 1.181239 1.950134 3.930356
 1.193805 2.003359 4.425932
 1.206372 2.061857 4.763685
 1.218938 2.123665 4.968756
 1.231504 2.187631 5.124294
 1.244071 2.253776 5.317795
 1.256637 2.323042 5.622207
 1.269203 2.397073 6.101869
 1.281770 2.478373 6.770476
 1.294336 2.569233 7.610867
 1.306903 2.671124 8.472807
 1.319469 2.782621 9.100570
 1.332035 2.898829 9.169227
 1.344602 3.011356 8.502429
 1.357168 3.111438 7.245956
 1.369734 3.194339 5.862502
 1.382301 3.262214 4.951863
 1.394867 3.323962 4.896706
 1.407434 3.390659 5.745238
 1.420000 3.472040 7.156286
 1.432566 3.572373 8.664467
 1.445133 3.690079 9.863101
 1.457699 3.819163 10.447535
 1.470265 3.950897 10.276259
 1.482832 4.075846 9.398482
 1.495398 4.186489 8.055388
 1.507964 4.279350 6.636591
 1.520531 4.356184 5.552961
 1.533097 4.422945 5.040344
 1.545664 4.486785 5.061622
 1.558230 4.552797 5.340253
 1.570796 4.622177 5.556964
 1.583363 4.692941 5.542106
 1.595929 4.762012 5.323800
 1.608495 4.827681 5.026083
 1.621062 4.889772 4.774346
 1.633628 4.949241 4.607494
 1.646195 5.007059 4.506914
 1.658761 5.063797 4.430457
 1.671327 5.119557 4.334490
 1.683894 5.173934 4.220986
 1.696460 5.226912 4.120305
 1.709026 5.279140 4.118450
 1.721593 5.332250 4.277559
 1.734159 5.388138 4.538181
 1.746726 5.447104 4.711778
 1.759292 5.506397 4.563140
 1.771858 5.560749 3.926266
 1.784425 5.604273 2.862980
 1.796991 5.633281 1.658544
 1.809557 5.648072 0.668463
 1.822124 5.652699 0.056142
 1.834690 5.651829 -0.234573
 1.847256 5.648411 -0.373742
 1.859823 5.643207 -0.545806
 1.872389 5.635306 -0.810218
 1.884956 5.623527 -1.141877
 1.897522 5.607260 -1.515835
 1.910088 5.585979 -1.935373
 1.922655 5.559047 -2.409024
 1.935221 5.525886 -2.927572
 1.947787 5.486378 -3.405931
 1.960354 5.441564 -3.756051
 1.972920 5.393415 -3.933884
 1.985487 5.343748 -4.014432
 1.998053 5.293042 -4.119718
 2.010619 5.240338 -4.338182
 2.023186 5.184183 -4.659472
 2.035752 5.123797 -4.987217
 2.048318 5.059751 -5.221040
 2.060885 4.993666 -5.312376
 2.073451 4.927256 -5.275809
 2.086018 4.861710 -5.189717
 2.098584 4.797008 -5.165080
 2.111150 4.731782 -5.286887
 2.123717 4.663720 -5.614829
 2.136283 4.590343 -6.122597
 2.148849 4.510059 -6.688472
 2.161416 4.423093 -7.147093
 2.173982 4.331705 -7.389990
 2.186548 4.238705 -7.406097
 2.199115 4.146472 -7.300936
 2.211681 4.055532 -7.214437
 2.224248 3.964936 -7.263917
 2.236814 3.872472 -7.515030
 2.249380 3.775479 -7.985216
 2.261947 3.671523 -8.597226
 2.274513 3.559931 -9.158533
 2.287079 3.442873 -9.436492
 2.299646 3.324735 -9.320058
 2.312212 3.210270 -8.879636
 2.324779 3.102326 -8.323977
 2.337345 3.000875 -7.872171
 2.349911 2.903657 -7.666480
 2.362478 2.807216 -7.757242
 2.375044 2.707827 -8.128415
 2.387610 2.602461 -8.689384
 2.400177 2.489728 -9.252957
 2.412743 2.371265 -9.555901
 2.425310 2.251957 -9.367060
 2.437876 2.138642 -8.607330
 2.450442 2.037928 -7.400247
 2.463009 1.953729 -6.026444
 2.475575 1.886118 -4.819980
 2.488141 1.831259 -4.029340
 2.500708 1.783066 -3.761455
 2.513274 1.735281 -3.932633
 2.525840 1.683730 -4.316474
 2.538407 1.627648 -4.611371
 2.550973 1.569726 -4.574588
 2.563540 1.514799 -4.153236
 2.576106 1.467099 -3.462696
 2.588672 1.428566 -2.727996
 2.601239 1.398610 -2.114905
 2.613805 1.375365 -1.655331
 2.626371 1.357153 -1.302574
 2.638938 1.342887 -1.044540
 2.651504 1.330673 -0.994959
 2.664071 1.316918 -1.313461
 2.676637 1.296577 -2.039165
 2.689203 1.265435 -2.981442
 2.701770 1.222970 -3.793349
 2.714336 1.172971 -4.132897
 2.726902 1.122535 -3.854032
 2.739469 1.079333 -2.998357
 2.752035 1.049651 -1.731113
 2.764602 1.037537 -0.240034
 2.777168 1.044739 1.319790
 2.789734 1.071235 2.818878
 2.802301 1.115589 4.142751
 2.814867 1.174953 5.186135
 2.827433 1.245258 5.866846
 2.840000 1.321704 6.157373
 2.852566 1.399734 6.129621
 2.865133 1.476405 5.975992
 2.877699 1.551475 5.911151
 2.890265 1.627350 6.108946
 2.902832 1.707787 6.649100
 2.915398 1.796986 7.470475
 2.927964 1.897674 8.448149
 2.940531 2.010705 9.411153
 2.953097 2.134962 10.199017
 2.965663 2.267663 10.773897
 2.978230 2.406471 11.193531
 2.990796 2.550498 11.619656
 3.003363 2.700773 12.196781
 3.015929 2.859322 12.918346
 3.028495 3.027084 13.612883
 3.041062 3.202226 14.060983
 3.053628 3.380825 14.145047
 3.066194 3.558701 13.989815
 3.078761 3.734567 13.852100
 3.091327 3.910342 14.022578
 3.103894 4.090777 14.608997
 3.116460 4.280977 15.532141
 3.129026 4.484175 16.653190
