#! FIELDS psi2 ffpsi2 dffpsi2_psi2
#! SET min_psi2 -pi
#! SET max_psi2 pi
#! SET nbins_psi2  100
#! SET periodic_psi2 true
 -3.141593 13.104843 41.159972
 -3.078761 15.866875 45.196915
 -3.015929 19.361903 71.235517
 -2.953097 25.060968 106.521578
 -2.890265 32.098053 111.317598
 -2.827433 40.002862 137.088193
 -2.764602 48.391142 -25.439569
 -2.701770 42.491803 -96.307659
 -2.638938 38.296601 -36.427403
 -2.576106 37.793929 15.783452
 -2.513274 38.080425 -27.411128
 -2.450442 35.774612 -32.358408
 -2.387610 34.209288 -19.755857
 -2.324779 33.021329 -18.931150
 -2.261947 31.900483 -17.022655
 -2.199115 30.652178 -23.374575
 -2.136283 29.183352 -21.584067
 -2.073451 27.972182 -17.311076
 -2.010619 27.071142 -10.398497
 -1.947787 26.619437 -6.105698
 -1.884956 26.054466 -12.108371
 -1.822124 25.278664 -10.895303
 -1.759292 24.774488 -5.424244
 -1.696460 24.503240 -3.896401
 -1.633628 24.287950 -2.927598
 -1.570796 24.070029 -4.263747
 -1.507964 23.847111 -1.834951
 -1.445133 23.902251 3.276048
 -1.382301 24.139781 3.446973
 -1.319469 24.312937 1.967735
 -1.256637 24.443391 2.931502
 -1.193805 24.620043 0.914715
 -1.130973 24.515752 -2.409542
 -1.068142 24.571871 4.898353
 -1.005310 25.038674 8.058104
 -0.942478 25.371344 2.563110
 -0.879646 25.570886 4.509322
 -0.816814 25.880595 5.227603
 -0.753982 26.179096 2.083943
 -0.691150 26.091450 -1.032609
 -0.628319 26.537240 14.314218
 -0.565487 26.425243 -32.844016
 -0.502655 23.668596 -36.688808
 -0.439823 22.827697 11.451458
 -0.376991 24.108334 -0.315524
 -0.314159 21.209253 -60.744678
 -0.251327 18.348121 -27.942448
 -0.188496 17.600487 -0.266843
 -0.125664 17.142606 -22.496207
 -0.062832 15.427330 -21.494422
 0.000000 15.059391 8.364499
 0.062832 15.434389 -6.559592
 0.125664 14.333392 -23.109061
 0.188496 12.907272 -18.797966
 0.251327 12.374859 2.456456
 0.314159 12.814995 5.972210
 0.376991 12.860840 -2.322701
 0.439823 12.769169 -0.405040
 0.502655 12.542500 -9.749469
 0.565487 11.705416 -12.865411
 0.628319 11.176603 -4.469983
 0.691150 10.971711 -2.713177
 0.753982 10.852973 -2.384820
 0.816814 10.417338 -10.885390
 0.879646 9.801823 -7.344045
 0.942478 9.458518 -4.317291
 1.005310 9.239826 -2.838532
 1.068142 9.016216 -4.418987
 1.130973 8.805321 -1.742643
 1.193805 8.715996 -2.456593
 1.256637 8.392162 -7.557308
 1.319469 7.880744 -8.669953
 1.382301 7.248708 -10.762731
 1.445133 6.685660 -6.918522
 1.507964 6.287863 -6.857654
 1.570796 5.740722 -10.127824
 1.633628 5.116396 -9.962590
 1.696460 4.415048 -12.145278
 1.759292 3.666080 -11.540968
 1.822124 2.940348 -11.713893
 1.884956 2.224259 -10.652328
 1.947787 1.653343 -7.132480
 2.010619 1.352188 -2.762191
 2.073451 1.220672 -2.180715
 2.136283 1.006809 -5.105505
 2.199115 0.563736 -8.770323
 2.261947 -0.004076 -8.293230
 2.324779 -0.433318 -5.999498
 2.387610 -0.816247 -5.872165
 2.450442 -1.086017 -2.336647
 2.513274 -1.104009 1.654922
 2.576106 -0.866668 6.253885
 2.638938 -0.253634 13.444613
 2.701770 0.790447 19.040292
 2.764602 2.042206 20.230633
 2.827433 3.420057 25.052771
 2.890265 5.288816 32.925281
 2.953097 7.265957 28.955191
 3.015929 9.128463 30.612785
 3.078761 10.967370 28.193384
