#! FIELDS psi3 ffpsi3 dffpsi3_psi3
#! SET min_psi3 -pi
#! SET max_psi3 pi
#! SET nbins_psi3  100
#! SET periodic_psi3 true
 -3.141593 9.360274 17.046450
 -3.078761 10.014202 3.757772
 -3.015929 10.533564 17.449033
 -2.953097 12.115931 28.110229
 -2.890265 13.848481 29.894016
 -2.827433 15.969220 32.264758
 -2.764602 17.363130 14.087674
 -2.701770 18.172276 12.086740
 -2.638938 18.932153 13.156126
 -2.576106 19.938820 18.996937
 -2.513274 21.480729 32.306563
 -2.450442 24.093267 46.667561
 -2.387610 26.087742 8.983872
 -2.324779 26.265834 5.578604
 -2.261947 26.798351 5.606335
 -2.199115 26.739151 -3.211729
 -2.136283 26.974747 12.021136
 -2.073451 27.879255 11.994365
 -2.010619 28.484596 10.656246
 -1.947787 29.250718 10.374507
 -1.884956 29.667847 6.376064
 -1.822124 30.514649 21.362909
 -1.759292 31.989396 19.597071
 -1.696460 32.452992 -7.549396
 -1.633628 30.841118 -35.660420
 -1.570796 29.409028 -5.273911
 -1.507964 29.404664 -12.667443
 -1.445133 27.160526 -44.825876
 -1.382301 24.406161 -47.677740
 -1.319469 20.755301 -65.000357
 -1.256637 17.110882 -45.122828
 -1.193805 15.304094 -15.707561
 -1.130973 14.135957 -28.301614
 -1.068142 12.044986 -32.105536
 -1.005310 10.436401 -20.222749
 -0.942478 9.172574 -21.498866
 -0.879646 7.740313 -23.915977
 -0.816814 6.287101 -20.595477
 -0.753982 5.212405 -14.966220
 -0.691150 4.206215 -17.543488
 -0.628319 3.102502 -16.373296
 -0.565487 2.246274 -10.767540
 -0.502655 1.709758 -7.039049
 -0.439823 1.266037 -7.385281
 -0.376991 0.786884 -7.891754
 -0.314159 0.310003 -6.702967
 -0.251327 -0.031729 -4.566356
 -0.188496 -0.244073 -1.301908
 -0.125664 -0.178449 2.152088
 -0.062832 -0.080841 1.511324
 0.000000 0.152121 6.279737
 0.062832 0.631157 7.915715
 0.125664 1.094267 6.823202
 0.188496 1.500945 6.270661
 0.251327 1.931040 7.518854
 0.314159 2.454692 9.251711
 0.376991 3.071363 9.400739
 0.439823 3.496634 3.777017
 0.502655 3.679754 3.297466
 0.565487 3.953102 4.969160
 0.628319 4.301362 6.423835
 0.691150 4.775612 8.284636
 0.753982 5.253735 5.969579
 0.816814 5.490093 2.031164
 0.879646 5.631971 3.311901
 0.942478 5.935908 5.866132
 1.005310 6.321023 6.081939
 1.068142 6.629529 3.294891
 1.130973 6.815343 3.409901
 1.193805 7.053047 3.518699
 1.256637 7.283895 4.610192
 1.319469 7.630627 5.476772
 1.382301 7.884773 2.108413
 1.445133 7.876805 -1.771736
 1.507964 7.826165 0.932074
 1.570796 7.922233 0.781579
 1.633628 7.857864 -2.280280
 1.696460 7.778745 0.449638
 1.759292 7.868357 1.287776
 1.822124 7.847779 -1.959539
 1.884956 7.702401 -2.128642
 1.947787 7.546485 -3.612621
 2.010619 7.264332 -4.376952
 2.073451 7.084417 -1.535021
 2.136283 6.989269 -2.156026
 2.199115 6.793706 -3.955900
 2.261947 6.493307 -5.585023
 2.324779 6.150856 -4.829909
 2.387610 5.904549 -3.072013
 2.450442 5.748512 -2.342781
 2.513274 5.601000 -1.732730
 2.576106 5.560722 -0.291506
 2.638938 5.526016 -0.095213
 2.701770 5.618612 2.622345
 2.764602 5.791982 2.903262
 2.827433 6.034963 5.061216
 2.890265 6.400346 6.035664
 2.953097 6.823423 8.285502
 3.015929 7.499056 12.567418
 3.078761 8.323456 14.132725
