#! FIELDS phi2 ffphi2 dffphi2_phi2
#! SET min_phi2 -pi
#! SET max_phi2 pi
#! SET nbins_phi2  100
#! SET periodic_phi2 true
 -3.141593 16.491273 -47.010740
 -3.078761 13.677884 -42.344115
 -3.015929 11.184124 -36.974325
 -2.953097 9.039179 -31.357941
 -2.890265 7.204542 -27.343344
 -2.827433 5.619698 -22.770167
 -2.764602 4.339963 -18.265978
 -2.701770 3.312783 -14.277411
 -2.638938 2.558894 -9.854122
 -2.576106 2.035298 -7.214245
 -2.513274 1.619342 -5.941887
 -2.450442 1.351663 -2.171910
 -2.387610 1.320846 0.502903
 -2.324779 1.363622 0.810264
 -2.261947 1.429108 1.237804
 -2.199115 1.530390 2.064411
 -2.136283 1.689910 2.849110
 -2.073451 1.872604 2.748479
 -2.010619 2.031130 2.555599
 -1.947787 2.222895 3.203561
 -1.884956 2.396238 2.376072
 -1.822124 2.528651 1.537600
 -1.759292 2.571982 -0.248812
 -1.696460 2.483392 -2.564416
 -1.633628 2.283733 -3.717644
 -1.570796 2.007869 -5.050711
 -1.507964 1.681782 -5.195491
 -1.445133 1.335909 -6.082048
 -1.382301 0.937913 -6.009894
 -1.319469 0.644738 -3.308348
 -1.256637 0.499590 -1.407004
 -1.193805 0.478651 0.852550
 -1.130973 0.640883 4.614387
 -1.068142 1.067869 8.675759
 -1.005310 1.722258 12.376365
 -0.942478 2.651155 16.951907
 -0.879646 3.824406 20.284534
 -0.816814 5.217778 23.894029
 -0.753982 6.814921 26.725385
 -0.691150 8.581481 29.105664
 -0.628319 10.449747 30.028236
 -0.565487 12.378812 31.163479
 -0.502655 14.354471 30.936839
 -0.439823 16.237503 28.891567
 -0.376991 18.058368 28.938104
 -0.314159 19.841480 27.036764
 -0.251327 21.441883 23.772707
 -0.188496 22.858432 21.031758
 -0.125664 24.066783 17.004093
 -0.062832 24.986462 12.155298
 0.000000 25.602742 7.150904
 0.062832 25.853598 0.681286
 0.125664 25.714264 -4.949436
 0.188496 25.250493 -9.805083
 0.251327 24.502344 -13.569363
 0.314159 23.612594 -14.546287
 0.376991 22.664085 -15.793626
 0.439823 21.639260 -16.497566
 0.502655 20.642637 -14.920288
 0.565487 19.787748 -12.254131
 0.628319 19.093262 -9.897633
 0.691150 18.581316 -5.892946
 0.753982 18.384171 -0.601843
 0.816814 18.476145 3.592336
 0.879646 18.870150 9.040376
 0.942478 19.621304 15.002337
 1.005310 20.775260 21.528767
 1.068142 22.297733 26.641992
 1.130973 24.127041 31.372935
 1.193805 26.220656 34.641921
 1.256637 28.459584 36.179686
 1.319469 30.791543 37.746552
 1.382301 33.200656 38.010302
 1.445133 35.580795 37.775588
 1.507964 38.007948 38.761908
 1.570796 40.485269 40.450911
 1.633628 43.181812 43.970832
 1.696460 45.810902 38.573827
 1.759292 48.245530 38.739234
 1.822124 50.653709 41.096149
 1.884956 54.164638 68.312006
 1.947787 54.866461 -53.709779
 2.010619 52.483826 -12.105206
 2.073451 53.554050 46.218381
 2.136283 58.306288 105.215885
 2.199115 67.156906 161.752683
 2.261947 inf nan
 2.324779 inf nan
 2.387610 77.897674 -220.478713
 2.450442 65.679681 -165.220273
 2.513274 56.805081 -119.091645
 2.576106 50.380652 -87.507697
 2.638938 45.596208 -66.477670
 2.701770 41.734738 -58.925317
 2.764602 37.986768 -60.734700
 2.827433 34.118559 -62.154438
 2.890265 30.214792 -61.615765
 2.953097 26.427536 -58.631724
 3.015929 22.867009 -54.603164
 3.078761 19.563026 -50.675575
