#! FIELDS psi3 ffpsi3 dffpsi3_psi3
#! SET min_psi3 -pi
#! SET max_psi3 pi
#! SET nbins_psi3  100
#! SET periodic_psi3 true
 -3.141593 8.638283 12.892757
 -3.078761 9.571414 17.264563
 -3.015929 10.808403 21.592375
 -2.953097 12.207637 22.138621
 -2.890265 13.577114 21.511314
 -2.827433 14.929998 21.298797
 -2.764602 16.268406 21.413852
 -2.701770 17.653730 22.550908
 -2.638938 19.110722 23.454621
 -2.576106 20.516083 20.376160
 -2.513274 21.700986 17.941287
 -2.450442 22.845178 18.295151
 -2.387610 23.961786 16.854218
 -2.324779 24.963165 14.731399
 -2.261947 25.812158 12.567981
 -2.199115 26.589595 11.967939
 -2.136283 27.305480 10.825132
 -2.073451 27.929732 8.370300
 -2.010619 28.341252 5.378618
 -1.947787 28.707558 6.256400
 -1.884956 29.067747 4.687479
 -1.822124 29.257445 1.114519
 -1.759292 29.236012 -1.683058
 -1.696460 28.972637 -7.423444
 -1.633628 28.293620 -14.433274
 -1.570796 27.147294 -21.435381
 -1.507964 25.656443 -26.136696
 -1.445133 23.870744 -30.366738
 -1.382301 21.866379 -33.364528
 -1.319469 19.712493 -34.845669
 -1.256637 17.499293 -35.399229
 -1.193805 15.304207 -34.806129
 -1.130973 13.061898 -35.943992
 -1.068142 10.991513 -28.448395
 -1.005310 9.602726 -15.263264
 -0.942478 8.942531 -9.680486
 -0.879646 7.922707 -20.959808
 -0.816814 6.842499 -12.743652
 -0.753982 6.001413 -15.253784
 -0.691150 5.097450 -13.470088
 -0.628319 3.957090 -24.774257
 -0.565487 2.356540 -21.199630
 -0.502655 1.580776 -4.347660
 -0.439823 1.461296 -2.885923
 -0.376991 1.056686 -8.090909
 -0.314159 0.683522 -4.361819
 -0.251327 0.337765 -6.303040
 -0.188496 0.106478 -0.394525
 -0.125664 0.131201 -0.163094
 -0.062832 0.194475 3.926328
 0.000000 0.647826 9.024043
 0.062832 1.123198 4.776538
 0.125664 1.158881 -3.102263
 0.188496 1.126235 5.746854
 0.251327 1.949975 17.054842
 0.314159 2.712055 5.170995
 0.376991 2.803971 -0.160161
 0.439823 2.749550 -1.200198
 0.502655 2.935345 8.802060
 0.565487 3.707192 12.767325
 0.628319 4.310028 5.805533
 0.691150 4.388166 -2.725282
 0.753982 4.288341 1.963596
 0.816814 4.633290 6.856408
 0.879646 4.980888 4.918380
 0.942478 5.405106 8.515184
 1.005310 5.909289 6.253053
 1.068142 6.180483 2.991907
 1.130973 6.330689 1.832273
 1.193805 6.437778 1.438214
 1.256637 6.469312 -0.373065
 1.319469 6.507699 2.609082
 1.382301 6.799744 5.449163
 1.445133 6.994231 -0.008253
 1.507964 6.904191 -1.464025
 1.570796 6.980839 4.483077
 1.633628 7.288444 2.684593
 1.696460 7.290894 -1.013978
 1.759292 7.226932 -1.531085
 1.822124 7.053017 -4.012906
 1.884956 6.841575 -1.641363
 1.947787 6.804915 -1.095586
 2.010619 6.601374 -4.919336
 2.073451 6.273819 -5.344007
 2.136283 5.959571 -3.971135
 2.199115 5.843333 -0.346364
 2.261947 5.726732 -4.298850
 2.324779 5.407649 -4.300934
 2.387610 5.287327 -0.016812
 2.450442 5.251598 -2.079230
 2.513274 5.049381 -3.834727
 2.576106 4.804396 -3.568016
 2.638938 4.677727 -0.319127
 2.701770 4.712208 0.876954
 2.764602 4.792929 2.150124
 2.827433 5.019873 5.075854
 2.890265 5.482240 10.008565
 2.953097 6.224174 12.566828
 3.015929 7.009942 12.632504
 3.078761 7.833341 13.151616
