#! FIELDS phi2 ffphi2 dffphi2_phi2
#! SET min_phi2 -pi
#! SET max_phi2 pi
#! SET nbins_phi2  100
#! SET periodic_phi2 true
 -3.141593 17.147371 -63.992213
 -3.078761 13.547424 -49.744297
 -3.015929 10.915789 -35.622107
 -2.953097 8.867214 -29.606007
 -2.890265 7.211870 -24.354221
 -2.827433 5.684040 -23.410582
 -2.764602 4.410038 -17.335221
 -2.701770 3.341498 -17.917151
 -2.638938 2.200660 -16.487390
 -2.576106 1.509100 -5.181759
 -2.513274 1.311951 -3.609883
 -2.450442 1.036195 -3.513096
 -2.387610 0.992323 1.740259
 -2.324779 1.121478 1.302218
 -2.261947 1.161231 0.799468
 -2.199115 1.284453 2.964881
 -2.136283 1.516420 4.304642
 -2.073451 1.788931 3.782232
 -2.010619 1.960459 2.100570
 -1.947787 2.149256 3.726821
 -1.884956 2.289941 0.216332
 -1.822124 2.316834 1.814834
 -1.759292 2.495787 2.857007
 -1.696460 2.608347 0.403702
 -1.633628 2.496009 -3.921521
 -1.570796 2.186993 -7.416441
 -1.507964 0.994930 -30.443513
 -1.445133 -0.498438 -8.708135
 -1.382301 0.108542 23.042988
 -1.319469 1.204400 6.264682
 -1.256637 1.379403 2.659167
 -1.193805 1.407765 -2.390262
 -1.130973 1.393306 4.914138
 -1.068142 2.119099 15.988870
 -1.005310 3.029246 12.774579
 -0.942478 4.081731 22.300550
 -0.879646 5.596043 23.420692
 -0.816814 7.238012 31.849063
 -0.753982 9.591665 39.860324
 -0.691150 11.995868 36.161361
 -0.628319 14.145601 32.138207
 -0.565487 16.306866 38.712474
 -0.502655 18.926278 38.577727
 -0.439823 20.715420 21.211006
 -0.376991 21.490491 -1.921678
 -0.314159 21.212732 0.170837
 -0.251327 21.302054 1.500618
 -0.188496 22.196153 32.913821
 -0.125664 25.147318 46.388214
 -0.062832 26.599041 12.577349
 0.000000 28.245392 35.745298
 0.062832 27.877618 -49.852402
 0.125664 25.032051 -36.067400
 0.188496 23.075272 -26.297376
 0.251327 21.824911 -15.457263
 0.314159 20.788271 -18.273038
 0.376991 19.394553 -27.235742
 0.439823 17.703156 -22.897703
 0.502655 16.571661 -15.156017
 0.565487 15.619658 -14.574711
 0.628319 14.932079 -6.625548
 0.691150 14.658689 -3.857348
 0.753982 14.360248 -5.189032
 0.816814 14.140660 -0.513360
 0.879646 14.434718 10.469895
 0.942478 15.470007 21.974892
 1.005310 16.978695 22.765218
 1.068142 18.209130 19.299060
 1.130973 19.749754 30.300214
 1.193805 22.199755 50.111605
 1.256637 26.131976 70.295442
 1.319469 28.889991 -9.392378
 1.382301 27.723505 -2.523167
 1.445133 29.465212 58.644822
 1.507964 35.119426 121.334424
 1.570796 44.712545 184.024025
 1.633628 inf nan
 1.696460 inf nan
 1.759292 inf nan
 1.822124 inf nan
 1.884956 inf nan
 1.947787 inf nan
 2.010619 inf nan
 2.073451 inf nan
 2.136283 inf nan
 2.199115 inf nan
 2.261947 inf nan
 2.324779 inf nan
 2.387610 inf nan
 2.450442 inf nan
 2.513274 inf nan
 2.576106 inf nan
 2.638938 inf nan
 2.701770 inf nan
 2.764602 inf nan
 2.827433 56.123407 -231.834687
 2.890265 43.457561 -171.188864
 2.953097 34.364082 -121.206615
 3.015929 27.531577 -100.959199
 3.078761 21.688635 -82.539023
