#! FIELDS phi3 ffphi3 dffphi3_phi3
#! SET min_phi3 -pi
#! SET max_phi3 pi
#! SET nbins_phi3  100
#! SET periodic_phi3 true
 -3.141593 21.127391 -54.354503
 -3.078761 17.945038 -47.493021
 -3.015929 15.114989 -42.123056
 -2.953097 12.730774 -33.503172
 -2.890265 10.860865 -26.928968
 -2.827433 9.227350 -25.552264
 -2.764602 7.681373 -22.992706
 -2.701770 6.416651 -16.836889
 -2.638938 5.556177 -11.218483
 -2.576106 4.894591 -10.525416
 -2.513274 4.238248 -9.928338
 -2.450442 3.661115 -8.644126
 -2.387610 3.156663 -7.240643
 -2.324779 2.747240 -5.996314
 -2.261947 2.408601 -4.621653
 -2.199115 2.174553 -2.885542
 -2.136283 2.022941 -2.401874
 -2.073451 1.851258 -2.686182
 -2.010619 1.754387 -0.334259
 -1.947787 1.729148 -1.484620
 -1.884956 1.536048 -4.075001
 -1.822124 1.278272 -4.314170
 -1.759292 0.973140 -5.070233
 -1.696460 0.705568 -3.436860
 -1.633628 0.497659 -3.413648
 -1.570796 0.292648 -3.119351
 -1.507964 0.071561 -3.996552
 -1.445133 -0.142451 -2.275892
 -1.382301 -0.196440 0.532834
 -1.319469 -0.057605 3.879974
 -1.256637 0.255946 5.638992
 -1.193805 0.631716 6.551387
 -1.130973 1.176410 11.453027
 -1.068142 2.045468 15.345946
 -1.005310 3.105927 19.085262
 -0.942478 4.525011 26.023487
 -0.879646 6.286839 28.709996
 -0.816814 8.118780 30.350997
 -0.753982 10.208180 36.181158
 -0.691150 12.671876 41.301007
 -0.628319 15.378778 44.939904
 -0.565487 18.339754 47.683476
 -0.502655 21.287069 43.665049
 -0.439823 23.676132 34.099767
 -0.376991 26.039147 40.777874
 -0.314159 28.633639 40.115046
 -0.251327 31.017492 35.266308
 -0.188496 33.319023 38.292468
 -0.125664 35.539226 28.604902
 -0.062832 37.046743 22.155197
 0.000000 38.368566 17.115154
 0.062832 39.107133 7.872201
 0.125664 39.457391 1.856037
 0.188496 39.186979 -9.655327
 0.251327 38.375174 -17.245136
 0.314159 36.888756 -29.200824
 0.376991 34.897283 -32.944357
 0.439823 32.870262 -31.328435
 0.502655 30.892244 -32.116156
 0.565487 28.863581 -31.953474
 0.628319 26.936853 -28.931450
 0.691150 25.236514 -25.390128
 0.753982 23.771123 -20.702975
 0.816814 22.656047 -15.319600
 0.879646 21.745113 -13.945356
 0.942478 21.020236 -7.665970
 1.005310 20.882597 3.060694
 1.068142 21.307277 9.772334
 1.130973 22.049792 13.147882
 1.193805 22.973051 17.405799
 1.256637 24.359896 26.557529
 1.319469 26.264500 33.687194
 1.382301 28.618891 41.214144
 1.445133 31.477370 49.443805
 1.507964 34.775687 52.676263
 1.570796 37.997812 50.620006
 1.633628 41.509659 61.903854
 1.696460 45.738253 67.101017
 1.759292 49.560817 54.208340
 1.822124 52.453661 29.598410
 1.884956 54.299838 42.052098
 1.947787 58.574867 95.505270
 2.010619 66.430596 154.884730
 2.073451 inf nan
 2.136283 inf nan
 2.199115 inf nan
 2.261947 inf nan
 2.324779 inf nan
 2.387610 inf nan
 2.450442 inf nan
 2.513274 74.571312 -199.470644
 2.576106 63.954378 -138.434572
 2.638938 56.940916 -88.616939
 2.701770 51.752803 -85.334215
 2.764602 46.308454 -82.136820
 2.827433 41.575757 -71.119524
 2.890265 37.044663 -73.317403
 2.953097 32.552738 -68.223725
 3.015929 28.495498 -61.527457
 3.078761 24.722423 -59.020379
