#! FIELDS psi4 ffpsi4 dffpsi4_psi4
#! SET min_psi4 -pi
#! SET max_psi4 pi
#! SET nbins_psi4  100
#! SET periodic_psi4 true
 -3.141593 4.739355 18.911498
 -3.078761 5.698650 14.048438
 -3.015929 6.862230 23.360200
 -2.953097 8.459401 25.125663
 -2.890265 9.957066 23.370549
 -2.827433 11.286185 18.037741
 -2.764602 12.787317 32.925529
 -2.701770 14.292811 1.077647
 -2.638938 14.253769 13.808091
 -2.576106 16.695770 62.475000
 -2.513274 21.009751 56.986041
 -2.450442 23.095318 13.371262
 -2.387610 22.306761 -44.188460
 -2.324779 19.514897 -30.132968
 -2.261947 19.105843 16.588122
 -2.199115 21.079829 36.150005
 -2.136283 22.239983 2.639118
 -2.073451 22.370285 2.215089
 -2.010619 22.346737 0.306153
 -1.947787 22.866211 14.374067
 -1.884956 23.052367 -18.582473
 -1.822124 21.088616 -30.963891
 -1.759292 19.800840 -13.089779
 -1.696460 19.017852 -10.369009
 -1.633628 18.708515 -2.249615
 -1.570796 18.153734 -18.148806
 -1.507964 16.503554 -31.352346
 -1.445133 14.524536 -28.973310
 -1.382301 13.305958 -8.317847
 -1.319469 13.068727 -5.657822
 -1.256637 12.301710 -15.900010
 -1.193805 11.310671 -15.899846
 -1.130973 10.289420 -16.544819
 -1.068142 9.196087 -17.748055
 -1.005310 8.245721 -11.903985
 -0.942478 7.532214 -12.746866
 -0.879646 6.658545 -13.626890
 -0.816814 5.779103 -15.660676
 -0.753982 4.840658 -11.773231
 -0.691150 4.324180 -6.329209
 -0.628319 3.917190 -6.788563
 -0.565487 3.421553 -9.318341
 -0.502655 2.868078 -6.900126
 -0.439823 2.591661 -2.267357
 -0.376991 2.591269 2.389175
 -0.314159 2.829594 4.024307
 -0.251327 2.972256 0.168468
 -0.188496 2.918576 -0.941448
 -0.125664 2.951081 2.308464
 -0.062832 3.222286 6.094633
 0.000000 3.669888 7.710272
 0.062832 4.114727 5.688317
 0.125664 4.392298 3.728661
 0.188496 4.632735 3.736617
 0.251327 4.801526 1.139437
 0.314159 4.835676 0.782788
 0.376991 4.869195 -0.842798
 0.439823 4.707564 -3.433006
 0.502655 4.568285 -0.713963
 0.565487 4.498007 -2.603450
 0.628319 4.364396 0.027643
 0.691150 4.451171 0.790124
 0.753982 4.423948 -0.453674
 0.816814 4.408877 -1.404542
 0.879646 4.200168 -3.721656
 0.942478 4.128984 1.519527
 1.005310 4.278584 2.045466
 1.068142 4.349375 1.148895
 1.130973 4.542670 5.089309
 1.193805 4.952360 7.391467
 1.256637 5.408283 6.977454
 1.319469 5.859492 7.222823
 1.382301 6.293732 6.741345
 1.445133 6.729481 6.915389
 1.507964 7.166679 6.854180
 1.570796 7.465187 1.169479
 1.633628 7.353239 -2.902544
 1.696460 7.271472 0.762343
 1.759292 7.462772 4.683734
 1.822124 7.716237 2.026488
 1.884956 7.532629 -8.540954
 1.947787 6.925660 -7.305923
 2.010619 6.688378 -3.101283
 2.073451 6.214970 -11.791409
 2.136283 5.392983 -13.326739
 2.199115 4.608631 -11.541448
 2.261947 3.900242 -11.371338
 2.324779 3.212009 -9.888977
 2.387610 2.654573 -9.038401
 2.450442 1.986515 -11.356272
 2.513274 1.377852 -7.676895
 2.576106 1.003332 -4.346780
 2.638938 0.809591 -2.375648
 2.701770 0.656768 -2.225299
 2.764602 0.612557 1.161705
 2.827433 0.798305 4.362537
 2.890265 1.097476 5.298465
 2.953097 1.639566 12.771348
 3.015929 2.540082 14.006394
 3.078761 3.486138 17.909108
