#! FIELDS phi9 file.free der_phi9
#! SET min_phi9 -pi
#! SET max_phi9 pi
#! SET nbins_phi9  500
#! SET periodic_phi9 true
   -3.141592654   19.207590073   -3.542516362
   -3.129026283   19.171302853   -2.242618886
   -3.116459912   19.151081900   -0.965618984
   -3.103893542   19.146782953    0.252949909
   -3.091327171   19.157256216    1.417532590
   -3.078760801   19.182343303    2.553788150
   -3.066194430   19.221446930    3.674912809
   -3.053628059   19.274259116    4.741734404
   -3.041061689   19.340239711    5.765669973
   -3.028495318   19.418554831    6.704226654
   -3.015928947   19.508783879    7.645316052
   -3.003362577   19.610092924    8.471241564
   -2.990796206   19.721647763    9.256511349
   -2.978229836   19.842580006    9.976814873
   -2.965663465   19.971877541   10.586412605
   -2.953097094   20.108502670   11.158098307
   -2.940530724   20.252102170   11.651729070
   -2.927964353   20.401143041   12.054706300
   -2.915397983   20.554632108   12.371709897
   -2.902831612   20.711374376   12.590645057
   -2.890265241   20.870635576   12.736462023
   -2.877698871   21.031114835   12.773585249
   -2.865132500   21.191679108   12.754848851
   -2.852566129   21.351580000   12.669913971
   -2.839999759   21.510227317   12.562685917
   -2.827433388   21.666866075   12.348911119
   -2.814867018   21.820429270   12.062644216
   -2.802300647   21.969417051   11.690702121
   -2.789734276   22.113746321   11.274170439
   -2.777167906   22.252814665   10.845194627
   -2.764601535   22.386151353   10.371773992
   -2.752035165   22.513143674    9.829091454
   -2.739468794   22.633185282    9.255904762
   -2.726902423   22.745843856    8.667751513
   -2.714336053   22.850359896    7.988166362
   -2.701769682   22.946685531    7.321463197
   -2.689203311   23.034428957    6.645001263
   -2.676636941   23.113181762    5.926914876
   -2.664070570   23.183127799    5.206051387
   -2.651504200   23.243653173    4.432658627
   -2.638937829   23.294504812    3.681532278
   -2.626371458   23.335448151    2.864326127
   -2.613805088   23.366764132    2.104442325
   -2.601238717   23.388046411    1.285637205
   -2.588672347   23.399061370    0.483208071
   -2.576105976   23.400342068   -0.280491064
   -2.563539605   23.392204484   -1.011797721
   -2.550973235   23.374885768   -1.740071704
   -2.538406864   23.348005925   -2.509170106
   -2.525840493   23.312016759   -3.218691698
   -2.513274123   23.266969955   -3.956815079
   -2.500707752   23.212200993   -4.706365012
   -2.488141382   23.148569224   -5.409348855
   -2.475575011   23.076472889   -6.073308289
   -2.463008640   22.995979905   -6.731955803
   -2.450442270   22.907449068   -7.369658727
   -2.437875899   22.811161566   -7.961007278
   -2.425309529   22.707189760   -8.564293267
   -2.412743158   22.595819408   -9.168909036
   -2.400176787   22.476941065   -9.762462912
   -2.387610417   22.350889692  -10.295273587
   -2.375044046   22.218089229  -10.848143331
   -2.362477675   22.078378410  -11.391346225
   -2.349911305   21.932021194  -11.901496117
   -2.337344934   21.779057594  -12.468798409
   -2.324778564   21.618944253  -13.023546042
   -2.312212193   21.452438013  -13.508487024
   -2.299645822   21.279299346  -14.034578317
   -2.287079452   21.099914845  -14.544238773
   -2.274513081   20.913933494  -15.041017333
   -2.261946711   20.721956302  -15.517816896
   -2.249380340   20.524064743  -15.970129814
   -2.236813969   20.320202060  -16.458563147
   -2.224247599   20.110719817  -16.886529397
   -2.211681228   19.895535969  -17.389652086
   -2.199114858   19.673699260  -17.863076571
   -2.186548487   19.446419378  -18.292339603
   -2.173982116   19.213654677  -18.730098703
   -2.161415746   18.975483564  -19.178116914
   -2.148849375   18.731971065  -19.552380094
   -2.136283004   18.483927589  -19.940611723
   -2.123716634   18.231054921  -20.299274078
   -2.111150263   17.973755477  -20.629462786
   -2.098583893   17.712451353  -20.956783966
   -2.086017522   17.447151718  -21.270649182
   -2.073451151   17.177857543  -21.565135982
   -2.060884781   16.905248622  -21.819913142
   -2.048318410   16.629221060  -22.102099483
   -2.035752040   16.350125182  -22.318622774
   -2.023185669   16.068554995  -22.494200503
   -2.010619298   15.784393206  -22.718433243
   -1.998052928   15.497682169  -22.911464965
   -1.985486557   15.208673168  -23.068081940
   -1.972920186   14.917728988  -23.213825051
   -1.960353816   14.625141600  -23.360470091
   -1.947787445   14.330626911  -23.507483227
   -1.935221075   14.034592996  -23.615512590
   -1.922654704   13.736932727  -23.745942096
   -1.910088333   13.438131328  -23.825909471
   -1.897521963   13.137947051  -23.945897983
   -1.884955592   12.836374505  -24.053562684
   -1.872389222   12.533569604  -24.145834573
   -1.859822851   12.228915341  -24.325070587
   -1.847256480   11.922532040  -24.458445093
   -1.834690110   11.614574283  -24.555438673
   -1.822123739   11.305321254  -24.628330772
   -1.809557368   10.995091872  -24.734652493
   -1.796990998   10.683594603  -24.845512170
   -1.784424627   10.370991834  -24.912767773
   -1.771858257   10.057348961  -24.995240264
   -1.759291886    9.742919047  -25.044321685
   -1.746725515    9.427763079  -25.121952667
   -1.734159145    9.111873170  -25.167503470
   -1.721592774    8.795504926  -25.191605469
   -1.709026404    8.478762728  -25.234586078
   -1.696460033    8.161671254  -25.223452259
   -1.683893662    7.844888778  -25.197677846
   -1.671327292    7.528558952  -25.145832223
   -1.658760921    7.212950861  -25.076512970
   -1.646194550    6.897855280  -25.039023569
   -1.633628180    6.584006639  -24.894933012
   -1.621061809    6.272041113  -24.758054841
   -1.608495439    5.962071339  -24.562017310
   -1.595929068    5.654412829  -24.400320664
   -1.583362697    5.349503495  -24.139487572
   -1.570796327    5.047289768  -23.914206346
   -1.558229956    4.748979002  -23.547298085
   -1.545663586    4.455327464  -23.170711657
   -1.533097215    4.166841051  -22.738033343
   -1.520530844    3.883892055  -22.266599076
   -1.507964474    3.607324954  -21.744925889
   -1.495398103    3.337631010  -21.170996056
   -1.482831732    3.075410932  -20.605956302
   -1.470265362    2.820289311  -19.980300391
   -1.457698991    2.573624528  -19.278274135
   -1.445132621    2.335638494  -18.585092725
   -1.432566250    2.106640395  -17.838655386
   -1.419999879    1.887334730  -17.055734957
   -1.407433509    1.678025394  -16.232029763
   -1.394867138    1.479637465  -15.369618215
   -1.382300768    1.292251566  -14.439954466
   -1.369734397    1.116319004  -13.526435661
   -1.357168026    0.952453944  -12.560598487
   -1.344601656    0.800786131  -11.583576217
   -1.332035285    0.661519361  -10.593401766
   -1.319468915    0.534443335   -9.586240989
   -1.306902544    0.420123284   -8.576412684
   -1.294336173    0.318961500   -7.519680330
   -1.281769803    0.231340751   -6.416647399
   -1.269203432    0.157435337   -5.332595183
   -1.256637061    0.097298392   -4.214592741
   -1.244070691    0.051510077   -3.070380041
   -1.231504320    0.019883026   -1.931393714
   -1.218937950    0.002627882   -0.800095715
   -1.206371579    0.000000000    0.375415923
   -1.193805208    0.012055746    1.550365880
   -1.181238838    0.039000345    2.736771646
   -1.168672467    0.080805916    3.905583806
   -1.156106097    0.137359789    5.098955731
   -1.143539726    0.209263590    6.336068709
   -1.130973355    0.296860439    7.601998883
   -1.118406985    0.400004204    8.811305232
   -1.105840614    0.518189666   10.034781072
   -1.093274243    0.652465480   11.335756876
   -1.080707873    0.803235738   12.665046532
   -1.068141502    0.970576900   13.962039992
   -1.055575132    1.154520634   15.308228148
   -1.043008761    1.355215067   16.621923548
   -1.030442390    1.572278589   17.911136178
   -1.017876020    1.805886601   19.277217420
   -1.005309649    2.056899974   20.675451182
   -0.992743279    2.325622461   22.084998139
   -0.980176908    2.611864155   23.457855044
   -0.967610537    2.915384901   24.857226435
   -0.955044167    3.236622321   26.243410297
   -0.942477796    3.575125081   27.641887303
   -0.929911425    3.931302249   29.036222694
   -0.917345055    4.304649073   30.396724607
   -0.904778684    4.695247462   31.747873466
   -0.892212314    5.102671911   33.052534111
   -0.879645943    5.526375438   34.352209869
   -0.867079572    5.965971880   35.592280589
   -0.854513202    6.421135117   36.855406747
   -0.841946831    6.891905434   38.065576916
   -0.829380461    7.377848458   39.264821878
   -0.816814090    7.878627319   40.439486664
   -0.804247719    8.394158272   41.600278113
   -0.791681349    8.923972299   42.708359601
   -0.779114978    9.467499470   43.772066288
   -0.766548607   10.023980285   44.787159381
   -0.753982237   10.592466691   45.713948671
   -0.741415866   11.172784173   46.627707417
   -0.728849496   11.764571304   47.543247815
   -0.716283125   12.367370946   48.377934027
   -0.703716754   12.980446601   49.168622888
   -0.691150384   13.603237566   49.946689805
   -0.678584013   14.235175734   50.651886160
   -0.666017643   14.876022657   51.298744567
   -0.653451272   15.524930955   51.962717082
   -0.640884901   16.181799978   52.572101970
   -0.628318531   16.846097834   53.153780420
   -0.615752160   17.517528840   53.694361264
   -0.603185789   18.195406443   54.179809377
   -0.590619419   18.879007119   54.631165549
   -0.578053048   19.567972644   55.022131347
   -0.565486678   20.261643538   55.356323122
   -0.552920307   20.959483209   55.704002085
   -0.540353936   21.661472908   55.973029164
   -0.527787566   22.366679538   56.261031280
   -0.515221195   23.075050444   56.467066124
   -0.502654825   23.786158853   56.669278335
   -0.490088454   24.499142918   56.797322305
   -0.477522083   25.213864603   56.924567979
   -0.464955713   25.929658775   57.014206223
   -0.452389342   26.646382812   57.050163932
   -0.439822972   27.362981116   56.961679153
   -0.427256601   28.078259046   56.877648132
   -0.414690230   28.792055471   56.716974589
   -0.402123860   29.504023374   56.569264190
   -0.389557489   30.213286727   56.276545287
   -0.376991118   30.919093416   56.055516766
   -0.364424748   31.621145926   55.682949872
   -0.351858377   32.318597458   55.298568500
   -0.339292007   33.010611423   54.842975558
   -0.326725636   33.696442316   54.297241885
   -0.314159265   34.375198999   53.713903680
   -0.301592895   35.046172517   53.059824867
   -0.289026524   35.708531898   52.331815871
   -0.276460154   36.361308023   51.547667413
   -0.263893783   37.002942665   50.589386971
   -0.251327412   37.632449558   49.589417868
   -0.238761042   38.249016526   48.528247363
   -0.226194671   38.851769302   47.368841566
   -0.213628300   39.439377918   46.137818552
   -0.201061930   40.011040186   44.806528902
   -0.188495559   40.565364187   43.378825067
   -0.175929189   41.101178783   41.869949410
   -0.163362818   41.617686563   40.310053678
   -0.150796447   42.113897113   38.639362820
   -0.138230077   42.588342497   36.862107448
   -0.125663706   43.040023535   35.014245399
   -0.113097336   43.467986021   33.066320824
   -0.100530965   43.870931973   31.047604293
   -0.087964594   44.248574287   29.036582970
   -0.075398224   44.599788301   26.861863404
   -0.062831853   44.923729809   24.682788544
   -0.050265482   45.220117089   22.471298460
   -0.037699112   45.488029856   20.159744791
   -0.025132741   45.726526065   17.812484952
   -0.012566371   45.935273224   15.405836209
    0.000000000   46.113751024   12.995928874
    0.012566371   46.261357335   10.492332565
    0.025132741   46.377545144    7.978334059
    0.037699112   46.462178815    5.475762974
    0.050265482   46.515215841    2.959014085
    0.062831853   46.536462641    0.424620770
    0.075398224   46.525731401   -2.116514834
    0.087964594   46.483243185   -4.656396078
    0.100530965   46.408941999   -7.170162540
    0.113097336   46.303222165   -9.650728538
    0.125663706   46.166163701  -12.125728025
    0.138230077   45.998563691  -14.554234497
    0.150796447   45.800478529  -16.976529913
    0.163362818   45.572128291  -19.345974417
    0.175929189   45.314427567  -21.645169067
    0.188495559   45.028320335  -23.871435107
    0.201061930   44.714396142  -26.045402911
    0.213628300   44.374122106  -28.093043551
    0.226194671   44.008437598  -30.092213951
    0.238761042   43.618223979  -32.031648051
    0.251327412   43.204237873  -33.832439063
    0.263893783   42.767984735  -35.592902797
    0.276460154   42.310339748  -37.215601019
    0.289026524   41.832647698  -38.804070429
    0.301592895   41.335862949  -40.233207539
    0.314159265   40.821751612  -41.594000949
    0.326725636   40.291338972  -42.803902699
    0.339292007   39.746043719  -43.950682627
    0.351858377   39.186835657  -45.060413314
    0.364424748   38.614704404  -46.012481895
    0.376991118   38.031099837  -46.881328309
    0.389557489   37.437070441  -47.666023036
    0.402123860   36.833902341  -48.303273563
    0.414690230   36.223526622  -48.837280968
    0.427256601   35.606466825  -49.350151555
    0.439822972   34.983335200  -49.783516062
    0.452389342   34.355724829  -50.094193391
    0.464955713   33.724713058  -50.322828326
    0.477522083   33.091213788  -50.507672283
    0.490088454   32.455999518  -50.598855480
    0.502654825   31.820064781  -50.602898913
    0.515221195   31.184667063  -50.534770373
    0.527787566   30.550204122  -50.441367464
    0.540353936   29.917498597  -50.269339511
    0.552920307   29.287056396  -50.051762302
    0.565486678   28.659612069  -49.803567552
    0.578053048   28.035343884  -49.525050070
    0.590619419   27.415056519  -49.194818407
    0.603185789   26.799390173  -48.789965688
    0.615752160   26.188663627  -48.394645316
    0.628318531   25.583598979  -47.890616176
    0.640884901   24.984738434  -47.400104111
    0.653451272   24.392205400  -46.921504050
    0.666017643   23.805786397  -46.424902334
    0.678584013   23.226083515  -45.844784758
    0.691150384   22.653771801  -45.276376273
    0.703716754   22.088786231  -44.631994034
    0.716283125   21.531955951  -43.992084410
    0.728849496   20.983044838  -43.383071101
    0.741415866   20.442130789  -42.703164423
    0.753982237   19.910009647  -41.963764531
    0.766548607   19.387392918  -41.210856656
    0.779114978   18.874425529  -40.434774845
    0.791681349   18.371144273  -39.659236494
    0.804247719   17.877862596  -38.835627288
    0.816814090   17.395217128  -38.000110338
    0.829380461   16.923270168  -37.104644022
    0.841946831   16.462609946  -36.216264245
    0.854513202   16.012908241  -35.329680680
    0.867079572   15.574834364  -34.375860421
    0.879645943   15.148793125  -33.428712083
    0.892212314   14.734907204  -32.453633754
    0.904778684   14.333465481  -31.430584064
    0.917345055   13.945012896  -30.396982709
    0.929911425   13.569888804  -29.291962942
    0.942477796   13.208995014  -28.145074067
    0.955044167   12.862395518  -27.013606459
    0.967610537   12.530258806  -25.854065105
    0.980176908   12.212651808  -24.680426840
    0.992743279   11.910292536  -23.452029171
    1.005309649   11.623000195  -22.283896809
    1.017876020   11.350929397  -21.026121518
    1.030442390   11.094820044  -19.748313022
    1.043008761   10.854609474  -18.479304537
    1.055575132   10.630461529  -17.212185554
    1.068141502   10.422255908  -15.915755132
    1.080707873   10.230391487  -14.636433590
    1.093274243   10.054460572  -13.355521939
    1.105840614    9.894491275  -12.085582876
    1.118406985    9.750910317  -10.752938460
    1.130973355    9.623808881   -9.461937979
    1.143539726    9.512910339   -8.184991916
    1.156106097    9.418101542   -6.900913715
    1.168672467    9.338965528   -5.704602340
    1.181238838    9.275063119   -4.473817821
    1.193805208    9.226637475   -3.223232765
    1.206371579    9.193668330   -2.028342010
    1.218937950    9.175519912   -0.870639632
    1.231504320    9.171668740    0.264034148
    1.244070691    9.181712877    1.346227454
    1.256637061    9.205586366    2.461121802
    1.269203432    9.243302033    3.523036872
    1.281769803    9.293822833    4.538168185
    1.294336173    9.357201570    5.541130473
    1.306902544    9.432863960    6.495735528
    1.319468915    9.519877739    7.348726109
    1.332035285    9.617818939    8.220485752
    1.344601656    9.726405505    9.071265332
    1.357168026    9.845391093    9.892398015
    1.369734397    9.975117424   10.736621173
    1.382300768   10.115009591   11.510226107
    1.394867138   10.264658755   12.291603241
    1.407433509   10.423678990   13.017520473
    1.419999879   10.591024876   13.623467100
    1.432566250   10.766083420   14.237556364
    1.445132621   10.948767733   14.818454535
    1.457698991   11.138534454   15.371563898
    1.470265362   11.334923649   15.878606667
    1.482831732   11.537501988   16.353044559
    1.495398103   11.745713270   16.766184701
    1.507964474   11.958969568   17.145526793
    1.520530844   12.176924088   17.541953375
    1.533097215   12.399907350   17.936658985
    1.545663586   12.627375119   18.235558694
    1.558229956   12.858419633   18.524595424
    1.570796327   13.092888490   18.794069138
    1.583362697   13.330561103   19.037055693
    1.595929068   13.570769086   19.203560829
    1.608495439   13.813080296   19.355232009
    1.621061809   14.057158795   19.480264664
    1.633628180   14.302739636   19.609035678
    1.646194550   14.549686125   19.681744226
    1.658760921   14.796996592   19.690791490
    1.671327292   15.044685886   19.739429256
    1.683893662   15.292904851   19.744048659
    1.696460033   15.540963410   19.726579471
    1.709026404   15.788268662   19.644233377
    1.721592774   16.034808137   19.584519195
    1.734159145   16.280518626   19.510927017
    1.746725515   16.525118941   19.414094640
    1.759291886   16.768363828   19.302002199
    1.771858257   17.010183493   19.176469488
    1.784424627   17.249954958   19.013001328
    1.796990998   17.487728277   18.833316758
    1.809557368   17.723474696   18.665885599
    1.822123739   17.956923503   18.493421487
    1.834690110   18.187957004   18.260251720
    1.847256480   18.416269143   18.070208762
    1.859822851   18.642229130   17.876756641
    1.872389222   18.865595527   17.696461429
    1.884955592   19.086908152   17.518592795
    1.897521963   19.305676123   17.312586215
    1.910088333   19.521740197   17.053362818
    1.922654704   19.734261239   16.779699990
    1.935221075   19.943628451   16.550165398
    1.947787445   20.150095652   16.301157291
    1.960353816   20.353532467   16.055095892
    1.972920186   20.553697469   15.795393805
    1.985486557   20.750904571   15.580245197
    1.998052928   20.945363056   15.353383834
    2.010619298   21.136210194   15.035471314
    2.023185669   21.323462883   14.770682880
    2.035752040   21.507032890   14.467435385
    2.048318410   21.687169192   14.217286826
    2.060884781   21.864168579   13.958271332
    2.073451151   22.037902258   13.702642670
    2.086017522   22.208238596   13.424946571
    2.098583893   22.375645179   13.206652160
    2.111150263   22.539905227   12.929290559
    2.123716634   22.700492838   12.653096316
    2.136283004   22.857950892   12.404594945
    2.148849375   23.012211106   12.145471277
    2.161415746   23.163323130   11.917342304
    2.173982116   23.311927792   11.726921983
    2.186548487   23.457848920   11.480217422
    2.199114858   23.600578541   11.249110655
    2.211681228   23.740737819   11.073139523
    2.224247599   23.878617461   10.879557108
    2.236813969   24.014250174   10.688620050
    2.249380340   24.147694187   10.539671742
    2.261946711   24.279241510   10.409996589
    2.274513081   24.409243760   10.281740616
    2.287079452   24.537759639   10.166769688
    2.299645822   24.664740844   10.040164209
    2.312212193   24.789365590    9.818009104
    2.324778564   24.911941989    9.691202273
    2.337344934   25.032427846    9.505374072
    2.349911305   25.150669945    9.297893543
    2.362477675   25.266687930    9.165577695
    2.375044046   25.380997383    9.002129112
    2.387610417   25.493023739    8.805639167
    2.400176787   25.602421873    8.581522761
    2.412743158   25.708803999    8.346575987
    2.425309529   25.812008386    8.070698654
    2.437875899   25.910875806    7.688672514
    2.450442270   26.005510000    7.352964686
    2.463008640   26.095352427    6.911075577
    2.475575011   26.179423094    6.475291095
    2.488141382   26.257447110    5.946640075
    2.500707752   26.328566671    5.370379524
    2.513274123   26.392128298    4.732946333
    2.525840493   26.447522006    4.093972047
    2.538406864   26.494411978    3.361393682
    2.550973235   26.531741479    2.564553852
    2.563539605   26.558859100    1.718387801
    2.576105976   26.574873161    0.824735066
    2.588672347   26.579219914   -0.146014143
    2.601238717   26.571261857   -1.118656716
    2.613805088   26.550721008   -2.176555662
    2.626371458   26.516419425   -3.282988846
    2.638937829   26.468420044   -4.365445064
    2.651504200   26.406265479   -5.549957785
    2.664070570   26.329012052   -6.738702777
    2.676636941   26.237090338   -7.912113941
    2.689203311   26.130279054   -9.070788329
    2.701769682   26.009141641  -10.214121875
    2.714336053   25.873652758  -11.334606178
    2.726902423   25.724016706  -12.462566573
    2.739468794   25.560591430  -13.559612862
    2.752035165   25.383857017  -14.556951140
    2.764601535   25.194881935  -15.516239914
    2.777167906   24.993771150  -16.449112204
    2.789734276   24.781681701  -17.282038198
    2.802300647   24.559475277  -18.064180667
    2.814867018   24.328094442  -18.736502311
    2.827433388   24.088621787  -19.364968157
    2.839999759   23.842388278  -19.808590937
    2.852566129   23.590925755  -20.206223364
    2.865132500   23.334963783  -20.508626737
    2.877698871   23.076177255  -20.661359987
    2.890265241   22.816399911  -20.680114718
    2.902831612   22.556864057  -20.600844125
    2.915397983   22.298986207  -20.427370136
    2.927964353   22.044079126  -20.123421387
    2.940530724   21.792959072  -19.832790970
    2.953097094   21.546558769  -19.341177583
    2.965663465   21.307242383  -18.743685400
    2.978229836   21.076079444  -18.046142966
    2.990796206   20.853727758  -17.322481206
    3.003362577   20.641460340  -16.467249628
    3.015928947   20.440178271  -15.539668825
    3.028495318   20.251513202  -14.473199605
    3.041061689   20.076244878  -13.425581894
    3.053628059   19.914765624  -12.271727401
    3.066194430   19.767845142  -11.116084383
    3.078760801   19.635354170   -9.946013915
    3.091327171   19.517747507   -8.750839562
    3.103893542   19.415787911   -7.484097167
    3.116459912   19.329927302   -6.178066794
    3.129026283   19.260469094   -4.876296060
