#! FIELDS psi2 ffpsi2 dffpsi2_psi2
#! SET min_psi2 -pi
#! SET max_psi2 pi
#! SET nbins_psi2  100
#! SET periodic_psi2 true
 -3.141593 13.463519 47.336084
 -3.078761 17.801279 86.257620
 -3.015929 23.367229 85.575059
 -2.953097 28.992773 91.443416
 -2.890265 34.790442 87.293756
 -2.827433 40.007738 78.699009
 -2.764602 45.485779 86.309577
 -2.701770 48.749798 12.924171
 -2.638938 48.895602 -5.894647
 -2.576106 48.089821 -15.628540
 -2.513274 46.326027 -56.661602
 -2.450442 42.008596 -63.058777
 -2.387610 38.958688 -35.738222
 -2.324779 37.342217 -16.324978
 -2.261947 36.716327 -6.216330
 -2.199115 36.233528 -11.944922
 -2.136283 35.033276 -23.996688
 -2.073451 33.642764 -19.037453
 -2.010619 32.629827 -12.914857
 -1.947787 31.949518 -11.375428
 -1.884956 30.970659 -18.331295
 -1.822124 29.987802 -11.280058
 -1.759292 29.556386 -3.788668
 -1.696460 29.297760 -5.552047
 -1.633628 28.897125 -5.940685
 -1.570796 28.694551 -0.062082
 -1.507964 28.840030 3.711652
 -1.445133 29.053723 2.195378
 -1.382301 29.062950 -0.939623
 -1.319469 29.133955 3.453901
 -1.256637 29.311259 0.165339
 -1.193805 29.133898 -4.432870
 -1.130973 28.861060 -3.629109
 -1.068142 28.916669 7.086215
 -1.005310 29.558988 8.698274
 -0.942478 29.743858 -0.960472
 -0.879646 29.638939 -1.192594
 -0.816814 29.901613 11.443652
 -0.753982 30.865668 13.913126
 -0.691150 31.269292 1.042220
 -0.628319 31.385667 3.649647
 -0.565487 31.613586 1.630947
 -0.502655 30.281479 -73.067670
 -0.439823 23.960550 -93.897912
 -0.376991 19.598625 -48.840614
 -0.314159 16.530336 -55.967681
 -0.251327 13.385246 -37.185462
 -0.188496 11.762156 -17.931595
 -0.125664 11.239139 5.060812
 -0.062832 12.443317 26.915319
 0.000000 13.165424 -8.005736
 0.062832 12.330340 -13.200669
 0.125664 11.550447 -12.681587
 0.188496 10.909673 -5.768048
 0.251327 10.791403 0.579088
 0.314159 10.833188 -0.630160
 0.376991 10.551385 -8.923112
 0.439823 9.857782 -11.307616
 0.502655 9.210059 -9.065654
 0.565487 8.820569 -3.538948
 0.628319 8.567410 -5.858424
 0.691150 8.006478 -12.002982
 0.753982 7.361724 -5.101868
 0.816814 7.413598 3.261439
 0.879646 7.350778 -4.203049
 0.942478 7.325815 4.448626
 1.005310 7.645835 3.344756
 1.068142 7.704390 -0.737291
 1.130973 7.668777 0.218259
 1.193805 7.718325 0.990299
 1.256637 7.748921 -0.914258
 1.319469 7.599699 -2.416863
 1.382301 7.513233 -1.891674
 1.445133 7.120058 -11.093544
 1.507964 6.350228 -10.638751
 1.570796 5.925722 -4.185470
 1.633628 5.569616 -8.078986
 1.696460 4.961050 -11.070315
 1.759292 4.112738 -16.154435
 1.822124 3.080199 -14.807572
 1.884956 2.372890 -8.339898
 1.947787 1.866924 -8.317719
 2.010619 1.425579 -4.885489
 2.073451 1.230730 -2.082273
 2.136283 1.078155 -3.694557
 2.199115 0.652127 -10.100132
 2.261947 -0.137399 -14.562603
 2.324779 -0.978719 -9.289662
 2.387610 -1.121052 3.047178
 2.450442 -0.966929 0.894378
 2.513274 -0.870070 2.603088
 2.576106 -0.649298 5.350244
 2.638938 -0.043458 13.881901
 2.701770 0.955077 17.221822
 2.764602 2.276588 26.225141
 2.827433 4.191366 33.033465
 2.890265 6.383039 36.632827
 2.953097 8.710725 35.958733
 3.015929 10.727756 24.896263
 3.078761 11.736751 13.031936
