#! FIELDS phi4 ffphi4 dffphi4_phi4
#! SET min_phi4 -pi
#! SET max_phi4 pi
#! SET nbins_phi4  100
#! SET periodic_phi4 true
 -3.141593 15.261179 -36.810980
 -3.078761 13.043219 -32.406594
 -3.015929 11.265173 -26.262355
 -2.953097 9.375748 -34.349298
 -2.890265 7.313948 -29.746225
 -2.827433 4.752886 -61.360683
 -2.764602 0.513956 -60.943205
 -2.701770 -2.223270 -24.081473
 -2.638938 -2.283155 23.126021
 -2.576106 0.210676 42.571646
 -2.513274 1.632417 14.113447
 -2.450442 3.128623 26.447166
 -2.387610 3.764665 -2.396491
 -2.324779 3.915768 10.074826
 -2.261947 4.873716 16.487423
 -2.199115 5.602245 5.715489
 -2.136283 5.625502 -4.321867
 -2.073451 5.231900 -6.726734
 -2.010619 4.878674 -4.873933
 -1.947787 4.282010 -17.289658
 -1.884956 3.102289 -13.906660
 -1.822124 2.936871 9.419799
 -1.759292 4.095991 20.971925
 -1.696460 4.531556 -6.067545
 -1.633628 4.220674 -1.024891
 -1.570796 4.306562 3.029568
 -1.507964 4.407291 -4.522531
 -1.445133 3.089013 -41.483925
 -1.382301 -0.199240 -48.923060
 -1.319469 -1.857461 -0.533498
 -1.256637 -0.240454 49.691447
 -1.193805 3.526298 56.089179
 -1.130973 4.953265 -11.588406
 -1.068142 4.336620 2.800610
 -1.005310 5.647393 34.874898
 -0.942478 7.929716 34.582684
 -0.879646 10.091856 35.390081
 -0.816814 12.458275 38.895879
 -0.753982 14.722291 31.794311
 -0.691150 16.393448 20.160508
 -0.628319 17.674015 26.005169
 -0.565487 19.994983 45.465543
 -0.502655 22.768311 38.789138
 -0.439823 24.975015 33.194455
 -0.376991 27.115250 33.822478
 -0.314159 29.190383 31.870543
 -0.251327 31.190363 31.974928
 -0.188496 33.155753 28.646851
 -0.125664 34.684020 20.129896
 -0.062832 35.816879 16.150521
 0.000000 36.610732 7.442984
 0.062832 36.754892 -2.143149
 0.125664 36.270842 -14.348581
 0.188496 34.983507 -26.183105
 0.251327 33.036450 -34.262930
 0.314159 30.871893 -34.615534
 0.376991 28.579267 -38.549987
 0.439823 26.114059 -39.292105
 0.502655 23.620796 -40.925131
 0.565487 20.880748 -46.114165
 0.628319 17.951382 -46.140351
 0.691150 15.203894 -39.690281
 0.753982 13.159702 -25.237388
 0.816814 11.754680 -22.711358
 0.879646 10.292291 -20.854239
 0.942478 9.361934 -9.402336
 1.005310 8.929126 -4.836902
 1.068142 8.888381 4.679465
 1.130973 9.409360 9.368781
 1.193805 10.004822 12.132105
 1.256637 11.266847 28.603817
 1.319469 13.415451 37.391032
 1.382301 15.931030 44.063966
 1.445133 19.111866 56.100987
 1.507964 22.819848 60.179034
 1.570796 26.798179 65.416120
 1.633628 31.155322 70.705075
 1.696460 35.720643 71.001144
 1.759292 40.135340 66.628312
 1.822124 44.296696 64.015340
 1.884956 48.301830 60.621795
 1.947787 51.828514 48.609236
 2.010619 54.613278 40.409514
 2.073451 56.939911 31.926675
 2.136283 58.661075 22.700569
 2.199115 59.645601 6.721716
 2.261947 59.511434 -10.131523
 2.324779 58.505189 -21.092735
 2.387610 56.826619 -33.526028
 2.450442 54.321485 -44.556851
 2.513274 51.336758 -50.408810
 2.576106 48.022308 -54.811374
 2.638938 44.386425 -61.082716
 2.701770 40.483883 -61.917080
 2.764602 36.627810 -61.052393
 2.827433 32.814264 -60.476628
 2.890265 28.958409 -61.892180
 2.953097 25.220274 -56.675182
 3.015929 21.549306 -61.851831
 3.078761 17.883806 -50.135467
