#! FIELDS psi4 ffpsi4 dffpsi4_psi4
#! SET min_psi4 -pi
#! SET max_psi4 pi
#! SET nbins_psi4  100
#! SET periodic_psi4 true
 -3.141593 7.685212 41.291903
 -3.078761 10.032255 32.566703
 -3.015929 11.762889 23.369490
 -2.953097 13.249788 24.389016
 -2.890265 14.911748 29.750644
 -2.827433 16.895255 29.026555
 -2.764602 18.367011 21.133150
 -2.701770 20.056190 32.373028
 -2.638938 21.795095 18.017660
 -2.576106 22.862758 19.807413
 -2.513274 22.626595 -50.947474
 -2.450442 18.527760 -54.505639
 -2.387610 16.851868 2.798471
 -2.324779 18.893915 60.759227
 -2.261947 22.127091 -19.183084
 -2.199115 18.752693 -42.085705
 -2.136283 18.042965 19.664523
 -2.073451 21.179247 78.530476
 -2.010619 25.800078 16.503332
 -1.947787 24.497343 -16.030526
 -1.884956 24.930888 25.077618
 -1.822124 25.618407 -25.100934
 -1.759292 23.097999 -34.912547
 -1.696460 21.813181 -10.261390
 -1.633628 21.218340 -9.636752
 -1.570796 20.684673 -10.122194
 -1.507964 18.935660 -47.186542
 -1.445133 16.190912 -30.871896
 -1.382301 15.197482 -4.850246
 -1.319469 14.871463 -11.750631
 -1.256637 13.473157 -25.221436
 -1.193805 12.687786 1.618424
 -1.130973 13.104243 5.299771
 -1.068142 13.025620 -9.349097
 -1.005310 11.387960 -54.454698
 -0.942478 5.053384 -118.678833
 -0.879646 -0.910464 -66.330850
 -0.816814 -3.131246 -4.180692
 -0.753982 -1.436619 57.890520
 -0.691150 3.849507 99.178169
 -0.628319 7.007143 1.488472
 -0.565487 7.054328 0.033357
 -0.502655 6.219755 -27.265047
 -0.439823 4.678237 -12.404682
 -0.376991 5.161508 26.030661
 -0.314159 6.566751 0.057957
 -0.251327 5.258206 -25.851113
 -0.188496 4.491294 4.740804
 -0.125664 5.419751 9.374461
 -0.062832 4.153689 -33.053581
 0.000000 3.245675 7.757339
 0.062832 4.686785 28.916685
 0.125664 6.027522 12.804687
 0.188496 6.057190 -10.465578
 0.251327 5.707034 4.934610
 0.314159 6.744447 24.583980
 0.376991 8.135468 16.752139
 0.439823 8.995460 5.637854
 0.502655 6.118240 -93.602890
 0.565487 0.961899 -58.355930
 0.628319 -0.820234 2.062658
 0.691150 1.179288 59.861870
 0.753982 5.486975 51.409530
 0.816814 6.587897 0.626419
 0.879646 6.584274 -6.495993
 0.942478 5.877114 -9.046702
 1.005310 5.937991 10.039310
 1.068142 6.764959 13.332697
 1.130973 7.542060 13.232651
 1.193805 8.492417 14.690584
 1.256637 9.084888 2.787106
 1.319469 9.058295 0.880749
 1.382301 9.304014 1.209692
 1.445133 8.742936 -14.657102
 1.507964 8.314668 5.490116
 1.570796 9.505286 28.944949
 1.633628 11.149559 16.059722
 1.696460 11.176599 -9.176002
 1.759292 11.162687 13.319072
 1.822124 12.157293 2.356154
 1.884956 11.217577 -16.260896
 1.947787 11.079694 7.837700
 2.010619 10.586912 -34.229086
 2.073451 7.533617 -48.790446
 2.136283 5.708213 -5.098886
 2.199115 6.871770 37.273610
 2.261947 9.059271 21.151555
 2.324779 9.297847 -10.248875
 2.387610 8.208998 -22.558813
 2.450442 6.545467 -27.744825
 2.513274 5.267200 -9.859984
 2.576106 5.326068 8.555348
 2.638938 5.540560 -7.035395
 2.701770 4.659304 -18.090096
 2.764602 2.885564 -40.939056
 2.827433 0.602027 -20.780444
 2.890265 0.897198 30.758247
 2.953097 3.952166 52.085640
 3.015929 5.064250 -6.537070
 3.078761 5.436452 23.419963
