#! FIELDS psi7 file.free der_psi7
#! SET min_psi7 -pi
#! SET max_psi7 pi
#! SET nbins_psi7  500
#! SET periodic_psi7 true
   -3.141592654   66.037726473  -26.056582432
   -3.129026283   65.696217864  -28.269589616
   -3.116459912   65.327498687  -30.407331543
   -3.103893542   64.933358273  -32.315005059
   -3.091327171   64.515934327  -34.077019377
   -3.078760801   64.077730873  -35.643401918
   -3.066194430   63.621047634  -37.039101174
   -3.053628059   63.148001310  -38.203666681
   -3.041061689   62.661313366  -39.199927484
   -3.028495318   62.163529954  -39.997834302
   -3.015928947   61.656841486  -40.638755705
   -3.003362577   61.143440358  -41.053121972
   -2.990796206   60.625793930  -41.302059987
   -2.978229836   60.105916451  -41.411799517
   -2.965663465   59.585651379  -41.362896859
   -2.953097094   59.066676275  -41.223975048
   -2.940530724   58.550184867  -40.939465236
   -2.927964353   58.038406192  -40.497231835
   -2.915397983   57.532750238  -39.976139098
   -2.902831612   57.034160482  -39.367586942
   -2.890265241   56.543568801  -38.707422951
   -2.877698871   56.061819732  -37.954908941
   -2.865132500   55.589695248  -37.173996580
   -2.852566129   55.127648378  -36.370715814
   -2.839999759   54.675186336  -35.601451454
   -2.827433388   54.232966385  -34.758278078
   -2.814867018   53.801414487  -33.952666724
   -2.802300647   53.379908800  -33.137811403
   -2.789734276   52.968080168  -32.402897806
   -2.777167906   52.565809530  -31.637663152
   -2.764601535   52.172949748  -30.895132300
   -2.752035165   51.788875803  -30.243902827
   -2.739468794   51.412506710  -29.656908997
   -2.726902423   51.043724002  -29.039960983
   -2.714336053   50.682096266  -28.527402608
   -2.701769682   50.326832883  -28.039748465
   -2.689203311   49.977210856  -27.603526549
   -2.676636941   49.633222180  -27.159027190
   -2.664070570   49.294189215  -26.801574665
   -2.651504200   48.959825041  -26.417316489
   -2.638937829   48.629917748  -26.096593560
   -2.626371458   48.304006120  -25.778712854
   -2.613805088   47.981784647  -25.518516177
   -2.601238717   47.662700284  -25.282509787
   -2.588672347   47.346850147  -25.009877976
   -2.576105976   47.034067884  -24.777887838
   -2.563539605   46.724150034  -24.524691319
   -2.550973235   46.417366946  -24.293948058
   -2.538406864   46.114058524  -23.977472122
   -2.525840493   45.814939212  -23.629997981
   -2.513274123   45.519510650  -23.355369132
   -2.500707752   45.227876393  -23.020975524
   -2.488141382   44.941364340  -22.580731227
   -2.475575011   44.660476110  -22.127276790
   -2.463008640   44.385179457  -21.659379068
   -2.450442270   44.116231524  -21.159506655
   -2.437875899   43.853826630  -20.595285600
   -2.425309529   43.598852280  -20.003402400
   -2.412743158   43.351344090  -19.382113200
   -2.400176787   43.111877444  -18.718822075
   -2.387610417   42.880735529  -18.072661269
   -2.375044046   42.658000984  -17.371488156
   -2.362477675   42.444315180  -16.640310228
   -2.349911305   42.239736614  -15.910660620
   -2.337344934   42.044413700  -15.178108640
   -2.324778564   41.858248610  -14.470138799
   -2.312212193   41.680815567  -13.787606916
   -2.299645822   41.511891573  -13.090158945
   -2.287079452   41.351539828  -12.424008212
   -2.274513081   41.199351770  -11.793566006
   -2.261946711   41.054835340  -11.216788250
   -2.249380340   40.917537277  -10.635690656
   -2.236813969   40.787427630  -10.091418673
   -2.224247599   40.663968751   -9.577146249
   -2.211681228   40.546429544   -9.119116120
   -2.199114858   40.434456060   -8.683728596
   -2.186548487   40.328069393   -8.260718415
   -2.173982116   40.226975972   -7.843439319
   -2.161415746   40.130897533   -7.450217378
   -2.148849375   40.039140909   -7.148657320
   -2.136283004   39.951407350   -6.813849384
   -2.123716634   39.867692156   -6.518786913
   -2.111150263   39.787709186   -6.216489901
   -2.098583893   39.711790815   -5.857118820
   -2.086017522   39.640557004   -5.466145147
   -2.073451151   39.574256189   -5.108217576
   -2.060884781   39.512678032   -4.689994151
   -2.048318410   39.456486590   -4.240923956
   -2.035752040   39.406191826   -3.732800560
   -2.023185669   39.362392638   -3.216625519
   -2.010619298   39.325485226   -2.635576041
   -1.998052928   39.296510533   -1.964844351
   -1.985486557   39.276328954   -1.243677242
   -1.972920186   39.265452465   -0.475619008
   -1.960353816   39.264724873    0.364166320
   -1.947787445   39.275046712    1.298395940
   -1.935221075   39.297082135    2.260270071
   -1.922654704   39.331771740    3.281033687
   -1.910088333   39.379721262    4.354677723
   -1.897521963   39.441010784    5.406626816
   -1.884955592   39.515851367    6.494528952
   -1.872389222   39.604395909    7.621632529
   -1.859822851   39.707232466    8.740146896
   -1.847256480   39.823759074    9.814673454
   -1.834690110   39.953992618   10.896907202
   -1.822123739   40.097187516   11.891869495
   -1.809557368   40.252097656   12.748568941
   -1.796990998   40.417246184   13.496605403
   -1.784424627   40.590781172   14.113618384
   -1.771858257   40.771066265   14.537073923
   -1.759291886   40.955502346   14.771528314
   -1.746725515   41.141387528   14.765929488
   -1.734159145   41.326367692   14.590583285
   -1.721592774   41.507123107   14.123946411
   -1.709026404   41.680337978   13.421112527
   -1.696460033   41.842933742   12.389856170
   -1.683893662   41.990879816   11.116405911
   -1.671327292   42.121007016    9.558216661
   -1.658760921   42.229917809    7.717655579
   -1.646194550   42.313565030    5.545985466
   -1.633628180   42.367677907    3.028154749
   -1.621061809   42.388764061    0.256837695
   -1.608495439   42.372776680   -2.849813218
   -1.595929068   42.316405057   -6.163143706
   -1.583362697   42.216754215   -9.758675659
   -1.570796327   42.070384252  -13.569616282
   -1.558229956   41.874426398  -17.655368036
   -1.545663586   41.626163946  -21.884023307
   -1.533097215   41.324139832  -26.218864715
   -1.520530844   40.966604550  -30.678055825
   -1.507964474   40.552578090  -35.226864979
   -1.495398103   40.080747576  -39.839450692
   -1.482831732   39.551313888  -44.425632362
   -1.470265362   38.964598577  -48.951474611
   -1.457698991   38.321487173  -53.382396233
   -1.445132621   37.623559127  -57.688932882
   -1.432566250   36.871822791  -61.867670556
   -1.419999879   36.069555905  -65.787331726
   -1.407433509   35.219467084  -69.477540233
   -1.394867138   34.324251361  -72.943729399
   -1.382300768   33.387352353  -76.092528715
   -1.369734397   32.412777695  -78.968118348
   -1.357168026   31.404493456  -81.466796212
   -1.344601656   30.366704632  -83.644207041
   -1.332035285   29.303813896  -85.481317168
   -1.319468915   28.220151997  -86.944343882
   -1.306902544   27.120528315  -88.005496792
   -1.294336173   26.009891778  -88.695415703
   -1.281769803   24.893032456  -89.007894034
   -1.269203432   23.774333236  -88.988161454
   -1.256637061   22.658176123  -88.637955064
   -1.244070691   21.548237658  -87.953319648
   -1.231504320   20.449075415  -86.929542895
   -1.218937950   19.364410834  -85.622919497
   -1.206371579   18.297996842  -84.037379909
   -1.193805208   17.253133716  -82.215545739
   -1.181238838   16.232328945  -80.208684387
   -1.168672467   15.238098257  -77.984967950
   -1.156106097   14.272850380  -75.591373754
   -1.143539726   13.338549829  -73.067166827
   -1.130973355   12.436663526  -70.427219474
   -1.118406985   11.568559510  -67.695305344
   -1.105840614   10.735172513  -64.915834276
   -1.093274243    9.937006907  -62.098262477
   -1.080707873    9.174224257  -59.330101415
   -1.068141502    8.446570068  -56.486906050
   -1.055575132    7.754736422  -53.643958888
   -1.043008761    7.098075482  -50.880600144
   -1.030442390    6.475954220  -48.142492135
   -1.017876020    5.888162752  -45.412799618
   -1.005309649    5.333867386  -42.808291029
   -0.992743279    4.812245908  -40.227037792
   -0.980176908    4.322262839  -37.778392725
   -0.967610537    3.862469689  -35.400684466
   -0.955044167    3.432483183  -33.047563747
   -0.942477796    3.031312595  -30.840791311
   -0.929911425    2.657755255  -28.626651541
   -0.917345055    2.311825285  -26.447540030
   -0.904778684    1.992502353  -24.391506430
   -0.892212314    1.698636457  -22.415157215
   -0.879645943    1.429420077  -20.441744881
   -0.867079572    1.184730321  -18.512881164
   -0.854513202    0.963713095  -16.648280695
   -0.841946831    0.765787286  -14.826313580
   -0.829380461    0.591033887  -12.981430092
   -0.816814090    0.439261557  -11.174183606
   -0.804247719    0.310176166   -9.399854414
   -0.791681349    0.203259722   -7.632037776
   -0.779114978    0.118429639   -5.842742276
   -0.766548607    0.056570775   -4.012501763
   -0.753982237    0.017345617   -2.247796480
   -0.741415866    0.000000000   -0.481732578
   -0.728849496    0.005172320    1.313756470
   -0.716283125    0.033140338    3.132348374
   -0.703716754    0.083833585    4.903590729
   -0.691150384    0.156718657    6.686611378
   -0.678584013    0.252084725    8.489336206
   -0.666017643    0.369827054   10.254110514
   -0.653451272    0.509307303   11.967042436
   -0.640884901    0.670599735   13.676057811
   -0.628318531    0.852908828   15.329688961
   -0.615752160    1.055637481   16.935708042
   -0.603185789    1.278606031   18.545335865
   -0.590619419    1.521304274   20.074936010
   -0.578053048    1.783246744   21.595141885
   -0.565486678    2.063880545   23.059334091
   -0.552920307    2.362197192   24.393792626
   -0.540353936    2.677059569   25.707455724
   -0.527787566    3.007860838   26.909893302
   -0.515221195    3.352950247   27.996945171
   -0.502654825    3.711477777   29.044325099
   -0.490088454    4.082718130   30.037807108
   -0.477522083    4.465878007   30.938507528
   -0.464955713    4.859753341   31.730133991
   -0.452389342    5.262886782   32.405587254
   -0.439822972    5.674050600   33.001339558
   -0.427256601    6.092064529   33.521009877
   -0.414690230    6.515737227   33.913366279
   -0.402123860    6.944133508   34.239043888
   -0.389557489    7.375696569   34.426397841
   -0.376991118    7.808957687   34.520662867
   -0.364424748    8.243234613   34.571632386
   -0.351858377    8.677350541   34.488581763
   -0.339292007    9.110121334   34.357432879
   -0.326725636    9.540787019   34.171385400
   -0.314159265    9.968780701   33.904676053
   -0.301592895   10.392339771   33.513770697
   -0.289026524   10.810681485   33.071433073
   -0.276460154   11.223116943   32.552542582
   -0.263893783   11.628953215   32.021665360
   -0.251327412   12.027368199   31.396156335
   -0.238761042   12.417734555   30.723480556
   -0.226194671   12.799469864   30.038176982
   -0.213628300   13.172214222   29.288181922
   -0.201061930   13.535093175   28.471703391
   -0.188495559   13.887298506   27.605334191
   -0.175929189   14.229027362   26.735100004
   -0.163362818   14.559429413   25.856001766
   -0.150796447   14.878768892   24.981346474
   -0.138230077   15.187223273   24.094453921
   -0.125663706   15.483949167   23.159861283
   -0.113097336   15.769471858   22.270140073
   -0.100530965   16.044099996   21.430735501
   -0.087964594   16.308220587   20.595756582
   -0.075398224   16.562048242   19.804743574
   -0.062831853   16.806132018   19.048176817
   -0.050265482   17.040595375   18.276035493
   -0.037699112   17.265045266   17.479587833
   -0.025132741   17.479744866   16.735458807
   -0.012566371   17.685893603   16.084463995
    0.000000000   17.884175885   15.478473923
    0.012566371   18.075038393   14.915454926
    0.025132741   18.258999694   14.384680368
    0.037699112   18.436303173   13.849759237
    0.050265482   18.607551589   13.370642017
    0.062831853   18.773024536   12.970306431
    0.075398224   18.933183394   12.555070421
    0.087964594   19.089113589   12.264524049
    0.100530965   19.241560239   12.017580229
    0.113097336   19.391340929   11.810370792
    0.125663706   19.538522314   11.599096518
    0.138230077   19.683082270   11.404493690
    0.150796447   19.825288660   11.216347079
    0.163362818   19.965038203   11.002254503
    0.175929189   20.102672058   10.893556621
    0.188495559   20.238925029   10.780515059
    0.201061930   20.373463218   10.618254174
    0.213628300   20.505864942   10.460622574
    0.226194671   20.636113163   10.280618016
    0.238761042   20.764066086   10.048523340
    0.251327412   20.889149427    9.833063082
    0.263893783   21.011021545    9.534755330
    0.276460154   21.129027546    9.242412282
    0.289026524   21.242950232    8.896418768
    0.301592895   21.352555878    8.539886406
    0.314159265   21.457269642    8.109383981
    0.326725636   21.556406878    7.650783230
    0.339292007   21.649558529    7.162390312
    0.351858377   21.735988608    6.595009983
    0.364424748   21.815003851    5.982778089
    0.376991118   21.885931683    5.278275791
    0.389557489   21.947943274    4.574468222
    0.402123860   22.000669045    3.829633841
    0.414690230   22.044345104    3.107188294
    0.427256601   22.078345955    2.314902276
    0.439822972   22.101965298    1.464251238
    0.452389342   22.114915911    0.634951003
    0.464955713   22.118138603   -0.127813815
    0.477522083   22.111586103   -0.914998397
    0.490088454   22.095127363   -1.699875194
    0.502654825   22.069223475   -2.406071235
    0.515221195   22.034595576   -3.099661668
    0.527787566   21.991525079   -3.719594201
    0.540353936   21.941378372   -4.266549154
    0.552920307   21.884828135   -4.713914423
    0.565486678   21.823437197   -5.043827293
    0.578053048   21.758195633   -5.318957542
    0.590619419   21.690280953   -5.457944611
    0.603185789   21.620703146   -5.579090280
    0.615752160   21.551002639   -5.498375468
    0.628318531   21.482954140   -5.300472319
    0.640884901   21.418016779   -5.007828103
    0.653451272   21.358090520   -4.508059171
    0.666017643   21.304624948   -3.947764752
    0.678584013   21.259556495   -3.212691741
    0.691150384   21.224181766   -2.371276933
    0.703716754   21.200509750   -1.362319920
    0.716283125   21.190222667   -0.254519515
    0.728849496   21.194733413    1.005072302
    0.741415866   21.216037270    2.400404878
    0.753982237   21.255339536    3.873437822
    0.766548607   21.313951938    5.475380030
    0.779114978   21.393275256    7.158587879
    0.791681349   21.494168506    8.912085831
    0.804247719   21.617363296   10.728061685
    0.816814090   21.764113495   12.617170607
    0.829380461   21.934774935   14.549161263
    0.841946831   22.130063557   16.544810725
    0.854513202   22.350542539   18.509615765
    0.867079572   22.595757201   20.502285823
    0.879645943   22.865723365   22.472897451
    0.892212314   23.160633488   24.461079787
    0.904778684   23.480418081   26.413536727
    0.917345055   23.824585181   28.340679060
    0.929911425   24.192242209   30.165992155
    0.942477796   24.582523366   31.920817117
    0.955044167   24.994598761   33.645577744
    0.967610537   25.427631303   35.256945325
    0.980176908   25.880014332   36.732259482
    0.992743279   26.350678842   38.160207056
    1.005309649   26.838603365   39.458253527
    1.017876020   27.342062170   40.654485015
    1.030442390   27.859789407   41.721427198
    1.043008761   28.390243443   42.675805941
    1.055575132   28.932064011   43.525859348
    1.068141502   29.483556437   44.213430836
    1.080707873   30.042872964   44.802434797
    1.093274243   30.608862826   45.250779216
    1.105840614   31.179423681   45.511632887
    1.118406985   31.752783764   45.726350179
    1.130973355   32.327927315   45.784573117
    1.143539726   32.902615810   45.674024319
    1.156106097   33.475345848   45.475923886
    1.168672467   34.045339417   45.212512667
    1.181238838   34.611109252   44.796720618
    1.193805208   35.170959616   44.314874191
    1.206371579   35.724420413   43.759442469
    1.218937950   36.270028455   43.070431227
    1.231504320   36.806567936   42.310334727
    1.244070691   37.332859476   41.427060528
    1.256637061   37.847729700   40.516544711
    1.269203432   38.350489058   39.488936487
    1.281769803   38.840463806   38.485448945
    1.294336173   39.317393314   37.394653356
    1.306902544   39.780158659   36.247552099
    1.319468915   40.227998396   35.043129397
    1.332035285   40.660589570   33.804994760
    1.344601656   41.077608981   32.548386902
    1.357168026   41.478617756   31.257713248
    1.369734397   41.863081712   29.927726261
    1.382300768   42.230746927   28.598307583
    1.394867138   42.581850834   27.277147621
    1.407433509   42.916453837   25.987349481
    1.419999879   43.234647103   24.649474046
    1.432566250   43.536241906   23.360856653
    1.445132621   43.821971800   22.129693200
    1.457698991   44.091501708   20.807311082
    1.470265362   44.345379267   19.585589128
    1.482831732   44.583719337   18.363362274
    1.495398103   44.807216483   17.217069570
    1.507964474   45.016444037   16.088655463
    1.520530844   45.212081919   15.054190210
    1.533097215   45.394736124   14.004429344
    1.545663586   45.564534470   13.019958609
    1.558229956   45.722285664   12.096286677
    1.570796327   45.868267464   11.144730591
    1.583362697   46.002953869   10.309282386
    1.595929068   46.127314663    9.473554533
    1.608495439   46.241587856    8.717055332
    1.621061809   46.346839039    8.006837198
    1.633628180   46.443357367    7.337754719
    1.646194550   46.531789750    6.739054428
    1.658760921   46.612908231    6.176151696
    1.671327292   46.687187146    5.650030536
    1.683893662   46.755133501    5.176834318
    1.696460033   46.817519844    4.737952918
    1.709026404   46.874552257    4.339374358
    1.721592774   46.926480670    3.926904598
    1.734159145   46.972873864    3.477605514
    1.746725515   47.014616039    3.163366728
    1.759291886   47.052427048    2.861741364
    1.771858257   47.086242134    2.533208960
    1.784424627   47.116362110    2.266052593
    1.796990998   47.142820776    1.958725102
    1.809557368   47.165896695    1.743744344
    1.822123739   47.185694664    1.425990890
    1.834690110   47.201988053    1.183497952
    1.847256480   47.215174527    0.935851615
    1.859822851   47.225713059    0.745494865
    1.872389222   47.234183500    0.608580943
    1.884955592   47.241214455    0.504549504
    1.897521963   47.246828488    0.398278135
    1.910088333   47.251171308    0.295640101
    1.922654704   47.254409922    0.245341626
    1.935221075   47.257145665    0.188057717
    1.947787445   47.259808188    0.239362134
    1.960353816   47.263375044    0.326610917
    1.972920186   47.268149419    0.458248208
    1.985486557   47.274872037    0.623936906
    1.998052928   47.283809358    0.802927799
    2.010619298   47.295227577    1.020051865
    2.023185669   47.309908587    1.325277277
    2.035752040   47.328791140    1.691816641
    2.048318410   47.352420511    2.094646548
    2.060884781   47.381580566    2.566698484
    2.073451151   47.417044647    3.091941468
    2.086017522   47.459471562    3.677879080
    2.098583893   47.509555273    4.313340306
    2.111150263   47.567832840    4.964785180
    2.123716634   47.634688297    5.670820108
    2.136283004   47.710476928    6.415365029
    2.148849375   47.795932242    7.198489971
    2.161415746   47.891544409    8.031586455
    2.173982116   47.997880345    8.903840751
    2.186548487   48.115258263    9.778863554
    2.199114858   48.243406234   10.627661911
    2.211681228   48.381846817   11.450304895
    2.224247599   48.531291322   12.338121061
    2.236813969   48.691872144   13.197578145
    2.249380340   48.862908914   14.008773994
    2.261946711   49.043800824   14.798960379
    2.274513081   49.234966033   15.616573052
    2.287079452   49.436027023   16.355908262
    2.299645822   49.646144045   17.070518929
    2.312212193   49.864896168   17.742436882
    2.324778564   50.092135105   18.422116689
    2.337344934   50.327678229   19.042326243
    2.349911305   50.570839775   19.653424807
    2.362477675   50.821430882   20.196645573
    2.375044046   51.078312477   20.678939242
    2.387610417   51.341325484   21.166312111
    2.400176787   51.610051144   21.569077534
    2.412743158   51.883546376   21.975640271
    2.425309529   52.162314048   22.367625634
    2.437875899   52.445857506   22.766004959
    2.450442270   52.734429748   23.121549567
    2.463008640   53.027281187   23.488929543
    2.475575011   53.324813581   23.868005769
    2.488141382   53.626950203   24.218746864
    2.500707752   53.933722644   24.606193279
    2.513274123   54.245641048   25.032188971
    2.525840493   54.562504859   25.425086058
    2.538406864   54.884727241   25.864975145
    2.550973235   55.212684954   26.327576308
    2.563539605   55.546614877   26.815257518
    2.576105976   55.886752740   27.338090363
    2.588672347   56.233558103   27.854573545
    2.601238717   56.587090411   28.412989491
    2.613805088   56.947732597   28.992571110
    2.626371458   57.315443921   29.537251071
    2.638937829   57.689941540   30.084950951
    2.651504200   58.071930283   30.674998964
    2.664070570   58.460996477   31.237533450
    2.676636941   58.857280249   31.821211156
    2.689203311   59.260508724   32.336569163
    2.701769682   59.669823384   32.794634531
    2.714336053   60.084569813   33.214926699
    2.726902423   60.504245439   33.575629530
    2.739468794   60.927995829   33.851696402
    2.752035165   61.354433676   33.980026083
    2.764601535   61.781652757   33.989167537
    2.777167906   62.208385160   33.915073029
    2.789734276   62.633472919   33.692263003
    2.802300647   63.054802778   33.341120425
    2.814867018   63.470860148   32.838210957
    2.827433388   63.879180615   32.130007386
    2.839999759   64.277418254   31.243983107
    2.852566129   64.663906541   30.224820182
    2.865132500   65.036386796   29.033693772
    2.877698871   65.392205421   27.582732295
    2.890265241   65.729210868   26.022263699
    2.902831612   66.045375875   24.249221694
    2.915397983   66.338138338   22.332059473
    2.927964353   66.605529115   20.197097104
    2.940530724   66.845500843   17.977805650
    2.953097094   67.056241955   15.503803428
    2.965663465   67.235549915   12.990136576
    2.978229836   67.382264179   10.363237010
    2.990796206   67.495390550    7.627488605
    3.003362577   67.573721965    4.813817460
    3.015928947   67.616018052    1.921560371
    3.028495318   67.621897724   -1.026882156
    3.041061689   67.590202903   -4.011267829
    3.053628059   67.521176505   -6.960230585
    3.066194430   67.415289076   -9.890185840
    3.078760801   67.272353939  -12.833530160
    3.091327171   67.093339201  -15.661008645
    3.103893542   66.879277939  -18.393931050
    3.116459912   66.631187302  -21.072482508
    3.129026283   66.350129167  -23.650038520
