#! FIELDS psi3 ffpsi3 dffpsi3_psi3
#! SET min_psi3 -pi
#! SET max_psi3 pi
#! SET nbins_psi3  100
#! SET periodic_psi3 true
 -3.141593 8.641703 13.966012
 -3.078761 9.767472 21.065695
 -3.015929 11.106950 21.791930
 -2.953097 12.594865 24.429985
 -2.890265 14.066669 22.359515
 -2.827433 15.418364 20.384753
 -2.764602 16.734828 22.556622
 -2.701770 18.292449 25.948240
 -2.638938 19.933940 27.405492
 -2.576106 21.850391 31.247649
 -2.513274 23.443644 18.412043
 -2.450442 24.375436 13.257949
 -2.387610 25.258794 12.505950
 -2.324779 25.703027 2.511508
 -2.261947 25.729901 -1.513876
 -2.199115 25.751837 5.212837
 -2.136283 26.442381 14.151259
 -2.073451 27.180800 8.244659
 -2.010619 27.602456 6.852641
 -1.947787 27.949750 -0.604607
 -1.884956 27.292997 -14.303233
 -1.822124 26.851784 0.263433
 -1.759292 27.137295 9.599423
 -1.696460 28.161705 20.330457
 -1.633628 29.028508 3.571145
 -1.570796 28.455025 -25.645009
 -1.507964 25.543165 -59.328132
 -1.445133 22.240081 -40.044545
 -1.382301 20.520006 -22.221458
 -1.319469 18.547137 -34.665692
 -1.256637 17.138994 -10.789226
 -1.193805 16.402928 -17.703837
 -1.130973 14.886796 -29.937523
 -1.068142 12.835016 -31.811027
 -1.005310 11.131693 -23.651322
 -0.942478 9.613674 -25.219706
 -0.879646 8.089759 -21.665427
 -0.816814 6.998658 -13.889552
 -0.753982 6.070003 -17.637784
 -0.691150 4.780508 -21.819525
 -0.628319 3.549644 -16.332733
 -0.565487 2.706967 -11.507320
 -0.502655 2.009275 -10.775739
 -0.439823 1.383753 -9.074977
 -0.376991 0.849718 -7.850140
 -0.314159 0.477884 -3.461308
 -0.251327 0.359783 -1.450503
 -0.188496 0.231986 -2.151044
 -0.125664 0.175545 0.520516
 -0.062832 0.250920 1.365043
 0.000000 0.377552 3.276892
 0.062832 0.652126 4.596854
 0.125664 0.916508 4.237146
 0.188496 1.261769 7.262464
 0.251327 1.837045 9.951180
 0.314159 2.345882 5.714350
 0.376991 2.610732 3.354738
 0.439823 2.869920 5.580960
 0.502655 3.319440 7.895411
 0.565487 3.732843 4.359696
 0.628319 3.868782 1.084536
 0.691150 4.018857 3.712011
 0.753982 4.302134 5.285133
 0.816814 4.597732 2.962636
 0.879646 4.778906 4.879611
 0.942478 5.241511 7.888437
 1.005310 5.628945 5.194973
 1.068142 6.015420 7.106460
 1.130973 6.458478 5.706508
 1.193805 6.626888 0.838603
 1.256637 6.844555 6.869314
 1.319469 7.332047 6.714982
 1.382301 7.645053 3.578779
 1.445133 7.738310 -0.529138
 1.507964 7.706080 -0.115654
 1.570796 7.733082 1.112934
 1.633628 7.796373 0.023009
 1.696460 7.695542 -3.351565
 1.759292 7.386079 -5.813547
 1.822124 7.084232 -3.669666
 1.884956 6.824778 -5.469305
 1.947787 6.434768 -5.433509
 2.010619 6.333857 2.349735
 2.073451 6.523675 1.239449
 2.136283 6.368653 -4.957562
 2.199115 6.147388 -1.428946
 2.261947 6.064661 -2.395623
 2.324779 5.841877 -4.419231
 2.387610 5.537332 -4.612461
 2.450442 5.373926 -0.456708
 2.513274 5.361804 -1.181889
 2.576106 5.226011 -2.188256
 2.638938 5.129714 -1.540591
 2.701770 5.008611 -1.394143
 2.764602 5.076770 3.452337
 2.827433 5.367852 5.622701
 2.890265 5.786397 7.139448
 2.953097 6.229869 7.606306
 3.015929 6.866711 13.040715
 3.078761 7.791713 14.732859
