#! FIELDS phi2 ffphi2 dffphi2_phi2
#! SET min_phi2 -pi
#! SET max_phi2 pi
#! SET nbins_phi2  100
#! SET periodic_phi2 true
 -3.141593 16.444086 -45.150162
 -3.078761 13.678200 -43.073739
 -3.015929 11.084878 -38.748476
 -2.953097 8.867469 -31.808221
 -2.890265 7.044449 -26.612785
 -2.827433 5.511792 -22.079277
 -2.764602 4.274808 -17.314093
 -2.701770 3.323647 -13.159508
 -2.638938 2.605187 -9.777507
 -2.576106 2.077112 -7.290191
 -2.513274 1.664476 -5.910268
 -2.450442 1.358098 -3.647092
 -2.387610 1.197107 -1.628268
 -2.324779 1.190042 1.795783
 -2.261947 1.396184 3.680188
 -2.199115 1.508637 -0.173301
 -2.136283 1.579878 4.043881
 -2.073451 1.982470 6.975922
 -2.010619 2.293595 2.755965
 -1.947787 2.407658 1.475931
 -1.884956 2.534364 2.574673
 -1.822124 2.661469 0.695283
 -1.759292 2.613526 -1.881054
 -1.696460 2.458769 -2.950440
 -1.633628 2.273033 -2.733502
 -1.570796 2.087005 -4.050327
 -1.507964 1.700489 -7.912496
 -1.445133 1.200691 -7.263340
 -1.382301 0.844427 -4.078676
 -1.319469 0.637499 -2.858248
 -1.256637 0.504673 -1.124449
 -1.193805 0.506357 1.056787
 -1.130973 0.625553 2.913245
 -1.068142 0.967100 8.776474
 -1.005310 1.741259 14.920933
 -0.942478 2.732842 16.530417
 -0.879646 3.879611 20.099387
 -0.816814 5.283099 24.725847
 -0.753982 6.955004 27.324353
 -0.691150 8.663400 27.312511
 -0.628319 10.473063 30.248690
 -0.565487 12.448722 31.907536
 -0.502655 14.459130 31.854314
 -0.439823 16.455373 30.753269
 -0.376991 18.240090 26.094208
 -0.314159 19.905382 27.207012
 -0.251327 21.604381 26.075418
 -0.188496 23.144285 21.865014
 -0.125664 24.285004 14.654302
 -0.062832 25.097817 11.421114
 0.000000 25.687715 6.676793
 0.062832 25.933760 1.487165
 0.125664 25.881551 -3.446394
 0.188496 25.526723 -7.718741
 0.251327 24.854368 -14.221581
 0.314159 23.804982 -17.808848
 0.376991 22.759075 -15.202651
 0.439823 21.835451 -14.886554
 0.502655 20.849715 -16.453188
 0.565487 19.838567 -14.810906
 0.628319 19.034526 -11.103638
 0.691150 18.449734 -6.974146
 0.753982 18.150114 -3.383245
 0.816814 17.980111 -1.640132
 0.879646 17.993540 1.948636
 0.942478 18.221798 5.848996
 1.005310 18.796949 12.249917
 1.068142 19.725378 17.533211
 1.130973 21.065225 24.867483
 1.193805 22.733060 27.113127
 1.256637 24.510560 30.818971
 1.319469 26.833175 43.553163
 1.382301 29.888261 51.668742
 1.445133 33.246730 54.185478
 1.507964 36.692504 54.234405
 1.570796 40.224859 58.196596
 1.633628 44.052977 60.302437
 1.696460 47.524392 47.631006
 1.759292 50.339735 43.123805
 1.822124 53.035968 40.922068
 1.884956 55.433620 35.527494
 1.947787 57.596038 32.308649
 2.010619 59.442468 26.353924
 2.073451 60.985321 22.220445
 2.136283 62.068155 10.778975
 2.199115 62.399540 -0.170992
 2.261947 61.912184 -15.650106
 2.324779 60.559539 -27.011387
 2.387610 58.536970 -36.408471
 2.450442 56.097755 -41.442402
 2.513274 53.180298 -52.092683
 2.576106 49.717475 -56.070286
 2.638938 46.165044 -58.388735
 2.701770 42.256029 -65.480426
 2.764602 38.123392 -64.632152
 2.827433 34.149263 -62.841573
 2.890265 30.155137 -63.541321
 2.953097 26.296903 -58.908915
 3.015929 22.719688 -55.051946
 3.078761 19.415112 -49.841607
