#! FIELDS phi2 file.free der_phi2
#! SET min_phi2 -pi
#! SET max_phi2 pi
#! SET nbins_phi2  500
#! SET periodic_phi2 true
   -3.141592654   41.041542998   -0.599508672
   -3.129026283   41.039371276    0.254290709
   -3.116459912   41.047927916    1.142177333
   -3.103893542   41.067747217    2.020401648
   -3.091327171   41.098749562    2.937455322
   -3.078760801   41.141830869    3.908324416
   -3.066194430   41.197020784    4.858054452
   -3.053628059   41.264203597    5.816371486
   -3.041061689   41.343266726    6.790773891
   -3.028495318   41.434544163    7.756474609
   -3.015928947   41.538293214    8.769392341
   -3.003362577   41.654844912    9.781056551
   -2.990796206   41.784293679   10.806709504
   -2.978229836   41.926547222   11.815176101
   -2.965663465   42.081536836   12.853086216
   -2.953097094   42.249492013   13.855094662
   -2.940530724   42.430002676   14.865218978
   -2.927964353   42.622837795   15.811743165
   -2.915397983   42.827292516   16.731452716
   -2.902831612   43.043519527   17.661153505
   -2.890265241   43.271137320   18.553457242
   -2.877698871   43.509305577   19.370002878
   -2.865132500   43.757594471   20.149495696
   -2.852566129   44.015425810   20.863949464
   -2.839999759   44.281993657   21.536234305
   -2.827433388   44.555960557   22.077204489
   -2.814867018   44.836440464   22.563275475
   -2.802300647   45.122636476   22.972554087
   -2.789734276   45.413285856   23.286548695
   -2.777167906   45.707620346   23.528986527
   -2.764601535   46.004167311   23.644467305
   -2.752035165   46.301932878   23.725556286
   -2.739468794   46.599690182   23.634191666
   -2.726902423   46.895858905   23.507826947
   -2.714336053   47.190075386   23.297145582
   -2.701769682   47.480811427   22.977363712
   -2.689203311   47.767420528   22.603938575
   -2.676636941   48.048673096   22.137771326
   -2.664070570   48.323473725   21.593340520
   -2.651504200   48.590781071   20.957885928
   -2.638937829   48.849419569   20.208024387
   -2.626371458   49.098438311   19.416092060
   -2.613805088   49.337418842   18.609163077
   -2.601238717   49.565648800   17.699860100
   -2.588672347   49.782377451   16.775348593
   -2.576105976   49.987023803   15.784182235
   -2.563539605   50.178774669   14.741002274
   -2.550973235   50.357420507   13.695260412
   -2.538406864   50.522592550   12.592023435
   -2.525840493   50.673888010   11.500677394
   -2.513274123   50.811312341   10.388915447
   -2.500707752   50.934807226    9.247214828
   -2.488141382   51.043644777    8.084680681
   -2.475575011   51.137844842    6.926735280
   -2.463008640   51.217505768    5.740732839
   -2.450442270   51.282426807    4.592577913
   -2.437875899   51.333092088    3.466382477
   -2.425309529   51.369657521    2.325085245
   -2.412743158   51.392000733    1.226260497
   -2.400176787   51.400485958    0.118050500
   -2.387610417   51.395081895   -0.968221557
   -2.375044046   51.375467488   -2.135599617
   -2.362477675   51.341660745   -3.231117440
   -2.349911305   51.294203750   -4.331690326
   -2.337344934   51.232537833   -5.484009163
   -2.324778564   51.156408633   -6.630887410
   -2.312212193   51.065577035   -7.796285336
   -2.299645822   50.960263685   -8.960676610
   -2.287079452   50.840259919  -10.154074893
   -2.274513081   50.705439180  -11.307743338
   -2.261946711   50.555875073  -12.516031429
   -2.249380340   50.391108751  -13.690064828
   -2.236813969   50.211359238  -14.939493569
   -2.224247599   50.016111313  -16.131090513
   -2.211681228   49.805778804  -17.329594970
   -2.199114858   49.580005099  -18.597610966
   -2.186548487   49.338174286  -19.860535052
   -2.173982116   49.080587501  -21.107045552
   -2.161415746   48.807935755  -22.299043787
   -2.148849375   48.519717314  -23.545761396
   -2.136283004   48.216305792  -24.747632610
   -2.123716634   47.897604033  -25.957689952
   -2.111150263   47.563928154  -27.128755408
   -2.098583893   47.215769285  -28.290515745
   -2.086017522   46.852701160  -29.489885189
   -2.073451151   46.474997238  -30.617491875
   -2.060884781   46.083212633  -31.759020581
   -2.048318410   45.676867828  -32.917246638
   -2.035752040   45.256590517  -33.995872902
   -2.023185669   44.822886432  -35.035829553
   -2.010619298   44.375783862  -36.085644527
   -1.998052928   43.916152715  -37.071950665
   -1.985486557   43.444196511  -38.069141795
   -1.972920186   42.959850163  -39.011345743
   -1.960353816   42.463625295  -39.961513016
   -1.947787445   41.955542159  -40.899159286
   -1.935221075   41.435947334  -41.798147950
   -1.922654704   40.904820822  -42.710733752
   -1.910088333   40.362530885  -43.588843849
   -1.897521963   39.809373387  -44.459686670
   -1.884955592   39.245151169  -45.331195704
   -1.872389222   38.669616929  -46.272199875
   -1.859822851   38.083058792  -47.102975307
   -1.847256480   37.485614921  -47.983416743
   -1.834690110   36.877425990  -48.849590568
   -1.822123739   36.258432835  -49.686710687
   -1.809557368   35.628886495  -50.501693364
   -1.796990998   34.989019875  -51.317607469
   -1.784424627   34.339162659  -52.116575359
   -1.771858257   33.679331804  -52.897080472
   -1.759291886   33.009423378  -53.722063772
   -1.746725515   32.329419997  -54.497837473
   -1.734159145   31.639723542  -55.278681157
   -1.721592774   30.940584203  -56.012550679
   -1.709026404   30.231759275  -56.782510033
   -1.696460033   29.513983905  -57.444934568
   -1.683893662   28.787711676  -58.150816064
   -1.671327292   28.053463476  -58.710934227
   -1.658760921   27.312045363  -59.260035687
   -1.646194550   26.564277793  -59.742473726
   -1.633628180   25.811038853  -60.129121071
   -1.621061809   25.053168348  -60.463210911
   -1.608495439   24.291812770  -60.698670084
   -1.595929068   23.527719667  -60.900370944
   -1.583362697   22.761897773  -60.985827874
   -1.570796327   21.995206736  -60.996865040
   -1.558229956   21.228951809  -60.933002773
   -1.545663586   20.463930526  -60.791852537
   -1.533097215   19.701334982  -60.581456576
   -1.520530844   18.942179225  -60.232362286
   -1.507964474   18.187574188  -59.824184670
   -1.495398103   17.439168223  -59.269316800
   -1.482831732   16.697805916  -58.682571707
   -1.470265362   15.964879538  -57.946061968
   -1.457698991   15.241275302  -57.195341021
   -1.445132621   14.527823349  -56.320126812
   -1.432566250   13.825775524  -55.449324844
   -1.419999879   13.135295475  -54.422713188
   -1.407433509   12.458228830  -53.337967216
   -1.394867138   11.794912634  -52.209933558
   -1.382300768   11.146254009  -51.026449265
   -1.369734397   10.513023472  -49.749471912
   -1.357168026    9.895908120  -48.453585038
   -1.344601656    9.295646291  -47.111630856
   -1.332035285    8.712483862  -45.702219575
   -1.319468915    8.147193392  -44.260036343
   -1.306902544    7.600301805  -42.780171474
   -1.294336173    7.071991435  -41.289388272
   -1.281769803    6.562760272  -39.768216674
   -1.269203432    6.072487616  -38.281438583
   -1.256637061    5.600933258  -36.761929884
   -1.244070691    5.148482327  -35.236445167
   -1.231504320    4.715284161  -33.725288466
   -1.218937950    4.301454781  -32.140858555
   -1.206371579    3.907073993  -30.603415664
   -1.193805208    3.532243990  -29.049312289
   -1.181238838    3.176570220  -27.541447199
   -1.168672467    2.840150262  -25.990400643
   -1.156106097    2.523107788  -24.453842180
   -1.143539726    2.225180857  -22.941840147
   -1.130973355    1.946585479  -21.407470787
   -1.118406985    1.686954112  -19.905992553
   -1.105840614    1.446400422  -18.374279491
   -1.093274243    1.225247173  -16.828248723
   -1.080707873    1.023146269  -15.327106835
   -1.068141502    0.839723035  -13.878250792
   -1.055575132    0.674400922  -12.414115276
   -1.043008761    0.527740035  -10.927460886
   -1.030442390    0.399208632   -9.534622691
   -1.017876020    0.288186367   -8.099929962
   -1.005309649    0.195448451   -6.659302501
   -0.992743279    0.120851035   -5.210232137
   -0.980176908    0.064382265   -3.780687297
   -0.967610537    0.025737856   -2.378181213
   -0.955044167    0.004380612   -1.025200461
   -0.942477796    0.000000000    0.338768044
   -0.929911425    0.012678212    1.686055718
   -0.917345055    0.042450275    3.054102976
   -0.904778684    0.089151277    4.387663952
   -0.892212314    0.152690950    5.711360878
   -0.879645943    0.232526501    6.988147253
   -0.867079572    0.328232746    8.250431352
   -0.854513202    0.439883724    9.498888414
   -0.841946831    0.567134183   10.758322902
   -0.829380461    0.709970413   11.984524769
   -0.816814090    0.868031880   13.173698919
   -0.804247719    1.040726765   14.295264281
   -0.791681349    1.227915469   15.486068735
   -0.779114978    1.429777647   16.630854319
   -0.766548607    1.645692554   17.725539975
   -0.753982237    1.875233956   18.810925772
   -0.741415866    2.118351974   19.883516058
   -0.728849496    2.374821159   20.922086108
   -0.716283125    2.643982033   21.939243962
   -0.703716754    2.925956563   22.950835113
   -0.691150384    3.220383724   23.924008228
   -0.678584013    3.526517690   24.812603756
   -0.666017643    3.844243717   25.752624640
   -0.653451272    4.173585711   26.662424533
   -0.640884901    4.514522587   27.590084195
   -0.628318531    4.866734843   28.466491248
   -0.615752160    5.230064022   29.346315907
   -0.603185789    5.604205597   30.193936486
   -0.590619419    5.989055315   31.061834988
   -0.578053048    6.384703826   31.888515629
   -0.565486678    6.790314107   32.658871833
   -0.552920307    7.204888572   33.347389998
   -0.540353936    7.628752253   34.114721310
   -0.527787566    8.062156234   34.873299380
   -0.515221195    8.504998856   35.600119278
   -0.502654825    8.957118247   36.349847696
   -0.490088454    9.418250096   37.049357786
   -0.477522083    9.888406459   37.778627408
   -0.464955713   10.367182888   38.432888496
   -0.452389342   10.854685953   39.133545600
   -0.439822972   11.350697773   39.791507446
   -0.427256601   11.854467163   40.369306177
   -0.414690230   12.365652311   40.975509780
   -0.402123860   12.884561932   41.608637701
   -0.389557489   13.411124444   42.179791524
   -0.376991118   13.944561452   42.733106833
   -0.364424748   14.484698043   43.236398667
   -0.351858377   15.031179676   43.720717405
   -0.339292007   15.583721683   44.189491648
   -0.326725636   16.141092358   44.511075859
   -0.314159265   16.702867335   44.892774816
   -0.301592895   17.269109253   45.218145900
   -0.289026524   17.839227253   45.500234183
   -0.276460154   18.412393049   45.727523601
   -0.263893783   18.988201574   45.884178663
   -0.251327412   19.565473150   45.971637002
   -0.238761042   20.143641442   46.038749290
   -0.226194671   20.721833893   45.991792866
   -0.213628300   21.299069585   45.877880664
   -0.201061930   21.874366777   45.656572982
   -0.188495559   22.446361080   45.364981760
   -0.175929189   23.014079851   44.974377731
   -0.163362818   23.576437076   44.501828578
   -0.150796447   24.131723482   43.881260325
   -0.138230077   24.678955389   43.205127460
   -0.125663706   25.216903503   42.382590992
   -0.113097336   25.744005580   41.498815107
   -0.100530965   26.259395378   40.517221593
   -0.087964594   26.761707637   39.391292235
   -0.075398224   27.248892167   38.153304061
   -0.062831853   27.719996605   36.815305842
   -0.050265482   28.173482648   35.344043788
   -0.037699112   28.608315087   33.815949310
   -0.025132741   29.022808083   32.164671436
   -0.012566371   29.416034588   30.416836438
    0.000000000   29.787056844   28.587887799
    0.012566371   30.134566769   26.716907704
    0.025132741   30.458074649   24.763347970
    0.037699112   30.756563847   22.751698048
    0.050265482   31.029574253   20.692829293
    0.062831853   31.276086397   18.556028011
    0.075398224   31.496077915   16.443018730
    0.087964594   31.689594104   14.350174121
    0.100530965   31.856450686   12.186317754
    0.113097336   31.996252606   10.070787907
    0.125663706   32.109419819    7.956183578
    0.138230077   32.196328576    5.876206504
    0.150796447   32.257393487    3.852921110
    0.163362818   32.293090587    1.825274528
    0.175929189   32.303656143   -0.127369488
    0.188495559   32.290105330   -2.029007669
    0.201061930   32.253121228   -3.852464313
    0.213628300   32.193459791   -5.619084708
    0.226194671   32.112153529   -7.300080706
    0.238761042   32.010365447   -8.879356557
    0.251327412   31.888777244  -10.437241967
    0.263893783   31.748509671  -11.845244619
    0.276460154   31.591452597  -13.134419522
    0.289026524   31.418498816  -14.368498096
    0.301592895   31.231033726  -15.461018689
    0.314159265   31.030123368  -16.501314592
    0.326725636   30.816466663  -17.482162481
    0.339292007   30.590856165  -18.399510721
    0.351858377   30.355009673  -19.141933851
    0.364424748   30.110103865  -19.826531768
    0.376991118   29.857011513  -20.433879196
    0.389557489   29.597137630  -20.914878760
    0.402123860   29.331531442  -21.367756773
    0.414690230   29.060704492  -21.723565567
    0.427256601   28.785557600  -22.044642772
    0.439822972   28.507145420  -22.268262024
    0.452389342   28.226175045  -22.440507875
    0.464955713   27.943516863  -22.534136952
    0.477522083   27.659846789  -22.591696668
    0.490088454   27.375809391  -22.619655801
    0.502654825   27.091583030  -22.607186098
    0.515221195   26.807743158  -22.554095305
    0.527787566   26.524811123  -22.470477860
    0.540353936   26.243315090  -22.328977690
    0.552920307   25.964098119  -22.106416526
    0.565486678   25.687601613  -21.902879915
    0.578053048   25.414177569  -21.621834054
    0.590619419   25.144313773  -21.327032351
    0.603185789   24.878633361  -20.983803664
    0.615752160   24.617294867  -20.588414108
    0.628318531   24.360800240  -20.202493350
    0.640884901   24.109250209  -19.821053804
    0.653451272   23.862811550  -19.371824153
    0.666017643   23.622306320  -18.877535007
    0.678584013   23.388404166  -18.360022624
    0.691150384   23.160885299  -17.837877438
    0.703716754   22.939780087  -17.333449264
    0.716283125   22.725711616  -16.724238582
    0.728849496   22.519299079  -16.145150178
    0.741415866   22.319527883  -15.628413245
    0.753982237   22.127314267  -14.979337697
    0.766548607   21.943353144  -14.293169396
    0.779114978   21.767967038  -13.624284040
    0.791681349   21.600860503  -12.954832095
    0.804247719   21.442361338  -12.286165585
    0.816814090   21.292198231  -11.615567472
    0.829380461   21.150592086  -10.937649964
    0.841946831   21.017373840  -10.256118213
    0.854513202   20.892724790   -9.572862933
    0.867079572   20.776626491   -8.890788387
    0.879645943   20.669046253   -8.240120851
    0.892212314   20.569488699   -7.593072229
    0.904778684   20.478143986   -6.943831717
    0.917345055   20.394528286   -6.362941113
    0.929911425   20.318285654   -5.781177560
    0.942477796   20.249480958   -5.178449255
    0.955044167   20.188061816   -4.609297939
    0.967610537   20.133385966   -4.075546582
    0.980176908   20.085655355   -3.524784842
    0.992743279   20.044625574   -3.013168625
    1.005309649   20.009333876   -2.598396260
    1.017876020   19.979348447   -2.163418000
    1.030442390   19.954909132   -1.719046453
    1.043008761   19.936065547   -1.284544078
    1.055575132   19.922664282   -0.870402556
    1.068141502   19.914473010   -0.432984192
    1.080707873   19.911624823   -0.037548926
    1.093274243   19.913244739    0.328012234
    1.105840614   19.919933564    0.750323725
    1.118406985   19.931973327    1.185507793
    1.130973355   19.949554850    1.620894497
    1.143539726   19.972761394    2.084524180
    1.156106097   20.001992050    2.569271299
    1.168672467   20.037521115    3.097541862
    1.181238838   20.079931033    3.661923084
    1.193805208   20.129573039    4.245314588
    1.206371579   20.186512129    4.796770816
    1.218937950   20.250740768    5.454384139
    1.231504320   20.323778209    6.150590501
    1.244070691   20.405564960    6.893540891
    1.256637061   20.497335848    7.736319579
    1.269203432   20.600185056    8.643490816
    1.281769803   20.714527718    9.560833284
    1.294336173   20.841009788   10.583917031
    1.306902544   20.980881912   11.691311297
    1.319468915   21.135194786   12.881156616
    1.332035285   21.304699341   14.113728657
    1.344601656   21.489818820   15.374301704
    1.357168026   21.690998474   16.664263832
    1.369734397   21.909418479   18.113097688
    1.382300768   22.146140383   19.572561993
    1.394867138   22.401310363   21.062986338
    1.407433509   22.676120543   22.662493314
    1.419999879   22.971271033   24.323896313
    1.432566250   23.287661221   26.012971983
    1.445132621   23.625130567   27.731916551
    1.457698991   23.984674609   29.506316207
    1.470265362   24.366267622   31.235169841
    1.482831732   24.770092705   33.014229693
    1.495398103   25.196245951   34.818559637
    1.507964474   25.644691677   36.568296567
    1.520530844   26.115538112   38.358442485
    1.533097215   26.608456791   40.067468728
    1.545663586   27.122588661   41.743452342
    1.558229956   27.657719847   43.409558746
    1.570796327   28.213066301   44.973918930
    1.583362697   28.787927361   46.482982172
    1.595929068   29.381011612   47.906363613
    1.608495439   29.991602352   49.239870164
    1.621061809   30.618111708   50.464671218
    1.633628180   31.259642090   51.620395192
    1.646194550   31.914403919   52.582233032
    1.658760921   32.581025846   53.496999906
    1.671327292   33.258201722   54.252629550
    1.683893662   33.943773800   54.836523773
    1.696460033   34.635971786   55.290968098
    1.709026404   35.333034878   55.613254521
    1.721592774   36.032891401   55.755536439
    1.734159145   36.733692329   55.731106608
    1.746725515   37.433120280   55.519314049
    1.759291886   38.128915743   55.203473568
    1.771858257   38.819907359   54.746245355
    1.784424627   39.503807688   54.100864677
    1.796990998   40.179052883   53.346345396
    1.809557368   40.843985972   52.458731392
    1.822123739   41.497115534   51.468771030
    1.834690110   42.136743223   50.312142054
    1.847256480   42.761183120   49.067163220
    1.859822851   43.369402905   47.690946948
    1.872389222   43.959290038   46.183523610
    1.884955592   44.529863643   44.604249273
    1.897521963   45.080246937   42.986764968
    1.910088333   45.609693489   41.274830491
    1.922654704   46.117331218   39.519781437
    1.935221075   46.602394517   37.689029739
    1.947787445   47.064248562   35.795705468
    1.960353816   47.502321635   33.910524344
    1.972920186   47.916531241   32.012105626
    1.985486557   48.306697857   30.114069623
    1.998052928   48.673064984   28.201299006
    2.010619298   49.015810521   26.312731213
    2.023185669   49.334633112   24.459406772
    2.035752040   49.630356847   22.612041373
    2.048318410   49.903272383   20.808875856
    2.060884781   50.153332366   19.018788294
    2.073451151   50.381844550   17.361566222
    2.086017522   50.589520434   15.702534876
    2.098583893   50.776565413   14.086591647
    2.111150263   50.944151373   12.590593077
    2.123716634   51.093359584   11.166904678
    2.136283004   51.224989822    9.763671542
    2.148849375   51.339484364    8.479023877
    2.161415746   51.438347168    7.272497260
    2.173982116   51.521937990    6.054803497
    2.186548487   51.591025245    4.944997278
    2.199114858   51.646455851    3.882474757
    2.211681228   51.688996621    2.881013238
    2.224247599   51.719272170    1.942349233
    2.236813969   51.738119700    1.045905974
    2.249380340   51.746018800    0.220414928
    2.261946711   51.743340076   -0.612950517
    2.274513081   51.730783013   -1.391421469
    2.287079452   51.708567734   -2.138959635
    2.299645822   51.677111510   -2.857433232
    2.312212193   51.636814886   -3.560819373
    2.324778564   51.587819987   -4.236721505
    2.337344934   51.529985909   -4.946293145
    2.349911305   51.463994159   -5.565142614
    2.362477675   51.389909033   -6.224886006
    2.375044046   51.307344747   -6.903026662
    2.387610417   51.216474624   -7.569839386
    2.400176787   51.117468248   -8.194072725
    2.412743158   51.010490090   -8.824999877
    2.425309529   50.895735553   -9.421778629
    2.437875899   50.773522397  -10.009838972
    2.450442270   50.643908047  -10.621938670
    2.463008640   50.506278497  -11.276335851
    2.475575011   50.360497329  -11.903365648
    2.488141382   50.206915319  -12.536856334
    2.500707752   50.045499248  -13.203798317
    2.513274123   49.876213039  -13.739690277
    2.525840493   49.699943091  -14.309567869
    2.538406864   49.516412061  -14.871795524
    2.550973235   49.326123283  -15.417689599
    2.563539605   49.128729549  -15.961361792
    2.576105976   48.925165041  -16.443046737
    2.588672347   48.715619224  -16.902537016
    2.601238717   48.500410287  -17.361090676
    2.613805088   48.279748257  -17.768349656
    2.626371458   48.054104155  -18.143133297
    2.638937829   47.823822907  -18.518344174
    2.651504200   47.588770286  -18.862435474
    2.664070570   47.350017603  -19.141694477
    2.676636941   47.108019108  -19.364051417
    2.689203311   46.863433577  -19.548129722
    2.701769682   46.616902873  -19.669516496
    2.714336053   46.369413276  -19.708515459
    2.726902423   46.121783255  -19.704522513
    2.739468794   45.874400760  -19.645587518
    2.752035165   45.628083714  -19.540887799
    2.764601535   45.383111185  -19.446468737
    2.777167906   45.139807789  -19.277491128
    2.789734276   44.898993781  -19.014869475
    2.802300647   44.661855061  -18.714352242
    2.814867018   44.428759955  -18.367019128
    2.827433388   44.200440062  -17.970942372
    2.839999759   43.977190999  -17.545346094
    2.852566129   43.759587276  -17.093415733
    2.865132500   43.547974909  -16.596788323
    2.877698871   43.342827159  -16.049682611
    2.890265241   43.144729375  -15.471585014
    2.902831612   42.954281791  -14.841759023
    2.915397983   42.771863624  -14.205558216
    2.927964353   42.597625865  -13.525037954
    2.940530724   42.431762052  -12.860056550
    2.953097094   42.274618982  -12.164314123
    2.965663465   42.126293783  -11.451512568
    2.978229836   41.986774063  -10.759170790
    2.990796206   41.856004969  -10.027446678
    3.003362577   41.734545181   -9.310686578
    3.015928947   41.622160812   -8.554125396
    3.028495318   41.519660985   -7.784971493
    3.041061689   41.426795407   -6.992873046
    3.053628059   41.343581238   -6.236735814
    3.066194430   41.270098090   -5.451448716
    3.078760801   41.206819582   -4.622937635
    3.091327171   41.153634460   -3.825610036
    3.103893542   41.110571059   -3.025865769
    3.116459912   41.077513723   -2.253085682
    3.129026283   41.054255254   -1.435428954
