#! FIELDS psi2 ffpsi2 dffpsi2_psi2
#! SET min_psi2 -pi
#! SET max_psi2 pi
#! SET nbins_psi2  100
#! SET periodic_psi2 true
 -3.141593 15.356708 49.478297
 -3.078761 18.563115 51.160998
 -3.015929 21.796789 51.135203
 -2.953097 25.076675 52.369450
 -2.890265 28.422586 53.342296
 -2.827433 31.789906 51.849115
 -2.764602 34.871127 44.459238
 -2.701770 37.267795 29.037795
 -2.638938 38.340453 3.583782
 -2.576106 38.022214 -10.171608
 -2.513274 36.944425 -27.181980
 -2.450442 35.049513 -26.741704
 -2.387610 33.642326 -22.245301
 -2.324779 32.256858 -17.680612
 -2.261947 31.471729 -10.414093
 -2.199115 30.814012 -10.501701
 -2.136283 29.744825 -27.373554
 -2.073451 27.742034 -29.474382
 -2.010619 26.360554 -16.646028
 -1.947787 25.450846 -11.392920
 -1.884956 24.784301 -14.747900
 -1.822124 23.681110 -12.126624
 -1.759292 23.896519 17.368176
 -1.696460 24.719224 -3.183413
 -1.633628 23.714677 -17.792892
 -1.570796 23.316065 6.824454
 -1.507964 24.174160 11.777685
 -1.445133 23.925995 -17.138888
 -1.382301 22.794357 -15.821673
 -1.319469 21.956539 -10.073216
 -1.256637 21.889503 9.712821
 -1.193805 22.795883 12.541078
 -1.130973 23.229955 5.240118
 -1.068142 23.743738 9.327089
 -1.005310 23.952325 -3.354864
 -0.942478 23.979126 8.977995
 -0.879646 24.851550 11.503370
 -0.816814 24.910769 -7.924841
 -0.753982 24.394379 -4.253802
 -0.691150 24.514313 5.314306
 -0.628319 24.592351 -4.715009
 -0.565487 23.908826 -17.811751
 -0.502655 22.408140 -27.031990
 -0.439823 20.714046 -28.768741
 -0.376991 18.615482 -34.430084
 -0.314159 17.029070 -14.359153
 -0.251327 16.475253 -8.321084
 -0.188496 15.593812 -18.566719
 -0.125664 14.661038 -7.673181
 -0.062832 14.599465 1.964298
 0.000000 14.482782 -5.684606
 0.062832 14.107507 -4.966545
 0.125664 13.917546 -2.180690
 0.188496 13.608634 -8.143130
 0.251327 13.020747 -9.173975
 0.314159 12.584794 -4.777875
 0.376991 12.422567 0.347230
 0.439823 12.352612 -9.888451
 0.502655 10.927173 -26.745747
 0.565487 9.875393 -6.319502
 0.628319 9.517994 -11.517672
 0.691150 8.566300 -11.651942
 0.753982 8.541444 9.599102
 0.816814 9.159957 5.272144
 0.879646 9.216703 -1.834702
 0.942478 8.845620 -10.167186
 1.005310 8.252354 -6.410338
 1.068142 8.147443 3.153883
 1.130973 8.510536 6.223619
 1.193805 8.710481 -1.235499
 1.256637 8.373126 -7.513817
 1.319469 7.894356 -8.681833
 1.382301 7.298837 -8.269507
 1.445133 6.991988 -2.832792
 1.507964 6.670629 -8.652154
 1.570796 5.897505 -14.770368
 1.633628 5.103123 -8.944577
 1.696460 4.651756 -7.928969
 1.759292 3.995867 -12.053706
 1.822124 3.238955 -12.251794
 1.884956 2.356841 -15.452262
 1.947787 1.555913 -8.250183
 2.010619 1.344693 0.360789
 2.073451 1.327972 -2.966512
 2.136283 1.057876 -3.665789
 2.199115 0.800588 -6.275617
 2.261947 0.249947 -12.716336
 2.324779 -0.946319 -20.360217
 2.387610 -1.489681 5.086803
 2.450442 -0.736557 13.046033
 2.513274 -0.282569 -2.216644
 2.576106 -0.954635 -9.474149
 2.638938 -0.563990 21.443258
 2.701770 0.950694 20.366576
 2.764602 2.128567 20.073545
 2.827433 3.451587 22.200905
 2.890265 5.175169 32.751000
 2.953097 7.276651 32.740015
 3.015929 9.554589 41.023695
 3.078761 12.342522 45.914738
