#! FIELDS psi2 ffpsi2 dffpsi2_psi2
#! SET min_psi2 -pi
#! SET max_psi2 pi
#! SET nbins_psi2  100
#! SET periodic_psi2 true
 -3.141593 10.737173 72.750383
 -3.078761 16.279117 93.265300
 -3.015929 21.496721 59.965873
 -2.953097 24.864205 46.719583
 -2.890265 27.851590 48.932926
 -2.827433 30.981424 48.037283
 -2.764602 33.653072 34.107260
 -2.701770 35.159226 12.323274
 -2.638938 35.178919 -10.978225
 -2.576106 34.104273 -20.154074
 -2.513274 32.889864 -18.193039
 -2.450442 31.741074 -19.354161
 -2.387610 30.400868 -22.531595
 -2.324779 29.070179 -19.210884
 -2.261947 28.010882 -14.467387
 -2.199115 27.155305 -13.857036
 -2.136283 26.284487 -13.529997
 -2.073451 25.322871 -17.763258
 -2.010619 24.249578 -14.878750
 -1.947787 23.372639 -14.641317
 -1.884956 22.390183 -14.559983
 -1.822124 21.894092 -0.444241
 -1.759292 21.888318 -4.858646
 -1.696460 21.414634 -5.965708
 -1.633628 21.071419 -8.145342
 -1.570796 20.552202 -4.735190
 -1.507964 20.449335 -2.282480
 -1.445133 20.067423 -7.233757
 -1.382301 20.031789 8.368547
 -1.319469 20.905845 14.380129
 -1.256637 21.494808 5.478787
 -1.193805 21.678198 0.261825
 -1.130973 21.678693 0.175632
 -1.068142 21.537923 -4.712790
 -1.005310 21.381635 0.647379
 -0.942478 21.383121 -1.478614
 -0.879646 21.516665 7.801349
 -0.816814 22.119593 6.605847
 -0.753982 21.941610 -12.289418
 -0.691150 21.038594 -12.682096
 -0.628319 20.304944 -12.291950
 -0.565487 19.778574 -0.274174
 -0.502655 20.390919 16.050864
 -0.439823 21.068987 -0.901648
 -0.376991 19.445289 -44.567804
 -0.314159 17.381731 -12.930820
 -0.251327 17.838735 20.308716
 -0.188496 18.318604 -11.247846
 -0.125664 17.301839 -14.294941
 -0.062832 16.655109 -8.284662
 0.000000 16.224008 -3.324896
 0.062832 16.363435 4.846280
 0.125664 15.604297 -38.445891
 0.188496 12.728289 -38.206691
 0.251327 11.540834 -0.531890
 0.314159 11.998525 9.115016
 0.376991 12.635330 11.148318
 0.439823 12.513543 -17.971604
 0.502655 11.499891 -8.071225
 0.565487 11.131401 -10.733929
 0.628319 10.177283 -13.782223
 0.691150 9.681209 -3.574592
 0.753982 9.540881 -1.145392
 0.816814 9.427748 -4.284111
 0.879646 8.857630 -14.690352
 0.942478 7.875001 -10.637571
 1.005310 7.878375 7.853053
 1.068142 8.294336 4.311502
 1.130973 8.508953 1.256625
 1.193805 8.301693 -7.203149
 1.256637 7.831705 -6.089042
 1.319469 7.582420 -2.474843
 1.382301 7.439922 -2.709954
 1.445133 7.153551 -7.054443
 1.507964 6.597140 -9.552663
 1.570796 6.013761 -9.333286
 1.633628 5.362897 -11.889544
 1.696460 4.543280 -13.603068
 1.759292 3.692177 -12.812989
 1.822124 3.068023 -7.271935
 1.884956 2.588361 -8.250393
 1.947787 2.233404 -2.278606
 2.010619 2.074648 -7.579180
 2.073451 0.356910 -47.426666
 2.136283 -2.269771 -24.601379
 2.199115 -2.197615 26.349754
 2.261947 0.258026 37.475829
 2.324779 1.471405 9.732530
 2.387610 2.284132 14.705853
 2.450442 2.827869 -3.254194
 2.513274 1.456245 -31.993332
 2.576106 0.313968 1.864407
 2.638938 1.598944 27.247685
 2.701770 0.856842 -43.960453
 2.764602 -0.949154 -4.658155
 2.827433 0.514065 50.318215
 2.890265 4.844128 76.978774
 2.953097 8.044667 13.973957
 3.015929 7.654805 -13.182165
 3.078761 7.737038 22.028720
