#! FIELDS psi2 ffpsi2 dffpsi2_psi2
#! SET min_psi2 -pi
#! SET max_psi2 pi
#! SET nbins_psi2  100
#! SET periodic_psi2 true
 -3.141593 4.946050 18.430746
 -3.078761 6.162995 20.185239
 -3.015929 7.411905 19.047893
 -2.953097 8.611701 19.928152
 -2.890265 10.021093 24.672249
 -2.827433 11.576659 23.809056
 -2.764602 13.094477 25.128312
 -2.701770 14.686084 24.315898
 -2.638938 16.119810 21.201335
 -2.576106 17.303394 15.276643
 -2.513274 17.903009 3.092723
 -2.450442 17.807363 -4.612960
 -2.387610 17.407944 -8.342516
 -2.324779 16.785392 -11.044050
 -2.261947 16.016202 -13.591967
 -2.199115 15.177356 -11.699900
 -2.136283 14.569007 -9.305178
 -2.073451 13.865192 -12.313537
 -2.010619 13.132089 -11.177135
 -1.947787 12.466332 -9.722010
 -1.884956 11.849592 -10.551631
 -1.822124 11.203147 -9.113500
 -1.759292 10.728468 -6.403142
 -1.696460 10.341420 -6.551177
 -1.633628 9.844720 -9.063798
 -1.570796 9.274362 -8.737710
 -1.507964 8.791083 -6.558221
 -1.445133 8.388292 -6.526716
 -1.382301 8.055092 -3.634223
 -1.319469 7.877217 -2.375403
 -1.256637 7.817697 0.567660
 -1.193805 7.770900 -3.894261
 -1.130973 7.418762 -4.354678
 -1.068142 7.437727 4.077865
 -1.005310 7.692304 2.388389
 -0.942478 7.674586 -2.267309
 -0.879646 7.540623 -1.608585
 -0.816814 7.436775 -2.030847
 -0.753982 7.313321 -1.919693
 -0.691150 7.091607 -5.877917
 -0.628319 6.603393 -9.459571
 -0.565487 5.924338 -11.363015
 -0.502655 5.305463 -7.706744
 -0.439823 4.972710 -3.374834
 -0.376991 4.740372 -5.247512
 -0.314159 4.312159 -7.522183
 -0.251327 3.848531 -7.065407
 -0.188496 3.519644 -2.746336
 -0.125664 3.459010 -0.255605
 -0.062832 3.375096 -2.769536
 0.000000 3.193476 -2.186034
 0.062832 3.098262 -1.214722
 0.125664 3.066523 0.457104
 0.188496 3.122821 0.555584
 0.251327 3.069497 -2.014064
 0.314159 2.989542 0.279737
 0.376991 3.087104 1.703740
 0.439823 3.120752 -0.367761
 0.502655 3.076281 -1.170338
 0.565487 2.993225 -1.262482
 0.628319 2.911549 -1.598359
 0.691150 2.787878 -2.161593
 0.753982 2.679940 -1.099640
 0.816814 2.645063 -0.140835
 0.879646 2.676719 1.280580
 0.942478 2.806784 2.571622
 1.005310 2.969169 2.547573
 1.068142 3.149086 3.305467
 1.130973 3.369152 3.187154
 1.193805 3.548349 3.215573
 1.256637 3.855150 6.417307
 1.319469 4.293136 7.026638
 1.382301 4.703539 5.679564
 1.445133 4.999326 3.987770
 1.507964 5.278252 5.407713
 1.570796 5.694740 7.286579
 1.633628 6.095123 4.926327
 1.696460 6.364189 4.147806
 1.759292 6.584922 2.107720
 1.822124 6.624893 -0.404527
 1.884956 6.535119 -2.924167
 1.947787 6.265515 -5.186824
 2.010619 5.921700 -5.699872
 2.073451 5.565926 -5.634829
 2.136283 5.187961 -6.602636
 2.199115 4.742661 -7.472007
 2.261947 4.269308 -7.368955
 2.324779 3.834540 -6.623885
 2.387610 3.393517 -7.807150
 2.450442 2.853759 -9.001045
 2.513274 2.328078 -7.281504
 2.576106 1.955196 -5.007048
 2.638938 1.658687 -4.011904
 2.701770 1.526060 -0.429178
 2.764602 1.549559 1.433380
 2.827433 1.795355 6.382664
 2.890265 2.201748 4.942493
 2.953097 2.363921 1.131425
 3.015929 2.634118 10.155259
 3.078761 3.699303 21.079128
