#! FIELDS phi4 ffphi4 dffphi4_phi4
#! SET min_phi4 -pi
#! SET max_phi4 pi
#! SET nbins_phi4  100
#! SET periodic_phi4 true
 -3.141593 13.104183 -48.121332
 -3.078761 10.269818 -42.037352
 -3.015929 7.787646 -37.231480
 -2.953097 5.598652 -32.191013
 -2.890265 3.766401 -26.102831
 -2.827433 2.303896 -20.465991
 -2.764602 1.228414 -13.623967
 -2.701770 0.546274 -8.526548
 -2.638938 0.168040 -3.244478
 -2.576106 0.125259 1.459938
 -2.513274 0.321598 4.692081
 -2.450442 0.684635 6.339119
 -2.387610 1.085932 6.534924
 -2.324779 1.553138 8.462427
 -2.261947 2.115845 8.805894
 -2.199115 2.610874 6.819585
 -2.136283 2.985460 4.924488
 -2.073451 3.209644 2.317443
 -2.010619 3.322268 1.254134
 -1.947787 3.340710 -0.821660
 -1.884956 3.234271 -2.552542
 -1.822124 3.005103 -4.798616
 -1.759292 2.669628 -5.582211
 -1.696460 2.310383 -6.008690
 -1.633628 1.910408 -6.673652
 -1.570796 1.486037 -6.720361
 -1.507964 1.092147 -5.573506
 -1.445133 0.821391 -2.835440
 -1.382301 0.756273 0.816469
 -1.319469 0.930321 4.736596
 -1.256637 1.358074 8.827520
 -1.193805 2.024262 12.104148
 -1.130973 2.880194 15.355176
 -1.068142 3.979614 19.283306
 -1.005310 5.266351 21.679712
 -0.942478 6.758947 25.731214
 -0.879646 8.463285 28.099464
 -0.816814 10.315856 30.843996
 -0.753982 12.360601 33.938025
 -0.691150 14.576185 36.013155
 -0.628319 16.887294 37.201088
 -0.565487 19.254490 37.405010
 -0.502655 21.595039 36.787948
 -0.439823 23.919170 36.762198
 -0.376991 26.209429 35.335279
 -0.314159 28.357188 32.844783
 -0.251327 30.428300 33.251231
 -0.188496 32.516630 31.182046
 -0.125664 34.096600 18.894220
 -0.062832 35.242251 19.088633
 0.000000 36.376741 15.512466
 0.062832 37.205829 9.088027
 0.125664 36.901009 -21.147075
 0.188496 35.050687 -33.276669
 0.251327 32.919786 -34.626876
 0.314159 30.678425 -36.955372
 0.376991 28.227968 -41.007939
 0.439823 25.585292 -42.761291
 0.502655 22.873769 -43.260838
 0.565487 20.195356 -41.711824
 0.628319 17.651167 -39.191074
 0.691150 15.289016 -35.700648
 0.753982 13.193735 -31.015783
 0.816814 11.386314 -26.297006
 0.879646 9.933723 -19.735808
 0.942478 8.912054 -12.725138
 1.005310 8.352057 -5.000273
 1.068142 8.287779 2.961597
 1.130973 8.737254 11.474388
 1.193805 9.743614 20.486376
 1.256637 11.302092 28.949586
 1.319469 13.392769 37.507990
 1.382301 16.026588 45.867145
 1.445133 19.166382 53.502261
 1.507964 22.768485 59.832130
 1.570796 26.699721 63.868195
 1.633628 30.944307 70.198240
 1.696460 35.664991 76.409195
 1.759292 40.197881 60.027559
 1.822124 43.945069 68.225372
 1.884956 49.844043 120.348171
 1.947787 59.735327 179.604604
 2.010619 inf nan
 2.073451 inf nan
 2.136283 inf nan
 2.199115 75.789754 -245.472852
 2.261947 62.335692 -182.783250
 2.324779 52.820534 -120.093648
 2.387610 47.244245 -57.406630
 2.450442 45.602325 4.932188
 2.513274 47.369111 29.914392
 2.576106 45.065222 -69.643519
 2.638938 41.652598 -40.861395
 2.701770 39.020543 -50.378631
 2.764602 35.219762 -66.253432
 2.827433 31.088571 -64.274391
 2.890265 27.138898 -61.586281
 2.953097 23.338867 -59.386129
 3.015929 19.691550 -56.398496
 3.078761 16.273326 -52.443838
