#! FIELDS psi4 ffpsi4 dffpsi4_psi4
#! SET min_psi4 -pi
#! SET max_psi4 pi
#! SET nbins_psi4  100
#! SET periodic_psi4 true
 -3.141593 4.589949 18.999321
 -3.078761 5.958001 23.561697
 -3.015929 7.407723 21.863657
 -2.953097 8.824658 24.410826
 -2.890265 10.397021 23.142693
 -2.827433 11.826480 26.481894
 -2.764602 14.196377 49.480070
 -2.701770 17.298500 32.500732
 -2.638938 17.098414 -23.014014
 -2.576106 16.499274 10.933210
 -2.513274 18.666761 55.425365
 -2.450442 22.575845 59.167735
 -2.387610 25.323618 20.346799
 -2.324779 25.383893 -14.682797
 -2.261947 24.033800 -23.783978
 -2.199115 23.018237 -6.248696
 -2.136283 23.074115 4.464246
 -2.073451 22.896613 -15.962828
 -2.010619 21.549999 -16.995607
 -1.947787 21.277699 5.529157
 -1.884956 21.366410 -7.335839
 -1.822124 20.765942 -7.777860
 -1.759292 20.261660 -11.619810
 -1.696460 19.333298 -14.947269
 -1.633628 18.478547 -13.819614
 -1.570796 17.463835 -18.206257
 -1.507964 16.275411 -19.342913
 -1.445133 15.060188 -18.615691
 -1.382301 14.103054 -10.834410
 -1.319469 13.564174 -9.122417
 -1.256637 12.813593 -13.920946
 -1.193805 11.814780 -18.257795
 -1.130973 10.719914 -14.470115
 -1.068142 10.002116 -10.139247
 -1.005310 9.172076 -17.863823
 -0.942478 7.838733 -22.052801
 -0.879646 6.659968 -15.031816
 -0.816814 5.858232 -11.348693
 -0.753982 5.151413 -12.035870
 -0.691150 4.270853 -15.616162
 -0.628319 3.358043 -11.964085
 -0.565487 2.828105 -5.569337
 -0.502655 2.546415 -3.885111
 -0.439823 2.343307 -2.354325
 -0.376991 2.274221 -0.003363
 -0.314159 2.280861 -0.258631
 -0.251327 2.267649 0.386441
 -0.188496 2.359970 2.363654
 -0.125664 2.564410 4.273607
 -0.062832 2.893959 5.801234
 0.000000 3.245208 5.256165
 0.062832 3.574259 5.144289
 0.125664 3.893288 5.191960
 0.188496 4.219391 4.443595
 0.251327 4.404145 1.978117
 0.314159 4.584479 3.932108
 0.376991 4.820954 2.808913
 0.439823 4.922350 0.606667
 0.502655 4.903196 -1.667302
 0.565487 4.708548 -3.623029
 0.628319 4.564371 -1.047545
 0.691150 4.524188 -0.262915
 0.753982 4.550755 0.770670
 0.816814 4.576718 0.189946
 0.879646 4.625486 1.449738
 0.942478 4.759419 2.912911
 1.005310 4.997294 4.095801
 1.068142 5.195972 2.449936
 1.130973 5.423899 4.980654
 1.193805 5.716633 3.594453
 1.256637 5.951041 4.889256
 1.319469 6.312422 5.115565
 1.382301 6.521096 2.839625
 1.445133 6.842919 6.911500
 1.507964 7.234703 5.623022
 1.570796 7.674427 7.708215
 1.633628 7.956514 0.740553
 1.696460 7.955513 0.329306
 1.759292 8.000931 0.558692
 1.822124 7.911943 -4.412738
 1.884956 7.476224 -8.129534
 1.947787 6.988141 -7.699866
 2.010619 6.454784 -9.450715
 2.073451 5.848987 -8.968886
 2.136283 5.345359 -8.327962
 2.199115 4.698977 -11.437264
 2.261947 4.032237 -9.925936
 2.324779 3.366473 -11.501631
 2.387610 2.644385 -11.098666
 2.450442 1.978859 -9.932610
 2.513274 1.436481 -7.203741
 2.576106 1.066766 -4.741244
 2.638938 0.817020 -3.448506
 2.701770 0.630236 -2.119664
 2.764602 0.635381 2.709193
 2.827433 0.968430 7.447502
 2.890265 1.490747 8.492090
 2.953097 2.031596 9.231183
 3.015929 2.713015 12.386293
 3.078761 3.559706 14.418180
