#! FIELDS phi3 ffphi3 dffphi3_phi3
#! SET min_phi3 -pi
#! SET max_phi3 pi
#! SET nbins_phi3  100
#! SET periodic_phi3 true
 -3.141593 21.283709 -52.478629
 -3.078761 18.146367 -47.654568
 -3.015929 15.273881 -43.662495
 -2.953097 12.715789 -37.120226
 -2.890265 10.644075 -29.234704
 -2.827433 8.938151 -25.732782
 -2.764602 7.423978 -21.620540
 -2.701770 6.329565 -12.965819
 -2.638938 5.698314 -8.641458
 -2.576106 5.115500 -9.915503
 -2.513274 4.498828 -9.500186
 -2.450442 3.948166 -7.784774
 -2.387610 3.525655 -5.988743
 -2.324779 3.170726 -5.163236
 -2.261947 2.895237 -3.776589
 -2.199115 2.655054 -4.305647
 -2.136283 2.366629 -3.961232
 -2.073451 2.265621 0.428692
 -2.010619 2.239872 -2.480629
 -1.947787 2.041909 -2.407683
 -1.884956 1.910258 -3.092796
 -1.822124 1.655966 -4.072733
 -1.759292 1.414869 -4.114286
 -1.696460 1.150106 -3.972760
 -1.633628 0.885163 -4.968574
 -1.570796 0.534381 -6.033111
 -1.507964 0.147060 -5.848044
 -1.445133 -0.179192 -4.999711
 -1.382301 -0.460466 -3.011414
 -1.319469 -0.520213 0.376830
 -1.256637 -0.442115 2.890355
 -1.193805 -0.061768 9.150225
 -1.130973 0.657046 13.488383
 -1.068142 1.643851 17.773267
 -1.005310 2.858688 20.596318
 -0.942478 4.244308 23.679536
 -0.879646 5.894067 28.951824
 -0.816814 7.846198 32.084326
 -0.753982 9.885428 33.236995
 -0.691150 12.123715 37.572547
 -0.628319 14.593158 40.806904
 -0.565487 17.207918 40.637522
 -0.502655 19.732142 40.913154
 -0.439823 22.497694 45.468167
 -0.376991 25.331414 44.430872
 -0.314159 28.118971 42.187496
 -0.251327 30.562046 35.908441
 -0.188496 32.847288 36.709975
 -0.125664 35.080512 32.748244
 -0.062832 36.998932 29.462523
 0.000000 38.892546 28.534732
 0.062832 40.263787 14.534254
 0.125664 40.862499 3.662036
 0.188496 40.503393 -14.672479
 0.251327 39.426544 -17.553055
 0.314159 38.154033 -24.709597
 0.376991 36.474375 -26.364459
 0.439823 34.873825 -26.187366
 0.502655 33.021267 -32.702808
 0.565487 30.925496 -32.478649
 0.628319 29.021741 -28.383162
 0.691150 27.328513 -25.265820
 0.753982 25.889749 -20.455744
 0.816814 24.740148 -16.210088
 0.879646 23.893815 -10.318827
 0.942478 23.434520 -4.679469
 1.005310 23.306468 0.937439
 1.068142 23.580019 7.729349
 1.130973 24.275288 14.386362
 1.193805 25.389242 20.954052
 1.256637 26.904554 27.172623
 1.319469 28.832639 34.207206
 1.382301 31.184502 39.679290
 1.445133 33.783091 42.935776
 1.507964 36.704360 50.171204
 1.570796 40.138438 58.018102
 1.633628 43.898763 57.601122
 1.696460 46.948969 38.678958
 1.759292 49.664984 53.580445
 1.822124 54.324488 97.460992
 1.884956 62.317157 151.549196
 1.947787 inf nan
 2.010619 inf nan
 2.073451 inf nan
 2.136283 inf nan
 2.199115 inf nan
 2.261947 inf nan
 2.324779 inf nan
 2.387610 inf nan
 2.450442 inf nan
 2.513274 inf nan
 2.576106 77.478471 -245.178499
 2.638938 63.122938 -189.261635
 2.701770 52.980226 -133.912975
 2.764602 46.083550 -88.119326
 2.827433 41.372786 -67.186103
 2.890265 37.147564 -68.525025
 2.953097 32.772925 -69.748141
 3.015929 28.547926 -63.806501
 3.078761 24.748193 -57.643732
