#! FIELDS psi2 ffpsi2 dffpsi2_psi2
#! SET min_psi2 -pi
#! SET max_psi2 pi
#! SET nbins_psi2  100
#! SET periodic_psi2 true
 -3.141593 15.126057 45.387879
 -3.078761 18.096686 48.498167
 -3.015929 21.245845 50.934739
 -2.953097 24.551046 53.372079
 -2.890265 27.989986 54.826171
 -2.827433 31.498974 55.720903
 -2.764602 35.111240 59.308515
 -2.701770 39.170407 66.240465
 -2.638938 42.559916 38.272398
 -2.576106 45.332974 56.827218
 -2.513274 50.315775 103.681862
 -2.450442 58.702109 157.627089
 -2.387610 inf nan
 -2.324779 inf nan
 -2.261947 inf nan
 -2.199115 inf nan
 -2.136283 inf nan
 -2.073451 inf nan
 -2.010619 inf nan
 -1.947787 inf nan
 -1.884956 inf nan
 -1.822124 inf nan
 -1.759292 75.371930 -240.906108
 -1.696460 62.204805 -178.216506
 -1.633628 52.976584 -115.526904
 -1.570796 47.687266 -52.837302
 -1.507964 46.336012 9.780780
 -1.445133 48.742308 57.141911
 -1.382301 47.722134 -85.565957
 -1.319469 42.974556 -61.122579
 -1.256637 39.970308 -35.406250
 -1.193805 38.275760 -22.267444
 -1.130973 36.779435 -25.852860
 -1.068142 35.125632 -25.965118
 -1.005310 33.581405 -23.441453
 -0.942478 32.106630 -23.306145
 -0.879646 30.776566 -18.518563
 -0.816814 29.699641 -16.876212
 -0.753982 28.543518 -20.500413
 -0.691150 27.163000 -22.477965
 -0.628319 25.757087 -22.875356
 -0.565487 24.201700 -26.873599
 -0.502655 22.434032 -28.537184
 -0.439823 20.687368 -27.001223
 -0.376991 19.097537 -22.540522
 -0.314159 17.861456 -18.752568
 -0.251327 16.519669 -22.395009
 -0.188496 15.452567 -10.957363
 -0.125664 14.806914 -11.615551
 -0.062832 14.179803 -6.794646
 0.000000 13.737159 -10.470431
 0.062832 12.857068 -14.539621
 0.125664 12.225175 -5.041482
 0.188496 12.089994 -1.086184
 0.251327 11.882929 -6.242801
 0.314159 11.446676 -5.866921
 0.376991 11.219421 -1.786944
 0.439823 11.137943 -2.226391
 0.502655 10.757124 -9.573582
 0.565487 10.207708 -6.442357
 0.628319 9.861870 -6.092237
 0.691150 9.429100 -6.878156
 0.753982 9.026129 -6.258984
 0.816814 8.632609 -5.909965
 0.879646 8.346953 -3.354006
 0.942478 8.130635 -3.812651
 1.005310 7.894462 -3.465499
 1.068142 7.750640 -0.809541
 1.130973 7.745635 -0.072561
 1.193805 7.724153 -0.672991
 1.256637 7.598984 -3.858571
 1.319469 7.245401 -6.892697
 1.382301 6.826494 -6.009575
 1.445133 6.449313 -6.727425
 1.507964 5.999087 -6.685378
 1.570796 5.638426 -5.813403
 1.633628 5.138821 -10.268428
 1.696460 4.401906 -12.886864
 1.759292 3.558450 -13.095796
 1.822124 2.885808 -8.249475
 1.884956 2.404072 -7.923040
 1.947787 1.909660 -7.209908
 2.010619 1.555572 -3.852534
 2.073451 1.403508 -1.875836
 2.136283 1.109879 -9.349683
 2.199115 0.303881 -12.898383
 2.261947 -0.233383 -5.246600
 2.324779 -0.605116 -6.861274
 2.387610 -0.953921 -3.564699
 2.450442 -1.065611 -0.267449
 2.513274 -0.989262 2.844054
 2.576106 -0.672075 7.415016
 2.638938 -0.040261 12.878453
 2.701770 0.956865 18.489889
 2.764602 2.243832 22.277637
 2.827433 3.756693 25.520944
 2.890265 5.445078 28.503128
 2.953097 7.438987 34.892300
 3.015929 9.781521 38.978460
 3.078761 12.352895 42.394647
