#! FIELDS phi4 ffphi4 dffphi4_phi4
#! SET min_phi4 -pi
#! SET max_phi4 pi
#! SET nbins_phi4  100
#! SET periodic_phi4 true
 -3.141593 13.473978 -49.413052
 -3.078761 10.591998 -41.679547
 -3.015929 8.228363 -33.940295
 -2.953097 6.251289 -29.696096
 -2.890265 4.464247 -26.976081
 -2.827433 2.883208 -23.251226
 -2.764602 1.607995 -16.297073
 -2.701770 0.921988 -6.036769
 -2.638938 0.680968 -2.536056
 -2.576106 0.643487 2.030066
 -2.513274 0.927742 5.703262
 -2.450442 1.141903 0.778988
 -2.387610 1.241146 3.880444
 -2.324779 1.602968 6.427474
 -2.261947 1.995076 6.466169
 -2.199115 2.479186 8.797950
 -2.136283 2.989362 6.242272
 -2.073451 3.242070 2.337344
 -2.010619 3.331515 0.437305
 -1.947787 3.292467 -1.642370
 -1.884956 3.135880 -3.441333
 -1.822124 2.856109 -5.539177
 -1.759292 2.437291 -7.674876
 -1.696460 1.919225 -8.683642
 -1.633628 1.392185 -7.376390
 -1.570796 1.064309 -3.326159
 -1.507964 0.833755 -5.149687
 -1.445133 0.469543 -4.780896
 -1.382301 0.387266 2.328131
 -1.319469 0.690013 6.297356
 -1.256637 1.099559 6.859160
 -1.193805 1.640252 10.823284
 -1.130973 2.454856 14.607277
 -1.068142 3.458664 17.719142
 -1.005310 4.741169 22.644975
 -0.942478 6.239306 25.231393
 -0.879646 8.014605 31.017864
 -0.816814 10.008207 31.156253
 -0.753982 11.967094 31.907732
 -0.691150 14.123934 36.459608
 -0.628319 16.514847 38.682396
 -0.565487 18.970599 38.894394
 -0.502655 21.375830 36.706053
 -0.439823 23.652693 35.919692
 -0.376991 25.897218 34.298671
 -0.314159 27.949330 31.294398
 -0.251327 29.895112 29.641200
 -0.188496 31.615864 25.066647
 -0.125664 33.117265 22.404601
 -0.062832 34.389535 17.460846
 0.000000 35.266159 9.769241
 0.062832 35.570563 -0.613440
 0.125664 35.115625 -14.158258
 0.188496 33.961016 -20.646037
 0.251327 32.535867 -26.400699
 0.314159 30.464073 -39.771160
 0.376991 27.728809 -44.728848
 0.439823 25.002662 -42.769101
 0.502655 22.219958 -45.578540
 0.565487 19.432308 -41.961805
 0.628319 17.022866 -34.864019
 0.691150 14.906901 -34.133186
 0.753982 12.682177 -35.369579
 0.816814 10.692583 -26.651147
 0.879646 9.353249 -16.711072
 0.942478 8.492162 -11.194796
 1.005310 7.951383 -5.554186
 1.068142 7.845553 2.366071
 1.130973 8.268691 11.137751
 1.193805 9.224959 19.023842
 1.256637 10.670621 27.310198
 1.319469 12.730956 38.464407
 1.382301 15.472782 47.565021
 1.445133 18.668823 53.802530
 1.507964 22.289270 60.114679
 1.570796 26.240045 64.107665
 1.633628 30.426241 67.199719
 1.696460 34.798187 69.858892
 1.759292 39.302853 70.015367
 1.822124 43.703642 68.055759
 1.884956 48.031328 65.346674
 1.947787 51.652551 46.600319
 2.010619 54.507650 45.847500
 2.073451 56.344997 5.296014
 2.136283 56.657812 7.697943
 2.199115 56.599338 -3.550324
 2.261947 57.689093 44.170091
 2.324779 62.257846 90.932955
 2.387610 60.456813 -111.957901
 2.450442 54.713972 -71.183437
 2.513274 50.919167 -55.540745
 2.576106 47.195098 -63.763757
 2.638938 43.130886 -63.787832
 2.701770 39.170214 -63.195901
 2.764602 35.161760 -63.841721
 2.827433 31.213667 -61.485040
 2.890265 27.435600 -59.185757
 2.953097 23.708115 -59.475040
 3.015929 20.037889 -56.437056
 3.078761 16.662251 -51.599258
