#! FIELDS psi3 ffpsi3 dffpsi3_psi3
#! SET min_psi3 -pi
#! SET max_psi3 pi
#! SET nbins_psi3  100
#! SET periodic_psi3 true
 -3.141593 11.586266 34.417484
 -3.078761 14.135697 34.364717
 -3.015929 14.990275 -16.899812
 -2.953097 12.399678 -43.263725
 -2.890265 11.086489 4.473687
 -2.827433 12.839150 45.898526
 -2.764602 15.772706 43.128865
 -2.701770 18.378059 32.287929
 -2.638938 19.358868 2.049794
 -2.576106 18.476163 -33.327770
 -2.513274 16.418462 -20.011712
 -2.450442 16.672869 29.111192
 -2.387610 19.170762 20.276355
 -2.324779 16.988027 -53.119776
 -2.261947 14.802251 -12.854050
 -2.199115 15.558066 36.989409
 -2.136283 19.136666 68.591665
 -2.073451 22.231105 26.073730
 -2.010619 23.504060 12.833311
 -1.947787 23.765219 2.215861
 -1.884956 24.107524 5.833732
 -1.822124 24.472792 8.502585
 -1.759292 25.016402 1.891561
 -1.696460 24.064057 -34.879145
 -1.633628 20.574626 -63.866760
 -1.570796 17.657686 -24.099974
 -1.507964 17.555303 17.886487
 -1.445133 18.862702 6.024076
 -1.382301 17.260901 -39.755804
 -1.319469 15.679594 -6.309264
 -1.256637 15.995998 3.409028
 -1.193805 14.791291 -35.643446
 -1.130973 12.998062 -13.342576
 -1.068142 13.447882 25.051121
 -1.005310 15.141780 17.639960
 -0.942478 14.475724 -43.344077
 -0.879646 11.060039 -51.303178
 -0.816814 8.794034 -19.475586
 -0.753982 8.356993 -2.219563
 -0.691150 6.847846 -48.729895
 -0.628319 3.886707 -34.924375
 -0.565487 2.926364 4.422575
 -0.502655 4.130677 28.180354
 -0.439823 5.367527 4.186125
 -0.376991 5.173656 -1.676501
 -0.314159 5.329726 -1.319545
 -0.251327 4.226367 -25.382425
 -0.188496 3.604760 10.641908
 -0.125664 5.285424 28.189874
 -0.062832 2.411281 -104.445726
 0.000000 -2.969310 -58.118091
 0.062832 -4.681912 3.671263
 0.125664 -2.540522 63.662159
 0.188496 2.764303 89.947574
 0.251327 6.130231 16.433895
 0.314159 7.867904 34.855007
 0.376991 10.023463 34.794133
 0.439823 12.198721 25.642141
 0.502655 12.953767 7.085451
 0.565487 13.850925 20.526633
 0.628319 14.959940 8.783874
 0.691150 14.975844 -0.823028
 0.753982 15.375485 7.011959
 0.816814 14.301967 -41.874777
 0.879646 11.208413 -47.006101
 0.942478 9.432074 -5.383584
 1.005310 10.303160 23.418312
 1.068142 11.164718 9.307749
 1.130973 12.663682 40.514470
 1.193805 15.364310 27.842622
 1.256637 14.771086 -35.152498
 1.319469 12.846679 -18.089234
 1.382301 12.864209 16.330167
 1.445133 13.727729 2.067447
 1.507964 13.927130 13.655745
 1.570796 15.056797 7.493581
 1.633628 13.966707 -38.132018
 1.696460 11.156330 -39.176864
 1.759292 10.124367 9.477812
 1.822124 12.232835 50.340511
 1.884956 13.852721 -13.848879
 1.947787 12.420553 -18.496390
 2.010619 11.856409 -2.327111
 2.073451 12.132975 14.719745
 2.136283 13.493609 15.912124
 2.199115 12.671108 -32.992779
 2.261947 10.955782 -23.359548
 2.324779 8.367320 -53.581433
 2.387610 6.122193 -10.844506
 2.450442 7.196604 43.615302
 2.513274 10.234937 19.099001
 2.576106 8.730602 -31.028312
 2.638938 8.037962 9.571121
 2.701770 9.705585 38.289180
 2.764602 10.387027 -36.347878
 2.827433 7.815871 -26.613054
 2.890265 7.693963 23.329159
 2.953097 10.557084 61.151163
 3.015929 12.523827 -20.027162
 3.078761 10.849762 -13.018708
