#! FIELDS psi3 ffpsi3 dffpsi3_psi3
#! SET min_psi3 -pi
#! SET max_psi3 pi
#! SET nbins_psi3  100
#! SET periodic_psi3 true
 -3.141593 13.673833 67.827577
 -3.078761 18.819290 84.809816
 -3.015929 21.808843 -1.146651
 -2.953097 21.422043 -1.583939
 -2.890265 22.164095 26.812442
 -2.827433 24.726449 49.549609
 -2.764602 26.992406 12.489357
 -2.701770 26.605188 -13.777252
 -2.638938 26.406271 8.207213
 -2.576106 26.625278 -9.089643
 -2.513274 25.898106 -8.293653
 -2.450442 25.568642 -0.863122
 -2.387610 26.364899 28.589551
 -2.324779 28.589924 30.119437
 -2.261947 29.427293 5.648849
 -2.199115 30.164381 14.141325
 -2.136283 30.439170 -1.954471
 -2.073451 30.699174 9.608051
 -2.010619 31.375239 13.506330
 -1.947787 32.059815 -8.246534
 -1.884956 29.173945 -62.917297
 -1.822124 26.227658 -25.916545
 -1.759292 25.930630 12.986277
 -1.696460 27.057388 16.335371
 -1.633628 27.418966 -9.416915
 -1.570796 25.986188 -28.451655
 -1.507964 24.650870 -12.881644
 -1.445133 23.809197 -19.517993
 -1.382301 22.188845 -27.692937
 -1.319469 20.654107 -29.088791
 -1.256637 16.924871 -76.325710
 -1.193805 13.316356 -32.860651
 -1.130973 12.709317 7.187967
 -1.068142 12.576131 -23.914182
 -1.005310 8.209468 -109.228466
 -0.942478 2.111051 -72.992609
 -0.879646 -0.581305 -12.324324
 -0.816814 0.536474 46.691979
 -0.753982 4.247189 43.188988
 -0.691150 2.944332 -56.632312
 -0.628319 0.284326 -19.271102
 -0.565487 0.780879 32.486702
 -0.502655 2.806574 8.306420
 -0.439823 1.917894 -15.144113
 -0.376991 2.151969 23.230563
 -0.314159 4.121387 27.976506
 -0.251327 4.864956 -0.458618
 -0.188496 5.012261 11.829214
 -0.125664 6.453153 26.535293
 -0.062832 5.684734 -74.587690
 0.000000 0.131918 -75.533437
 0.062832 -2.823726 -17.412624
 0.125664 -2.153719 34.863941
 0.188496 0.229365 29.875475
 0.251327 2.324427 46.418548
 0.314159 5.444552 32.098344
 0.376991 4.579685 -44.028885
 0.439823 2.650813 -7.774271
 0.502655 3.888207 45.179476
 0.565487 7.131180 39.332434
 0.628319 8.156540 1.330480
 0.691150 7.931264 -0.954117
 0.753982 8.637205 20.418605
 0.816814 9.821685 18.272304
 0.879646 11.369471 27.430321
 0.942478 12.275329 0.061365
 1.005310 12.179448 2.045567
 1.068142 12.332598 -2.636893
 1.130973 12.087342 -0.045417
 1.193805 12.207717 -5.813209
 1.256637 9.351593 -74.930275
 1.319469 5.688208 -33.008251
 1.382301 5.397631 22.239567
 1.445133 7.958792 52.466208
 1.507964 11.290364 49.248457
 1.570796 12.730855 -7.010450
 1.633628 12.599018 14.723637
 1.696460 14.866209 52.604360
 1.759292 17.722433 26.328710
 1.822124 18.554547 4.042479
 1.884956 17.497607 -39.453527
 1.947787 15.111943 -27.247917
 2.010619 14.225565 -3.313043
 2.073451 14.718274 21.429927
 2.136283 16.458595 16.806680
 2.199115 15.872348 -16.279648
 2.261947 15.783390 12.806273
 2.324779 16.958959 18.216228
 2.387610 17.296902 -7.650081
 2.450442 15.924015 -45.754194
 2.513274 12.290378 -50.933075
 2.576106 10.444632 -12.654711
 2.638938 8.557342 -54.020910
 2.701770 5.882571 -19.192806
 2.764602 6.566242 41.138817
 2.827433 10.804484 85.318025
 2.890265 13.863348 -3.311545
 2.953097 12.830618 -23.855588
 3.015929 11.106515 -23.026676
 3.078761 10.881207 19.571156
