#! FIELDS psi9 file.free der_psi9
#! SET min_psi9 -pi
#! SET max_psi9 pi
#! SET nbins_psi9  500
#! SET periodic_psi9 true
   -3.141592654   45.080631857  -14.120019297
   -3.129026283   44.896395911  -15.188235976
   -3.116459912   44.699081491  -16.192423211
   -3.103893542   44.489302890  -17.153851543
   -3.091327171   44.268311594  -17.999441005
   -3.078760801   44.036947662  -18.803647866
   -3.066194430   43.795564245  -19.588524329
   -3.053628059   43.545159965  -20.245518880
   -3.041061689   43.286831269  -20.854032996
   -3.028495318   43.021308963  -21.382797883
   -3.015928947   42.749797169  -21.837981112
   -3.003362577   42.473247006  -22.182469104
   -2.990796206   42.192524956  -22.504534469
   -2.978229836   41.907770026  -22.796775601
   -2.965663465   41.620241866  -22.965387066
   -2.953097094   41.330909165  -23.078202141
   -2.940530724   41.040501918  -23.122752510
   -2.927964353   40.750086465  -23.078468852
   -2.915397983   40.460610835  -22.980357616
   -2.902831612   40.172424812  -22.878356788
   -2.890265241   39.885903687  -22.707510903
   -2.877698871   39.601891738  -22.488468309
   -2.865132500   39.320793072  -22.263160242
   -2.852566129   39.042380017  -22.030790001
   -2.839999759   38.766511867  -21.882029173
   -2.827433388   38.493459126  -21.581080097
   -2.814867018   38.223955855  -21.300458606
   -2.802300647   37.958215520  -20.971521285
   -2.789734276   37.697016785  -20.590996204
   -2.777167906   37.440446141  -20.233972217
   -2.764601535   37.188588159  -19.879201413
   -2.752035165   36.941407477  -19.470817606
   -2.739468794   36.699285621  -19.051556133
   -2.726902423   36.462467829  -18.636857811
   -2.714336053   36.230743320  -18.220069568
   -2.701769682   36.004126703  -17.849787807
   -2.689203311   35.782469566  -17.434837113
   -2.676636941   35.565900832  -17.046779115
   -2.664070570   35.354277868  -16.623639821
   -2.651504200   35.147918255  -16.215858249
   -2.638937829   34.947112983  -15.763375761
   -2.626371458   34.751519621  -15.380538830
   -2.613805088   34.561043337  -14.935001031
   -2.601238717   34.375687019  -14.539737307
   -2.588672347   34.195728099  -14.077631209
   -2.576105976   34.021680354  -13.622553217
   -2.563539605   33.853568345  -13.144540292
   -2.550973235   33.690853861  -12.743325854
   -2.538406864   33.533671900  -12.261551789
   -2.525840493   33.382651618  -11.771382396
   -2.513274123   33.237885849  -11.265265581
   -2.500707752   33.099468800  -10.768849248
   -2.488141382   32.967210051  -10.307106540
   -2.475575011   32.840544997   -9.870530271
   -2.463008640   32.719269836   -9.423128022
   -2.450442270   32.603940436   -8.931345043
   -2.437875899   32.494942186   -8.427547648
   -2.425309529   32.391967799   -7.960693934
   -2.412743158   32.295002681   -7.484722469
   -2.400176787   32.204129327   -6.967873204
   -2.387610417   32.119631522   -6.496628345
   -2.375044046   32.041373665   -5.973589401
   -2.362477675   31.969298912   -5.463401568
   -2.349911305   31.904131566   -4.936257061
   -2.337344934   31.845483694   -4.391219492
   -2.324778564   31.793879364   -3.816912748
   -2.312212193   31.749235738   -3.276877864
   -2.299645822   31.711758051   -2.724936432
   -2.287079452   31.681000780   -2.159059088
   -2.274513081   31.657553372   -1.578974977
   -2.261946711   31.641332680   -1.015748877
   -2.249380340   31.632131831   -0.443187348
   -2.236813969   31.630350736    0.154601102
   -2.224247599   31.635652045    0.695631947
   -2.211681228   31.647941296    1.253389819
   -2.199114858   31.667210954    1.798994187
   -2.186548487   31.693363491    2.353853821
   -2.173982116   31.725798752    2.826899366
   -2.161415746   31.764508530    3.316622073
   -2.148849375   31.808769715    3.737594237
   -2.136283004   31.858511623    4.162558177
   -2.123716634   31.912949060    4.528344893
   -2.111150263   31.971991911    4.856422057
   -2.098583893   32.034711797    5.114766440
   -2.086017522   32.100593974    5.341383800
   -2.073451151   32.168991536    5.524738206
   -2.060884781   32.239085839    5.614406786
   -2.048318410   32.309656202    5.606020757
   -2.035752040   32.379815471    5.561114945
   -2.023185669   32.449173793    5.471332416
   -2.010619298   32.516918403    5.291354689
   -1.998052928   32.581700606    5.012732969
   -1.985486557   32.642725836    4.663073910
   -1.972920186   32.698954162    4.273501416
   -1.960353816   32.749823290    3.802580309
   -1.947787445   32.794337653    3.272125436
   -1.935221075   32.831815921    2.664488495
   -1.922654704   32.861241709    2.022290995
   -1.910088333   32.882095202    1.248818282
   -1.897521963   32.893147236    0.503892896
   -1.884955592   32.894563675   -0.276729079
   -1.872389222   32.886121374   -1.069033086
   -1.859822851   32.867494125   -1.932197759
   -1.847256480   32.838022501   -2.791154692
   -1.834690110   32.797665706   -3.634798210
   -1.822123739   32.746609716   -4.483183114
   -1.809557368   32.684892667   -5.334851778
   -1.796990998   32.612734787   -6.153678703
   -1.784424627   32.530090459   -6.954508706
   -1.771858257   32.438344498   -7.640670279
   -1.759291886   32.338063512   -8.316723937
   -1.746725515   32.229339220   -8.957048157
   -1.734159145   32.112813856   -9.579465638
   -1.721592774   31.988732084  -10.141872344
   -1.709026404   31.858478563  -10.605746208
   -1.696460033   31.722324584  -11.051460025
   -1.683893662   31.581221168  -11.391932115
   -1.671327292   31.435970701  -11.720584285
   -1.658760921   31.287300579  -11.944792598
   -1.646194550   31.136158173  -12.108947048
   -1.633628180   30.983207438  -12.219636479
   -1.621061809   30.828832471  -12.341612460
   -1.608495439   30.673182915  -12.425416595
   -1.595929068   30.516930509  -12.456658801
   -1.583362697   30.359689487  -12.560219002
   -1.570796327   30.201197055  -12.672013826
   -1.558229956   30.041376720  -12.760951358
   -1.545663586   29.880264575  -12.906922351
   -1.533097215   29.716988395  -13.050069981
   -1.520530844   29.551921772  -13.234855901
   -1.507964474   29.384318332  -13.461411357
   -1.495398103   29.213276184  -13.827310873
   -1.482831732   29.037165809  -14.235458571
   -1.470265362   28.855405115  -14.712098174
   -1.457698991   28.666860331  -15.301329703
   -1.445132621   28.470596797  -15.956828122
   -1.432566250   28.264921611  -16.793642965
   -1.419999879   28.048091346  -17.741317582
   -1.407433509   27.818471730  -18.818274554
   -1.394867138   27.575119360  -19.937404304
   -1.382300768   27.316885272  -21.185812672
   -1.369734397   27.042241350  -22.543361687
   -1.357168026   26.750035505  -23.986334473
   -1.344601656   26.439060749  -25.532192995
   -1.332035285   26.107913570  -27.148878043
   -1.319468915   25.756338222  -28.810640676
   -1.306902544   25.382921118  -30.628598819
   -1.294336173   24.986828220  -32.404647791
   -1.281769803   24.568128655  -34.236448933
   -1.269203432   24.126707954  -36.015000018
   -1.256637061   23.662807836  -37.806698520
   -1.244070691   23.176199063  -39.622853650
   -1.231504320   22.667259354  -41.371409401
   -1.218937950   22.136492396  -43.089385151
   -1.206371579   21.584978694  -44.697188323
   -1.193805208   21.013831209  -46.192596807
   -1.181238838   20.424034649  -47.637448131
   -1.168672467   19.817434744  -48.903034465
   -1.156106097   19.195874650  -49.993917174
   -1.143539726   18.561052965  -50.999494234
   -1.130973355   17.914817780  -51.837082802
   -1.118406985   17.259225492  -52.483992342
   -1.105840614   16.596504444  -52.966870618
   -1.093274243   15.928430186  -53.337035158
   -1.080707873   15.256452146  -53.568892974
   -1.068141502   14.582987514  -53.570366784
   -1.055575132   13.910618878  -53.416476747
   -1.043008761   13.241413213  -53.043607628
   -1.030442390   12.578018219  -52.504895721
   -1.017876020   11.922460530  -51.819336394
   -1.005309649   11.276463051  -50.967375755
   -0.992743279   10.642044322  -49.972133183
   -0.980176908   10.020914447  -48.871616484
   -0.967610537    9.414654018  -47.603217981
   -0.955044167    8.824793859  -46.270839006
   -0.942477796    8.252305092  -44.820806580
   -0.929911425    7.698583222  -43.285596504
   -0.917345055    7.164458389  -41.716809792
   -0.904778684    6.650056654  -40.142463690
   -0.892212314    6.156286276  -38.431803356
   -0.879645943    5.683988635  -36.718370581
   -0.867079572    5.233404365  -34.997771722
   -0.854513202    4.804599607  -33.234139692
   -0.841946831    4.398005210  -31.523877693
   -0.829380461    4.012924262  -29.781311236
   -0.816814090    3.649483760  -28.092283359
   -0.804247719    3.306963123  -26.403145186
   -0.791681349    2.985492894  -24.761503311
   -0.779114978    2.684311708  -23.179178889
   -0.766548607    2.402331820  -21.661896900
   -0.753982237    2.139619092  -20.152162521
   -0.741415866    1.895715587  -18.685784662
   -0.728849496    1.669775439  -17.270432918
   -0.716283125    1.461251609  -15.946756496
   -0.703716754    1.268660412  -14.697004560
   -0.691150384    1.091901887  -13.456021169
   -0.678584013    0.930527081  -12.239452047
   -0.666017643    0.784088291  -11.080006313
   -0.653451272    0.651516018   -9.995292903
   -0.640884901    0.532635737   -8.931054844
   -0.628318531    0.426980972   -7.904895094
   -0.615752160    0.333899897   -6.907595407
   -0.603185789    0.252993111   -5.979090289
   -0.590619419    0.184009138   -5.006962071
   -0.578053048    0.126591013   -4.136969533
   -0.565486678    0.079977752   -3.271817199
   -0.552920307    0.044376741   -2.399426581
   -0.540353936    0.019390434   -1.576364355
   -0.527787566    0.004669700   -0.776597399
   -0.515221195    0.000000000    0.028722482
   -0.502654825    0.004948837    0.789866274
   -0.490088454    0.019668836    1.530285464
   -0.477522083    0.043597534    2.284198695
   -0.464955713    0.076941838    2.995150286
   -0.452389342    0.118642860    3.664516209
   -0.439822972    0.169436885    4.413044375
   -0.427256601    0.229490443    5.149647647
   -0.414690230    0.298413371    5.774392172
   -0.402123860    0.375223973    6.441006792
   -0.389557489    0.460270162    7.083561457
   -0.376991118    0.553238970    7.710985540
   -0.364424748    0.654099781    8.341574730
   -0.351858377    0.762797354    8.955385115
   -0.339292007    0.878655908    9.503632366
   -0.326725636    1.001619491   10.067837142
   -0.314159265    1.131768140   10.663572280
   -0.301592895    1.268934472   11.124311156
   -0.289026524    1.411934744   11.643552655
   -0.276460154    1.560853450   12.081138836
   -0.263893783    1.715869854   12.582251782
   -0.251327412    1.877132326   13.075399152
   -0.238761042    2.044227165   13.508588711
   -0.226194671    2.216902988   13.978271737
   -0.213628300    2.395037728   14.391472002
   -0.201061930    2.578558553   14.827062435
   -0.188495559    2.767505924   15.237522464
   -0.175929189    2.961472273   15.642386780
   -0.163362818    3.160227869   15.999758570
   -0.150796447    3.363764955   16.373575728
   -0.138230077    3.571717604   16.712373982
   -0.125663706    3.783985120   17.064000364
   -0.113097336    4.000176919   17.351046801
   -0.100530965    4.220182692   17.660274465
   -0.087964594    4.443706532   17.905123789
   -0.075398224    4.670357203   18.157903303
   -0.062831853    4.900054514   18.399795225
   -0.050265482    5.132590337   18.602509202
   -0.037699112    5.367382279   18.766178598
   -0.025132741    5.603512284   18.823496964
   -0.012566371    5.840436328   18.899001516
    0.000000000    6.078286680   18.948716264
    0.012566371    6.316222910   18.890246146
    0.025132741    6.552970684   18.791409209
    0.037699112    6.787555593   18.553139960
    0.050265482    7.019527333   18.348710385
    0.062831853    7.248405412   18.062834098
    0.075398224    7.472901884   17.669473769
    0.087964594    7.692409584   17.256590599
    0.100530965    7.906206700   16.771195248
    0.113097336    8.113063455   16.157411415
    0.125663706    8.312052945   15.501206950
    0.138230077    8.502321507   14.762434936
    0.150796447    8.682364803   13.933194169
    0.163362818    8.852087776   13.070496651
    0.175929189    9.010415305   12.105319856
    0.188495559    9.156132589   11.067995221
    0.201061930    9.288661253   10.027406386
    0.213628300    9.408044640    8.962302705
    0.226194671    9.513588792    7.824277713
    0.238761042    9.604934117    6.697436858
    0.251327412    9.682130046    5.593337445
    0.263893783    9.745474230    4.493217188
    0.276460154    9.794766574    3.362307674
    0.289026524    9.829867136    2.233661111
    0.301592895    9.851160857    1.154741694
    0.314159265    9.859292119    0.149249696
    0.326725636    9.854904581   -0.869264235
    0.339292007    9.837940089   -1.800236641
    0.351858377    9.809662185   -2.676390901
    0.364424748    9.771384732   -3.400979003
    0.376991118    9.724461096   -4.055539597
    0.389557489    9.669913932   -4.606758884
    0.402123860    9.608401378   -5.117861822
    0.414690230    9.541635070   -5.486237611
    0.427256601    9.470991949   -5.746125322
    0.439822972    9.398009285   -5.842081324
    0.452389342    9.324504441   -5.846713556
    0.464955713    9.251289583   -5.779667912
    0.477522083    9.179914626   -5.540351831
    0.490088454    9.112077894   -5.235589715
    0.502654825    9.049137482   -4.769153658
    0.515221195    8.992692378   -4.202331792
    0.527787566    8.944129663   -3.533771925
    0.540353936    8.904475262   -2.756652655
    0.552920307    8.875401607   -1.862963480
    0.565486678    8.858189511   -0.874601370
    0.578053048    8.853671809    0.151095705
    0.590619419    8.862288200    1.229260682
    0.603185789    8.884827007    2.379979520
    0.615752160    8.922652498    3.637259038
    0.628318531    8.976213957    4.911885710
    0.640884901    9.046284324    6.258958420
    0.653451272    9.133728296    7.655769053
    0.666017643    9.238890217    9.085979869
    0.678584013    9.361508082   10.451694082
    0.691150384    9.502057242   11.926855238
    0.703716754    9.661054447   13.376241569
    0.716283125    9.838192847   14.827159004
    0.728849496   10.033524119   16.263753857
    0.741415866   10.247019904   17.702553342
    0.753982237   10.478207033   19.096917458
    0.766548607   10.727056574   20.503352155
    0.779114978   10.993061153   21.838990528
    0.791681349   11.275791366   23.160468031
    0.804247719   11.574923181   24.447442177
    0.816814090   11.890043176   25.702423313
    0.829380461   12.220471883   26.895538735
    0.841946831   12.565778992   28.048417910
    0.854513202   12.924744389   29.075648019
    0.867079572   13.296214062   30.050884066
    0.879645943   13.679896528   31.005584665
    0.892212314   14.074983741   31.876346548
    0.904778684   14.480403220   32.659758685
    0.917345055   14.895691644   33.419021381
    0.929911425   15.319758549   34.062225548
    0.942477796   15.751295272   34.604558178
    0.955044167   16.189030193   35.065565498
    0.967610537   16.632126009   35.455327029
    0.980176908   17.079666800   35.769481513
    0.992743279   17.530573265   35.947058968
    1.005309649   17.983346525   36.113095187
    1.017876020   18.437744552   36.181699782
    1.030442390   18.892209732   36.144252367
    1.043008761   19.345821302   36.051830336
    1.055575132   19.797724974   35.866803281
    1.068141502   20.246919509   35.615197028
    1.080707873   20.692309885   35.273773639
    1.093274243   21.133286922   34.892914945
    1.105840614   21.568909518   34.418659436
    1.118406985   21.998338074   33.923637810
    1.130973355   22.421091483   33.341149181
    1.143539726   22.836269350   32.727422237
    1.156106097   23.243803765   32.115991166
    1.168672467   23.643001124   31.414059256
    1.181238838   24.033363351   30.707710164
    1.193805208   24.414623760   29.988268961
    1.206371579   24.787070769   29.294876875
    1.218937950   25.150863102   28.596260711
    1.231504320   25.505767944   27.892321184
    1.244070691   25.851930765   27.222542216
    1.256637061   26.189801931   26.528480736
    1.269203432   26.519443276   25.934172366
    1.281769803   26.841464929   25.320518595
    1.294336173   27.156193391   24.780460653
    1.306902544   27.464187125   24.238481415
    1.319468915   27.765612072   23.761155756
    1.332035285   28.061539813   23.356910644
    1.344601656   28.353064599   23.039718509
    1.357168026   28.640196969   22.682164487
    1.369734397   28.923464267   22.390877684
    1.382300768   29.203281194   22.163750699
    1.394867138   29.480497605   21.967226653
    1.407433509   29.755820191   21.851588710
    1.419999879   30.029450769   21.708864514
    1.432566250   30.301942985   21.648247749
    1.445132621   30.573599787   21.588424137
    1.457698991   30.844856359   21.560579591
    1.470265362   31.115444967   21.467042725
    1.482831732   31.384812486   21.374934817
    1.495398103   31.653371955   21.365623470
    1.507964474   31.921717465   21.357438585
    1.520530844   32.189666851   21.298598914
    1.533097215   32.456753106   21.193051132
    1.545663586   32.722258685   21.082564947
    1.558229956   32.985916258   20.904113842
    1.570796327   33.247698433   20.739328772
    1.583362697   33.506922755   20.507699431
    1.595929068   33.762882003   20.225530791
    1.608495439   34.015085008   19.906903356
    1.621061809   34.262800664   19.518190815
    1.633628180   34.505642210   19.118361220
    1.646194550   34.742893082   18.623006733
    1.658760921   34.973494162   18.066701977
    1.671327292   35.196687509   17.481854669
    1.683893662   35.411636194   16.782715476
    1.696460033   35.618356124   16.095590445
    1.709026404   35.816066728   15.367501211
    1.721592774   36.004420319   14.618157242
    1.734159145   36.183200460   13.828094268
    1.746725515   36.351692618   13.006548919
    1.759291886   36.509832956   12.180551431
    1.771858257   36.657555384   11.346084229
    1.784424627   36.794617157   10.460261483
    1.796990998   36.920836327    9.610321902
    1.809557368   37.036384462    8.765646734
    1.822123739   37.141264713    7.939546172
    1.834690110   37.235930945    7.119583890
    1.847256480   37.320347243    6.317079271
    1.859822851   37.394946445    5.560001407
    1.872389222   37.460376713    4.844896901
    1.884955592   37.516736566    4.122002383
    1.897521963   37.564061012    3.445261928
    1.910088333   37.603261262    2.798720511
    1.922654704   37.634987194    2.265360146
    1.935221075   37.660318209    1.763521707
    1.947787445   37.679861367    1.350127710
    1.960353816   37.694189345    0.909359037
    1.972920186   37.703374950    0.577107834
    1.985486557   37.708721052    0.283759377
    1.998052928   37.711011098    0.089835601
    2.010619298   37.711158056   -0.062287170
    2.023185669   37.709698083   -0.171148614
    2.035752040   37.707395719   -0.197915411
    2.048318410   37.704732375   -0.233285227
    2.060884781   37.701890614   -0.193881165
    2.073451151   37.699973288   -0.090357927
    2.086017522   37.699577751    0.022928978
    2.098583893   37.700640497    0.166186955
    2.111150263   37.703745600    0.349620207
    2.123716634   37.709571251    0.574603560
    2.136283004   37.718426610    0.857959833
    2.148849375   37.730901240    1.136809350
    2.161415746   37.747096095    1.409715028
    2.173982116   37.766816290    1.729751311
    2.186548487   37.790870404    2.099966342
    2.199114858   37.819399407    2.439135052
    2.211681228   37.852582179    2.843955785
    2.224247599   37.890435052    3.166391218
    2.236813969   37.932571400    3.533346568
    2.249380340   37.979478830    3.935752050
    2.261946711   38.031148027    4.303911054
    2.274513081   38.087988649    4.738981162
    2.287079452   38.150041996    5.149669501
    2.299645822   38.217421223    5.557329515
    2.312212193   38.289633626    5.956305685
    2.324778564   38.366821323    6.350296347
    2.337344934   38.449144198    6.733486438
    2.349911305   38.536156622    7.088992316
    2.362477675   38.627011188    7.394664291
    2.375044046   38.722049861    7.762990748
    2.387610417   38.821700271    8.092569267
    2.400176787   38.925811991    8.475499398
    2.412743158   39.034821837    8.851794614
    2.425309529   39.148514017    9.228102453
    2.437875899   39.266720997    9.581947375
    2.450442270   39.389515425    9.970687933
    2.463008640   39.517020308   10.294932152
    2.475575011   39.648460990   10.642685757
    2.488141382   39.784355382   10.976184504
    2.500707752   39.924462193   11.337903057
    2.513274123   40.069124501   11.676024848
    2.525840493   40.217753671   12.003794471
    2.538406864   40.370655386   12.329145045
    2.550973235   40.527829579   12.691656240
    2.563539605   40.689478677   13.045812853
    2.576105976   40.855442866   13.371389041
    2.588672347   41.025470233   13.697048365
    2.601238717   41.199656733   14.031777223
    2.613805088   41.377591122   14.299058227
    2.626371458   41.558986583   14.581509528
    2.638937829   41.743988203   14.851491547
    2.651504200   41.932232618   15.100967881
    2.664070570   42.123278901   15.310441556
    2.676636941   42.316824890   15.502885172
    2.689203311   42.512701526   15.637209744
    2.701769682   42.710032802   15.730595719
    2.714336053   42.908217796   15.797079388
    2.726902423   43.106873718   15.825987544
    2.739468794   43.305593845   15.803011784
    2.752035165   43.503938647   15.748506928
    2.764601535   43.701321377   15.624496133
    2.777167906   43.896746643   15.452254964
    2.789734276   44.089226928   15.152690411
    2.802300647   44.277549408   14.807380571
    2.814867018   44.461160655   14.387493826
    2.827433388   44.639271726   13.940123699
    2.839999759   44.811165074   13.393109585
    2.852566129   44.975542009   12.775834145
    2.865132500   45.131933340   12.098293167
    2.877698871   45.279127652   11.335846804
    2.890265241   45.416670424   10.540881780
    2.902831612   45.543374133    9.598492925
    2.915397983   45.658038011    8.654950910
    2.927964353   45.760429789    7.608491356
    2.940530724   45.849098420    6.494102526
    2.953097094   45.923162717    5.301827290
    2.965663465   45.982432662    4.107176388
    2.978229836   46.026152219    2.859539772
    2.990796206   46.054123062    1.579245461
    3.003362577   46.065682094    0.267886382
    3.015928947   46.060683452   -1.060466945
    3.028495318   46.038328173   -2.472004496
    3.041061689   45.998825371   -3.822149854
    3.053628059   45.941926490   -5.205496587
    3.066194430   45.867890696   -6.554439846
    3.078760801   45.777061881   -7.885062995
    3.091327171   45.669720994   -9.216596341
    3.103893542   45.545852916  -10.516680116
    3.116459912   45.405960347  -11.757033945
    3.129026283   45.250713430  -12.949198469
