#! FIELDS psi2 ffpsi2 dffpsi2_psi2
#! SET min_psi2 -pi
#! SET max_psi2 pi
#! SET nbins_psi2  100
#! SET periodic_psi2 true
 -3.141593 14.473502 32.901784
 -3.078761 16.988161 48.341807
 -3.015929 20.142976 43.027642
 -2.953097 22.158411 27.396215
 -2.890265 24.415233 46.501250
 -2.827433 27.877664 59.324667
 -2.764602 31.281627 45.509129
 -2.701770 34.111109 44.812143
 -2.638938 36.433136 20.127876
 -2.576106 36.559126 -10.893372
 -2.513274 35.505294 -21.223242
 -2.450442 34.131794 -21.056596
 -2.387610 32.830923 -21.259075
 -2.324779 31.465583 -21.125737
 -2.261947 30.400934 -11.674390
 -2.199115 29.661040 -16.842270
 -2.136283 28.396261 -17.747333
 -2.073451 27.796180 -1.925677
 -2.010619 27.930196 3.805947
 -1.947787 27.543518 -23.958678
 -1.884956 25.413998 -31.668873
 -1.822124 24.464595 3.208426
 -1.759292 25.460233 20.197802
 -1.696460 25.858643 -9.706134
 -1.633628 24.812513 -17.536776
 -1.570796 24.131428 -3.306495
 -1.507964 24.227091 3.398407
 -1.445133 24.182021 -7.961885
 -1.382301 23.342649 -11.085796
 -1.319469 23.592686 19.391011
 -1.256637 24.826079 8.128009
 -1.193805 24.571371 -8.552092
 -1.130973 24.334149 3.180326
 -1.068142 25.022867 16.939623
 -1.005310 26.002870 8.907899
 -0.942478 25.901349 -7.536331
 -0.879646 25.632542 -1.305086
 -0.816814 25.309408 -12.197914
 -0.753982 23.884072 -32.185578
 -0.691150 22.091957 -18.133989
 -0.628319 21.613245 -3.007388
 -0.565487 21.001225 -18.993818
 -0.502655 19.360613 -28.093515
 -0.439823 17.885857 -19.346107
 -0.376991 16.993371 -6.715596
 -0.314159 16.976871 1.139964
 -0.251327 16.239049 -31.837321
 -0.188496 13.113876 -54.042460
 -0.125664 10.856751 -13.976332
 -0.062832 11.093542 13.975309
 0.000000 11.692211 5.008917
 0.062832 12.292143 17.844540
 0.125664 14.143566 39.753779
 0.188496 15.548439 -23.815250
 0.251327 11.991192 -62.469114
 0.314159 9.163991 -23.544676
 0.376991 9.273228 27.407548
 0.439823 12.401069 67.088076
 0.502655 16.104061 30.543253
 0.565487 16.006451 -22.632928
 0.628319 12.622586 -81.785932
 0.691150 8.212330 -49.251287
 0.753982 6.263909 -21.533625
 0.816814 4.792093 -19.061233
 0.879646 4.880371 24.676150
 0.942478 7.264247 35.473403
 1.005310 8.241443 6.745354
 1.068142 8.378693 -11.132134
 1.130973 6.880629 -35.389477
 1.193805 3.730731 -54.859241
 1.256637 1.482418 -11.281341
 1.319469 2.431386 38.580757
 1.382301 4.600473 2.234894
 1.445133 2.716981 -37.576256
 1.507964 1.364471 -2.344956
 1.570796 2.333587 27.162503
 1.633628 3.012940 -13.544704
 1.696460 1.988462 -10.350072
 1.759292 1.930566 7.459925
 1.822124 2.625986 10.812787
 1.884956 2.648991 -12.735856
 1.947787 1.886119 -2.715485
 2.010619 2.531312 17.897534
 2.073451 2.683298 -24.815713
 2.136283 0.256975 -37.488387
 2.199115 -1.089170 -2.870682
 2.261947 -0.311990 18.688351
 2.324779 -0.090451 -7.928741
 2.387610 -0.249705 2.659598
 2.450442 -0.103445 3.711447
 2.513274 0.628078 19.214082
 2.576106 1.580432 4.067619
 2.638938 1.487077 1.374388
 2.701770 2.209325 20.643925
 2.764602 3.878301 30.173017
 2.827433 5.378392 15.572942
 2.890265 6.673388 30.301689
 2.953097 8.769925 30.654250
 3.015929 10.652294 31.632515
 3.078761 12.581513 28.693846
