#! FIELDS phi3 ffphi3 dffphi3_phi3
#! SET min_phi3 -pi
#! SET max_phi3 pi
#! SET nbins_phi3  100
#! SET periodic_phi3 true
 -3.141593 20.087975 -56.347975
 -3.078761 16.931162 -45.917752
 -3.015929 13.991389 -48.194826
 -2.953097 10.997929 -45.995281
 -2.890265 8.496762 -30.453356
 -2.827433 7.439763 -2.425501
 -2.764602 7.826677 3.644955
 -2.701770 6.890732 -20.602717
 -2.638938 6.883465 24.147978
 -2.576106 9.547494 49.159668
 -2.513274 11.331135 7.451036
 -2.450442 11.259666 -7.028576
 -2.387610 10.331620 -36.538151
 -2.324779 4.261184 -125.528326
 -2.261947 -2.174047 -74.015128
 -2.199115 -4.896411 -12.609724
 -2.136283 -3.787827 47.391232
 -2.073451 0.908777 99.106322
 -2.010619 6.900435 57.049378
 -1.947787 7.779492 -3.833220
 -1.884956 7.715888 2.772842
 -1.822124 8.218003 11.663913
 -1.759292 8.734359 1.849144
 -1.696460 8.543215 -4.695291
 -1.633628 8.498025 3.883889
 -1.570796 8.807928 3.593891
 -1.507964 8.970713 3.267773
 -1.445133 9.069571 -6.784335
 -1.382301 7.597594 -30.951363
 -1.319469 6.692312 8.223513
 -1.256637 8.759236 54.016859
 -1.193805 11.946586 27.611286
 -1.130973 11.895079 -16.072614
 -1.068142 11.451835 6.957211
 -1.005310 12.749431 28.381579
 -0.942478 12.648099 -48.264897
 -0.879646 9.368394 -36.797276
 -0.816814 8.731042 16.705131
 -0.753982 10.992735 43.916460
 -0.691150 12.677633 15.250012
 -0.628319 14.344297 40.332152
 -0.565487 17.395670 51.531650
 -0.502655 20.387231 42.385411
 -0.439823 22.902591 39.547008
 -0.376991 25.580137 44.277355
 -0.314159 28.272949 39.951521
 -0.251327 30.696293 38.080229
 -0.188496 33.139637 38.291631
 -0.125664 35.420448 33.544822
 -0.062832 37.313378 25.058124
 0.000000 38.542148 15.114792
 0.062832 39.362281 10.401199
 0.125664 39.742416 1.113653
 0.188496 39.477626 -9.529503
 0.251327 38.600550 -18.287228
 0.314159 37.174836 -26.357613
 0.376991 35.455384 -27.702611
 0.439823 33.645440 -30.584489
 0.502655 31.648189 -31.919125
 0.565487 29.665119 -32.009566
 0.628319 27.545128 -35.176067
 0.691150 25.406874 -31.471599
 0.753982 23.657476 -24.225380
 0.816814 22.350778 -18.050095
 0.879646 21.269626 -16.313728
 0.942478 20.419156 -10.130416
 1.005310 20.026407 -2.032867
 1.068142 20.184387 6.463916
 1.130973 20.704520 9.529683
 1.193805 21.497559 17.191263
 1.256637 22.915405 26.733734
 1.319469 24.713441 30.285922
 1.382301 26.844470 37.988908
 1.445133 29.479846 44.723661
 1.507964 32.397299 47.487995
 1.570796 35.501214 50.496964
 1.633628 38.787105 53.688898
 1.696460 42.334804 58.073440
 1.759292 46.117123 60.304498
 1.822124 49.923666 59.376686
 1.884956 53.717169 60.049317
 1.947787 57.524952 58.975464
 2.010619 61.236101 58.032914
 2.073451 64.834155 53.716434
 2.136283 68.025388 47.407428
 2.199115 70.812664 38.715422
 2.261947 72.852134 25.824771
 2.324779 73.801685 -0.016446
 2.387610 72.661244 -35.990940
 2.450442 69.432018 -63.763420
 2.513274 65.090487 -71.807066
 2.576106 60.452622 -76.582789
 2.638938 55.492383 -79.865126
 2.701770 50.510880 -78.503109
 2.764602 45.612678 -77.461573
 2.827433 40.773074 -76.142476
 2.890265 36.097809 -72.403072
 2.953097 31.697746 -67.353856
 3.015929 27.646599 -61.675235
 3.078761 23.847719 -60.598676
