#! FIELDS phi3 ffphi3 dffphi3_phi3
#! SET min_phi3 -pi
#! SET max_phi3 pi
#! SET nbins_phi3  100
#! SET periodic_phi3 true
 -3.141593 20.964745 -53.406599
 -3.078761 17.794101 -47.328028
 -3.015929 15.025519 -40.950779
 -2.953097 12.626834 -35.535804
 -2.890265 10.541527 -30.911056
 -2.827433 8.756490 -25.613107
 -2.764602 7.361022 -18.788130
 -2.701770 6.332685 -14.722344
 -2.638938 5.465941 -12.678289
 -2.576106 4.767746 -9.726922
 -2.513274 4.185158 -9.106418
 -2.450442 3.627184 -8.747702
 -2.387610 3.084719 -8.049471
 -2.324779 2.693663 -4.387867
 -2.261947 2.447316 -4.182297
 -2.199115 2.182298 -3.583009
 -2.136283 2.050481 -0.841583
 -2.073451 2.011856 -0.833190
 -2.010619 1.933461 -1.562750
 -1.947787 1.824641 -2.189695
 -1.884956 1.634802 -3.582631
 -1.822124 1.431653 -2.962419
 -1.759292 1.195269 -4.891368
 -1.696460 0.875948 -4.650540
 -1.633628 0.631276 -3.342800
 -1.570796 0.428041 -3.438044
 -1.507964 0.181169 -4.309617
 -1.445133 -0.063695 -3.056958
 -1.382301 -0.174378 -0.714054
 -1.319469 -0.215318 -0.675999
 -1.256637 -0.135838 4.413784
 -1.193805 0.383284 11.479672
 -1.130973 1.165505 12.084665
 -1.068142 1.875199 11.683654
 -1.005310 2.847236 20.133507
 -0.942478 4.389183 28.044947
 -0.879646 6.265256 30.491571
 -0.816814 8.162857 30.204683
 -0.753982 10.184182 34.204792
 -0.691150 12.497779 39.458097
 -0.628319 15.103852 41.221986
 -0.565487 17.505742 35.253414
 -0.502655 19.780927 38.238496
 -0.439823 22.431607 45.454232
 -0.376991 25.344357 44.802924
 -0.314159 28.022043 40.845869
 -0.251327 30.615946 40.414860
 -0.188496 32.988698 34.493947
 -0.125664 35.077912 32.281450
 -0.062832 36.986337 26.528953
 0.000000 38.320376 15.985894
 0.062832 39.067909 7.519313
 0.125664 39.187979 -4.433614
 0.188496 38.553040 -14.766070
 0.251327 37.449215 -20.062343
 0.314159 36.009975 -25.767813
 0.376991 34.262699 -29.880853
 0.439823 32.166572 -37.033147
 0.502655 29.766277 -37.718096
 0.565487 27.512287 -34.171023
 0.628319 25.412059 -33.333849
 0.691150 23.269293 -34.600415
 0.753982 21.209938 -29.747854
 0.816814 19.548322 -23.712760
 0.879646 18.212315 -18.395015
 0.942478 17.276407 -11.466590
 1.005310 16.766351 -4.415454
 1.068142 16.798667 5.748447
 1.130973 17.444196 14.162803
 1.193805 18.580118 22.429475
 1.256637 20.271363 30.636380
 1.319469 22.388818 37.057280
 1.382301 25.043383 47.343388
 1.445133 28.307332 55.104052
 1.507964 31.914291 58.304199
 1.570796 35.703575 60.867436
 1.633628 39.627493 62.621833
 1.696460 43.666256 64.268242
 1.759292 47.779818 64.270811
 1.822124 51.798235 61.735572
 1.884956 55.715384 61.691932
 1.947787 59.692589 63.193022
 2.010619 63.694903 62.537104
 2.073451 67.986698 76.215644
 2.136283 72.442006 18.699142
 2.199115 70.736656 -26.469706
 2.261947 70.396942 10.909186
 2.324779 71.529585 26.301999
 2.387610 73.528117 3.982726
 2.450442 69.186652 -86.277217
 2.513274 64.716742 -62.970921
 2.576106 60.362933 -75.708946
 2.638938 55.583573 -75.254235
 2.701770 50.849831 -75.666634
 2.764602 46.089830 -75.454248
 2.827433 41.399960 -73.570587
 2.890265 36.859260 -70.644273
 2.953097 32.552064 -66.642916
 3.015929 28.424868 -64.653806
 3.078761 24.506766 -59.471544
