#! FIELDS phi3 ffphi3 dffphi3_phi3
#! SET min_phi3 -pi
#! SET max_phi3 pi
#! SET nbins_phi3  100
#! SET periodic_phi3 true
 -3.141593 14.444469 -44.324141
 -3.078761 11.779524 -39.765298
 -3.015929 9.495817 -32.928684
 -2.953097 7.591562 -28.348732
 -2.890265 5.898585 -25.112894
 -2.827433 4.517205 -18.726920
 -2.764602 3.481254 -14.585332
 -2.701770 2.697898 -10.821645
 -2.638938 1.963733 -13.016567
 -2.576106 1.292181 -5.615900
 -2.513274 1.370690 6.490179
 -2.450442 1.751982 3.359413
 -2.387610 1.786325 -0.783844
 -2.324779 1.804472 1.586001
 -2.261947 1.996405 4.728166
 -2.199115 2.384395 6.671559
 -2.136283 2.685748 2.263009
 -2.073451 2.750951 0.955658
 -2.010619 2.856831 1.935858
 -1.947787 2.932678 0.049767
 -1.884956 2.824125 -3.658179
 -1.822124 2.510913 -5.860399
 -1.759292 2.128706 -6.218457
 -1.696460 1.715781 -7.231800
 -1.633628 1.217550 -8.544411
 -1.570796 0.626985 -10.054482
 -1.507964 0.082966 -6.260560
 -1.445133 -0.150409 -1.873814
 -1.382301 -0.215069 -0.084357
 -1.319469 -0.096090 4.280176
 -1.256637 0.329948 8.978987
 -1.193805 1.005911 12.548698
 -1.130973 1.961422 18.259605
 -1.068142 3.310282 24.205691
 -1.005310 4.947587 27.321688
 -0.942478 6.727036 29.246235
 -0.879646 8.661915 32.158820
 -0.816814 10.761024 34.162131
 -0.753982 12.968845 35.737517
 -0.691150 15.237664 35.865698
 -0.628319 17.533203 37.407696
 -0.565487 19.991230 40.204664
 -0.502655 22.564619 40.857674
 -0.439823 25.086471 38.266029
 -0.376991 27.426202 36.451266
 -0.314159 29.522186 27.545211
 -0.251327 31.275040 34.158564
 -0.188496 34.145060 53.745613
 -0.125664 37.490740 52.617345
 -0.062832 39.695956 -12.752929
 0.000000 37.969614 -13.290879
 0.062832 38.673943 25.319229
 0.125664 38.482898 -26.447852
 0.188496 37.653277 -3.398996
 0.251327 35.399093 -66.284321
 0.314159 31.793947 -42.531327
 0.376991 29.724645 -29.653175
 0.439823 27.594108 -37.770586
 0.502655 25.094975 -41.483534
 0.565487 22.447163 -41.677902
 0.628319 19.971058 -37.074972
 0.691150 17.727069 -34.658962
 0.753982 15.661071 -30.376484
 0.816814 13.962941 -23.742417
 0.879646 12.650859 -18.059602
 0.942478 11.712935 -11.643554
 1.005310 11.201974 -4.497981
 1.068142 11.160971 3.201678
 1.130973 11.609228 11.152668
 1.193805 12.588746 20.185633
 1.256637 14.152942 29.286265
 1.319469 16.238176 36.771293
 1.382301 18.793611 44.330120
 1.445133 21.843901 52.398107
 1.507964 25.385099 58.818512
 1.570796 29.216108 61.075412
 1.633628 33.166870 66.672211
 1.696460 38.427150 103.913956
 1.759292 46.748566 160.147125
 1.822124 inf nan
 1.884956 inf nan
 1.947787 inf nan
 2.010619 inf nan
 2.073451 inf nan
 2.136283 inf nan
 2.199115 inf nan
 2.261947 inf nan
 2.324779 inf nan
 2.387610 inf nan
 2.450442 inf nan
 2.513274 58.600433 -210.862770
 2.576106 47.286284 -149.228908
 2.638938 39.806216 -89.482476
 2.701770 35.785888 -43.347574
 2.764602 33.216408 -46.768306
 2.827433 30.039227 -50.519121
 2.890265 26.864440 -51.650380
 2.953097 23.558886 -52.837626
 3.015929 20.306361 -50.163858
 3.078761 17.285096 -46.212449
