#! FIELDS psi2 ffpsi2 dffpsi2_psi2
#! SET min_psi2 -pi
#! SET max_psi2 pi
#! SET nbins_psi2  100
#! SET periodic_psi2 true
 -3.141593 14.803764 43.621993
 -3.078761 17.599758 44.149346
 -3.015929 20.380888 43.656618
 -2.953097 23.021209 39.281740
 -2.890265 25.421274 36.566640
 -2.827433 27.481558 26.957052
 -2.764602 28.758475 13.548642
 -2.701770 29.174717 -0.941532
 -2.638938 28.704600 -13.139932
 -2.576106 27.625813 -20.172944
 -2.513274 26.320485 -20.776382
 -2.450442 25.003922 -21.258770
 -2.387610 23.697611 -19.829649
 -2.324779 22.506066 -18.784327
 -2.261947 21.253145 -20.881448
 -2.199115 20.043245 -16.499678
 -2.136283 19.148485 -13.137356
 -2.073451 18.308896 -13.468767
 -2.010619 17.480732 -13.202830
 -1.947787 16.637030 -12.901790
 -1.884956 15.953370 -8.953893
 -1.822124 15.435950 -8.178671
 -1.759292 14.904323 -8.067011
 -1.696460 14.552181 -2.787364
 -1.633628 14.455604 -1.788729
 -1.570796 14.227224 -4.792679
 -1.507964 14.040982 -0.442426
 -1.445133 14.108135 1.825366
 -1.382301 14.247850 2.420597
 -1.319469 14.348339 0.470934
 -1.256637 14.393725 1.949727
 -1.193805 14.615853 4.376765
 -1.130973 14.870528 3.604544
 -1.068142 15.081997 3.068945
 -1.005310 15.264893 3.166268
 -0.942478 15.540328 5.119296
 -0.879646 15.791531 2.627499
 -0.816814 15.933585 2.139062
 -0.753982 16.032291 0.334536
 -0.691150 15.921225 -3.747622
 -0.628319 15.619573 -5.725121
 -0.565487 15.188033 -8.055183
 -0.502655 14.641129 -8.900361
 -0.439823 14.125612 -7.222420
 -0.376991 13.781345 -3.578493
 -0.314159 13.583665 -3.996234
 -0.251327 13.242588 -6.181832
 -0.188496 12.862815 -5.927360
 -0.125664 12.538557 -4.046080
 -0.062832 12.309508 -3.733274
 0.000000 12.122644 -1.640112
 0.062832 12.073258 -0.650553
 0.125664 12.010602 -1.425112
 0.188496 11.832097 -4.816751
 0.251327 11.460328 -6.006511
 0.314159 11.145012 -4.215314
 0.376991 10.868977 -5.036089
 0.439823 10.537009 -4.878534
 0.502655 10.274525 -4.124899
 0.565487 9.956138 -6.092300
 0.628319 9.519965 -7.562784
 0.691150 9.085050 -5.670313
 0.753982 8.809337 -3.749926
 0.816814 8.538947 -4.976587
 0.879646 8.242594 -3.923870
 0.942478 8.055439 -2.385909
 1.005310 7.923037 -1.828425
 1.068142 7.815128 -1.767910
 1.130973 7.708301 -1.562294
 1.193805 7.601283 -2.253096
 1.256637 7.399823 -4.113950
 1.319469 7.107242 -5.086761
 1.382301 6.769571 -5.672947
 1.445133 6.398428 -6.191617
 1.507964 5.971731 -7.567953
 1.570796 5.452867 -8.959727
 1.633628 4.830895 -10.867806
 1.696460 4.112782 -11.774610
 1.759292 3.380384 -11.236017
 1.822124 2.737823 -9.147551
 1.884956 2.214936 -7.691490
 1.947787 1.778550 -5.993756
 2.010619 1.469680 -3.961592
 2.073451 1.263547 -3.005108
 2.136283 1.007725 -5.717535
 2.199115 0.547869 -8.507996
 2.261947 0.001754 -8.493167
 2.324779 -0.481467 -6.742313
 2.387610 -0.842843 -4.746048
 2.450442 -1.039745 -1.083410
 2.513274 -0.942349 4.113471
 2.576106 -0.561053 7.652962
 2.638938 0.023323 11.262037
 2.701770 0.895422 16.451001
 2.764602 2.071531 20.765916
 2.827433 3.516302 25.203336
 2.890265 5.246346 29.663648
 2.953097 7.259337 34.306527
 3.015929 9.580731 39.075958
 3.078761 12.129074 41.240577
