#! FIELDS phi4 ffphi4 dffphi4_phi4
#! SET min_phi4 -pi
#! SET max_phi4 pi
#! SET nbins_phi4  100
#! SET periodic_phi4 true
 -3.141593 12.930184 -45.965267
 -3.078761 10.209765 -41.013920
 -3.015929 7.768355 -36.790247
 -2.953097 5.594034 -32.071123
 -2.890265 3.773517 -25.789005
 -2.827433 2.358752 -19.258024
 -2.764602 1.325332 -13.973870
 -2.701770 0.604617 -8.624185
 -2.638938 0.256744 -2.744211
 -2.576106 0.213474 1.048251
 -2.513274 0.350970 3.046883
 -2.450442 0.609223 5.504032
 -2.387610 1.056903 8.301381
 -2.324779 1.584640 8.194029
 -2.261947 2.122387 9.177975
 -2.199115 2.700231 8.267036
 -2.136283 3.081078 3.896986
 -2.073451 3.280573 2.926530
 -2.010619 3.429499 1.278226
 -1.947787 3.436098 -0.740201
 -1.884956 3.358423 -2.074464
 -1.822124 3.122835 -5.631321
 -1.759292 2.703231 -6.986895
 -1.696460 2.275480 -7.094028
 -1.633628 1.805249 -7.125110
 -1.570796 1.461947 -4.074520
 -1.507964 1.183192 -5.488937
 -1.445133 0.817394 -4.969890
 -1.382301 0.691092 1.175324
 -1.319469 0.906619 5.042564
 -1.256637 1.312826 8.212218
 -1.193805 1.985145 13.186217
 -1.130973 2.929202 16.267204
 -1.068142 4.010713 18.393274
 -1.005310 5.290395 22.218798
 -0.942478 6.788552 25.433148
 -0.879646 8.535521 30.029502
 -0.816814 10.512009 32.023450
 -0.753982 12.549862 32.754315
 -0.691150 14.663293 34.226409
 -0.628319 16.918694 38.041222
 -0.565487 19.510271 43.396675
 -0.502655 22.171622 38.350234
 -0.439823 24.306748 31.771961
 -0.376991 26.568027 40.211031
 -0.314159 29.054295 35.030091
 -0.251327 30.805906 22.432793
 -0.188496 32.399068 30.844773
 -0.125664 34.616701 35.930527
 -0.062832 36.406919 21.801456
 0.000000 37.866505 20.329345
 0.062832 37.216776 -37.044006
 0.125664 35.330408 -18.723367
 0.188496 34.109717 -28.363994
 0.251327 31.485738 -49.802245
 0.314159 28.855815 -30.200833
 0.376991 27.338539 -25.226879
 0.439823 25.064744 -46.222064
 0.502655 21.954387 -49.993693
 0.565487 18.989619 -44.022371
 0.628319 16.342769 -40.740785
 0.691150 13.915258 -35.866402
 0.753982 11.852418 -30.199024
 0.816814 10.077819 -26.183063
 0.879646 8.602971 -20.504441
 0.942478 7.548285 -12.549914
 1.005310 7.037567 -4.239195
 1.068142 6.962751 2.087335
 1.130973 7.376616 11.321296
 1.193805 8.340188 18.928447
 1.256637 9.809465 28.513113
 1.319469 11.949355 39.042527
 1.382301 14.685087 47.642728
 1.445133 17.988523 57.346681
 1.507964 21.891596 64.044357
 1.570796 25.907661 62.619433
 1.633628 30.139969 73.447063
 1.696460 35.665060 102.986119
 1.759292 43.748983 147.949672
 1.822124 inf nan
 1.884956 inf nan
 1.947787 inf nan
 2.010619 inf nan
 2.073451 inf nan
 2.136283 inf nan
 2.199115 inf nan
 2.261947 inf nan
 2.324779 inf nan
 2.387610 inf nan
 2.450442 inf nan
 2.513274 inf nan
 2.576106 61.451747 -210.661269
 2.638938 50.172619 -148.411058
 2.701770 42.716788 -90.596893
 2.764602 37.981849 -73.345145
 2.827433 32.455177 -94.673126
 2.890265 27.085344 -74.385316
 2.953097 22.908856 -60.747009
 3.015929 19.345350 -53.358014
 3.078761 16.035529 -52.218356
