#! FIELDS phi3 ffphi3 dffphi3_phi3
#! SET min_phi3 -pi
#! SET max_phi3 pi
#! SET nbins_phi3  100
#! SET periodic_phi3 true
 -3.141593 20.711968 -47.514840
 -3.078761 17.851491 -43.278501
 -3.015929 15.284537 -38.544403
 -2.953097 12.984883 -34.682771
 -2.890265 10.960715 -29.358819
 -2.827433 9.310903 -23.366276
 -2.764602 7.981422 -19.216931
 -2.701770 6.906019 -14.694549
 -2.638938 6.127011 -10.846113
 -2.576106 5.445243 -10.974139
 -2.513274 4.805970 -9.061816
 -2.450442 4.287982 -7.724083
 -2.387610 3.833241 -6.599320
 -2.324779 3.476888 -4.777338
 -2.261947 3.210152 -3.937620
 -2.199115 2.980519 -3.289170
 -2.136283 2.802515 -2.502304
 -2.073451 2.651957 -2.378790
 -2.010619 2.500495 -2.454731
 -1.947787 2.348714 -2.591344
 -1.884956 2.134763 -4.324607
 -1.822124 1.836307 -5.016503
 -1.759292 1.507548 -5.443073
 -1.696460 1.168029 -5.293517
 -1.633628 0.839871 -5.169356
 -1.570796 0.543117 -4.203996
 -1.507964 0.277144 -4.634047
 -1.445133 -0.016630 -4.196124
 -1.382301 -0.211819 -2.182090
 -1.319469 -0.323834 -1.337685
 -1.256637 -0.306525 2.416228
 -1.193805 -0.016315 6.464772
 -1.130973 0.480922 9.356965
 -1.068142 1.201732 13.935594
 -1.005310 2.237093 18.582392
 -0.942478 3.522102 22.367707
 -0.879646 5.059315 26.305485
 -0.816814 6.840269 30.293513
 -0.753982 8.856442 33.367225
 -0.691150 11.035642 35.628061
 -0.628319 13.321671 36.626614
 -0.565487 15.678491 38.144782
 -0.502655 18.138916 39.815731
 -0.439823 20.712112 41.319871
 -0.376991 23.286224 39.490604
 -0.314159 25.652197 35.263623
 -0.251327 27.769145 31.746562
 -0.188496 29.651993 27.739595
 -0.125664 31.207953 20.465402
 -0.062832 32.183831 11.095855
 0.000000 32.651693 2.963525
 0.062832 32.550090 -5.295463
 0.125664 32.030424 -11.980923
 0.188496 30.959546 -22.270942
 0.251327 29.307271 -29.290291
 0.314159 27.359468 -32.780212
 0.376991 25.159181 -37.047861
 0.439823 22.769545 -38.672642
 0.502655 20.303314 -39.846461
 0.565487 17.768879 -40.756633
 0.628319 15.208250 -40.268108
 0.691150 12.776963 -36.789107
 0.753982 10.595913 -32.570741
 0.816814 8.715670 -26.952610
 0.879646 7.226751 -20.376108
 0.942478 6.197441 -11.937440
 1.005310 5.727266 -3.535241
 1.068142 5.710493 3.225603
 1.130973 6.202696 12.792810
 1.193805 7.319665 22.511963
 1.256637 9.013715 31.238841
 1.319469 11.258546 40.124450
 1.382301 14.065222 48.515579
 1.445133 17.333502 54.800247
 1.507964 21.042995 62.690091
 1.570796 25.281882 70.164124
 1.633628 29.827702 70.685936
 1.696460 34.193781 65.951078
 1.759292 38.398129 65.661534
 1.822124 42.528515 63.992997
 1.884956 46.557471 62.008428
 1.947787 50.539354 64.816016
 2.010619 55.308154 88.288164
 2.073451 60.572488 42.383729
 2.136283 61.413445 15.932580
 2.199115 62.716023 -2.768515
 2.261947 60.924550 -27.195717
 2.324779 59.943696 -14.290960
 2.387610 58.382474 -28.606960
 2.450442 56.919502 -22.386122
 2.513274 54.626128 -51.268694
 2.576106 51.177386 -54.037047
 2.638938 47.942071 -50.352001
 2.701770 44.673008 -54.212802
 2.764602 41.159965 -57.001357
 2.827433 37.568828 -57.027958
 2.890265 34.010379 -56.145016
 2.953097 30.503125 -55.521797
 3.015929 27.065380 -53.531898
 3.078761 23.795316 -50.547552
