#! FIELDS psi2 ffpsi2 dffpsi2_psi2
#! SET min_psi2 -pi
#! SET max_psi2 pi
#! SET nbins_psi2  100
#! SET periodic_psi2 true
 -3.141593 15.539912 58.630112
 -3.078761 19.454662 63.083501
 -3.015929 23.637870 70.625653
 -2.953097 28.788907 92.308052
 -2.890265 35.309761 103.878488
 -2.827433 39.973980 17.886926
 -2.764602 40.462270 11.407826
 -2.701770 40.308055 -31.451503
 -2.638938 38.017518 -24.634244
 -2.576106 37.683713 9.255088
 -2.513274 37.823027 -19.988460
 -2.450442 34.758809 -59.527003
 -2.387610 32.168298 -19.149352
 -2.324779 31.817492 -4.426823
 -2.261947 30.614149 -26.205778
 -2.199115 29.522836 -7.828364
 -2.136283 29.067552 -12.662815
 -2.073451 27.798679 -23.996327
 -2.010619 26.447283 -17.939672
 -1.947787 25.541639 -11.393953
 -1.884956 24.932951 -8.895655
 -1.822124 24.277516 -12.586124
 -1.759292 23.492625 -9.942618
 -1.696460 23.242903 1.383272
 -1.633628 23.360923 0.469687
 -1.570796 23.313556 -1.424006
 -1.507964 23.229976 -0.773250
 -1.445133 23.241669 0.831854
 -1.382301 23.293191 0.506242
 -1.319469 23.300809 0.019362
 -1.256637 23.321208 0.362465
 -1.193805 23.377754 2.224923
 -1.130973 23.602723 3.839080
 -1.068142 23.808658 3.476111
 -1.005310 24.126539 6.225583
 -0.942478 24.447915 2.912584
 -0.879646 24.530062 1.010712
 -0.816814 24.593886 -0.857146
 -0.753982 24.223984 -11.721061
 -0.691150 23.248307 -13.588248
 -0.628319 23.361622 20.127087
 -0.565487 25.086962 12.187096
 -0.502655 22.429053 -68.839731
 -0.439823 19.206647 -29.010815
 -0.376991 18.758673 11.468572
 -0.314159 19.544115 -1.897776
 -0.251327 18.027203 -33.660149
 -0.188496 16.462053 -12.478366
 -0.125664 16.559232 12.216639
 -0.062832 16.830357 -12.965471
 0.000000 15.465317 -20.214149
 0.062832 14.660150 -8.830580
 0.125664 14.023752 -9.986728
 0.188496 13.677201 -1.141552
 0.251327 13.677714 0.169474
 0.314159 13.705367 -0.580602
 0.376991 13.273773 -12.668141
 0.439823 12.689356 -2.267031
 0.502655 12.868503 2.415509
 0.565487 12.387584 -15.896645
 0.628319 11.527024 -8.961041
 0.691150 11.100227 -7.148380
 0.753982 10.659296 -4.621525
 0.816814 10.576837 -0.278940
 0.879646 10.287694 -9.049505
 0.942478 9.755537 -6.165317
 1.005310 9.428408 -5.613980
 1.068142 9.080989 -4.384479
 1.130973 8.854827 -4.293426
 1.193805 8.422015 -8.921800
 1.256637 7.917442 -6.314919
 1.319469 7.566052 -5.990954
 1.382301 7.096177 -8.764604
 1.445133 6.572958 -7.142061
 1.507964 6.143744 -7.662383
 1.570796 5.579944 -9.849106
 1.633628 4.939435 -10.633645
 1.696460 4.202028 -12.993024
 1.759292 3.366473 -13.035978
 1.822124 2.613076 -10.581243
 1.884956 2.059169 -7.267165
 1.947787 1.663554 -5.485465
 2.010619 1.368959 -3.889633
 2.073451 1.168806 -2.793336
 2.136283 0.933558 -5.565449
 2.199115 0.441777 -9.372395
 2.261947 -0.105972 -7.512524
 2.324779 -0.532441 -6.524698
 2.387610 -0.903845 -4.677912
 2.450442 -1.058681 -0.175484
 2.513274 -0.954599 3.142592
 2.576106 -0.660054 6.562127
 2.638938 -0.087796 11.754411
 2.701770 0.834138 17.532023
 2.764602 2.083443 21.884324
 2.827433 3.601018 26.329580
 2.890265 5.365486 29.635579
 2.953097 7.359954 33.326349
 3.015929 9.530746 36.510569
 3.078761 12.166830 47.765531
