#! FIELDS psi3 ffpsi3 dffpsi3_psi3
#! SET min_psi3 -pi
#! SET max_psi3 pi
#! SET nbins_psi3  100
#! SET periodic_psi3 true
 -3.141593 9.139777 15.629234
 -3.078761 9.993198 10.716524
 -3.015929 10.672874 14.893475
 -2.953097 12.194657 32.497311
 -2.890265 14.376297 33.822187
 -2.827433 16.204307 23.454847
 -2.764602 17.611880 24.312074
 -2.701770 19.462248 35.081284
 -2.638938 22.095324 45.732845
 -2.576106 23.892684 1.723868
 -2.513274 23.041728 -19.486730
 -2.450442 22.419210 5.136934
 -2.387610 23.866213 36.830573
 -2.324779 25.796210 16.000916
 -2.261947 26.207205 2.585204
 -2.199115 26.438806 5.894822
 -2.136283 26.973381 10.111578
 -2.073451 27.497888 4.787123
 -2.010619 27.553956 -1.443068
 -1.947787 27.493513 -1.867476
 -1.884956 26.944776 -14.180334
 -1.822124 26.340804 -3.806899
 -1.759292 26.071537 -6.899988
 -1.696460 25.509251 -10.631194
 -1.633628 25.215477 7.094645
 -1.570796 26.349081 16.316245
 -1.507964 24.948202 -51.767852
 -1.445133 22.263867 -27.759153
 -1.382301 21.281106 -8.515693
 -1.319469 20.400021 -23.825425
 -1.256637 18.368243 -39.741765
 -1.193805 15.666441 -41.038675
 -1.130973 13.531188 -29.191086
 -1.068142 11.669422 -29.454345
 -1.005310 10.093163 -20.027693
 -0.942478 8.992552 -16.842422
 -0.879646 7.870378 -18.851043
 -0.816814 6.671760 -18.912644
 -0.753982 5.490831 -19.045622
 -0.691150 4.283003 -18.684529
 -0.628319 3.239410 -14.312724
 -0.565487 2.445691 -11.567135
 -0.502655 1.727364 -11.126513
 -0.439823 1.127603 -7.813775
 -0.376991 0.692034 -6.243298
 -0.314159 0.376136 -3.842803
 -0.251327 0.158571 -3.260952
 -0.188496 0.009101 -1.204253
 -0.125664 0.022074 1.657583
 -0.062832 0.191014 3.120157
 0.000000 0.411743 4.621430
 0.062832 0.824701 7.906799
 0.125664 1.282662 5.925308
 0.188496 1.583393 4.426062
 0.251327 1.931633 6.622807
 0.314159 2.358946 6.179358
 0.376991 2.643458 3.378279
 0.439823 2.955596 6.971639
 0.502655 3.413951 7.033350
 0.565487 3.880373 7.331055
 0.628319 4.228434 4.073709
 0.691150 4.536285 5.987852
 0.753982 4.906959 5.000563
 0.816814 5.127520 2.258494
 0.879646 5.292579 3.785947
 0.942478 5.656702 7.403318
 1.005310 6.061743 3.986502
 1.068142 6.120863 -1.547433
 1.130973 6.034521 0.826587
 1.193805 6.361900 8.409273
 1.256637 6.850184 6.402493
 1.319469 7.186573 3.893086
 1.382301 7.325588 1.289777
 1.445133 7.447462 2.722477
 1.507964 7.621681 1.661274
 1.570796 7.573307 -1.954499
 1.633628 7.593947 2.469173
 1.696460 7.667337 -1.464515
 1.759292 7.432031 -5.681221
 1.822124 7.048519 -4.900411
 1.884956 6.928675 0.443892
 1.947787 6.990284 0.717181
 2.010619 6.902208 -3.995668
 2.073451 6.628374 -2.855328
 2.136283 6.599714 0.440512
 2.199115 6.497751 -4.186606
 2.261947 6.100789 -7.624512
 2.324779 5.711148 -3.895040
 2.387610 5.555516 -2.264515
 2.450442 5.393673 -2.309005
 2.513274 5.307924 -0.388462
 2.576106 5.356977 1.602389
 2.638938 5.392948 -1.125111
 2.701770 5.306099 -0.474440
 2.764602 5.368137 2.054980
 2.827433 5.590960 5.442293
 2.890265 6.016565 7.382987
 2.953097 6.517035 8.976715
 3.015929 7.186890 12.448645
 3.078761 8.104001 16.409896
