#! FIELDS psi3 ffpsi3 dffpsi3_psi3
#! SET min_psi3 -pi
#! SET max_psi3 pi
#! SET nbins_psi3  100
#! SET periodic_psi3 true
 -3.141593 8.713598 12.079187
 -3.078761 9.520466 14.678458
 -3.015929 10.644803 21.553409
 -2.953097 12.267192 29.280251
 -2.890265 14.134265 28.270830
 -2.827433 15.532095 13.820909
 -2.764602 16.282099 16.721379
 -2.701770 18.107443 40.101614
 -2.638938 20.507618 26.856125
 -2.576106 21.398917 8.286056
 -2.513274 22.054068 12.701260
 -2.450442 22.791229 9.634392
 -2.387610 23.606503 20.362044
 -2.324779 25.615729 41.881063
 -2.261947 26.760160 -25.829006
 -2.199115 25.126758 -6.919170
 -2.136283 26.487539 50.424527
 -2.073451 31.387939 100.783773
 -2.010619 31.842758 -101.608303
 -1.947787 26.625229 -57.853594
 -1.884956 24.587149 -7.791757
 -1.822124 25.392368 28.161033
 -1.759292 26.735082 3.966309
 -1.696460 26.217398 -12.113591
 -1.633628 25.559780 -12.615624
 -1.570796 24.529286 -14.645826
 -1.507964 23.913068 -9.703579
 -1.445133 22.881280 -22.980452
 -1.382301 21.179254 -28.131706
 -1.319469 19.578681 -24.948589
 -1.256637 17.672613 -36.203146
 -1.193805 15.360811 -33.076884
 -1.130973 13.759651 -20.093783
 -1.068142 12.342168 -26.612941
 -1.005310 10.652925 -25.133003
 -0.942478 9.143568 -24.080339
 -0.879646 7.701741 -20.125143
 -0.816814 6.635556 -15.630139
 -0.753982 5.530517 -19.520675
 -0.691150 4.314555 -18.069389
 -0.628319 3.345194 -12.924145
 -0.565487 2.610652 -10.809047
 -0.502655 1.992776 -8.980151
 -0.439823 1.434648 -9.163887
 -0.376991 0.846972 -9.085866
 -0.314159 0.356578 -6.329764
 -0.251327 0.033287 -4.265182
 -0.188496 -0.178171 -2.128400
 -0.125664 -0.180086 2.216641
 -0.062832 0.066164 4.880234
 0.000000 0.328985 3.087334
 0.062832 0.548488 5.113170
 0.125664 1.024511 9.154455
 0.188496 1.536834 6.213078
 0.251327 1.843961 4.710982
 0.314159 2.214424 6.471860
 0.376991 2.591273 6.038785
 0.439823 3.063326 8.495532
 0.502655 3.533426 6.226020
 0.565487 3.945986 7.454121
 0.628319 4.440535 7.402123
 0.691150 4.802135 3.725818
 0.753982 4.905689 0.424312
 0.816814 5.085234 6.684898
 0.879646 5.730271 12.356002
 0.942478 6.408515 7.426052
 1.005310 6.587557 -0.788074
 1.068142 6.475536 -1.893259
 1.130973 6.533582 5.071068
 1.193805 6.991450 6.330173
 1.256637 7.103934 -1.602944
 1.319469 7.101806 2.779227
 1.382301 7.325432 2.641927
 1.445133 7.452737 2.789988
 1.507964 7.798146 7.581385
 1.570796 8.143377 1.298695
 1.633628 7.948044 -6.456461
 1.696460 7.551270 -3.851126
 1.759292 7.572690 2.896559
 1.822124 7.704979 1.502935
 1.884956 7.809439 0.615510
 1.947787 7.600826 -7.236858
 2.010619 7.147074 -4.878076
 2.073451 7.082082 1.525275
 2.136283 7.089003 -2.249396
 2.199115 6.903475 -2.856196
 2.261947 6.684394 -4.276039
 2.324779 6.465910 -2.509182
 2.387610 6.271455 -4.472471
 2.450442 5.881824 -7.542308
 2.513274 5.465902 -4.458206
 2.576106 5.334981 -1.166920
 2.638938 5.140510 -4.639987
 2.701770 4.982328 0.858209
 2.764602 5.174659 3.354756
 2.827433 5.306158 1.976752
 2.890265 5.619081 8.592638
 2.953097 6.315342 12.161053
 3.015929 7.056748 11.835977
 3.078761 7.882492 14.035251
