#! FIELDS phi6 ffphi6 dffphi6_phi6
#! SET min_phi6 -pi
#! SET max_phi6 pi
#! SET nbins_phi6  500
#! SET periodic_phi6 true
 -3.141593 inf nan
 -3.129026 inf nan
 -3.116460 inf nan
 -3.103894 inf nan
 -3.091327 inf nan
 -3.078761 inf nan
 -3.066194 inf nan
 -3.053628 inf nan
 -3.041062 inf nan
 -3.028495 inf nan
 -3.015929 inf nan
 -3.003363 inf nan
 -2.990796 inf nan
 -2.978230 inf nan
 -2.965663 inf nan
 -2.953097 inf nan
 -2.940531 inf nan
 -2.927964 inf nan
 -2.915398 inf nan
 -2.902832 inf nan
 -2.890265 inf nan
 -2.877699 inf nan
 -2.865133 inf nan
 -2.852566 inf nan
 -2.840000 inf nan
 -2.827433 inf nan
 -2.814867 inf nan
 -2.802301 inf nan
 -2.789734 inf nan
 -2.777168 inf nan
 -2.764602 inf nan
 -2.752035 inf nan
 -2.739469 inf nan
 -2.726902 inf nan
 -2.714336 inf nan
 -2.701770 inf nan
 -2.689203 inf nan
 -2.676637 inf nan
 -2.664071 inf nan
 -2.651504 inf nan
 -2.638938 inf nan
 -2.626371 inf nan
 -2.613805 inf nan
 -2.601239 inf nan
 -2.588672 inf nan
 -2.576106 inf nan
 -2.563540 inf nan
 -2.550973 inf nan
 -2.538407 inf nan
 -2.525840 inf nan
 -2.513274 inf nan
 -2.500708 inf nan
 -2.488141 inf nan
 -2.475575 inf nan
 -2.463009 inf nan
 -2.450442 inf nan
 -2.437876 inf nan
 -2.425310 inf nan
 -2.412743 inf nan
 -2.400177 inf nan
 -2.387610 inf nan
 -2.375044 inf nan
 -2.362478 inf nan
 -2.349911 inf nan
 -2.337345 inf nan
 -2.324779 inf nan
 -2.312212 inf nan
 -2.299646 inf nan
 -2.287079 inf nan
 -2.274513 inf nan
 -2.261947 inf nan
 -2.249380 inf nan
 -2.236814 inf nan
 -2.224248 59.238963 -191.200069
 -2.211681 56.915050 -178.662149
 -2.199115 54.748693 -166.124228
 -2.186548 52.739893 -153.586308
 -2.173982 50.888648 -141.048388
 -2.161416 49.114315 -130.478090
 -2.148849 47.527665 -119.244957
 -2.136283 46.088640 -108.277113
 -2.123717 44.780186 -98.076850
 -2.111150 43.597188 -88.712422
 -2.098584 42.535271 -80.090631
 -2.086018 41.570820 -72.849430
 -2.073451 40.692197 -66.904433
 -2.060885 39.875442 -62.604961
 -2.048318 39.108305 -59.491111
 -2.035752 38.370058 -57.553335
 -2.023186 37.648444 -56.454359
 -2.010619 36.942522 -55.521716
 -1.998053 36.246493 -54.739300
 -1.985487 35.560801 -53.989057
 -1.972920 34.882023 -53.470727
 -1.960354 34.208308 -53.219323
 -1.947787 33.534086 -53.369299
 -1.935221 32.857601 -53.740159
 -1.922655 32.176517 -54.202159
 -1.910088 31.487651 -54.760344
 -1.897522 30.792728 -55.246449
 -1.884956 30.090920 -55.725553
 -1.872389 29.383896 -56.148614
 -1.859823 28.670747 -56.601418
 -1.847256 27.952781 -57.014238
 -1.834690 27.228631 -57.454301
 -1.822124 26.498903 -57.882820
 -1.809557 25.765767 -58.193794
 -1.796991 25.027903 -58.495748
 -1.784425 24.287592 -58.696675
 -1.771858 23.544873 -58.831385
 -1.759292 22.799791 -58.932695
 -1.746726 22.056222 -58.833956
 -1.734159 21.313590 -58.649730
 -1.721593 20.573692 -58.376287
 -1.709026 19.838227 -58.018117
 -1.696460 19.108303 -57.600571
 -1.683894 18.383419 -57.201242
 -1.671327 17.663076 -56.853016
 -1.658761 16.947915 -56.491967
 -1.646195 16.236859 -56.143854
 -1.633628 15.530822 -55.733552
 -1.621062 14.831155 -55.202263
 -1.608495 14.138044 -54.597411
 -1.595929 13.453814 -53.869698
 -1.583363 12.779509 -53.055104
 -1.570796 12.114678 -52.260390
 -1.558230 11.461145 -51.426507
 -1.545664 10.816557 -50.707055
 -1.533097 10.181781 -50.023134
 -1.520531 9.554962 -49.436119
 -1.507964 8.935702 -48.899059
 -1.495398 8.322958 -48.399550
 -1.482832 7.717102 -47.849957
 -1.470265 7.118800 -47.181788
 -1.457699 6.529861 -46.315926
 -1.445133 5.954144 -45.130548
 -1.432566 5.395181 -43.611000
 -1.420000 4.857515 -41.751116
 -1.407434 4.345396 -39.596107
 -1.394867 3.861440 -37.281240
 -1.382301 3.407062 -34.948522
 -1.369734 2.981192 -32.783223
 -1.357168 2.580406 -30.969062
 -1.344602 2.199836 -29.612673
 -1.332035 1.833025 -28.772223
 -1.319469 1.473904 -28.379141
 -1.306903 1.117920 -28.259251
 -1.294336 0.762873 -28.189749
 -1.281770 0.409703 -27.935723
 -1.269203 0.061732 -27.335742
 -1.256637 -0.275955 -26.306140
 -1.244071 -0.597975 -24.856536
 -1.231504 -0.899483 -23.055953
 -1.218938 -1.176743 -21.002780
 -1.206372 -1.426934 -18.776775
 -1.193805 -1.648460 -16.460074
 -1.181239 -1.840695 -14.129197
 -1.168672 -2.003920 -11.857220
 -1.156106 -2.139372 -9.725471
 -1.143540 -2.249289 -7.805999
 -1.130973 -2.336745 -6.159515
 -1.118407 -2.405362 -4.804548
 -1.105841 -2.458586 -3.702836
 -1.093274 -2.499090 -2.760611
 -1.080708 -2.528070 -1.847910
 -1.068142 -2.545028 -0.829794
 -1.055575 -2.547965 0.395548
 -1.043009 -2.533936 1.865714
 -1.030442 -2.499961 3.552841
 -1.017876 -2.443808 5.383379
 -1.005310 -2.364289 7.246505
 -0.992743 -2.261649 9.051065
 -0.980177 -2.137005 10.736431
 -0.967611 -1.991880 12.294415
 -0.955044 -1.827763 13.785059
 -0.942478 -1.644924 15.271939
 -0.929911 -1.442951 16.839380
 -0.917345 -1.220554 18.537983
 -0.904779 -0.975909 20.358883
 -0.892212 -0.707745 22.272499
 -0.879646 -0.415157 24.206770
 -0.867080 -0.098384 26.112351
 -0.854513 0.241866 27.946380
 -0.841947 0.604719 29.682888
 -0.829380 0.989232 31.323593
 -0.816814 1.394046 32.923289
 -0.804248 1.818555 34.498460
 -0.791681 2.262921 36.011906
 -0.779115 2.726045 37.483626
 -0.766549 3.207320 38.887094
 -0.753982 3.705842 40.212256
 -0.741416 4.220810 41.462979
 -0.728849 4.752526 42.625499
 -0.716283 5.298438 43.908123
 -0.703717 5.861133 45.277528
 -0.691150 6.441952 46.797876
 -0.678584 7.043506 48.459854
 -0.666018 7.667280 50.277781
 -0.653451 8.314619 52.203738
 -0.640885 8.987107 54.086971
 -0.628319 9.682451 55.905088
 -0.615752 10.400418 57.454455
 -0.603186 11.137383 58.680674
 -0.590619 11.886142 59.740831
 -0.578053 12.646559 60.467328
 -0.565487 13.417870 60.783886
 -0.552920 14.190690 61.133392
 -0.540354 14.968355 61.356444
 -0.527788 15.750465 61.513971
 -0.515221 16.534085 61.817129
 -0.502655 17.323788 62.125548
 -0.490088 18.119763 62.565715
 -0.477522 18.920629 63.356323
 -0.464956 19.733441 64.305708
 -0.452389 20.558541 65.512162
 -0.439823 21.399138 66.862349
 -0.427257 22.259836 68.055860
 -0.414690 23.135024 69.166329
 -0.402124 24.022598 70.015425
 -0.389557 24.918846 70.419416
 -0.376991 25.817170 70.392608
 -0.364425 26.713830 69.907433
 -0.351858 27.605144 69.101713
 -0.339292 28.483211 68.489802
 -0.326726 29.356391 67.919631
 -0.314159 30.223065 67.723229
 -0.301593 31.091921 67.678125
 -0.289027 31.959703 67.983395
 -0.276460 32.835664 68.044920
 -0.263894 33.708107 68.063953
 -0.251327 34.571243 67.791732
 -0.238761 35.429553 66.367716
 -0.226195 36.263703 64.190918
 -0.213628 37.070216 61.300825
 -0.201062 37.836523 58.802845
 -0.188496 38.572577 57.351109
 -0.175929 39.305500 57.060762
 -0.163363 40.044407 59.096514
 -0.150796 40.820074 63.341524
 -0.138230 41.672820 68.858005
 -0.125664 42.598072 76.669573
 -0.113097 43.623144 85.961333
 -0.100531 44.774921 95.893335
 -0.087965 46.054920 106.542872
 -0.075398 47.483947 117.327555
 -0.062832 49.032718 129.195467
 -0.050265 50.807523 139.549027
 -0.037699 52.639926 152.086947
 -0.025133 54.629885 164.624867
 -0.012566 56.777400 177.162788
 0.000000 inf nan
 0.012566 inf nan
 0.025133 inf nan
 0.037699 inf nan
 0.050265 inf nan
 0.062832 inf nan
 0.075398 inf nan
 0.087965 inf nan
 0.100531 inf nan
 0.113097 inf nan
 0.125664 inf nan
 0.138230 inf nan
 0.150796 inf nan
 0.163363 inf nan
 0.175929 inf nan
 0.188496 inf nan
 0.201062 inf nan
 0.213628 inf nan
 0.226195 inf nan
 0.238761 inf nan
 0.251327 inf nan
 0.263894 inf nan
 0.276460 inf nan
 0.289027 inf nan
 0.301593 inf nan
 0.314159 inf nan
 0.326726 inf nan
 0.339292 inf nan
 0.351858 inf nan
 0.364425 inf nan
 0.376991 inf nan
 0.389557 inf nan
 0.402124 inf nan
 0.414690 inf nan
 0.427257 inf nan
 0.439823 inf nan
 0.452389 inf nan
 0.464956 inf nan
 0.477522 inf nan
 0.490088 inf nan
 0.502655 inf nan
 0.515221 inf nan
 0.527788 inf nan
 0.540354 inf nan
 0.552920 inf nan
 0.565487 inf nan
 0.578053 inf nan
 0.590619 inf nan
 0.603186 inf nan
 0.615752 inf nan
 0.628319 inf nan
 0.640885 inf nan
 0.653451 inf nan
 0.666018 inf nan
 0.678584 inf nan
 0.691150 inf nan
 0.703717 inf nan
 0.716283 inf nan
 0.728849 inf nan
 0.741416 inf nan
 0.753982 inf nan
 0.766549 inf nan
 0.779115 inf nan
 0.791681 inf nan
 0.804248 inf nan
 0.816814 inf nan
 0.829380 inf nan
 0.841947 inf nan
 0.854513 inf nan
 0.867080 inf nan
 0.879646 inf nan
 0.892212 inf nan
 0.904779 inf nan
 0.917345 inf nan
 0.929911 inf nan
 0.942478 inf nan
 0.955044 inf nan
 0.967611 inf nan
 0.980177 inf nan
 0.992743 inf nan
 1.005310 inf nan
 1.017876 inf nan
 1.030442 inf nan
 1.043009 inf nan
 1.055575 inf nan
 1.068142 inf nan
 1.080708 inf nan
 1.093274 inf nan
 1.105841 inf nan
 1.118407 inf nan
 1.130973 inf nan
 1.143540 inf nan
 1.156106 inf nan
 1.168672 inf nan
 1.181239 inf nan
 1.193805 inf nan
 1.206372 inf nan
 1.218938 inf nan
 1.231504 inf nan
 1.244071 inf nan
 1.256637 inf nan
 1.269203 inf nan
 1.281770 inf nan
 1.294336 inf nan
 1.306903 inf nan
 1.319469 inf nan
 1.332035 inf nan
 1.344602 inf nan
 1.357168 inf nan
 1.369734 inf nan
 1.382301 inf nan
 1.394867 inf nan
 1.407434 inf nan
 1.420000 inf nan
 1.432566 inf nan
 1.445133 inf nan
 1.457699 inf nan
 1.470265 inf nan
 1.482832 inf nan
 1.495398 inf nan
 1.507964 inf nan
 1.520531 inf nan
 1.533097 inf nan
 1.545664 inf nan
 1.558230 inf nan
 1.570796 inf nan
 1.583363 inf nan
 1.595929 inf nan
 1.608495 inf nan
 1.621062 inf nan
 1.633628 inf nan
 1.646195 inf nan
 1.658761 inf nan
 1.671327 inf nan
 1.683894 inf nan
 1.696460 inf nan
 1.709026 inf nan
 1.721593 inf nan
 1.734159 inf nan
 1.746726 inf nan
 1.759292 inf nan
 1.771858 inf nan
 1.784425 inf nan
 1.796991 inf nan
 1.809557 inf nan
 1.822124 inf nan
 1.834690 inf nan
 1.847256 inf nan
 1.859823 inf nan
 1.872389 inf nan
 1.884956 inf nan
 1.897522 inf nan
 1.910088 inf nan
 1.922655 inf nan
 1.935221 inf nan
 1.947787 inf nan
 1.960354 inf nan
 1.972920 inf nan
 1.985487 inf nan
 1.998053 inf nan
 2.010619 inf nan
 2.023186 inf nan
 2.035752 inf nan
 2.048318 inf nan
 2.060885 inf nan
 2.073451 inf nan
 2.086018 inf nan
 2.098584 inf nan
 2.111150 inf nan
 2.123717 inf nan
 2.136283 inf nan
 2.148849 inf nan
 2.161416 inf nan
 2.173982 inf nan
 2.186548 inf nan
 2.199115 inf nan
 2.211681 inf nan
 2.224248 inf nan
 2.236814 inf nan
 2.249380 inf nan
 2.261947 inf nan
 2.274513 inf nan
 2.287079 inf nan
 2.299646 inf nan
 2.312212 inf nan
 2.324779 inf nan
 2.337345 inf nan
 2.349911 inf nan
 2.362478 inf nan
 2.375044 inf nan
 2.387610 inf nan
 2.400177 inf nan
 2.412743 inf nan
 2.425310 inf nan
 2.437876 inf nan
 2.450442 inf nan
 2.463009 inf nan
 2.475575 inf nan
 2.488141 inf nan
 2.500708 inf nan
 2.513274 inf nan
 2.525840 inf nan
 2.538407 inf nan
 2.550973 inf nan
 2.563540 inf nan
 2.576106 inf nan
 2.588672 inf nan
 2.601239 inf nan
 2.613805 inf nan
 2.626371 inf nan
 2.638938 inf nan
 2.651504 inf nan
 2.664071 inf nan
 2.676637 inf nan
 2.689203 inf nan
 2.701770 inf nan
 2.714336 inf nan
 2.726902 inf nan
 2.739469 inf nan
 2.752035 inf nan
 2.764602 inf nan
 2.777168 inf nan
 2.789734 inf nan
 2.802301 inf nan
 2.814867 inf nan
 2.827433 inf nan
 2.840000 inf nan
 2.852566 inf nan
 2.865133 inf nan
 2.877699 inf nan
 2.890265 inf nan
 2.902832 inf nan
 2.915398 inf nan
 2.927964 inf nan
 2.940531 inf nan
 2.953097 inf nan
 2.965663 inf nan
 2.978230 inf nan
 2.990796 inf nan
 3.003363 inf nan
 3.015929 inf nan
 3.028495 inf nan
 3.041062 inf nan
 3.053628 inf nan
 3.066194 inf nan
 3.078761 inf nan
 3.091327 inf nan
 3.103894 inf nan
 3.116460 inf nan
 3.129026 inf nan
