#! FIELDS phi6 ffphi6 dffphi6_phi6
#! SET min_phi6 -pi
#! SET max_phi6 pi
#! SET nbins_phi6  500
#! SET periodic_phi6 true
 -3.141593 inf nan
 -3.129026 inf nan
 -3.116460 inf nan
 -3.103894 inf nan
 -3.091327 inf nan
 -3.078761 inf nan
 -3.066194 inf nan
 -3.053628 inf nan
 -3.041062 inf nan
 -3.028495 inf nan
 -3.015929 inf nan
 -3.003363 inf nan
 -2.990796 inf nan
 -2.978230 inf nan
 -2.965663 inf nan
 -2.953097 inf nan
 -2.940531 inf nan
 -2.927964 inf nan
 -2.915398 inf nan
 -2.902832 inf nan
 -2.890265 inf nan
 -2.877699 inf nan
 -2.865133 inf nan
 -2.852566 inf nan
 -2.840000 inf nan
 -2.827433 inf nan
 -2.814867 inf nan
 -2.802301 inf nan
 -2.789734 inf nan
 -2.777168 inf nan
 -2.764602 inf nan
 -2.752035 inf nan
 -2.739469 inf nan
 -2.726902 inf nan
 -2.714336 inf nan
 -2.701770 inf nan
 -2.689203 inf nan
 -2.676637 inf nan
 -2.664071 inf nan
 -2.651504 inf nan
 -2.638938 inf nan
 -2.626371 inf nan
 -2.613805 inf nan
 -2.601239 inf nan
 -2.588672 inf nan
 -2.576106 inf nan
 -2.563540 inf nan
 -2.550973 inf nan
 -2.538407 inf nan
 -2.525840 inf nan
 -2.513274 inf nan
 -2.500708 inf nan
 -2.488141 inf nan
 -2.475575 inf nan
 -2.463009 inf nan
 -2.450442 inf nan
 -2.437876 inf nan
 -2.425310 inf nan
 -2.412743 inf nan
 -2.400177 inf nan
 -2.387610 inf nan
 -2.375044 inf nan
 -2.362478 inf nan
 -2.349911 inf nan
 -2.337345 inf nan
 -2.324779 inf nan
 -2.312212 inf nan
 -2.299646 inf nan
 -2.287079 inf nan
 -2.274513 inf nan
 -2.261947 inf nan
 -2.249380 inf nan
 -2.236814 inf nan
 -2.224248 inf nan
 -2.211681 inf nan
 -2.199115 inf nan
 -2.186548 inf nan
 -2.173982 inf nan
 -2.161416 inf nan
 -2.148849 inf nan
 -2.136283 inf nan
 -2.123717 inf nan
 -2.111150 inf nan
 -2.098584 inf nan
 -2.086018 inf nan
 -2.073451 58.514002 -406.614462
 -2.060885 53.388615 -362.904673
 -2.048318 49.076948 -316.482897
 -2.035752 45.381973 -270.228631
 -2.023186 42.265372 -225.352014
 -2.010619 39.706650 -182.288026
 -1.998053 37.670625 -142.275802
 -1.985487 36.112650 -106.484587
 -1.972920 34.970606 -76.303742
 -1.960354 34.166382 -52.911738
 -1.947787 33.607431 -37.481439
 -1.935221 33.183527 -31.720672
 -1.922655 32.767054 -35.940077
 -1.910088 32.263501 -43.914777
 -1.897522 31.686737 -46.606477
 -1.884956 31.113682 -44.386055
 -1.872389 30.554980 -45.755548
 -1.859823 29.931076 -54.336811
 -1.847256 29.190758 -62.513704
 -1.834690 28.392686 -63.197938
 -1.822124 27.622515 -59.085956
 -1.809557 26.901685 -56.153355
 -1.796991 26.196133 -56.558335
 -1.784425 25.476054 -57.866163
 -1.771858 24.749970 -57.280038
 -1.759292 24.041925 -55.389070
 -1.746726 23.351097 -54.947123
 -1.734159 22.650560 -56.738968
 -1.721593 21.925689 -58.328491
 -1.709026 21.192740 -58.017288
 -1.696460 20.469255 -57.198998
 -1.683894 19.749897 -57.449333
 -1.671327 19.023212 -58.118939
 -1.658761 18.292012 -58.090820
 -1.646195 17.564057 -57.771244
 -1.633628 16.837406 -57.940192
 -1.621062 16.106747 -58.281936
 -1.608495 15.374284 -58.181628
 -1.595929 14.645787 -57.698896
 -1.583363 13.925437 -56.798453
 -1.570796 13.222861 -54.751321
 -1.558230 12.554529 -51.477252
 -1.545664 11.926985 -48.677204
 -1.533097 11.318632 -48.732169
 -1.520531 10.688195 -51.922084
 -1.507964 10.013288 -55.119874
 -1.495398 9.317394 -54.915888
 -1.482832 8.647163 -51.385641
 -1.470265 8.026266 -47.725571
 -1.457699 7.433706 -47.252567
 -1.445133 6.822880 -50.344001
 -1.432566 6.167274 -53.634032
 -1.420000 5.490807 -53.223203
 -1.407434 4.847777 -48.580702
 -1.394867 4.274546 -42.813870
 -1.382301 3.759750 -39.769010
 -1.369734 3.260363 -40.029251
 -1.357168 2.755921 -39.763135
 -1.344602 2.278290 -35.534053
 -1.332035 1.875310 -28.406516
 -1.319469 1.560278 -22.201705
 -1.306903 1.299918 -20.044770
 -1.294336 1.036469 -22.566424
 -1.281770 0.721037 -27.831553
 -1.269203 0.339528 -32.501149
 -1.256637 -0.080820 -33.663271
 -1.244071 -0.487874 -30.459309
 -1.231504 -0.834583 -24.505486
 -1.218938 -1.105214 -18.895052
 -1.206372 -1.321795 -16.143472
 -1.193805 -1.522766 -16.131886
 -1.181239 -1.728389 -16.441177
 -1.168672 -1.929783 -15.374610
 -1.156106 -2.110847 -13.394359
 -1.143540 -2.266589 -11.429800
 -1.130973 -2.398179 -9.495147
 -1.118407 -2.503896 -7.302909
 -1.105841 -2.581304 -5.060897
 -1.093274 -2.632868 -3.262348
 -1.080708 -2.666017 -2.134180
 -1.068142 -2.688567 -1.533305
 -1.055575 -2.705053 -1.096802
 -1.043009 -2.714135 -0.223069
 -1.030442 -2.705178 1.895011
 -1.017876 -2.659548 5.557801
 -1.005310 -2.562985 9.717386
 -0.992743 -2.420791 12.535511
 -0.980177 -2.256575 13.274821
 -0.967611 -2.090600 13.117102
 -0.955044 -1.923288 13.678336
 -0.942478 -1.741427 15.402234
 -0.929911 -1.533001 17.780396
 -0.917345 -1.293862 20.206733
 -0.904779 -1.025187 22.500607
 -0.892212 -0.725569 25.310412
 -0.879646 -0.382549 29.505030
 -0.867080 0.021529 34.793297
 -0.854513 0.489301 39.249763
 -0.841947 0.996604 40.902979
 -0.829380 1.507965 40.191974
 -0.816814 2.008354 39.559022
 -0.804248 2.509709 40.346975
 -0.791681 3.025306 41.511577
 -0.779115 3.548996 41.446201
 -0.766549 4.062754 40.065686
 -0.753982 4.559361 39.098469
 -0.741416 5.055359 40.123175
 -0.728849 5.577242 43.022516
 -0.716283 6.139766 46.303920
 -0.703717 6.739120 48.810241
 -0.691150 7.365940 50.829360
 -0.678584 8.020531 53.359423
 -0.666018 8.710774 56.364331
 -0.653451 9.435038 58.487003
 -0.640885 10.174922 58.857427
 -0.628319 10.914100 58.726587
 -0.615752 11.661106 60.371310
 -0.603186 12.442367 63.911297
 -0.590619 13.267426 66.829711
 -0.578053 14.111994 66.793310
 -0.565487 14.939969 64.587889
 -0.552920 15.741889 63.138864
 -0.540354 16.541646 64.380919
 -0.527788 17.372637 67.884371
 -0.515221 18.252906 71.788500
 -0.502655 19.174333 74.218678
 -0.490088 20.110350 74.033994
 -0.477522 21.029251 71.639354
 -0.464956 21.909838 67.980527
 -0.452389 22.740480 63.830107
 -0.439823 23.520335 60.153753
 -0.427257 24.269427 59.420588
 -0.414690 25.039376 63.689589
 -0.402124 25.890417 71.849233
 -0.389557 26.845723 79.247799
 -0.376991 27.858972 80.487436
 -0.364425 28.840125 74.587768
 -0.351858 29.733953 67.803503
 -0.339292 30.566640 65.192025
 -0.326726 31.389293 65.426660
 -0.314159 32.220846 66.561361
 -0.301593 33.072771 69.119354
 -0.289027 33.984360 77.050202
 -0.276460 35.050952 94.378054
 -0.263894 36.403518 122.033359
 -0.251327 38.161366 158.307408
 -0.238761 40.411460 200.481213
 -0.226195 43.221015 245.281116
 -0.213628 46.614681 292.043907
 -0.201062 50.635450 339.248394
 -0.188496 56.197295 382.415966
 -0.175929 inf nan
 -0.163363 inf nan
 -0.150796 inf nan
 -0.138230 inf nan
 -0.125664 inf nan
 -0.113097 inf nan
 -0.100531 inf nan
 -0.087965 inf nan
 -0.075398 inf nan
 -0.062832 inf nan
 -0.050265 inf nan
 -0.037699 inf nan
 -0.025133 inf nan
 -0.012566 inf nan
 0.000000 inf nan
 0.012566 inf nan
 0.025133 inf nan
 0.037699 inf nan
 0.050265 inf nan
 0.062832 inf nan
 0.075398 inf nan
 0.087965 inf nan
 0.100531 inf nan
 0.113097 inf nan
 0.125664 inf nan
 0.138230 inf nan
 0.150796 inf nan
 0.163363 inf nan
 0.175929 inf nan
 0.188496 inf nan
 0.201062 inf nan
 0.213628 inf nan
 0.226195 inf nan
 0.238761 inf nan
 0.251327 inf nan
 0.263894 inf nan
 0.276460 inf nan
 0.289027 inf nan
 0.301593 inf nan
 0.314159 inf nan
 0.326726 inf nan
 0.339292 inf nan
 0.351858 inf nan
 0.364425 inf nan
 0.376991 inf nan
 0.389557 inf nan
 0.402124 inf nan
 0.414690 inf nan
 0.427257 inf nan
 0.439823 inf nan
 0.452389 inf nan
 0.464956 inf nan
 0.477522 inf nan
 0.490088 inf nan
 0.502655 inf nan
 0.515221 inf nan
 0.527788 inf nan
 0.540354 inf nan
 0.552920 inf nan
 0.565487 inf nan
 0.578053 inf nan
 0.590619 inf nan
 0.603186 inf nan
 0.615752 inf nan
 0.628319 inf nan
 0.640885 inf nan
 0.653451 inf nan
 0.666018 inf nan
 0.678584 inf nan
 0.691150 inf nan
 0.703717 inf nan
 0.716283 inf nan
 0.728849 inf nan
 0.741416 inf nan
 0.753982 inf nan
 0.766549 inf nan
 0.779115 inf nan
 0.791681 inf nan
 0.804248 inf nan
 0.816814 inf nan
 0.829380 inf nan
 0.841947 inf nan
 0.854513 inf nan
 0.867080 inf nan
 0.879646 inf nan
 0.892212 inf nan
 0.904779 inf nan
 0.917345 inf nan
 0.929911 inf nan
 0.942478 inf nan
 0.955044 inf nan
 0.967611 inf nan
 0.980177 inf nan
 0.992743 inf nan
 1.005310 inf nan
 1.017876 inf nan
 1.030442 inf nan
 1.043009 inf nan
 1.055575 inf nan
 1.068142 inf nan
 1.080708 inf nan
 1.093274 inf nan
 1.105841 inf nan
 1.118407 inf nan
 1.130973 inf nan
 1.143540 inf nan
 1.156106 inf nan
 1.168672 inf nan
 1.181239 inf nan
 1.193805 inf nan
 1.206372 inf nan
 1.218938 inf nan
 1.231504 inf nan
 1.244071 inf nan
 1.256637 inf nan
 1.269203 inf nan
 1.281770 inf nan
 1.294336 inf nan
 1.306903 inf nan
 1.319469 inf nan
 1.332035 inf nan
 1.344602 inf nan
 1.357168 inf nan
 1.369734 inf nan
 1.382301 inf nan
 1.394867 inf nan
 1.407434 inf nan
 1.420000 inf nan
 1.432566 inf nan
 1.445133 inf nan
 1.457699 inf nan
 1.470265 inf nan
 1.482832 inf nan
 1.495398 inf nan
 1.507964 inf nan
 1.520531 inf nan
 1.533097 inf nan
 1.545664 inf nan
 1.558230 inf nan
 1.570796 inf nan
 1.583363 inf nan
 1.595929 inf nan
 1.608495 inf nan
 1.621062 inf nan
 1.633628 inf nan
 1.646195 inf nan
 1.658761 inf nan
 1.671327 inf nan
 1.683894 inf nan
 1.696460 inf nan
 1.709026 inf nan
 1.721593 inf nan
 1.734159 inf nan
 1.746726 inf nan
 1.759292 inf nan
 1.771858 inf nan
 1.784425 inf nan
 1.796991 inf nan
 1.809557 inf nan
 1.822124 inf nan
 1.834690 inf nan
 1.847256 inf nan
 1.859823 inf nan
 1.872389 inf nan
 1.884956 inf nan
 1.897522 inf nan
 1.910088 inf nan
 1.922655 inf nan
 1.935221 inf nan
 1.947787 inf nan
 1.960354 inf nan
 1.972920 inf nan
 1.985487 inf nan
 1.998053 inf nan
 2.010619 inf nan
 2.023186 inf nan
 2.035752 inf nan
 2.048318 inf nan
 2.060885 inf nan
 2.073451 inf nan
 2.086018 inf nan
 2.098584 inf nan
 2.111150 inf nan
 2.123717 inf nan
 2.136283 inf nan
 2.148849 inf nan
 2.161416 inf nan
 2.173982 inf nan
 2.186548 inf nan
 2.199115 inf nan
 2.211681 inf nan
 2.224248 inf nan
 2.236814 inf nan
 2.249380 inf nan
 2.261947 inf nan
 2.274513 inf nan
 2.287079 inf nan
 2.299646 inf nan
 2.312212 inf nan
 2.324779 inf nan
 2.337345 inf nan
 2.349911 inf nan
 2.362478 inf nan
 2.375044 inf nan
 2.387610 inf nan
 2.400177 inf nan
 2.412743 inf nan
 2.425310 inf nan
 2.437876 inf nan
 2.450442 inf nan
 2.463009 inf nan
 2.475575 inf nan
 2.488141 inf nan
 2.500708 inf nan
 2.513274 inf nan
 2.525840 inf nan
 2.538407 inf nan
 2.550973 inf nan
 2.563540 inf nan
 2.576106 inf nan
 2.588672 inf nan
 2.601239 inf nan
 2.613805 inf nan
 2.626371 inf nan
 2.638938 inf nan
 2.651504 inf nan
 2.664071 inf nan
 2.676637 inf nan
 2.689203 inf nan
 2.701770 inf nan
 2.714336 inf nan
 2.726902 inf nan
 2.739469 inf nan
 2.752035 inf nan
 2.764602 inf nan
 2.777168 inf nan
 2.789734 inf nan
 2.802301 inf nan
 2.814867 inf nan
 2.827433 inf nan
 2.840000 inf nan
 2.852566 inf nan
 2.865133 inf nan
 2.877699 inf nan
 2.890265 inf nan
 2.902832 inf nan
 2.915398 inf nan
 2.927964 inf nan
 2.940531 inf nan
 2.953097 inf nan
 2.965663 inf nan
 2.978230 inf nan
 2.990796 inf nan
 3.003363 inf nan
 3.015929 inf nan
 3.028495 inf nan
 3.041062 inf nan
 3.053628 inf nan
 3.066194 inf nan
 3.078761 inf nan
 3.091327 inf nan
 3.103894 inf nan
 3.116460 inf nan
 3.129026 inf nan
