#! FIELDS phi2 file.free der_phi2
#! SET min_phi2 -pi
#! SET max_phi2 pi
#! SET nbins_phi2  500
#! SET periodic_phi2 true
   -3.141592654   16.220656873  -48.238688803
   -3.129026283   15.621148907  -47.182485343
   -3.116459912   15.034882147  -46.112432459
   -3.103893542   14.462238257  -45.040365649
   -3.091327171   13.903336683  -43.921233538
   -3.078760801   13.358056612  -42.841720622
   -3.066194430   12.826618204  -41.744647145
   -3.053628059   12.309254280  -40.616849411
   -3.041061689   11.805690944  -39.527592731
   -3.028495318   11.316089486  -38.403745818
   -3.015928947   10.840741591  -37.259265994
   -3.003362577   10.379793084  -36.098179782
   -2.990796206    9.933459461  -34.934348626
   -2.978229836    9.501836900  -33.767143533
   -2.965663465    9.084730248  -32.610165955
   -2.953097094    8.682466153  -31.421643582
   -2.940530724    8.294619728  -30.289932086
   -2.927964353    7.921288671  -29.133519683
   -2.915397983    7.562426149  -27.973531714
   -2.902831612    7.217865748  -26.858523436
   -2.890265241    6.887280209  -25.732168407
   -2.877698871    6.570244594  -24.671414925
   -2.865132500    6.267223982  -23.564503893
   -2.852566129    5.977986237  -22.467392558
   -2.839999759    5.702578549  -21.351787359
   -2.827433388    5.441106676  -20.259113256
   -2.814867018    5.193492947  -19.170735682
   -2.802300647    4.959203294  -18.101721751
   -2.789734276    4.738502847  -17.037492450
   -2.777167906    4.530726459  -16.015786760
   -2.764601535    4.335739940  -15.002926969
   -2.752035165    4.153770691  -13.965764949
   -2.739468794    3.984576504  -12.961886024
   -2.726902423    3.827939213  -11.976209031
   -2.714336053    3.683595712  -10.998548968
   -2.701769682    3.551370165  -10.068017185
   -2.689203311    3.430847397   -9.106649681
   -2.676636941    3.322177094   -8.188945127
   -2.664070570    3.224776946   -7.309418415
   -2.651504200    3.138089676   -6.464412444
   -2.638937829    3.062023768   -5.635959334
   -2.626371458    2.996526931   -4.783014176
   -2.613805088    2.941446380   -3.995056759
   -2.601238717    2.896176120   -3.221359585
   -2.588672347    2.860437946   -2.492149732
   -2.576105976    2.833671510   -1.768596837
   -2.563539605    2.815257280   -1.153187538
   -2.550973235    2.804695405   -0.523062285
   -2.538406864    2.801803953    0.047714431
   -2.525840493    2.806004390    0.606945225
   -2.513274123    2.816957206    1.127827801
   -2.500707752    2.834457477    1.651872500
   -2.488141382    2.858117081    2.090487422
   -2.475575011    2.886992300    2.507702065
   -2.463008640    2.921018957    2.896859538
   -2.450442270    2.959837980    3.267954651
   -2.437875899    3.003218989    3.632459831
   -2.425309529    3.050733872    3.913205630
   -2.412743158    3.101718890    4.177392905
   -2.400176787    3.155972280    4.454072492
   -2.387610417    3.213467965    4.698443652
   -2.375044046    3.273778702    4.918892624
   -2.362477675    3.337053104    5.156504259
   -2.349911305    3.402826144    5.318939338
   -2.337344934    3.470913999    5.510823474
   -2.324778564    3.541579296    5.733684598
   -2.312212193    3.614628665    5.897695352
   -2.299645822    3.689837467    6.069238588
   -2.287079452    3.766840686    6.183270376
   -2.274513081    3.844998320    6.273790129
   -2.261946711    3.924456720    6.380670366
   -2.249380340    4.005294589    6.481514484
   -2.236813969    4.086991436    6.519605032
   -2.224247599    4.169287598    6.569568893
   -2.211681228    4.252472890    6.659832211
   -2.199114858    4.336174586    6.663741557
   -2.186548487    4.420031887    6.679837971
   -2.173982116    4.504048187    6.669177894
   -2.161415746    4.587776219    6.648098974
   -2.148849375    4.671015827    6.607927401
   -2.136283004    4.753922898    6.571412857
   -2.123716634    4.835767903    6.439724408
   -2.111150263    4.915753914    6.292015053
   -2.098583893    4.993850457    6.145640760
   -2.086017522    5.069857441    5.931476450
   -2.073451151    5.143045796    5.733615946
   -2.060884781    5.213329243    5.424858399
   -2.048318410    5.279659606    5.118864842
   -2.035752040    5.342313120    4.844557801
   -2.023185669    5.401084262    4.490120998
   -2.010619298    5.455116746    4.102078478
   -1.998052928    5.504142013    3.684648107
   -1.985486557    5.547623602    3.215138258
   -1.972920186    5.584897397    2.689345266
   -1.960353816    5.615257715    2.133951368
   -1.947787445    5.638826382    1.614948728
   -1.935221075    5.655410027    0.994675648
   -1.922654704    5.663878832    0.345165561
   -1.910088333    5.663970019   -0.326740680
   -1.897521963    5.655606177   -1.008399615
   -1.884955592    5.638246888   -1.750866781
   -1.872389222    5.611747135   -2.456529529
   -1.859822851    5.576352541   -3.168693307
   -1.847256480    5.531557123   -3.948201916
   -1.834690110    5.477176874   -4.710229885
   -1.822123739    5.413040580   -5.491583108
   -1.809557368    5.338782557   -6.284515390
   -1.796990998    5.254690385   -7.089974496
   -1.784424627    5.161072270   -7.806134371
   -1.771858257    5.058482769   -8.516141120
   -1.759291886    4.946963775   -9.211634189
   -1.746725515    4.826824147   -9.902401494
   -1.734159145    4.698141196  -10.570861850
   -1.721592774    4.561124015  -11.231130937
   -1.709026404    4.416269782  -11.813491648
   -1.696460033    4.264217664  -12.379616377
   -1.683893662    4.105072514  -12.914578219
   -1.671327292    3.939886904  -13.364993510
   -1.658760921    3.769239630  -13.772692830
   -1.646194550    3.593939042  -14.108907116
   -1.633628180    3.414401531  -14.430734877
   -1.621061809    3.231527385  -14.665619051
   -1.608495439    3.045944296  -14.843151580
   -1.595929068    2.858958942  -14.940360354
   -1.583362697    2.670972074  -14.976986357
   -1.570796327    2.483195711  -14.910253276
   -1.558229956    2.296108281  -14.839622149
   -1.545663586    2.110267006  -14.734723013
   -1.533097215    1.926626686  -14.475612930
   -1.520530844    1.746744474  -14.147050821
   -1.507964474    1.571366732  -13.749686016
   -1.495398103    1.401565404  -13.263204448
   -1.482831732    1.238302915  -12.732807640
   -1.470265362    1.081914338  -12.152948687
   -1.457698991    0.933171359  -11.489715828
   -1.445132621    0.793365286  -10.744361144
   -1.432566250    0.663370532   -9.942019344
   -1.419999879    0.543706968   -9.102877590
   -1.407433509    0.434827949   -8.217097171
   -1.394867138    0.337311355   -7.312983494
   -1.382300768    0.251350035   -6.351417399
   -1.369734397    0.177430024   -5.409919266
   -1.357168026    0.115775911   -4.405644244
   -1.344601656    0.067071493   -3.348045837
   -1.332035285    0.031665214   -2.275384393
   -1.319468915    0.009554841   -1.266830706
   -1.306902544    0.000000000   -0.235237853
   -1.294336173    0.003485051    0.815567887
   -1.281769803    0.020384786    1.869982664
   -1.269203432    0.050424434    2.922568866
   -1.256637061    0.093746613    3.970694776
   -1.244070691    0.150181841    5.002843855
   -1.231504320    0.219498482    6.029362537
   -1.218937950    0.301615444    7.042316654
   -1.206371579    0.396323929    8.008866315
   -1.193805208    0.502984666    8.961029040
   -1.181238838    0.621429524    9.862807645
   -1.168672467    0.750987078   10.760307326
   -1.156106097    0.891598971   11.634260661
   -1.143539726    1.043129403   12.475214430
   -1.130973355    1.205063491   13.292854959
   -1.118406985    1.377010301   14.022091643
   -1.105840614    1.558157122   14.798555410
   -1.093274243    1.748435280   15.498027528
   -1.080707873    1.947771521   16.224939993
   -1.068141502    2.155996804   16.894385343
   -1.055575132    2.372758279   17.598652818
   -1.043008761    2.598128387   18.265261120
   -1.030442390    2.831418635   18.866259392
   -1.017876020    3.072203051   19.445790282
   -1.005309649    3.320460561   20.054935204
   -0.992743279    3.576163408   20.628084553
   -0.980176908    3.838765114   21.132646453
   -0.967610537    4.107570413   21.653961049
   -0.955044167    4.382628740   22.131760310
   -0.942477796    4.663977873   22.624029398
   -0.929911425    4.951264484   23.109043116
   -0.917345055    5.244586097   23.591053677
   -0.904778684    5.543840422   24.035822079
   -0.892212314    5.848820172   24.484389615
   -0.879645943    6.159338782   24.935738612
   -0.867079572    6.475777673   25.418029638
   -0.854513202    6.798135734   25.886770609
   -0.841946831    7.126272045   26.335631131
   -0.829380461    7.459810000   26.747421208
   -0.816814090    7.798463721   27.157821589
   -0.804247719    8.142331913   27.547207852
   -0.791681349    8.491083771   27.930174916
   -0.779114978    8.844377767   28.313580908
   -0.766548607    9.202294932   28.678607781
   -0.753982237    9.564833418   29.028456185
   -0.741415866    9.931903464   29.381172016
   -0.728849496   10.303272006   29.731266859
   -0.716283125   10.678915663   30.050275138
   -0.703716754   11.058516080   30.331073147
   -0.691150384   11.441519363   30.604117194
   -0.678584013   11.827953991   30.867921110
   -0.666017643   12.217434765   31.134845274
   -0.653451272   12.609958235   31.338980595
   -0.640884901   13.004920260   31.519247930
   -0.628318531   13.401966010   31.660686192
   -0.615752160   13.800688202   31.772763401
   -0.603185789   14.200590128   31.865727887
   -0.590619419   14.601505236   31.912941824
   -0.578053048   15.002871977   31.943257793
   -0.565486678   15.403865905   31.890253226
   -0.552920307   15.804317183   31.825073282
   -0.540353936   16.203564595   31.726621839
   -0.527787566   16.601345641   31.586929908
   -0.515221195   16.997114477   31.392195655
   -0.502654825   17.390021455   31.136364957
   -0.490088454   17.779546397   30.880649684
   -0.477522083   18.165589859   30.548920393
   -0.464955713   18.546855846   30.158427673
   -0.452389342   18.923359152   29.781060807
   -0.439822972   19.295001691   29.328370155
   -0.427256601   19.660648232   28.877460546
   -0.414690230   20.020084348   28.345502212
   -0.402123860   20.373005957   27.825800113
   -0.389557489   20.719108917   27.244606050
   -0.376991118   21.057677493   26.649560123
   -0.364424748   21.388570402   25.986967102
   -0.351858377   21.710877753   25.294797785
   -0.339292007   22.024542745   24.597459659
   -0.326725636   22.329069829   23.867970108
   -0.314159265   22.624276780   23.117000527
   -0.301592895   22.910127081   22.379155728
   -0.289026524   23.186114912   21.556836084
   -0.276460154   23.452100916   20.778840110
   -0.263893783   23.708242258   19.975449764
   -0.251327412   23.954054219   19.147045125
   -0.238761042   24.189396310   18.314407407
   -0.226194671   24.414115096   17.429978328
   -0.213628300   24.627597320   16.552727670
   -0.201061930   24.830064793   15.676537572
   -0.188495559   25.021560549   14.806988178
   -0.175929189   25.202187603   13.928287331
   -0.163362818   25.371372293   13.005013632
   -0.150796447   25.528828614   12.064150884
   -0.138230077   25.674537423   11.124608860
   -0.125663706   25.808093206   10.126087035
   -0.113097336   25.929459558    9.178048717
   -0.100530965   26.038646382    8.197277320
   -0.087964594   26.135347387    7.180446999
   -0.075398224   26.218791056    6.128539508
   -0.062831853   26.289459872    5.112214236
   -0.050265482   26.346854232    4.007731649
   -0.037699112   26.390639003    2.943124228
   -0.025132741   26.420561235    1.845661325
   -0.012566371   26.436549144    0.695273402
    0.000000000   26.438111165   -0.456386038
    0.012566371   26.425265003   -1.628503376
    0.025132741   26.397568105   -2.804289831
    0.037699112   26.354712842   -4.021066768
    0.050265482   26.296761282   -5.208411090
    0.062831853   26.223966116   -6.385713822
    0.075398224   26.136203520   -7.591169960
    0.087964594   26.032971508   -8.834531389
    0.100530965   25.913926266  -10.094294431
    0.113097336   25.779697392  -11.279289947
    0.125663706   25.630528320  -12.471777885
    0.138230077   25.466380180  -13.646924394
    0.150796447   25.287645752  -14.830280229
    0.163362818   25.093753772  -15.991672592
    0.175929189   24.885675065  -17.114900581
    0.188495559   24.663458607  -18.226043612
    0.201061930   24.427638181  -19.300217811
    0.213628300   24.178142219  -20.388849965
    0.226194671   23.915322578  -21.423500388
    0.238761042   23.639754386  -22.397657971
    0.251327412   23.352303810  -23.325139344
    0.263893783   23.053854037  -24.171687156
    0.276460154   22.744729624  -25.003387418
    0.289026524   22.425642629  -25.761795087
    0.301592895   22.097122832  -26.503740329
    0.314159265   21.759605449  -27.203457142
    0.326725636   21.413946255  -27.817679126
    0.339292007   21.060635234  -28.416075023
    0.351858377   20.700212091  -28.945502272
    0.364424748   20.333497764  -29.409584591
    0.376991118   19.961220525  -29.849775520
    0.389557489   19.583473537  -30.256566344
    0.402123860   19.200442436  -30.659323193
    0.414690230   18.812960897  -30.995621568
    0.427256601   18.421662794  -31.287990583
    0.439822972   18.027040249  -31.525749205
    0.452389342   17.629089271  -31.789800279
    0.464955713   17.228201034  -32.007197443
    0.477522083   16.825144245  -32.123165708
    0.490088454   16.420942919  -32.236860954
    0.502654825   16.015414133  -32.294523098
    0.515221195   15.609416293  -32.329828954
    0.527787566   15.203152131  -32.316523698
    0.540353936   14.797112712  -32.278998755
    0.552920307   14.392139468  -32.161789602
    0.565486678   13.988742858  -32.021055475
    0.578053048   13.587482220  -31.831605528
    0.590619419   13.188278177  -31.660487193
    0.603185789   12.791740817  -31.445951312
    0.615752160   12.398303396  -31.161944006
    0.628318531   12.008689115  -30.853862063
    0.640884901   11.623162023  -30.500552003
    0.653451272   11.242460918  -30.071174102
    0.666017643   10.867438166  -29.621668480
    0.678584013   10.498396853  -29.106852132
    0.691150384   10.135942023  -28.565737065
    0.703716754    9.780581361  -27.965564976
    0.716283125    9.433379282  -27.278937497
    0.728849496    9.094904714  -26.571714694
    0.741415866    8.765452983  -25.834717926
    0.753982237    8.446066401  -24.984643964
    0.766548607    8.137692036  -24.088193926
    0.779114978    7.840549546  -23.189825930
    0.791681349    7.554863735  -22.285730986
    0.804247719    7.281189748  -21.264063216
    0.816814090    7.020262625  -20.256506755
    0.829380461    6.772485189  -19.188093952
    0.841946831    6.538431745  -18.054839774
    0.854513202    6.318960196  -16.892643379
    0.867079572    6.114481831  -15.639383895
    0.879645943    5.925801424  -14.383428612
    0.892212314    5.752926837  -13.102484737
    0.904778684    5.596654381  -11.765037770
    0.917345055    5.457387120  -10.388571816
    0.929911425    5.335577525   -9.012079633
    0.942477796    5.231090841   -7.596160632
    0.955044167    5.144642866   -6.161305826
    0.967610537    5.076374638   -4.704581399
    0.980176908    5.026216359   -3.287563520
    0.992743279    4.994686899   -1.744466046
    1.005309649    4.982586837   -0.192519240
    1.017876020    4.990220735    1.422839365
    1.030442390    5.018293819    3.055527532
    1.043008761    5.067149520    4.724024317
    1.055575132    5.137194153    6.430825305
    1.068141502    5.228537992    8.119532833
    1.080707873    5.341291329    9.844770596
    1.093274243    5.476034437   11.580217185
    1.105840614    5.633090047   13.416837899
    1.118406985    5.813210766   15.259143606
    1.130973355    6.016511556   17.112477526
    1.143539726    6.243516800   19.026605065
    1.156106097    6.494355562   20.916294627
    1.168672467    6.769010562   22.833407393
    1.181238838    7.068188546   24.782969538
    1.193805208    7.392045469   26.743839847
    1.206371579    7.740338046   28.709097440
    1.218937950    8.113825206   30.740235041
    1.231504320    8.513005911   32.795959089
    1.244070691    8.938196483   34.872895128
    1.256637061    9.389427095   36.932066720
    1.269203432    9.866308905   38.947805120
    1.281769803   10.368692745   41.006661149
    1.294336173   10.896532551   43.012805513
    1.306902544   11.449545407   45.015010918
    1.319468915   12.027856859   47.005037634
    1.332035285   12.631006377   48.971558696
    1.344601656   13.258516112   50.885625788
    1.357168026   13.909707308   52.748407357
    1.369734397   14.584265049   54.595884332
    1.382300768   15.281606079   56.361012573
    1.394867138   16.000967570   58.113332801
    1.407433509   16.741358830   59.736596288
    1.419999879   17.501970469   61.316040111
    1.432566250   18.282039355   62.818292419
    1.445132621   19.080381941   64.232727510
    1.457698991   19.896079151   65.580230475
    1.470265362   20.728367993   66.847303299
    1.482831732   21.575614362   67.985781058
    1.495398103   22.436792925   69.055029539
    1.507964474   23.310514260   70.001459950
    1.520530844   24.195814435   70.877800911
    1.533097215   25.091484167   71.664577365
    1.545663586   25.996006350   72.292280330
    1.558229956   26.908383259   72.897709262
    1.570796327   27.827574126   73.384577977
    1.583362697   28.752462567   73.783015129
    1.595929068   29.681369800   74.050401193
    1.608495439   30.613178517   74.239154153
    1.621061809   31.546537955   74.296573131
    1.633628180   32.480164109   74.261481309
    1.646194550   33.412859371   74.174228385
    1.658760921   34.343972480   73.999983250
    1.671327292   35.272325395   73.730288247
    1.683893662   36.196986047   73.393883685
    1.696460033   37.116815395   72.997446335
    1.709026404   38.030951332   72.485197335
    1.721592774   38.938208676   71.920273197
    1.734159145   39.837775031   71.246998936
    1.746725515   40.728404580   70.476328567
    1.759291886   41.609099585   69.692437838
    1.771858257   42.479534201   68.849422447
    1.784424627   43.339110778   67.947794268
    1.796990998   44.186942290   66.952449071
    1.809557368   45.021721134   65.898045844
    1.822123739   45.843043732   64.829049078
    1.834690110   46.650594667   63.686483193
    1.847256480   47.443479053   62.473249116
    1.859822851   48.220538147   61.184910182
    1.872389222   48.981223338   59.871308291
    1.884955592   49.725045478   58.505613564
    1.897521963   50.451442873   57.091187423
    1.910088333   51.159529767   55.599914314
    1.922654704   51.848531682   54.026769204
    1.935221075   52.517613068   52.454515549
    1.947787445   53.166479809   50.762603743
    1.960353816   53.793819984   49.062763579
    1.972920186   54.399537412   47.338592962
    1.985486557   54.982905834   45.523857944
    1.998052928   55.543052712   43.632932154
    2.010619298   56.079279923   41.697983274
    2.023185669   56.591108869   39.726935980
    2.035752040   57.077697898   37.687526053
    2.048318410   57.538519362   35.646375234
    2.060884781   57.973265145   33.539632275
    2.073451151   58.380931638   31.356949501
    2.086017522   58.760985343   29.105740410
    2.098583893   59.112511041   26.829311038
    2.111150263   59.434815170   24.456578125
    2.123716634   59.727498222   22.120975036
    2.136283004   59.990296973   19.700626242
    2.148849375   60.222510094   17.254947095
    2.161415746   60.423827274   14.747114346
    2.173982116   60.593082274   12.216949149
    2.186548487   60.730639664    9.671291125
    2.199114858   60.836237993    7.117666766
    2.211681228   60.909492026    4.534377153
    2.224247599   60.950399760    1.965566184
    2.236813969   60.958702282   -0.641477397
    2.249380340   60.934506560   -3.200596123
    2.261946711   60.877731458   -5.853677318
    2.274513081   60.788007624   -8.425534530
    2.287079452   60.665911872  -11.020524598
    2.299645822   60.511424539  -13.574056895
    2.312212193   60.325090240  -16.093016247
    2.324778564   60.107156813  -18.588377951
    2.337344934   59.858271490  -21.041339901
    2.349911305   59.578396546  -23.504846696
    2.362477675   59.267635181  -25.919479703
    2.375044046   58.927108979  -28.265739426
    2.387610417   58.557589215  -30.536175531
    2.400176787   58.159236360  -32.833883998
    2.412743158   57.732732261  -35.021941365
    2.425309529   57.279423552  -37.117127452
    2.437875899   56.800027723  -39.169946261
    2.450442270   56.295445143  -41.159165930
    2.463008640   55.766261967  -43.067596007
    2.475575011   55.213573772  -44.873974647
    2.488141382   54.638704443  -46.612849300
    2.500707752   54.042654517  -48.254558752
    2.513274123   53.426573270  -49.793857414
    2.525840493   52.791781086  -51.221867395
    2.538406864   52.139379852  -52.607264780
    2.550973235   51.469856822  -53.929123142
    2.563539605   50.784296198  -55.149666952
    2.576105976   50.084286108  -56.252196629
    2.588672347   49.370281898  -57.347540084
    2.601238717   48.643513463  -58.331220422
    2.613805088   47.904943087  -59.202969169
    2.626371458   47.155588239  -60.056520834
    2.638937829   46.396212376  -60.787697453
    2.651504200   45.628262556  -61.454105971
    2.664070570   44.852587549  -61.987396058
    2.676636941   44.070411789  -62.491394259
    2.689203311   43.282453186  -62.909278240
    2.701769682   42.489146628  -63.321109557
    2.714336053   41.691387205  -63.652786062
    2.726902423   40.889500071  -63.958298090
    2.739468794   40.084419675  -64.173559276
    2.752035165   39.276912868  -64.326864297
    2.764601535   38.468279186  -64.364702708
    2.777167906   37.659146207  -64.386988229
    2.789734276   36.850218396  -64.365890863
    2.802300647   36.041785538  -64.280448927
    2.814867018   35.234632606  -64.174283112
    2.827433388   34.428831794  -64.081656160
    2.839999759   33.624791240  -63.871653165
    2.852566129   32.823608724  -63.623721461
    2.865132500   32.025786050  -63.339565207
    2.877698871   31.231753230  -63.036867701
    2.890265241   30.441864849  -62.673113535
    2.902831612   29.656694221  -62.269709167
    2.915397983   28.877060208  -61.816437747
    2.927964353   28.102872496  -61.392407809
    2.940530724   27.334434878  -60.896017987
    2.953097094   26.572333634  -60.377960475
    2.965663465   25.817046828  -59.845460302
    2.978229836   25.068720655  -59.235236274
    2.990796206   24.328577681  -58.552603326
    3.003362577   23.596817880  -57.885126847
    3.015928947   22.873805660  -57.158541313
    3.028495318   22.160437413  -56.375873277
    3.041061689   21.456647067  -55.615646105
    3.053628059   20.762655872  -54.809679697
    3.066194430   20.079085242  -53.974936659
    3.078760801   19.406493145  -53.064001103
    3.091327171   18.745301492  -52.152536512
    3.103893542   18.095968777  -51.198847165
    3.116459912   17.458718717  -50.253782137
    3.129026283   16.833316388  -49.266028381
