#! FIELDS phi2 ffphi2 dffphi2_phi2
#! SET min_phi2 -pi
#! SET max_phi2 pi
#! SET nbins_phi2  100
#! SET periodic_phi2 true
 -3.141593 16.391811 -45.259836
 -3.078761 13.699622 -40.512256
 -3.015929 11.241526 -37.585010
 -2.953097 9.071538 -31.132049
 -2.890265 7.283441 -26.326920
 -2.827433 5.737402 -22.726165
 -2.764602 4.463181 -17.708724
 -2.701770 3.488034 -13.652150
 -2.638938 2.742255 -9.989677
 -2.576106 2.206403 -7.496690
 -2.513274 1.796530 -5.235069
 -2.450442 1.557681 -2.734197
 -2.387610 1.429648 -1.083804
 -2.324779 1.463536 2.012141
 -2.261947 1.599079 1.436429
 -2.199115 1.661926 1.682746
 -2.136283 1.866101 3.837024
 -2.073451 2.032049 1.359626
 -2.010619 2.092725 1.184298
 -1.947787 2.241252 3.389847
 -1.884956 2.436652 1.890103
 -1.822124 2.439730 -1.240670
 -1.759292 2.388596 -0.098958
 -1.696460 2.371122 -1.300199
 -1.633628 2.183122 -4.477114
 -1.570796 1.858891 -5.518273
 -1.507964 1.521597 -5.247454
 -1.445133 1.177751 -5.843373
 -1.382301 0.797014 -6.047483
 -1.319469 0.464804 -4.198102
 -1.256637 0.307246 -0.595540
 -1.193805 0.393389 3.026780
 -1.130973 0.653121 5.220175
 -1.068142 1.095020 9.094930
 -1.005310 1.790410 12.885952
 -0.942478 2.733679 17.185393
 -0.879646 3.934802 20.569356
 -0.816814 5.301152 23.193782
 -0.753982 6.922598 28.141155
 -0.691150 8.739306 28.675701
 -0.628319 10.538501 28.927134
 -0.565487 12.449524 31.767777
 -0.502655 14.499663 32.401911
 -0.439823 16.463438 29.851939
 -0.376991 18.324610 29.361750
 -0.314159 20.117058 26.486606
 -0.251327 21.605135 21.065404
 -0.188496 22.875298 19.547362
 -0.125664 24.045126 17.058734
 -0.062832 24.956181 11.403886
 0.000000 25.481886 5.372393
 0.062832 25.654766 0.078429
 0.125664 25.445761 -7.074273
 0.188496 24.824016 -12.058784
 0.251327 23.967062 -15.234916
 0.314159 22.901225 -18.818829
 0.376991 21.604656 -22.233493
 0.439823 20.138834 -24.280774
 0.502655 18.602993 -23.985565
 0.565487 17.146455 -22.698200
 0.628319 15.742069 -21.748995
 0.691150 14.430684 -19.840281
 0.753982 13.321199 -14.863782
 0.816814 12.550925 -10.388574
 0.879646 11.973348 -7.532629
 0.942478 11.681921 -1.522064
 1.005310 11.801172 5.614671
 1.068142 12.397413 12.926084
 1.130973 13.388157 18.695900
 1.193805 14.801638 26.561327
 1.256637 16.724133 33.825437
 1.319469 18.998304 38.826139
 1.382301 21.759485 49.182918
 1.445133 25.127099 56.503944
 1.507964 28.912704 63.488866
 1.570796 33.145580 68.277893
 1.633628 37.498857 68.476598
 1.696460 42.012849 72.194209
 1.759292 46.629668 71.060825
 1.822124 50.976010 63.502040
 1.884956 54.705929 52.854933
 1.947787 57.696676 40.571083
 2.010619 59.847127 27.523923
 2.073451 61.319419 20.161298
 2.136283 62.366357 11.277263
 2.199115 62.668283 -1.082218
 2.261947 62.212153 -14.421706
 2.324779 60.834377 -28.938048
 2.387610 58.702855 -37.914202
 2.450442 56.112713 -44.582135
 2.513274 53.091178 -51.549773
 2.576106 49.660508 -57.249937
 2.638938 45.940853 -60.893813
 2.701770 42.046147 -62.452168
 2.764602 38.148524 -61.684384
 2.827433 34.251616 -62.131834
 2.890265 30.423980 -59.563028
 2.953097 26.635948 -61.970229
 3.015929 22.759532 -59.109345
 3.078761 19.358702 -49.617802
