#! FIELDS psi2 ffpsi2 dffpsi2_psi2
#! SET min_psi2 -pi
#! SET max_psi2 pi
#! SET nbins_psi2  100
#! SET periodic_psi2 true
 -3.141593 15.239338 51.169909
 -3.078761 18.296046 40.619987
 -3.015929 20.967664 53.759462
 -2.953097 25.548393 83.470789
 -2.890265 29.138857 33.526407
 -2.827433 32.454563 79.070918
 -2.764602 39.363623 140.530063
 -2.701770 53.742597 116.486147
 -2.638938 53.805087 -93.288832
 -2.576106 48.825197 -59.911642
 -2.513274 46.167866 -26.763930
 -2.450442 44.622413 -36.732713
 -2.387610 41.450531 -48.708234
 -2.324779 39.259592 -25.223436
 -2.261947 37.703932 -22.702112
 -2.199115 36.720743 -12.261805
 -2.136283 35.186444 -37.831133
 -2.073451 32.862122 -30.987270
 -2.010619 31.188816 -25.513146
 -1.947787 29.693816 -18.853357
 -1.884956 28.965334 -6.345251
 -1.822124 28.590265 -5.627641
 -1.759292 28.544400 6.075649
 -1.696460 29.063905 3.265005
 -1.633628 28.640602 -10.315703
 -1.570796 28.376800 1.001802
 -1.507964 28.341780 -3.628789
 -1.445133 28.181839 0.414524
 -1.382301 28.157100 -4.588697
 -1.319469 27.785759 -2.635935
 -1.256637 28.123762 13.254533
 -1.193805 29.249342 19.295996
 -1.130973 30.050230 2.807765
 -1.068142 29.615800 -12.130358
 -1.005310 29.170060 -0.388520
 -0.942478 29.334447 2.371207
 -0.879646 29.296427 -2.130607
 -0.816814 29.406010 7.575972
 -0.753982 30.168425 12.864592
 -0.691150 30.444788 -13.804861
 -0.628319 26.291156 -97.572690
 -0.565487 21.453215 -49.512056
 -0.502655 20.246941 10.330899
 -0.439823 21.372801 -13.388749
 -0.376991 18.005182 -52.485382
 -0.314159 16.298212 -4.658879
 -0.251327 16.173674 -12.277304
 -0.188496 14.908474 -18.861527
 -0.125664 13.906931 -19.386249
 -0.062832 12.035504 -35.279279
 0.000000 10.433779 -10.880458
 0.062832 10.668998 13.399074
 0.125664 11.127634 -3.449829
 0.188496 10.654206 -7.149494
 0.251327 10.237782 -7.241151
 0.314159 9.776094 -8.796038
 0.376991 8.946589 -14.888940
 0.439823 8.332131 -4.838390
 0.502655 8.171800 -0.383505
 0.565487 8.118906 -4.285476
 0.628319 7.634113 -8.815499
 0.691150 7.068137 -10.128091
 0.753982 6.461001 -6.925758
 0.816814 6.284653 -0.443914
 0.879646 6.160980 -3.629571
 0.942478 5.977581 -1.822168
 1.005310 5.807457 -4.351849
 1.068142 5.590228 -0.438458
 1.130973 5.810510 5.755657
 1.193805 6.030520 -0.386468
 1.256637 5.823771 -3.724094
 1.319469 5.802776 2.759059
 1.382301 5.987971 2.505477
 1.445133 6.228330 5.349140
 1.507964 6.442198 -0.673219
 1.570796 6.046936 -11.851004
 1.633628 5.104473 -16.332298
 1.696460 4.197855 -11.451438
 1.759292 3.639429 -7.574942
 1.822124 3.190530 -6.381603
 1.884956 2.793216 -7.092373
 1.947787 2.310569 -7.631928
 2.010619 1.842948 -7.472104
 2.073451 1.423312 -5.420801
 2.136283 1.124933 -4.823531
 2.199115 0.763480 -7.012858
 2.261947 0.218659 -9.723264
 2.324779 -0.302380 -6.291579
 2.387610 -0.629354 -4.808416
 2.450442 -0.895028 -2.968427
 2.513274 -0.932374 1.854452
 2.576106 -0.669155 6.426398
 2.638938 -0.153234 9.846560
 2.701770 0.623860 15.181351
 2.764602 1.747087 20.617877
 2.827433 3.271851 27.958334
 2.890265 5.213435 32.860862
 2.953097 7.305157 33.077089
 3.015929 9.536146 39.373779
 3.078761 12.243578 44.873828
