#! FIELDS psi ffpsi dffpsi_psi
#! SET min_psi -pi
#! SET max_psi pi
#! SET nbins_psi  500
#! SET periodic_psi true
 -3.141593 4.947141 16.957637
 -3.129026 5.161541 16.903451
 -3.116460 5.373825 16.714400
 -3.103894 5.582956 16.388525
 -3.091327 5.788265 16.099025
 -3.078761 5.991565 16.145953
 -3.066194 6.199100 16.767343
 -3.053628 6.418881 18.162793
 -3.041062 6.660117 20.104911
 -3.028495 6.927132 22.131634
 -3.015929 7.216781 23.636241
 -3.003363 7.518986 24.043617
 -2.990796 7.818646 23.283960
 -2.978230 8.103972 21.790333
 -2.965663 8.370670 20.547189
 -2.953097 8.627134 20.255717
 -2.940531 8.887743 21.151060
 -2.927964 9.165906 22.987763
 -2.915398 9.470280 25.204488
 -2.902832 9.802503 27.325415
 -2.890265 10.159159 29.084956
 -2.877699 10.534864 30.359031
 -2.865133 10.923247 31.145489
 -2.852566 11.318681 31.440255
 -2.840000 11.715432 31.329451
 -2.827433 12.108974 30.880522
 -2.814867 12.495520 30.175614
 -2.802301 12.871907 29.316913
 -2.789734 13.236809 28.382810
 -2.777168 13.589943 27.483439
 -2.764602 13.932278 26.649839
 -2.752035 14.264717 25.818011
 -2.739469 14.586404 24.973778
 -2.726902 14.896483 24.133453
 -2.714336 15.196531 23.253288
 -2.701770 15.486585 22.624405
 -2.689203 15.770163 22.269604
 -2.676637 16.051147 22.164342
 -2.664071 16.332793 22.370357
 -2.651504 16.618856 23.007172
 -2.638938 16.915545 23.985493
 -2.626371 17.226680 25.296052
 -2.613805 17.554993 26.704696
 -2.601239 17.899924 27.865954
 -2.588672 18.256488 28.530042
 -2.576106 18.617936 28.560597
 -2.563540 18.976645 28.172508
 -2.550973 19.328801 27.637282
 -2.538407 19.674524 27.083205
 -2.525840 20.013886 26.549386
 -2.513274 20.346059 25.936130
 -2.500708 20.669727 25.201818
 -2.488141 20.984189 24.540683
 -2.475575 21.291743 24.123133
 -2.463009 21.595480 23.907754
 -2.450442 21.896135 23.576523
 -2.437876 22.189635 22.802376
 -2.425310 22.469699 21.388760
 -2.412743 22.729075 19.533132
 -2.400177 22.963462 17.454381
 -2.387610 23.170220 15.187941
 -2.375044 23.346639 12.576702
 -2.362478 23.488275 9.731378
 -2.349911 23.594443 7.052431
 -2.337345 23.671298 5.144504
 -2.324779 23.731315 4.465782
 -2.312212 23.790108 4.913886
 -2.299646 23.859032 5.979165
 -2.287079 23.941509 6.950875
 -2.274513 24.031832 7.127634
 -2.261947 24.116779 6.063566
 -2.249380 24.179882 3.693148
 -2.236814 24.207306 0.525828
 -2.224248 24.194340 -2.575871
 -2.211681 24.147017 -4.848942
 -2.199115 24.078072 -6.023864
 -2.186548 24.000284 -6.333973
 -2.173982 23.921386 -6.276235
 -2.161416 23.843192 -6.263238
 -2.148849 23.763768 -6.475958
 -2.136283 23.680435 -6.841355
 -2.123717 23.592597 -7.144029
 -2.111150 23.502609 -7.138892
 -2.098584 23.415515 -6.651814
 -2.086018 23.337916 -5.647946
 -2.073451 23.274986 -4.390592
 -2.060885 23.226437 -3.459304
 -2.048318 23.183819 -3.579388
 -2.035752 23.129853 -5.317801
 -2.023186 23.043542 -8.646004
 -2.010619 22.908885 -12.844629
 -1.998053 22.721953 -16.787316
 -1.985487 22.492007 -19.567346
 -1.972920 22.236753 -20.811959
 -1.960354 21.974741 -20.711669
 -1.947787 21.719596 -19.778208
 -1.935221 21.479164 -18.461778
 -1.922655 21.256225 -17.028814
 -1.910088 21.051290 -15.567093
 -1.897522 20.864868 -14.098522
 -1.884956 20.696507 -12.716379
 -1.872389 20.543935 -11.617005
 -1.859823 20.402319 -10.989196
 -1.847256 20.265532 -10.848644
 -1.834690 20.128081 -11.066084
 -1.822124 19.986923 -11.410444
 -1.809557 19.841454 -11.717462
 -1.796991 19.692765 -11.945066
 -1.784425 19.541491 -12.100517
 -1.771858 19.388543 -12.231231
 -1.759292 19.234190 -12.328439
 -1.746726 19.078313 -12.498959
 -1.734159 18.918619 -12.977770
 -1.721593 18.749443 -14.067464
 -1.709026 18.562060 -15.829170
 -1.696460 18.349793 -17.931147
 -1.683894 18.112521 -19.702592
 -1.671327 17.858472 -20.541526
 -1.658761 17.600836 -20.272181
 -1.646195 17.352195 -19.210166
 -1.633628 17.119212 -17.847222
 -1.621062 16.902758 -16.626774
 -1.608495 16.699979 -15.689087
 -1.595929 16.506953 -15.020748
 -1.583363 16.321918 -14.441336
 -1.570796 16.143322 -13.983077
 -1.558230 15.969136 -13.775468
 -1.545664 15.795163 -13.995234
 -1.533097 15.614892 -14.754911
 -1.520531 15.422362 -15.915862
 -1.507964 15.214979 -17.043467
 -1.495398 14.996166 -17.646935
 -1.482832 14.774876 -17.405308
 -1.470265 14.561786 -16.397040
 -1.457699 14.364088 -15.047705
 -1.445133 14.182293 -13.932545
 -1.432566 14.011243 -13.410908
 -1.420000 13.842162 -13.580934
 -1.407434 13.667361 -14.293516
 -1.394867 13.481359 -15.332089
 -1.382301 13.281729 -16.419525
 -1.369734 13.069110 -17.340886
 -1.357168 12.847277 -17.861972
 -1.344602 12.622329 -17.819202
 -1.332035 12.401347 -17.253029
 -1.319469 12.190350 -16.271172
 -1.306903 11.992396 -15.252950
 -1.294336 11.805706 -14.540457
 -1.281770 11.624448 -14.405881
 -1.269203 11.440954 -14.860727
 -1.256637 11.249909 -15.535863
 -1.244071 11.051939 -15.852601
 -1.231504 10.854908 -15.359031
 -1.218938 10.669801 -13.973366
 -1.206372 10.505905 -12.063124
 -1.193805 10.366477 -10.173340
 -1.181239 10.248196 -8.760291
 -1.168672 10.143904 -7.935131
 -1.156106 10.046768 -7.591209
 -1.143540 9.952231 -7.509861
 -1.130973 9.856957 -7.710449
 -1.118407 9.756869 -8.279912
 -1.105841 9.647510 -9.191824
 -1.093274 9.525916 -10.147372
 -1.080708 9.394278 -10.718284
 -1.068142 9.259608 -10.647123
 -1.055575 9.129700 -9.970255
 -1.043009 9.010835 -8.934647
 -1.030442 8.905948 -7.766998
 -1.017876 8.816143 -6.551705
 -1.005310 8.741637 -5.359887
 -0.992743 8.681167 -4.330751
 -0.980177 8.631591 -3.686229
 -0.967611 8.586645 -3.586838
 -0.955044 8.539537 -3.982450
 -0.942478 8.486197 -4.530364
 -0.929911 8.427628 -4.742768
 -0.917345 8.369987 -4.368373
 -0.904779 8.320531 -3.470142
 -0.892212 8.284037 -2.408583
 -0.879646 8.259767 -1.527354
 -0.867080 8.244101 -1.104540
 -0.854513 8.230462 -1.215683
 -0.841947 8.211790 -1.890331
 -0.829380 8.180982 -3.146722
 -0.816814 8.132022 -4.730934
 -0.804248 8.063419 -6.166904
 -0.791681 7.980333 -6.955983
 -0.779115 7.893276 -6.782277
 -0.766549 7.814724 -5.676186
 -0.753982 7.754436 -3.869634
 -0.741416 7.719018 -1.804262
 -0.728849 7.709197 0.115688
 -0.716283 7.720247 1.450836
 -0.703717 7.742322 1.847886
 -0.691150 7.763204 1.283431
 -0.678584 7.772844 0.171996
 -0.666018 7.768810 -0.781318
 -0.653451 7.756936 -1.033774
 -0.640885 7.747452 -0.438169
 -0.628319 7.749516 0.792673
 -0.615752 7.769150 2.268313
 -0.603186 7.807626 3.766368
 -0.590619 7.864233 5.105618
 -0.578053 7.935890 6.148251
 -0.565487 8.017692 6.655337
 -0.552920 8.101244 6.431536
 -0.540354 8.176847 5.446772
 -0.527788 8.237136 4.037489
 -0.515221 8.280683 2.879993
 -0.502655 8.314175 2.526294
 -0.490088 8.349000 3.042774
 -0.477522 8.393677 3.980796
 -0.464956 8.449256 4.660393
 -0.452389 8.509121 4.631790
 -0.439823 8.564356 3.979791
 -0.427257 8.609977 3.256401
 -0.414690 8.648819 2.928408
 -0.402124 8.687036 3.149303
 -0.389557 8.730020 3.614715
 -0.376991 8.778115 3.905051
 -0.364425 8.827454 3.754620
 -0.351858 8.871831 3.141862
 -0.339292 8.906018 2.135643
 -0.326726 8.926476 1.064371
 -0.314159 8.934919 0.265241
 -0.301593 8.937047 0.119376
 -0.289027 8.941709 0.641890
 -0.276460 8.955531 1.459662
 -0.263894 8.978626 2.067859
 -0.251327 9.005804 2.098845
 -0.238761 9.030033 1.632158
 -0.226195 9.047399 1.078297
 -0.213628 9.058774 0.703115
 -0.201062 9.066339 0.429720
 -0.188496 9.069424 -0.079426
 -0.175929 9.062999 -1.088085
 -0.163363 9.040835 -2.557390
 -0.150796 8.999385 -4.085947
 -0.138230 8.941072 -5.172026
 -0.125664 8.873490 -5.480011
 -0.113097 8.807263 -4.994980
 -0.100531 8.751389 -3.874784
 -0.087965 8.711462 -2.521115
 -0.075398 8.687398 -1.461693
 -0.062832 8.672299 -1.149825
 -0.050265 8.654956 -1.799692
 -0.037699 8.624397 -3.178831
 -0.025133 8.574633 -4.768333
 -0.012566 8.505859 -6.144813
 0.000000 8.421943 -7.194318
 0.012566 8.326238 -8.047939
 0.025133 8.220213 -8.867115
 0.037699 8.103578 -9.727033
 0.050265 7.975892 -10.643901
 0.062832 7.836484 -11.579913
 0.075398 7.685537 -12.439215
 0.087965 7.525066 -13.045360
 0.100531 7.360004 -13.132816
 0.113097 7.198238 -12.512723
 0.125664 7.048459 -11.265410
 0.138230 6.916532 -9.739263
 0.150796 6.803072 -8.390002
 0.163363 6.703801 -7.513427
 0.175929 6.612394 -7.117201
 0.188496 6.524233 -6.934140
 0.201062 6.438578 -6.696521
 0.213628 6.356725 -6.339291
 0.226195 6.279225 -6.053631
 0.238761 6.203253 -6.132879
 0.251327 6.123272 -6.700536
 0.263894 6.033874 -7.580896
 0.276460 5.933413 -8.386220
 0.289027 5.824829 -8.822560
 0.301593 5.713517 -8.865797
 0.314159 5.602657 -8.818611
 0.326726 5.490600 -9.131396
 0.339292 5.370559 -10.115057
 0.351858 5.234005 -11.711952
 0.364425 5.076126 -13.393724
 0.376991 4.900218 -14.460571
 0.389557 4.717677 -14.406505
 0.402124 4.543264 -13.197537
 0.414690 4.389308 -11.249917
 0.427257 4.261422 -9.139980
 0.439823 4.158478 -7.339954
 0.452389 4.075226 -6.004097
 0.464956 4.006166 -5.046747
 0.477522 3.947402 -4.370224
 0.490088 3.895307 -4.004385
 0.502655 3.844745 -4.176474
 0.515221 3.787914 -4.999536
 0.527788 3.717199 -6.345315
 0.540354 3.628304 -7.787286
 0.552920 3.523613 -8.807823
 0.565487 3.410607 -9.065005
 0.578053 3.299343 -8.586127
 0.590619 3.196787 -7.739157
 0.603186 3.104265 -7.094503
 0.615752 3.016038 -7.129005
 0.628319 2.922321 -7.906656
 0.640885 2.816267 -8.989486
 0.653451 2.698180 -9.713388
 0.666018 2.575738 -9.671924
 0.678584 2.458310 -8.976189
 0.691150 2.351221 -8.109383
 0.703717 2.253611 -7.516259
 0.716283 2.161138 -7.282925
 0.728849 2.070916 -7.070454
 0.741416 1.985665 -6.429375
 0.753982 1.912468 -5.151126
 0.766549 1.858138 -3.505758
 0.779115 1.823914 -2.067861
 0.791681 1.803320 -1.402216
 0.804248 1.785297 -1.640654
 0.816814 1.760726 -2.339945
 0.829380 1.727985 -2.848927
 0.841947 1.692292 -2.764833
 0.854513 1.661048 -2.231194
 0.867080 1.637133 -1.653366
 0.879646 1.618504 -1.423011
 0.892212 1.600578 -1.557666
 0.904779 1.580038 -1.762701
 0.917345 1.557779 -1.804751
 0.929911 1.536579 -1.580808
 0.942478 1.519223 -1.230227
 0.955044 1.506178 -0.899352
 0.967611 1.497111 -0.616755
 0.980177 1.491888 -0.250391
 0.992743 1.492735 0.358413
 1.005310 1.502907 1.232751
 1.017876 1.524594 2.154511
 1.030442 1.556581 2.787321
 1.043009 1.593659 2.951291
 1.055575 1.629840 2.680880
 1.068142 1.660989 2.192693
 1.080708 1.685997 1.729106
 1.093274 1.706031 1.388247
 1.105841 1.722727 1.231883
 1.118407 1.738822 1.306168
 1.130973 1.758030 1.754859
 1.143540 1.785977 2.658422
 1.156106 1.828079 4.032589
 1.168672 1.889267 5.660611
 1.181239 1.970916 7.192553
 1.193805 2.069167 8.220184
 1.206372 2.174618 8.291684
 1.218938 2.273871 7.183328
 1.231504 2.353190 5.288725
 1.244071 2.407857 3.398315
 1.256637 2.443835 2.445461
 1.269203 2.476254 2.838412
 1.281770 2.521195 4.326160
 1.294336 2.588596 6.311904
 1.306903 2.680517 8.163203
 1.319469 2.792648 9.473649
 1.332035 2.917272 10.121929
 1.344602 3.045725 10.136918
 1.357168 3.170064 9.446861
 1.369734 3.281369 8.071342
 1.382301 3.371935 6.182537
 1.394867 3.437924 4.231694
 1.407434 3.481932 2.770144
 1.420000 3.512740 2.156664
 1.432566 3.541769 2.485670
 1.445133 3.579806 3.551972
 1.457699 3.634233 5.069064
 1.470265 3.709021 6.736570
 1.482832 3.805093 8.449113
 1.495398 3.922629 10.146971
 1.507964 4.060731 11.710870
 1.520531 4.215859 12.742214
 1.533097 4.377688 12.678133
 1.545664 4.529121 11.039688
 1.558230 4.650710 7.995128
 1.570796 4.730221 4.594467
 1.583363 4.771848 2.151789
 1.595929 4.793780 1.509696
 1.608495 4.819037 2.636746
 1.621062 4.865935 4.815770
 1.633628 4.942303 7.184445
 1.646195 5.045739 9.020413
 1.658761 5.166330 9.879489
 1.671327 5.290645 9.632221
 1.683894 5.405443 8.411519
 1.696460 5.500206 6.525320
 1.709026 5.568823 4.253287
 1.721593 5.608335 1.961490
 1.734159 5.620809 -0.004333
 1.746726 5.612737 -1.243479
 1.759292 5.594916 -1.522056
 1.771858 5.579158 -0.953651
 1.784425 5.574102 0.094646
 1.796991 5.582586 1.135851
 1.809557 5.601703 1.751139
 1.822124 5.624903 1.763400
 1.834690 5.644857 1.262333
 1.847256 5.656464 0.521842
 1.859823 5.658736 -0.186391
 1.872389 5.653398 -0.689461
 1.884956 5.643063 -1.002446
 1.897522 5.629124 -1.298394
 1.910088 5.610819 -1.702315
 1.922655 5.586552 -2.245571
 1.935221 5.555257 -2.776135
 1.947787 5.518464 -3.086881
 1.960354 5.479840 -3.068110
 1.972920 5.443108 -2.809988
 1.985487 5.409710 -2.590757
 1.998053 5.377495 -2.639220
 2.010619 5.342850 -2.947676
 2.023186 5.304244 -3.203934
 2.035752 5.264390 -3.111299
 2.048318 5.228174 -2.670039
 2.060885 5.197821 -2.248705
 2.073451 5.169730 -2.398273
 2.086018 5.134226 -3.449125
 2.098584 5.080230 -5.266394
 2.111150 5.001819 -7.226783
 2.123717 4.901788 -8.601079
 2.136283 4.789979 -9.078955
 2.148849 4.676564 -8.937393
 2.161416 4.565871 -8.758180
 2.173982 4.455269 -8.955780
 2.186548 4.339831 -9.474446
 2.199115 4.218025 -9.884276
 2.211681 4.094066 -9.757684
 2.224248 3.975646 -9.028428
 2.236814 3.868853 -7.961316
 2.249380 3.775380 -6.985050
 2.261947 3.691791 -6.415543
 2.274513 3.612101 -6.377459
 2.287079 3.530211 -6.739886
 2.299646 3.442224 -7.293238
 2.312212 3.346989 -7.866034
 2.324779 3.244806 -8.404496
 2.337345 3.136136 -8.920908
 2.349911 3.020905 -9.446881
 2.362478 2.899069 -9.964103
 2.375044 2.771402 -10.351330
 2.387610 2.640368 -10.467757
 2.400177 2.510114 -10.221451
 2.412743 2.385434 -9.591094
 2.425310 2.270549 -8.676952
 2.437876 2.168106 -7.650067
 2.450442 2.078342 -6.679912
 2.463009 1.999656 -5.909155
 2.475575 1.929210 -5.366118
 2.488141 1.864289 -5.013600
 2.500708 1.803026 -4.788010
 2.513274 1.743946 -4.663253
 2.525840 1.685604 -4.678546
 2.538407 1.626043 -4.861400
 2.550973 1.563384 -5.161510
 2.563540 1.496890 -5.457108
 2.576106 1.427264 -5.644575
 2.588672 1.356379 -5.662023
 2.601239 1.286296 -5.507506
 2.613805 1.219347 -5.146435
 2.626371 1.158995 -4.439101
 2.638938 1.110506 -3.245219
 2.651504 1.080014 -1.583671
 2.664071 1.071999 0.247298
 2.676637 1.085472 1.753333
 2.689203 1.113341 2.474747
 2.701770 1.144442 2.279745
 2.714336 1.168662 1.450204
 2.726902 1.181238 0.503517
 2.739469 1.183454 -0.142669
 2.752035 1.180473 -0.315389
 2.764602 1.178575 0.014184
 2.777168 1.183913 0.838074
 2.789734 1.202591 2.112711
 2.802301 1.239423 3.682733
 2.814867 1.296506 5.278795
 2.827433 1.371891 6.580834
 2.840000 1.460514 7.334584
 2.852566 1.555154 7.581187
 2.865133 1.650675 7.497508
 2.877699 1.744451 7.308902
 2.890265 1.835802 7.134023
 2.902832 1.924836 6.924390
 2.915398 2.010892 6.653854
 2.927964 2.093756 6.444961
 2.940531 2.175644 6.517666
 2.953097 2.261338 7.094068
 2.965663 2.357786 8.234595
 2.978230 2.471652 9.823308
 2.990796 2.607090 11.662631
 3.003363 2.765755 13.412397
 3.015929 2.944507 14.816789
 3.028495 3.137488 15.647972
 3.041062 3.336888 15.862759
 3.053628 3.535998 15.650886
 3.066194 3.731711 15.342012
 3.078761 3.924690 15.277831
 3.091327 4.118965 15.524337
 3.103894 4.318043 15.971058
 3.116460 4.523179 16.444624
 3.129026 4.733287 16.824595
