#! FIELDS phi3 ffphi3 dffphi3_phi3
#! SET min_phi3 -pi
#! SET max_phi3 pi
#! SET nbins_phi3  100
#! SET periodic_phi3 true
 -3.141593 21.699206 -52.752426
 -3.078761 18.540069 -47.582498
 -3.015929 15.767563 -40.528830
 -2.953097 13.404115 -35.269559
 -2.890265 11.310592 -31.011413
 -2.827433 9.567186 -24.343199
 -2.764602 8.214952 -19.117150
 -2.701770 7.135884 -15.400787
 -2.638938 6.241172 -13.290168
 -2.576106 5.501164 -9.945262
 -2.513274 4.928740 -9.429177
 -2.450442 4.257085 -11.268746
 -2.387610 3.631706 -8.344855
 -2.324779 3.178075 -6.299448
 -2.261947 2.868542 -3.355544
 -2.199115 2.687579 -3.377900
 -2.136283 2.455092 -3.027558
 -2.073451 2.363408 -0.514907
 -2.010619 2.301203 -1.646783
 -1.947787 2.190065 -1.824296
 -1.884956 2.021391 -4.125295
 -1.822124 1.687417 -5.783855
 -1.759292 1.380761 -3.844721
 -1.696460 1.137047 -4.749516
 -1.633628 0.772159 -6.381254
 -1.570796 0.367992 -6.470348
 -1.507964 -0.008678 -5.290813
 -1.445133 -0.291449 -3.591502
 -1.382301 -0.411221 -0.074400
 -1.319469 -0.337205 2.026509
 -1.256637 -0.178841 2.763329
 -1.193805 0.022398 4.385985
 -1.130973 0.486118 10.667051
 -1.068142 1.334526 15.878810
 -1.005310 2.475122 20.424221
 -0.942478 3.871042 23.474109
 -0.879646 5.474087 28.501103
 -0.816814 7.561130 37.400365
 -0.753982 9.985862 37.552398
 -0.691150 12.243490 34.760726
 -0.628319 14.501188 37.518787
 -0.565487 17.041085 42.622930
 -0.502655 19.764576 42.901537
 -0.439823 22.473696 42.772399
 -0.376991 25.175415 42.563355
 -0.314159 27.833966 41.228155
 -0.251327 30.371035 38.741104
 -0.188496 32.674942 33.720467
 -0.125664 34.656820 29.469861
 -0.062832 36.376052 23.915557
 0.000000 37.559361 13.161225
 0.062832 38.044595 2.339522
 0.125664 37.889196 -7.384025
 0.188496 37.107849 -17.227031
 0.251327 35.769318 -25.567888
 0.314159 33.844724 -35.538724
 0.376991 31.431319 -40.047748
 0.439823 28.885498 -41.067019
 0.502655 26.252148 -42.539622
 0.565487 23.600496 -41.549257
 0.628319 21.021364 -40.627725
 0.691150 18.547535 -37.408276
 0.753982 16.350734 -32.860689
 0.816814 14.366148 -30.337693
 0.879646 12.631981 -23.639967
 0.942478 11.486576 -12.859443
 1.005310 10.976108 -3.752312
 1.068142 10.973866 3.772722
 1.130973 11.529305 14.117095
 1.193805 12.683166 22.259459
 1.256637 14.394214 32.664819
 1.319469 16.773174 42.028500
 1.382301 19.596598 47.278623
 1.445133 22.776233 53.277568
 1.507964 26.377375 61.020335
 1.570796 30.501387 67.982190
 1.633628 34.910051 69.572873
 1.696460 39.288747 66.862931
 1.759292 43.473404 64.153881
 1.822124 47.544643 63.747278
 1.884956 51.620884 63.240835
 1.947787 55.488343 57.581866
 2.010619 58.996871 53.165073
 2.073451 62.188230 46.009872
 2.136283 64.668718 30.978887
 2.199115 66.311164 25.585709
 2.261947 67.940577 17.011711
 2.324779 67.645393 -18.768587
 2.387610 66.539622 -15.914534
 2.450442 65.169541 -31.968060
 2.513274 62.501187 -50.742624
 2.576106 58.967258 -61.068164
 2.638938 54.924872 -66.702380
 2.701770 50.613427 -70.507565
 2.764602 46.110359 -72.060623
 2.827433 41.610978 -71.029915
 2.890265 37.190071 -69.341502
 2.953097 32.952128 -65.231120
 3.015929 28.971199 -61.856502
 3.078761 25.182739 -58.203609
