#! FIELDS phi3 ffphi3 dffphi3_phi3
#! SET min_phi3 -pi
#! SET max_phi3 pi
#! SET nbins_phi3  100
#! SET periodic_phi3 true
 -3.141593 21.381226 -52.959576
 -3.078761 18.241280 -46.960550
 -3.015929 15.484260 -40.758984
 -2.953097 13.102484 -35.393295
 -2.890265 11.013170 -30.903953
 -2.827433 9.248899 -25.343273
 -2.764602 7.813964 -20.156022
 -2.701770 6.728170 -14.711142
 -2.638938 5.905378 -11.960402
 -2.576106 5.178733 -11.337586
 -2.513274 4.482554 -10.866173
 -2.450442 3.784905 -11.494597
 -2.387610 3.110966 -8.928772
 -2.324779 2.698040 -5.106881
 -2.261947 2.363004 -5.377927
 -2.199115 2.121214 -1.866703
 -2.136283 2.118182 1.233858
 -2.073451 2.181283 -0.001226
 -2.010619 2.102562 -2.119056
 -1.947787 1.945374 -3.047945
 -1.884956 1.704381 -4.733764
 -1.822124 1.371538 -5.208376
 -1.759292 1.133478 -2.526316
 -1.696460 0.952723 -3.916860
 -1.633628 0.657745 -4.905414
 -1.570796 0.401563 -3.125496
 -1.507964 0.217404 -3.226658
 -1.445133 0.023609 -2.516217
 -1.382301 -0.106970 -2.024487
 -1.319469 -0.224122 -1.255928
 -1.256637 -0.195409 2.696874
 -1.193805 0.192929 9.756232
 -1.130973 0.887574 10.743198
 -1.068142 1.592900 13.649455
 -1.005310 2.739135 21.890397
 -0.942478 4.165007 23.590972
 -0.879646 5.918039 32.637226
 -0.816814 8.087360 34.818369
 -0.753982 10.403318 39.858309
 -0.691150 12.971993 37.946803
 -0.628319 15.103675 32.794375
 -0.565487 17.430265 40.690495
 -0.502655 20.144622 45.259985
 -0.439823 23.119055 47.140129
 -0.376991 25.910636 41.373562
 -0.314159 28.492549 40.526970
 -0.251327 31.002115 38.479636
 -0.188496 33.333650 35.154870
 -0.125664 35.471257 32.321795
 -0.062832 37.332074 25.913525
 0.000000 38.735130 18.780509
 0.062832 39.699868 11.214274
 0.125664 40.109677 1.616159
 0.188496 39.891223 -8.516613
 0.251327 39.114720 -15.624629
 0.314159 37.931794 -22.418600
 0.376991 36.316727 -28.289107
 0.439823 34.447262 -30.846448
 0.502655 32.483263 -31.516933
 0.565487 30.513774 -30.657707
 0.628319 28.662281 -28.690681
 0.691150 26.856997 -28.535485
 0.753982 25.162329 -24.789393
 0.816814 23.779617 -19.124407
 0.879646 22.779131 -12.531763
 0.942478 22.188298 -6.770569
 1.005310 21.916728 -1.303919
 1.068142 22.079502 6.209878
 1.130973 22.645451 11.856635
 1.193805 23.640872 20.155037
 1.256637 25.143167 26.870700
 1.319469 26.996161 32.295112
 1.382301 29.245471 38.962816
 1.445133 31.878006 44.156203
 1.507964 34.791141 48.002867
 1.570796 37.961088 52.241957
 1.633628 41.394896 56.075319
 1.696460 45.057884 59.148534
 1.759292 48.876868 60.849919
 1.822124 52.777057 61.546581
 1.884956 56.715740 62.527280
 1.947787 60.899274 71.355073
 2.010619 66.119877 88.881808
 2.073451 68.733299 -14.059203
 2.136283 68.849533 28.521021
 2.199115 72.611014 91.210623
 2.261947 80.311398 153.900225
 2.324779 99.830435 -249.046322
 2.387610 84.204909 -197.017730
 2.450442 73.604802 -140.333263
 2.513274 66.348061 -93.492226
 2.576106 61.202654 -76.483774
 2.638938 56.291170 -79.598516
 2.701770 51.311225 -78.218611
 2.764602 46.490313 -75.230511
 2.827433 41.805468 -74.251336
 2.890265 37.162758 -72.845159
 2.953097 32.745234 -67.309538
 3.015929 28.682872 -62.402392
 3.078761 24.884208 -58.334153
