#! FIELDS psi2 ffpsi2 dffpsi2_psi2
#! SET min_psi2 -pi
#! SET max_psi2 pi
#! SET nbins_psi2  100
#! SET periodic_psi2 true
 -3.141593 14.474772 43.202530
 -3.078761 17.282806 46.054596
 -3.015929 20.306482 49.151386
 -2.953097 23.510510 50.340420
 -2.890265 26.075015 29.110793
 -2.827433 28.005134 36.120876
 -2.764602 29.999594 14.863894
 -2.701770 29.397161 -26.369002
 -2.638938 27.873645 -16.478642
 -2.576106 27.442881 -0.449845
 -2.513274 27.353086 -4.321466
 -2.450442 26.829487 -12.125633
 -2.387610 25.824094 -20.859338
 -2.324779 24.255426 -26.701055
 -2.261947 22.702174 -22.230017
 -2.199115 21.503466 -15.613575
 -2.136283 20.662016 -12.620808
 -2.073451 19.806158 -14.539879
 -2.010619 18.864857 -15.273754
 -1.947787 17.955280 -13.048086
 -1.884956 17.230098 -10.343034
 -1.822124 16.660376 -7.561267
 -1.759292 16.281665 -4.811317
 -1.696460 16.005017 -4.232364
 -1.633628 15.765996 -3.269664
 -1.570796 15.573176 -3.051057
 -1.507964 15.417297 -1.508752
 -1.445133 15.383690 -0.039286
 -1.382301 15.392188 0.632172
 -1.319469 15.488734 2.048109
 -1.256637 15.592918 1.178614
 -1.193805 15.684362 2.005355
 -1.130973 15.838499 2.702702
 -1.068142 16.043616 4.013474
 -1.005310 16.326449 4.583547
 -0.942478 16.611548 4.595383
 -0.879646 16.913841 4.896505
 -0.816814 17.189566 3.221701
 -0.753982 17.244291 -1.677705
 -0.691150 17.097158 -1.644468
 -0.628319 17.076183 0.269293
 -0.565487 17.075172 -0.457551
 -0.502655 16.995646 -3.240691
 -0.439823 16.441238 -13.980322
 -0.376991 15.561584 -12.787048
 -0.314159 14.855741 -9.008346
 -0.251327 14.411310 -7.152635
 -0.188496 13.804822 -10.591981
 -0.125664 13.339812 -4.165851
 -0.062832 13.024045 -8.072204
 0.000000 12.412922 -8.689417
 0.062832 12.080876 -2.821664
 0.125664 11.954351 -1.088716
 0.188496 11.904841 -1.969358
 0.251327 11.583597 -7.338331
 0.314159 11.216706 -3.534621
 0.376991 11.039681 -3.260189
 0.439823 10.780655 -4.974104
 0.502655 10.403423 -6.794664
 0.565487 9.989717 -6.000498
 0.628319 9.665990 -4.689244
 0.691150 9.315478 -6.713207
 0.753982 8.880783 -6.681314
 0.816814 8.500538 -5.351824
 0.879646 8.218886 -3.596196
 0.942478 8.036127 -2.558762
 1.005310 7.860114 -3.135651
 1.068142 7.670400 -2.446868
 1.130973 7.599802 -0.283514
 1.193805 7.520754 -2.345062
 1.256637 7.383306 -2.181133
 1.319469 7.142138 -5.741338
 1.382301 6.755334 -5.980880
 1.445133 6.376649 -6.382512
 1.507964 5.978587 -5.949355
 1.570796 5.593509 -7.271311
 1.633628 4.983505 -11.995308
 1.696460 4.197004 -12.095130
 1.759292 3.493152 -10.710649
 1.822124 2.833005 -10.026638
 1.884956 2.261894 -8.208352
 1.947787 1.809908 -5.920952
 2.010619 1.525331 -3.530453
 2.073451 1.296733 -4.230868
 2.136283 0.973729 -6.060620
 2.199115 0.548630 -7.275136
 2.261947 0.072173 -8.022257
 2.324779 -0.439989 -7.769763
 2.387610 -0.840687 -4.776480
 2.450442 -1.031730 -1.271056
 2.513274 -0.990596 2.665988
 2.576106 -0.671224 7.576131
 2.638938 -0.047448 12.095588
 2.701770 0.844336 16.220437
 2.764602 1.991720 20.181217
 2.827433 3.390869 24.355875
 2.890265 5.095124 30.272737
 2.953097 7.255695 37.889088
 3.015929 9.672801 36.801200
 3.078761 11.923589 36.732820
