#! FIELDS psi3 ffpsi3 dffpsi3_psi3
#! SET min_psi3 -pi
#! SET max_psi3 pi
#! SET nbins_psi3  100
#! SET periodic_psi3 true
 -3.141593 8.676766 16.728939
 -3.078761 9.712926 16.902913
 -3.015929 10.831170 17.832568
 -2.953097 11.940472 18.682547
 -2.890265 13.263446 21.159536
 -2.827433 14.309141 13.800084
 -2.764602 15.592918 29.906293
 -2.701770 17.786792 32.662803
 -2.638938 19.295707 19.073986
 -2.576106 20.432510 14.686297
 -2.513274 21.171569 11.586102
 -2.450442 22.106188 18.880253
 -2.387610 23.530948 23.300396
 -2.324779 24.605290 9.902574
 -2.261947 24.790464 -3.108891
 -2.199115 24.607586 -0.966637
 -2.136283 24.303284 -12.848394
 -2.073451 23.381765 -9.003295
 -2.010619 23.547823 11.222921
 -1.947787 24.108263 3.947568
 -1.884956 24.185414 -0.018890
 -1.822124 24.213516 1.215900
 -1.759292 24.279460 0.281414
 -1.696460 24.239929 -2.068538
 -1.633628 23.877530 -9.784189
 -1.570796 23.233138 -8.635576
 -1.507964 22.750318 -9.368053
 -1.445133 21.920224 -15.253439
 -1.382301 20.933422 -18.079638
 -1.319469 19.518327 -26.254842
 -1.256637 17.674323 -31.692043
 -1.193805 15.709735 -30.066750
 -1.130973 13.909845 -27.604226
 -1.068142 12.143557 -28.974103
 -1.005310 10.376603 -26.045125
 -0.942478 8.898761 -21.583157
 -0.879646 7.614912 -19.377338
 -0.816814 6.442793 -18.140873
 -0.753982 5.348800 -16.429127
 -0.691150 4.354436 -15.751115
 -0.628319 3.380065 -14.485193
 -0.565487 2.586442 -11.251208
 -0.502655 1.883302 -11.234748
 -0.439823 1.234003 -9.067085
 -0.376991 0.730728 -7.242488
 -0.314159 0.332809 -5.078939
 -0.251327 0.118590 -1.908885
 -0.188496 0.056607 -0.323305
 -0.125664 0.075124 1.083297
 -0.062832 0.222866 3.619017
 0.000000 0.514218 5.400260
 0.062832 0.861619 5.272031
 0.125664 1.187394 5.428393
 0.188496 1.567908 6.539684
 0.251327 1.999395 7.040518
 0.314159 2.427795 6.354693
 0.376991 2.824261 6.562243
 0.439823 3.248072 6.549149
 0.502655 3.650017 6.337919
 0.565487 4.023656 5.240475
 0.628319 4.330392 4.755481
 0.691150 4.622583 4.445390
 0.753982 4.925637 5.437228
 0.816814 5.291862 5.729141
 0.879646 5.604248 4.128739
 0.942478 5.836924 3.390748
 1.005310 6.062443 4.222173
 1.068142 6.394338 5.752569
 1.130973 6.697253 3.692389
 1.193805 6.885480 2.305923
 1.256637 7.021282 2.475927
 1.319469 7.196856 2.643431
 1.382301 7.346995 2.248626
 1.445133 7.466392 1.200087
 1.507964 7.471075 -1.050191
 1.570796 7.395206 -0.959258
 1.633628 7.340761 -1.016873
 1.696460 7.283514 -0.772679
 1.759292 7.225286 -1.179076
 1.822124 7.117196 -2.818255
 1.884956 6.853169 -4.806956
 1.947787 6.633337 -2.133927
 2.010619 6.487502 -3.211889
 2.073451 6.270955 -3.023362
 2.136283 6.106342 -2.745885
 2.199115 5.911844 -3.108638
 2.261947 5.743058 -2.576461
 2.324779 5.533315 -4.321325
 2.387610 5.248690 -3.929023
 2.450442 5.108422 -0.800598
 2.513274 5.048380 -1.761516
 2.576106 4.915636 -1.875023
 2.638938 4.844606 -0.537840
 2.701770 4.827539 -0.090562
 2.764602 4.881900 2.444424
 2.827433 5.162171 6.030543
 2.890265 5.574108 6.721890
 2.953097 6.022515 8.016364
 3.015929 6.661125 12.599858
 3.078761 7.599171 16.745725
