#! FIELDS psi4 ffpsi4 dffpsi4_psi4
#! SET min_psi4 -pi
#! SET max_psi4 pi
#! SET nbins_psi4  100
#! SET periodic_psi4 true
 -3.141593 4.649477 18.564374
 -3.078761 5.856475 19.596356
 -3.015929 7.145401 21.818393
 -2.953097 8.638477 25.339764
 -2.890265 10.279781 26.020744
 -2.827433 11.842039 23.831220
 -2.764602 13.410606 26.573233
 -2.701770 15.171825 28.167053
 -2.638938 16.686528 17.935951
 -2.576106 17.552994 11.828853
 -2.513274 18.213145 8.387758
 -2.450442 18.899665 16.820244
 -2.387610 20.039002 11.921781
 -2.324779 20.360821 4.675100
 -2.261947 21.004913 14.932955
 -2.199115 21.766823 3.439657
 -2.136283 21.444373 -8.398286
 -2.073451 21.067339 -2.569680
 -2.010619 21.264385 7.755898
 -1.947787 21.495090 -4.836718
 -1.884956 20.817767 -11.678840
 -1.822124 20.358491 -4.281129
 -1.759292 19.910948 -11.561286
 -1.696460 19.017767 -14.989439
 -1.633628 18.165440 -12.313218
 -1.570796 17.366790 -13.769551
 -1.507964 16.442440 -15.323887
 -1.445133 15.460239 -15.964858
 -1.382301 14.451207 -15.871565
 -1.319469 13.482232 -14.991592
 -1.256637 12.579617 -13.772170
 -1.193805 11.708886 -14.231921
 -1.130973 10.808417 -14.221530
 -1.068142 9.904273 -15.000067
 -1.005310 8.906924 -16.426940
 -0.942478 7.866109 -16.817134
 -0.879646 6.803862 -16.589818
 -0.816814 5.828592 -14.423254
 -0.753982 4.971671 -12.903504
 -0.691150 4.224320 -10.796304
 -0.628319 3.610502 -8.824604
 -0.565487 3.117177 -6.836750
 -0.502655 2.755595 -4.731304
 -0.439823 2.515884 -2.908134
 -0.376991 2.395507 -1.038575
 -0.314159 2.367940 0.108111
 -0.251327 2.418014 1.438159
 -0.188496 2.546965 2.732151
 -0.125664 2.777910 4.521259
 -0.062832 3.086076 4.986881
 0.000000 3.394033 4.847925
 0.062832 3.709239 5.011428
 0.125664 4.006213 4.545023
 0.188496 4.323096 5.519718
 0.251327 4.654031 4.518005
 0.314159 4.880455 2.778272
 0.376991 5.008397 1.201034
 0.439823 5.044618 -0.039700
 0.502655 5.006124 -0.989163
 0.565487 4.954016 -0.786939
 0.628319 4.898707 -0.746351
 0.691150 4.879680 -0.176954
 0.753982 4.839851 -1.114421
 0.816814 4.783689 -0.278365
 0.879646 4.816145 0.991657
 0.942478 4.884580 1.232669
 1.005310 4.996490 2.377262
 1.068142 5.178399 3.245830
 1.130973 5.394109 3.657706
 1.193805 5.666768 5.058403
 1.256637 6.015176 5.890704
 1.319469 6.413471 6.643556
 1.382301 6.824931 6.234272
 1.445133 7.179418 4.886044
 1.507964 7.463218 4.344514
 1.570796 7.727085 3.908121
 1.633628 7.948486 2.835594
 1.696460 8.034497 -0.317237
 1.759292 7.931630 -2.775417
 1.822124 7.706223 -4.301697
 1.884956 7.401139 -5.476677
 1.947787 7.001097 -7.404658
 2.010619 6.476274 -9.257273
 2.073451 5.845590 -10.699393
 2.136283 5.157166 -11.071259
 2.199115 4.462885 -11.014253
 2.261947 3.776438 -10.878301
 2.324779 3.098578 -10.644723
 2.387610 2.438134 -10.387808
 2.450442 1.826279 -8.761184
 2.513274 1.339424 -7.006517
 2.576106 0.938845 -5.562554
 2.638938 0.660213 -3.298416
 2.701770 0.532692 -0.674032
 2.764602 0.584857 2.277490
 2.827433 0.808306 4.768806
 2.890265 1.207193 8.078197
 2.953097 1.816133 11.032762
 3.015929 2.592703 13.721358
 3.078761 3.544356 16.404082
