#! FIELDS psi4 ffpsi4 dffpsi4_psi4
#! SET min_psi4 -pi
#! SET max_psi4 pi
#! SET nbins_psi4  100
#! SET periodic_psi4 true
 -3.141593 4.664898 18.955572
 -3.078761 5.875736 19.349071
 -3.015929 7.165175 22.251311
 -2.953097 8.699496 25.960960
 -2.890265 10.346281 25.431673
 -2.827433 11.846115 22.702454
 -2.764602 13.342475 25.587877
 -2.701770 15.133656 30.649909
 -2.638938 16.802625 17.808834
 -2.576106 17.422115 6.156686
 -2.513274 17.841081 6.927599
 -2.450442 18.524527 17.360642
 -2.387610 19.653950 11.199411
 -2.324779 20.073577 9.582437
 -2.261947 21.156935 21.261739
 -2.199115 21.901127 -2.756131
 -2.136283 21.281895 -10.174387
 -2.073451 20.943707 -0.395341
 -2.010619 21.254055 8.906468
 -1.947787 21.535269 -4.799652
 -1.884956 20.795613 -12.500480
 -1.822124 20.412317 -1.320878
 -1.759292 20.074014 -12.021602
 -1.696460 19.125427 -15.482164
 -1.633628 18.247316 -12.876118
 -1.570796 17.417540 -13.954682
 -1.507964 16.508790 -14.905132
 -1.445133 15.515394 -16.768347
 -1.382301 14.463499 -16.190678
 -1.319469 13.482651 -15.224314
 -1.256637 12.561766 -14.103293
 -1.193805 11.662463 -14.726035
 -1.130973 10.755826 -13.813034
 -1.068142 9.888566 -14.548171
 -1.005310 8.894532 -16.631828
 -0.942478 7.842489 -17.009179
 -0.879646 6.760751 -16.927046
 -0.816814 5.779753 -14.217666
 -0.753982 4.945254 -12.506941
 -0.691150 4.217941 -10.579766
 -0.628319 3.611090 -8.808931
 -0.565487 3.112813 -6.975997
 -0.502655 2.744491 -4.837040
 -0.439823 2.490903 -3.200384
 -0.376991 2.365597 -0.824827
 -0.314159 2.355136 0.238434
 -0.251327 2.394991 1.047226
 -0.188496 2.499501 2.457126
 -0.125664 2.728790 4.746986
 -0.062832 3.060227 5.436431
 0.000000 3.392416 5.075937
 0.062832 3.707068 4.813789
 0.125664 3.990629 4.401055
 0.188496 4.305991 5.565613
 0.251327 4.638518 4.551911
 0.314159 4.875059 3.047850
 0.376991 5.014619 1.243193
 0.439823 5.049689 -0.074213
 0.502655 5.004991 -1.174974
 0.565487 4.942515 -0.861913
 0.628319 4.888183 -0.651330
 0.691150 4.884016 0.170043
 0.753982 4.856568 -1.103158
 0.816814 4.805183 -0.067467
 0.879646 4.847816 0.993860
 0.942478 4.908300 1.097186
 1.005310 5.024385 2.635521
 1.068142 5.222124 3.439593
 1.130973 5.449507 3.797505
 1.193805 5.712445 4.574094
 1.256637 6.030741 5.622081
 1.319469 6.426376 6.688236
 1.382301 6.836057 6.189822
 1.445133 7.200850 5.256741
 1.507964 7.509195 4.767651
 1.570796 7.798927 4.092800
 1.633628 8.007889 2.399167
 1.696460 8.058793 -0.920608
 1.759292 7.945596 -2.436518
 1.822124 7.740610 -4.238680
 1.884956 7.421632 -5.871687
 1.947787 7.003801 -7.444388
 2.010619 6.487687 -9.082761
 2.073451 5.861630 -10.739852
 2.136283 5.163499 -11.275610
 2.199115 4.464883 -10.919404
 2.261947 3.785483 -10.866979
 2.324779 3.102802 -10.644635
 2.387610 2.454078 -10.185652
 2.450442 1.842482 -8.857381
 2.513274 1.352070 -7.069096
 2.576106 0.947406 -5.566758
 2.638938 0.671474 -3.284327
 2.701770 0.539467 -0.776697
 2.764602 0.587106 2.181384
 2.827433 0.799073 4.587928
 2.890265 1.200630 8.344415
 2.953097 1.827164 11.221398
 3.015929 2.605739 13.601090
 3.078761 3.546055 16.309522
