#! FIELDS psi2 ffpsi2 dffpsi2_psi2
#! SET min_psi2 -pi
#! SET max_psi2 pi
#! SET nbins_psi2  100
#! SET periodic_psi2 true
 -3.141593 16.412358 57.156365
 -3.078761 20.126606 58.669422
 -3.015929 23.256825 30.410256
 -2.953097 23.681371 -6.436182
 -2.890265 23.834392 16.056463
 -2.827433 25.904095 50.636643
 -2.764602 30.265511 84.108431
 -2.701770 34.005253 18.093178
 -2.638938 33.762668 -27.121764
 -2.576106 31.408193 -36.163613
 -2.513274 30.123838 -0.953394
 -2.450442 31.000409 14.678934
 -2.387610 30.109921 -32.274148
 -2.324779 28.556563 -15.724361
 -2.261947 27.683454 -15.122974
 -2.199115 26.859012 -8.033896
 -2.136283 26.615499 -3.486993
 -2.073451 26.149959 -10.304950
 -2.010619 25.504971 -9.361865
 -1.947787 24.981913 -7.983028
 -1.884956 24.397824 -11.471777
 -1.822124 23.568320 -12.951227
 -1.759292 23.054567 -2.544385
 -1.696460 23.073982 0.009857
 -1.633628 22.808002 -7.282609
 -1.570796 22.501885 -0.862137
 -1.507964 22.649021 4.076952
 -1.445133 22.866201 1.963174
 -1.382301 22.877637 -1.038528
 -1.319469 22.799139 -0.907429
 -1.256637 22.918078 5.226191
 -1.193805 23.252295 3.114970
 -1.130973 23.403439 4.412762
 -1.068142 23.848906 6.625029
 -1.005310 23.921942 -3.046622
 -0.942478 23.783615 -0.410460
 -0.879646 23.843707 1.851092
 -0.816814 24.003492 3.114051
 -0.753982 24.167016 1.480708
 -0.691150 24.266771 3.231705
 -0.628319 24.668748 8.159913
 -0.565487 24.751854 -10.956342
 -0.502655 23.261056 -30.116941
 -0.439823 21.871103 -11.147445
 -0.376991 21.185130 -22.514626
 -0.314159 19.087567 -32.117351
 -0.251327 17.853696 -11.312706
 -0.188496 16.620205 -26.816801
 -0.125664 15.534235 -6.081010
 -0.062832 15.054358 -13.861334
 0.000000 14.217900 -10.722515
 0.062832 13.524865 -10.870815
 0.125664 13.005293 -6.713413
 0.188496 12.680718 -1.030666
 0.251327 12.996420 7.982366
 0.314159 13.083644 -6.764419
 0.376991 12.582391 -5.340567
 0.439823 12.406491 -3.466302
 0.502655 11.996296 -7.449794
 0.565487 11.655099 -4.332762
 0.628319 11.246415 -9.583016
 0.691150 10.548442 -10.647405
 0.753982 9.999004 -8.406041
 0.816814 9.418690 -8.348890
 0.879646 9.088577 -2.912500
 0.942478 8.834055 -6.788451
 1.005310 8.354923 -5.720643
 1.068142 8.225785 0.126059
 1.130973 8.162431 -3.120311
 1.193805 7.808087 -8.080693
 1.256637 7.171390 -10.914673
 1.319469 6.744139 -1.064268
 1.382301 6.891384 2.349358
 1.445133 6.755694 -6.387040
 1.507964 6.253428 -8.944194
 1.570796 5.615703 -11.167849
 1.633628 4.954664 -9.841793
 1.696460 4.253237 -13.178043
 1.759292 3.389683 -12.943322
 1.822124 2.685011 -10.101373
 1.884956 2.087821 -8.429023
 1.947787 1.657254 -5.565401
 2.010619 1.340066 -4.989402
 2.073451 1.011267 -5.223139
 2.136283 0.696464 -5.139934
 2.199115 0.343148 -5.962158
 2.261947 -0.040256 -6.344400
 2.324779 -0.424521 -5.520819
 2.387610 -0.738796 -4.690561
 2.450442 -0.966633 -1.843106
 2.513274 -0.910774 3.494225
 2.576106 -0.592915 6.208784
 2.638938 -0.092275 10.320492
 2.701770 0.754357 16.626418
 2.764602 1.988286 22.403040
 2.827433 3.557646 27.300381
 2.890265 5.401040 31.117370
 2.953097 7.526170 36.802553
 3.015929 10.049604 43.070330
 3.078761 12.989885 50.500168
