#! FIELDS psi ffpsi dffpsi_psi
#! SET min_psi -pi
#! SET max_psi pi
#! SET nbins_psi  500
#! SET periodic_psi true
 -3.141593 4.353714 17.891721
 -3.129026 4.600988 21.261247
 -3.116460 4.885961 23.685199
 -3.103894 5.190636 24.257596
 -3.091327 5.490492 22.927138
 -3.078761 5.765922 20.622283
 -3.066194 6.012689 18.657662
 -3.053628 6.241946 17.922677
 -3.041062 6.471258 18.535020
 -3.028495 6.714642 19.975051
 -3.015929 6.977406 21.473837
 -3.003363 7.255762 22.461305
 -2.990796 7.541717 22.727111
 -2.978230 7.827829 22.538709
 -2.965663 8.111366 22.457297
 -2.953097 8.396703 22.821604
 -2.940531 8.689956 23.664631
 -2.927964 8.995027 24.608083
 -2.915398 9.310096 25.107540
 -2.902832 9.626885 24.894244
 -2.890265 9.936449 24.043974
 -2.877699 10.234030 23.028580
 -2.865133 10.521219 22.535910
 -2.852566 10.806908 22.858148
 -2.840000 11.101484 23.794425
 -2.827433 11.409762 25.018791
 -2.814867 11.733164 26.055041
 -2.802301 12.067741 26.942230
 -2.789734 12.413456 27.766303
 -2.777168 12.771098 28.975671
 -2.764602 13.146878 30.610245
 -2.752035 13.545268 32.497608
 -2.739469 13.966648 34.160705
 -2.726902 14.404666 35.001000
 -2.714336 14.845998 34.592520
 -2.701770 15.273653 32.913369
 -2.689203 15.673791 30.319854
 -2.676637 16.039546 27.543758
 -2.664071 16.373606 25.353116
 -2.651504 16.686942 24.246803
 -2.638938 16.993758 24.394194
 -2.626371 17.308624 25.445858
 -2.613805 17.639903 26.863490
 -2.601239 17.987539 28.089060
 -2.588672 18.345945 28.531460
 -2.576106 18.704095 28.036515
 -2.563540 19.051225 26.850795
 -2.550973 19.381271 25.418055
 -2.538407 19.694271 24.108128
 -2.525840 19.992880 23.216429
 -2.513274 20.282808 22.650955
 -2.500708 20.567354 22.346217
 -2.488141 20.849200 22.168708
 -2.475575 21.129102 22.164690
 -2.463009 21.409907 22.209327
 -2.450442 21.691326 22.308527
 -2.437876 21.972274 22.137576
 -2.425310 22.248062 21.325650
 -2.412743 22.509810 20.012694
 -2.400177 22.753455 18.556926
 -2.387610 22.980692 17.458660
 -2.375044 23.197523 16.865416
 -2.362478 23.408274 16.402132
 -2.349911 23.610553 15.520549
 -2.337345 23.797104 13.805073
 -2.324779 23.958122 11.523859
 -2.312212 24.089744 9.274053
 -2.299646 24.196247 7.661062
 -2.287079 24.287731 6.918858
 -2.274513 24.374574 6.873140
 -2.261947 24.462927 7.000319
 -2.249380 24.550926 6.755388
 -2.236814 24.630714 5.670817
 -2.224248 24.690439 3.582695
 -2.211681 24.718850 0.752879
 -2.199115 24.709751 -2.225209
 -2.186548 24.666115 -4.638138
 -2.173982 24.598538 -5.998746
 -2.161416 24.520514 -6.360928
 -2.148849 24.441635 -6.245881
 -2.136283 24.363149 -6.381430
 -2.123717 24.278963 -7.197744
 -2.111150 24.180429 -8.539929
 -2.098584 24.064854 -9.798348
 -2.086018 23.937530 -10.349819
 -2.073451 23.808184 -10.148900
 -2.060885 23.683903 -9.661698
 -2.048318 23.563669 -9.614611
 -2.035752 23.439200 -10.325469
 -2.023186 23.302218 -11.497392
 -2.010619 23.151656 -12.389699
 -1.998053 22.994323 -12.487925
 -1.985487 22.841193 -11.799796
 -1.972920 22.698901 -10.860630
 -1.960354 22.566538 -10.299440
 -1.947787 22.436671 -10.494467
 -1.935221 22.299559 -11.469058
 -1.922655 22.146726 -12.909625
 -1.910088 21.974683 -14.423689
 -1.897522 21.785130 -15.643022
 -1.884956 21.583875 -16.281540
 -1.872389 21.378469 -16.320743
 -1.859823 21.175328 -15.965446
 -1.847256 20.977251 -15.597673
 -1.834690 20.781984 -15.557556
 -1.822124 20.584295 -15.947479
 -1.809557 20.380076 -16.524370
 -1.796991 20.170189 -16.780345
 -1.784425 19.960731 -16.419193
 -1.771858 19.759895 -15.459240
 -1.759292 19.572849 -14.312638
 -1.746726 19.398810 -13.462108
 -1.734159 19.231826 -13.229581
 -1.721593 19.063949 -13.537247
 -1.709026 18.890677 -14.020956
 -1.696460 18.712521 -14.246713
 -1.683894 18.534536 -13.984439
 -1.671327 18.362127 -13.395204
 -1.658761 18.197258 -12.895555
 -1.646195 18.035570 -12.940685
 -1.633628 17.868624 -13.758319
 -1.621062 17.687193 -15.175651
 -1.608495 17.486432 -16.730802
 -1.595929 17.268557 -17.849661
 -1.583363 17.041264 -18.192209
 -1.570796 16.814189 -17.788846
 -1.558230 16.595895 -16.893431
 -1.545664 16.389968 -15.885342
 -1.533097 16.196199 -14.984234
 -1.520531 16.012420 -14.304358
 -1.507964 15.835869 -13.799848
 -1.495398 15.664691 -13.465597
 -1.482832 15.496597 -13.294697
 -1.470265 15.329914 -13.213036
 -1.457699 15.164040 -13.175684
 -1.445133 14.997840 -13.307093
 -1.432566 14.827076 -13.978038
 -1.420000 14.643014 -15.441040
 -1.407434 14.436473 -17.472051
 -1.394867 14.204322 -19.362376
 -1.382301 13.953359 -20.392661
 -1.369734 13.696693 -20.238333
 -1.357168 13.449128 -19.009380
 -1.344602 13.221708 -17.090201
 -1.332035 13.020060 -15.004717
 -1.319469 12.842415 -13.369597
 -1.306903 12.679959 -12.691784
 -1.294336 12.518507 -13.149274
 -1.281770 12.345999 -14.381001
 -1.269203 12.157061 -15.602696
 -1.256637 11.957271 -16.012961
 -1.244071 11.759981 -15.189312
 -1.231504 11.580128 -13.291076
 -1.218938 11.427917 -10.901405
 -1.206372 11.305455 -8.684856
 -1.193805 11.206775 -7.176420
 -1.181239 11.121176 -6.610311
 -1.168672 11.036988 -6.928246
 -1.156106 10.944146 -7.933397
 -1.143540 10.835784 -9.366437
 -1.130973 10.708331 -10.919531
 -1.118407 10.562417 -12.262857
 -1.105841 10.402397 -13.129547
 -1.093274 10.235264 -13.393183
 -1.080708 10.068635 -13.051236
 -1.068142 9.909778 -12.179350
 -1.055575 9.764478 -10.911577
 -1.043009 9.636923 -9.376441
 -1.030442 9.529132 -7.820532
 -1.017876 9.440035 -6.431118
 -1.005310 9.366588 -5.320998
 -0.992743 9.305723 -4.408216
 -0.980177 9.256065 -3.496438
 -0.967611 9.218630 -2.467137
 -0.955044 9.194722 -1.393529
 -0.942478 9.183412 -0.493079
 -0.929911 9.180861 -0.034868
 -0.917345 9.180656 -0.144061
 -0.904779 9.175495 -0.809687
 -0.892212 9.159091 -1.909560
 -0.879646 9.127415 -3.184958
 -0.867080 9.080329 -4.304398
 -0.854513 9.021996 -4.932650
 -0.841947 8.960033 -4.871130
 -0.829380 8.902829 -4.204809
 -0.816814 8.856405 -3.239657
 -0.804248 8.821388 -2.439504
 -0.791681 8.793406 -2.206248
 -0.779115 8.763886 -2.648524
 -0.766549 8.725538 -3.517907
 -0.753982 8.676598 -4.260145
 -0.741416 8.622174 -4.290923
 -0.728849 8.573474 -3.330977
 -0.716283 8.542947 -1.484009
 -0.703717 8.539205 0.870102
 -0.691150 8.565167 3.119774
 -0.678584 8.615979 4.771766
 -0.666018 8.682030 5.504674
 -0.653451 8.751672 5.398131
 -0.640885 8.816194 4.754414
 -0.628319 8.870778 3.828324
 -0.615752 8.912508 2.715049
 -0.603186 8.939119 1.392229
 -0.590619 8.948842 0.106601
 -0.578053 8.944722 -0.732812
 -0.565487 8.935119 -0.776299
 -0.552920 8.929728 -0.058873
 -0.540354 8.935265 0.819673
 -0.527788 8.949768 1.345434
 -0.515221 8.967520 1.349570
 -0.502655 8.983936 1.223345
 -0.490088 9.000814 1.477592
 -0.477522 9.024156 2.236823
 -0.464956 9.058353 3.107582
 -0.452389 9.101137 3.547167
 -0.439823 9.144918 3.227975
 -0.427257 9.181065 2.368265
 -0.414690 9.205680 1.503735
 -0.402124 9.221538 1.024781
 -0.389557 9.234130 0.963414
 -0.376991 9.247282 1.073871
 -0.364425 9.261662 1.122365
 -0.351858 9.276265 1.121994
 -0.339292 9.291645 1.274358
 -0.326726 9.310752 1.757839
 -0.314159 9.337520 2.433295
 -0.301593 9.372440 3.016300
 -0.289027 9.412112 3.121591
 -0.276460 9.449202 2.624102
 -0.263894 9.477019 1.656074
 -0.251327 9.491641 0.619361
 -0.238761 9.494360 -0.210985
 -0.226195 9.488528 -0.739716
 -0.213628 9.477197 -1.121008
 -0.201062 9.461020 -1.549794
 -0.188496 9.438389 -2.146563
 -0.175929 9.407255 -2.889425
 -0.163363 9.366212 -3.698613
 -0.150796 9.314949 -4.504447
 -0.138230 9.253712 -5.293588
 -0.125664 9.182428 -6.082864
 -0.113097 9.101570 -6.836581
 -0.100531 9.011943 -7.427862
 -0.087965 8.916668 -7.715440
 -0.075398 8.820372 -7.579997
 -0.062832 8.728662 -6.965176
 -0.050265 8.647420 -5.950414
 -0.037699 8.580103 -4.789628
 -0.025133 8.526498 -3.849681
 -0.012566 8.481192 -3.517445
 0.000000 8.435051 -3.995973
 0.012566 8.377943 -5.222727
 0.025133 8.302252 -6.875306
 0.037699 8.205814 -8.460084
 0.050265 8.092158 -9.554766
 0.062832 7.968990 -9.977161
 0.075398 7.843842 -9.920361
 0.087965 7.720527 -9.729386
 0.100531 7.598998 -9.675735
 0.113097 7.477329 -9.714904
 0.125664 7.355839 -9.596145
 0.138230 7.237643 -9.190511
 0.150796 7.125782 -8.632488
 0.163363 7.019899 -8.318037
 0.175929 6.914906 -8.484511
 0.188496 6.804872 -9.079532
 0.201062 6.686950 -9.680794
 0.213628 6.563554 -9.898389
 0.226195 6.440049 -9.727118
 0.238761 6.319651 -9.459994
 0.251327 6.201168 -9.477875
 0.263894 6.079897 -9.901952
 0.276460 5.951461 -10.575759
 0.289027 5.814540 -11.219190
 0.301593 5.671201 -11.543427
 0.314159 5.526428 -11.429228
 0.326726 5.386438 -10.762600
 0.339292 5.257983 -9.630803
 0.351858 5.145544 -8.278141
 0.364425 5.049196 -7.160917
 0.376991 4.962805 -6.782057
 0.389557 4.874792 -7.397822
 0.402124 4.773745 -8.788118
 0.414690 4.653749 -10.285007
 0.427257 4.518348 -11.140953
 0.439823 4.378694 -10.922607
 0.452389 4.248032 -9.750623
 0.464956 4.136039 -8.083462
 0.477522 4.044770 -6.543351
 0.490088 3.969375 -5.615764
 0.502655 3.900556 -5.509371
 0.515221 3.828275 -6.103258
 0.527788 3.746109 -7.017229
 0.540354 3.652524 -7.840853
 0.552920 3.551049 -8.236021
 0.565487 3.448491 -7.996994
 0.578053 3.352869 -7.163849
 0.590619 3.270306 -5.979414
 0.603186 3.202264 -4.969784
 0.615752 3.142625 -4.730630
 0.628319 3.078830 -5.650494
 0.640885 2.996577 -7.575504
 0.653451 2.887475 -9.807392
 0.666018 2.753250 -11.422802
 0.678584 2.605871 -11.849996
 0.691150 2.460864 -11.106169
 0.703717 2.330021 -9.671441
 0.716283 2.218733 -8.101067
 0.728849 2.126396 -6.648010
 0.741416 2.051639 -5.306123
 0.753982 1.993965 -3.887629
 0.766549 1.954427 -2.426882
 0.779115 1.932422 -1.172619
 0.791681 1.922923 -0.478483
 0.804248 1.917420 -0.563906
 0.816814 1.906585 -1.298881
 0.829380 1.884429 -2.276352
 0.841947 1.850748 -3.106468
 0.854513 1.809054 -3.495547
 0.867080 1.765594 -3.369606
 0.879646 1.727149 -2.722303
 0.892212 1.700328 -1.541905
 0.904779 1.691147 0.020519
 0.917345 1.701875 1.593516
 0.929911 1.729225 2.537274
 0.942478 1.762167 2.443482
 0.955044 1.787230 1.376795
 0.967611 1.796116 -0.010649
 0.980177 1.790263 -0.840768
 0.992743 1.780179 -0.655385
 1.005310 1.778360 0.384572
 1.017876 1.791938 1.720101
 1.030442 1.820818 2.694964
 1.043009 1.857972 3.008698
 1.055575 1.894938 2.694230
 1.068142 1.926097 2.201693
 1.080708 1.952213 1.948015
 1.093274 1.977987 2.164411
 1.105841 2.008545 2.638030
 1.118407 2.044784 2.981945
 1.130973 2.082846 2.904800
 1.143540 2.117532 2.505153
 1.156106 2.147511 2.243867
 1.168672 2.177887 2.649307
 1.181239 2.218660 3.878794
 1.193805 2.278515 5.609366
 1.206372 2.359771 7.170513
 1.218938 2.456589 7.971519
 1.231504 2.557308 7.786336
 1.244071 2.649889 6.730764
 1.256637 2.725474 5.147750
 1.269203 2.779767 3.404274
 1.281770 2.813225 1.912126
 1.294336 2.831951 1.134515
 1.306903 2.847731 1.478026
 1.319469 2.875794 3.038989
 1.332035 2.929549 5.524143
 1.344602 3.016419 8.165607
 1.357168 3.133127 10.176170
 1.369734 3.267978 10.924277
 1.382301 3.403566 10.349027
 1.394867 3.525061 8.780328
 1.407434 3.623744 6.819786
 1.420000 3.698724 5.105453
 1.432566 3.756535 4.162566
 1.445133 3.809272 4.320780
 1.457699 3.871208 5.590085
 1.470265 3.954287 7.531004
 1.482832 4.062240 9.446535
 1.495398 4.189533 10.547261
 1.507964 4.323249 10.392341
 1.520531 4.447895 9.231767
 1.533097 4.554477 7.630172
 1.545664 4.641751 6.222700
 1.558230 4.714536 5.346463
 1.570796 4.779423 4.963692
 1.583363 4.841293 4.770253
 1.595929 4.900624 4.495662
 1.608495 4.954627 3.916320
 1.621062 4.999360 3.053134
 1.633628 5.032719 2.200125
 1.646195 5.057317 1.710019
 1.658761 5.079736 1.869945
 1.671327 5.108156 2.630591
 1.683894 5.148282 3.686359
 1.696460 5.201399 4.627262
 1.709026 5.263966 5.173461
 1.721593 5.330477 5.250561
 1.734159 5.395941 5.062725
 1.746726 5.458801 4.889420
 1.759292 5.520499 4.902221
 1.771858 5.583397 5.027204
 1.784425 5.647229 4.992093
 1.796991 5.708201 4.510312
 1.809557 5.759709 3.508223
 1.822124 5.795961 2.135340
 1.834690 5.814335 0.717587
 1.847256 5.816459 -0.403575
 1.859823 5.807345 -1.008363
 1.872389 5.794274 -1.077612
 1.884956 5.783160 -0.710209
 1.897522 5.777813 -0.217706
 1.910088 5.777625 0.025184
 1.922655 5.777498 -0.196897
 1.935221 5.770937 -0.985452
 1.947787 5.751409 -2.234643
 1.960354 5.714559 -3.707063
 1.972920 5.659495 -5.068143
 1.985487 5.589490 -6.025732
 1.998053 5.510760 -6.458441
 2.010619 5.429646 -6.431937
 2.023186 5.350714 -6.154544
 2.035752 5.275841 -5.797735
 2.048318 5.205394 -5.466496
 2.060885 5.138651 -5.191839
 2.073451 5.074659 -5.056193
 2.086018 5.010858 -5.196604
 2.098584 4.942717 -5.743726
 2.111150 4.865169 -6.678399
 2.123717 4.774545 -7.790028
 2.136283 4.670519 -8.757182
 2.148849 4.556605 -9.339651
 2.161416 4.438313 -9.424064
 2.173982 4.322127 -9.014327
 2.186548 4.214086 -8.142385
 2.199115 4.119417 -6.901575
 2.211681 4.041475 -5.524703
 2.224248 3.980086 -4.342841
 2.236814 3.930108 -3.755565
 2.249380 3.881882 -4.109714
 2.261947 3.822388 -5.546042
 2.274513 3.739231 -7.811326
 2.287079 3.625315 -10.322839
 2.299646 3.482011 -12.379633
 2.312212 3.318174 -13.557641
 2.324779 3.145428 -13.834781
 2.337345 2.973637 -13.453294
 2.349911 2.809393 -12.652669
 2.362478 2.657129 -11.551088
 2.375044 2.520664 -10.148278
 2.387610 2.403428 -8.509753
 2.400177 2.307180 -6.843337
 2.412743 2.230529 -5.424742
 2.425310 2.168736 -4.520143
 2.437876 2.114409 -4.232018
 2.450442 2.060366 -4.472511
 2.463009 2.001044 -5.049077
 2.475575 1.932849 -5.858922
 2.488141 1.853225 -6.873559
 2.500708 1.759897 -8.023340
 2.513274 1.652434 -9.062828
 2.525840 1.534859 -9.572201
 2.538407 1.415808 -9.262180
 2.550973 1.305572 -8.228093
 2.563540 1.210782 -6.902766
 2.576106 1.131623 -5.791670
 2.588672 1.063734 -5.112830
 2.601239 1.002663 -4.645887
 2.613805 0.948640 -3.906438
 2.626371 0.907672 -2.544716
 2.638938 0.887756 -0.607412
 2.651504 0.893291 1.420376
 2.664071 0.921219 2.820199
 2.676637 0.959912 3.052134
 2.689203 0.993386 2.035248
 2.701770 1.008243 0.175083
 2.714336 0.998347 -1.768251
 2.726902 0.966961 -3.136798
 2.739469 0.924198 -3.567535
 2.752035 0.882601 -2.966304
 2.764602 0.854184 -1.504895
 2.777168 0.847909 0.465915
 2.789734 0.867516 2.572025
 2.802301 0.912401 4.442707
 2.814867 0.978122 5.874164
 2.827433 1.058727 6.837958
 2.840000 1.149178 7.423143
 2.852566 1.245728 7.844110
 2.865133 1.347045 8.197090
 2.877699 1.452202 8.402354
 2.890265 1.558337 8.291942
 2.902832 1.660226 7.743164
 2.915398 1.752642 6.811230
 2.927964 1.832834 5.868637
 2.940531 1.903755 5.425903
 2.953097 1.974222 5.812471
 2.965663 2.055005 7.063392
 2.978230 2.155254 8.846361
 2.990796 2.278713 10.642595
 3.003363 2.422421 12.008658
 3.015929 2.579413 12.773959
 3.028495 2.743224 13.138573
 3.041062 2.911364 13.533624
 3.053628 3.085795 14.152919
 3.066194 3.268417 14.682399
 3.078761 3.454578 14.686976
 3.091327 3.636143 13.958657
 3.103894 3.806852 13.114218
 3.116460 3.971815 13.194290
 3.129026 4.147549 14.876159
