#! FIELDS phi4 ffphi4 dffphi4_phi4
#! SET min_phi4 -pi
#! SET max_phi4 pi
#! SET nbins_phi4  100
#! SET periodic_phi4 true
 -3.141593 12.103978 -54.730412
 -3.078761 9.297670 -31.622181
 -3.015929 7.900700 -18.901117
 -2.953097 6.571507 -22.878153
 -2.890265 4.832037 -30.105115
 -2.827433 3.645212 -5.033179
 -2.764602 3.527848 -7.909933
 -2.701770 2.296573 -29.133636
 -2.638938 0.163950 -34.092223
 -2.576106 -1.189045 -4.272828
 -2.513274 -0.476469 17.048337
 -2.450442 -0.556637 -13.066179
 -2.387610 -0.443817 21.950909
 -2.324779 2.067600 51.061223
 -2.261947 4.400397 14.152578
 -2.199115 4.363114 -9.583512
 -2.136283 3.476046 -17.757409
 -2.073451 2.509278 -8.912084
 -2.010619 2.642212 11.981230
 -1.947787 3.375710 4.797789
 -1.884956 3.009635 -13.037515
 -1.822124 2.383786 -3.938223
 -1.759292 2.488617 6.360560
 -1.696460 3.064966 9.622465
 -1.633628 3.407767 -0.964953
 -1.570796 2.612900 -22.886387
 -1.507964 1.262830 -16.194071
 -1.445133 0.677508 -2.446891
 -1.382301 0.953640 9.780173
 -1.319469 1.398297 0.762991
 -1.256637 1.413644 5.504313
 -1.193805 2.298725 19.449534
 -1.130973 3.197289 7.344442
 -1.068142 3.877052 19.804580
 -1.005310 5.650888 31.017675
 -0.942478 7.354458 25.235454
 -0.879646 9.226768 35.841044
 -0.816814 11.801484 41.665480
 -0.753982 13.872721 22.491155
 -0.691150 14.911643 15.589539
 -0.628319 16.555907 39.406076
 -0.565487 19.724685 56.995770
 -0.502655 23.149834 47.811434
 -0.439823 25.370101 22.552189
 -0.376991 26.775049 27.099659
 -0.314159 28.825345 34.738354
 -0.251327 30.924703 32.551097
 -0.188496 32.930417 28.971672
 -0.125664 34.314473 14.637920
 -0.062832 35.083784 12.093821
 0.000000 35.778832 7.287611
 0.062832 35.791397 -6.811255
 0.125664 35.029867 -17.429209
 0.188496 33.563598 -27.941399
 0.251327 31.772168 -28.804535
 0.314159 29.707364 -39.112990
 0.376991 26.873184 -48.892317
 0.439823 23.784350 -48.927300
 0.502655 20.760179 -45.671513
 0.565487 18.366765 -29.800634
 0.628319 16.546288 -33.722604
 0.691150 14.182484 -36.982927
 0.753982 12.040440 -33.253130
 0.816814 9.945759 -30.868521
 0.879646 8.475066 -15.746838
 0.942478 7.700909 -11.002934
 1.005310 7.183521 -3.833219
 1.068142 7.183275 3.127647
 1.130973 7.706864 14.685492
 1.193805 8.898846 20.703520
 1.256637 10.243328 24.274012
 1.319469 12.262461 40.448724
 1.382301 15.102865 46.565805
 1.445133 17.981460 45.345664
 1.507964 21.056627 54.024553
 1.570796 24.950608 67.520596
 1.633628 29.293825 69.755525
 1.696460 34.087669 80.929153
 1.759292 39.078771 68.846257
 1.822124 43.082392 59.514886
 1.884956 46.899675 58.534653
 1.947787 50.458329 52.399128
 2.010619 53.496890 43.293642
 2.073451 55.969662 33.092399
 2.136283 57.501088 16.279619
 2.199115 58.292158 8.190424
 2.261947 58.328683 -7.705342
 2.324779 57.278972 -25.244338
 2.387610 55.389783 -34.255412
 2.450442 52.773951 -49.432854
 2.513274 49.489121 -52.869534
 2.576106 46.151150 -54.059907
 2.638938 42.692177 -55.920380
 2.701770 38.930709 -65.369764
 2.764602 34.675853 -66.887111
 2.827433 30.621787 -63.719117
 2.890265 26.500233 -66.587120
 2.953097 22.582129 -55.861765
 3.015929 19.361839 -51.150095
 3.078761 15.776491 -60.587425
