#! FIELDS phi3 ffphi3 dffphi3_phi3
#! SET min_phi3 -pi
#! SET max_phi3 pi
#! SET nbins_phi3  100
#! SET periodic_phi3 true
 -3.141593 22.024184 -52.371996
 -3.078761 18.841772 -47.872736
 -3.015929 15.832294 -49.726624
 -2.953097 12.937016 -37.749512
 -2.890265 11.274188 -17.014710
 -2.827433 10.232228 -21.618302
 -2.764602 8.562799 -27.279718
 -2.701770 6.978132 -23.820649
 -2.638938 5.607445 -18.823291
 -2.576106 4.733337 -8.812763
 -2.513274 4.297478 -7.032967
 -2.450442 3.977033 -0.342571
 -2.387610 4.293550 7.660952
 -2.324779 4.687437 5.054455
 -2.261947 4.787504 -6.101571
 -2.199115 3.673642 -24.546550
 -2.136283 2.651129 -3.323115
 -2.073451 3.179988 14.756516
 -2.010619 3.728100 -0.001176
 -1.947787 3.342498 -10.079343
 -1.884956 2.581257 -13.379699
 -1.822124 1.958631 -4.410608
 -1.759292 1.863090 -2.787486
 -1.696460 1.363371 -10.871648
 -1.633628 0.739503 -11.351369
 -1.570796 -0.619587 -29.724568
 -1.507964 -1.890608 -4.678172
 -1.445133 -1.543531 4.350366
 -1.382301 -1.761848 0.211169
 -1.319469 -0.592020 35.289152
 -1.256637 1.584408 24.302245
 -1.193805 2.302395 2.321465
 -1.130973 2.508362 8.602728
 -1.068142 3.445199 17.504441
 -1.005310 4.360759 13.815330
 -0.942478 5.638174 26.858369
 -0.879646 7.346352 24.550102
 -0.816814 8.879675 26.477442
 -0.753982 10.715304 30.687588
 -0.691150 12.626254 29.677748
 -0.628319 14.578798 33.108816
 -0.565487 16.696167 33.164010
 -0.502655 18.993122 42.249890
 -0.439823 21.998321 48.778362
 -0.376991 24.452380 26.019942
 -0.314159 25.453368 10.543850
 -0.251327 26.677983 33.295131
 -0.188496 29.598174 52.646319
 -0.125664 31.918211 17.020695
 -0.062832 32.627286 10.385728
 0.000000 33.243646 8.320043
 0.062832 33.578597 0.068119
 0.125664 33.104711 -14.354343
 0.188496 31.829940 -25.851310
 0.251327 30.031185 -29.794300
 0.314159 28.151050 -31.003585
 0.376991 25.991919 -37.843273
 0.439823 23.518351 -39.644108
 0.502655 21.075270 -37.997172
 0.565487 18.801139 -34.267515
 0.628319 16.642656 -35.177775
 0.691150 14.442877 -35.760012
 0.753982 11.850213 -44.708879
 0.816814 9.615093 -22.453732
 0.879646 8.844158 -6.832216
 0.942478 8.552773 -0.231021
 1.005310 8.871402 7.771022
 1.068142 9.002972 -7.822926
 1.130973 8.261482 -6.520187
 1.193805 8.980152 31.316946
 1.256637 11.983187 57.906922
 1.319469 15.253887 45.951398
 1.382301 18.477987 52.243712
 1.445133 20.527544 14.041957
 1.507964 22.068790 43.183917
 1.570796 26.163846 82.393571
 1.633628 30.663935 46.097965
 1.696460 33.346270 54.102663
 1.759292 38.082620 92.037333
 1.822124 43.566607 70.815599
 1.884956 47.479832 58.384586
 1.947787 51.266758 58.291759
 2.010619 54.725610 49.667942
 2.073451 57.512288 37.753100
 2.136283 59.497141 25.226110
 2.199115 60.762807 13.480575
 2.261947 61.098393 -1.219356
 2.324779 60.788235 -9.893622
 2.387610 59.597984 -28.339999
 2.450442 57.448945 -38.342746
 2.513274 54.823309 -45.293004
 2.576106 51.821237 -49.960625
 2.638938 48.531770 -54.024493
 2.701770 45.120366 -55.254966
 2.764602 41.502028 -58.806815
 2.827433 37.894277 -56.065966
 2.890265 34.419860 -53.833390
 2.953097 31.253877 -46.842689
 3.015929 28.354662 -47.165290
 3.078761 25.272966 -50.605262
