#! FIELDS phi4 ffphi4 dffphi4_phi4
#! SET min_phi4 -pi
#! SET max_phi4 pi
#! SET nbins_phi4  100
#! SET periodic_phi4 true
 -3.141593 15.089671 -76.775327
 -3.078761 10.448980 -62.851037
 -3.015929 7.824056 -19.676734
 -2.953097 7.590801 4.997962
 -2.890265 7.553657 -8.516188
 -2.827433 6.524483 -26.234342
 -2.764602 4.020806 -50.726756
 -2.701770 0.871599 -42.614181
 -2.638938 -0.605183 -1.523359
 -2.576106 0.504089 30.066212
 -2.513274 1.959592 12.516723
 -2.450442 2.542563 7.466813
 -2.387610 2.257849 -24.406543
 -2.324779 -0.008385 -33.292370
 -2.261947 -0.813126 9.777164
 -2.199115 0.885653 36.972644
 -2.136283 2.823910 20.802934
 -2.073451 3.455707 1.155889
 -2.010619 3.479452 1.776275
 -1.947787 3.566009 -2.874350
 -1.884956 2.867719 -15.774093
 -1.822124 2.155736 -5.405784
 -1.759292 2.023532 -2.301981
 -1.696460 1.515133 -12.419587
 -1.633628 0.871904 -6.835521
 -1.570796 0.652428 0.240924
 -1.507964 0.859311 3.712184
 -1.445133 0.811414 -4.611910
 -1.382301 0.643265 1.963591
 -1.319469 1.235514 16.767633
 -1.256637 2.487054 19.288848
 -1.193805 3.339282 8.394782
 -1.130973 3.903876 12.201317
 -1.068142 5.064210 24.702798
 -1.005310 6.801529 28.126736
 -0.942478 8.333094 16.793949
 -0.879646 8.856222 6.845230
 -0.816814 10.137322 36.655546
 -0.753982 13.164562 53.065276
 -0.691150 16.293332 47.105357
 -0.628319 19.123551 39.890091
 -0.565487 21.274385 30.444097
 -0.502655 23.349939 35.270687
 -0.439823 25.238597 21.509645
 -0.376991 26.648094 30.028994
 -0.314159 29.276859 49.877794
 -0.251327 31.983713 30.319986
 -0.188496 33.538027 24.300938
 -0.125664 35.182760 25.488366
 -0.062832 36.551236 17.160513
 0.000000 37.231348 3.234495
 0.062832 37.048017 -7.078692
 0.125664 36.237997 -22.076773
 0.188496 34.532104 -26.394868
 0.251327 32.810935 -37.003500
 0.314159 29.574397 -56.335473
 0.376991 26.813384 -29.022366
 0.439823 25.504577 -20.889199
 0.502655 23.435790 -44.220916
 0.565487 20.249860 -54.662847
 0.628319 16.973502 -47.861400
 0.691150 14.171354 -41.988042
 0.753982 11.881768 -28.326611
 0.816814 10.736482 -9.362972
 0.879646 10.316116 -7.981566
 0.942478 9.544003 -14.788290
 1.005310 8.796963 -6.481768
 1.068142 8.872139 7.768282
 1.130973 9.482860 9.942699
 1.193805 10.230115 16.727460
 1.256637 11.859964 34.635945
 1.319469 14.176617 35.044408
 1.382301 16.228362 32.511890
 1.445133 18.456822 38.473478
 1.507964 21.318616 54.834365
 1.570796 25.235144 62.734292
 1.633628 28.778596 54.273840
 1.696460 32.921676 77.936667
 1.759292 38.013906 74.768013
 1.822124 42.074634 53.864246
 1.884956 45.600803 57.444655
 1.947787 49.135717 51.673337
 2.010619 52.086118 42.056147
 2.073451 54.474450 32.556661
 2.136283 56.165991 20.983808
 2.199115 57.145921 9.242868
 2.261947 57.224320 -7.449483
 2.324779 56.212297 -23.584762
 2.387610 54.482951 -30.592552
 2.450442 52.328113 -38.215282
 2.513274 49.797410 -42.123778
 2.576106 46.696816 -58.842002
 2.638938 42.818219 -58.956365
 2.701770 39.519213 -48.801744
 2.764602 36.003619 -66.961886
 2.827433 31.424538 -72.236666
 2.890265 27.502518 -50.973371
 2.953097 24.933390 -33.722119
 3.015929 22.687398 -41.901976
 3.078761 19.444604 -61.025300
