#! FIELDS phi2 ffphi2 dffphi2_phi2
#! SET min_phi2 -pi
#! SET max_phi2 pi
#! SET nbins_phi2  100
#! SET periodic_phi2 true
 -3.141593 21.857560 -27.138926
 -3.078761 19.541933 -44.345502
 -3.015929 16.415220 -51.373025
 -2.953097 13.609021 -35.936550
 -2.890265 11.824315 -23.903913
 -2.827433 10.142179 -31.666524
 -2.764602 8.070670 -29.340380
 -2.701770 6.895164 -8.939485
 -2.638938 6.306052 -15.439129
 -2.576106 4.680125 -34.925033
 -2.513274 2.721778 -19.614382
 -2.450442 2.645607 15.460708
 -2.387610 3.791972 11.594928
 -2.324779 3.835353 -5.736599
 -2.261947 3.492134 -3.580141
 -2.199115 3.465004 2.115783
 -2.136283 3.621822 0.604762
 -2.073451 2.956201 -24.129564
 -2.010619 1.442961 -14.663876
 -1.947787 1.656878 20.434236
 -1.884956 3.164377 16.787870
 -1.822124 3.372443 -4.096637
 -1.759292 3.173750 -2.876458
 -1.696460 2.709323 -12.550514
 -1.633628 1.915667 -10.500756
 -1.570796 1.295915 -10.791640
 -1.507964 0.659490 -7.742058
 -1.445133 0.371181 -2.011651
 -1.382301 0.277726 -3.190145
 -1.319469 -0.288615 -13.462213
 -1.256637 -0.832129 -0.087867
 -1.193805 -0.307200 13.225822
 -1.130973 0.309932 4.510296
 -1.068142 0.442887 2.681107
 -1.005310 0.968356 15.176167
 -0.942478 2.207002 20.562468
 -0.879646 3.277280 15.248190
 -0.816814 4.483420 24.165841
 -0.753982 6.247386 28.680318
 -0.691150 7.026879 -16.544482
 -0.628319 4.579032 -41.803276
 -0.565487 3.339487 6.740965
 -0.502655 5.627132 66.333174
 -0.439823 11.505723 114.709984
 -0.376991 17.562369 12.226629
 -0.314159 18.526061 26.741036
 -0.251327 21.611092 72.621085
 -0.188496 26.529451 45.002740
 -0.125664 25.172954 -38.732941
 -0.062832 24.372462 15.042046
 0.000000 26.915040 60.393922
 0.062832 29.956736 16.415390
 0.125664 29.593844 -12.578109
 0.188496 29.221783 -2.260466
 0.251327 28.574476 -19.705289
 0.314159 27.273679 -17.683318
 0.376991 26.398114 -12.739283
 0.439823 25.383317 -19.561078
 0.502655 24.106502 -21.076428
 0.565487 22.578234 -26.872401
 0.628319 21.130676 -16.844307
 0.691150 20.360376 -10.409571
 0.753982 19.681357 -10.211576
 0.816814 19.178815 -5.909698
 0.879646 18.891597 -3.424029
 0.942478 18.802606 1.490379
 1.005310 19.133482 8.499640
 1.068142 19.779177 11.885496
 1.130973 20.727624 19.341432
 1.193805 22.254577 28.521222
 1.256637 24.223434 33.836728
 1.319469 26.551283 40.077806
 1.382301 29.230797 44.491628
 1.445133 32.277578 53.775305
 1.507964 36.191834 69.523816
 1.570796 40.866019 75.393981
 1.633628 46.474503 105.226760
 1.696460 54.968224 159.998832
 1.759292 inf nan
 1.822124 inf nan
 1.884956 inf nan
 1.947787 inf nan
 2.010619 inf nan
 2.073451 inf nan
 2.136283 inf nan
 2.199115 inf nan
 2.261947 inf nan
 2.324779 inf nan
 2.387610 inf nan
 2.450442 inf nan
 2.513274 inf nan
 2.576106 inf nan
 2.638938 inf nan
 2.701770 inf nan
 2.764602 62.325772 -193.060469
 2.827433 52.069779 -133.725034
 2.890265 41.956131 -166.585479
 2.953097 32.294436 -130.965501
 3.015929 25.916772 -71.783758
 3.078761 23.088087 -22.666671
