#! FIELDS phi2 ffphi2 dffphi2_phi2
#! SET min_phi2 -pi
#! SET max_phi2 pi
#! SET nbins_phi2  100
#! SET periodic_phi2 true
 -3.141593 16.517067 -46.416375
 -3.078761 13.746395 -41.980176
 -3.015929 11.238316 -37.615311
 -2.953097 9.045571 -32.209709
 -2.890265 7.171765 -27.522231
 -2.827433 5.601936 -22.224838
 -2.764602 4.370810 -17.372029
 -2.701770 3.382208 -14.045370
 -2.638938 2.622792 -10.334959
 -2.576106 2.030477 -8.546763
 -2.513274 1.609358 -4.663046
 -2.450442 1.391452 -2.712920
 -2.387610 1.288969 -0.235978
 -2.324779 1.354878 1.838727
 -2.261947 1.463550 1.472252
 -2.199115 1.571454 2.164088
 -2.136283 1.731414 2.736894
 -2.073451 1.922191 3.434354
 -2.010619 2.149994 3.365570
 -1.947787 2.327519 2.607287
 -1.884956 2.520317 3.226075
 -1.822124 2.652789 0.428848
 -1.759292 2.576542 -2.414347
 -1.696460 2.436829 -1.621764
 -1.633628 2.338508 -2.369228
 -1.570796 2.079517 -5.595860
 -1.507964 1.716654 -5.729075
 -1.445133 1.322267 -7.195011
 -1.382301 0.856471 -6.721420
 -1.319469 0.554470 -3.028451
 -1.256637 0.423447 -1.333212
 -1.193805 0.424365 1.657074
 -1.130973 0.635327 5.011372
 -1.068142 1.067457 8.610474
 -1.005310 1.696343 11.474550
 -0.942478 2.555427 15.929802
 -0.879646 3.687295 20.006166
 -0.816814 5.087681 24.341270
 -0.753982 6.712083 27.025226
 -0.691150 8.498639 29.678883
 -0.628319 10.436770 31.448142
 -0.565487 12.412307 30.923443
 -0.502655 14.352370 30.635719
 -0.439823 16.261042 29.781636
 -0.376991 18.135590 29.660487
 -0.314159 19.966092 27.962666
 -0.251327 21.629058 24.466345
 -0.188496 23.037693 20.261563
 -0.125664 24.208349 16.871281
 -0.062832 25.136580 12.137945
 0.000000 25.717756 6.408199
 0.062832 25.959342 1.038911
 0.125664 25.830507 -5.105961
 0.188496 25.345800 -10.210048
 0.251327 24.576637 -13.830691
 0.314159 23.665413 -15.133322
 0.376991 22.654166 -16.954104
 0.439823 21.581024 -17.020603
 0.502655 20.522623 -16.516636
 0.565487 19.525019 -15.242104
 0.628319 18.630943 -12.692656
 0.691150 17.974068 -8.403193
 0.753982 17.542346 -5.324693
 0.816814 17.316138 -1.940638
 0.879646 17.319308 2.458168
 0.942478 17.649170 7.697474
 1.005310 18.250089 11.518332
 1.068142 19.143834 17.035568
 1.130973 20.392394 22.633004
 1.193805 21.999606 28.337147
 1.256637 23.955448 33.821506
 1.319469 26.291313 40.545610
 1.382301 29.087730 47.934463
 1.445133 32.326135 54.515045
 1.507964 35.966834 59.907355
 1.570796 39.825929 60.699285
 1.633628 43.563009 55.492637
 1.696460 46.835800 47.532831
 1.759292 49.639626 40.716861
 1.822124 52.019344 34.781603
 1.884956 54.113913 32.258577
 1.947787 56.153239 32.054781
 2.010619 58.242109 36.318467
 2.073451 60.706762 36.286337
 2.136283 62.066290 7.828932
 2.199115 62.517979 11.469824
 2.261947 62.913086 -13.106690
 2.324779 60.826829 -42.113240
 2.387610 58.278990 -38.176178
 2.450442 55.864458 -41.542845
 2.513274 52.971251 -48.966005
 2.576106 49.718851 -55.673096
 2.638938 45.968591 -62.473340
 2.701770 42.031663 -62.075910
 2.764602 38.141273 -62.467019
 2.827433 34.157152 -63.642996
 2.890265 30.241684 -60.616078
 2.953097 26.529306 -57.764898
 3.015929 22.967556 -55.474352
 3.078761 19.595572 -51.528820
