#! FIELDS phi2 ffphi2 dffphi2_phi2
#! SET min_phi2 -pi
#! SET max_phi2 pi
#! SET nbins_phi2  100
#! SET periodic_phi2 true
 -3.141593 22.333943 -74.618141
 -3.078761 19.275040 -26.120866
 -3.015929 17.743350 -39.169251
 -2.953097 14.436242 -51.266778
 -2.890265 12.122043 -23.996608
 -2.827433 10.704090 -26.428346
 -2.764602 8.904561 -27.988323
 -2.701770 7.066217 -32.272341
 -2.638938 5.040075 -31.651257
 -2.576106 2.955251 -30.589813
 -2.513274 2.097365 7.195325
 -2.450442 3.650988 35.031049
 -2.387610 5.326872 12.525036
 -2.324779 5.041339 -22.398466
 -2.261947 1.997479 -74.927536
 -2.199115 -2.490494 -54.118289
 -2.136283 -4.111507 3.913652
 -2.073451 -1.974923 63.122410
 -2.010619 3.002902 74.419475
 -1.947787 5.150074 3.013595
 -1.884956 5.425097 5.063037
 -1.822124 5.728178 1.776380
 -1.759292 5.493683 -5.306692
 -1.696460 5.601700 9.114177
 -1.633628 6.199668 4.934139
 -1.570796 5.967693 -10.614881
 -1.507964 5.119155 -17.124750
 -1.445133 3.714360 -24.147152
 -1.382301 2.704914 -5.401944
 -1.319469 2.929038 8.931992
 -1.256637 3.453927 6.806472
 -1.193805 3.482179 -9.005166
 -1.130973 2.725605 -7.614554
 -1.068142 3.116663 19.679896
 -1.005310 4.342468 9.446855
 -0.942478 4.281547 -3.703979
 -0.879646 4.619282 17.211166
 -0.816814 6.537755 43.518110
 -0.753982 10.017775 65.454361
 -0.691150 14.308768 66.348372
 -0.628319 18.127854 47.944616
 -0.565487 20.275879 22.646853
 -0.502655 21.527182 22.580292
 -0.439823 23.723447 48.249151
 -0.376991 26.953885 39.362863
 -0.314159 27.181648 -17.350220
 -0.251327 26.957354 13.920096
 -0.188496 28.478276 24.954983
 -0.125664 29.280544 5.980310
 -0.062832 29.868853 -1.027980
 0.000000 26.733087 -72.042176
 0.062832 23.450921 -30.285260
 0.125664 22.480780 -6.481105
 0.188496 22.513123 12.671176
 0.251327 24.415714 41.083661
 0.314159 24.907962 -30.790865
 0.376991 23.035342 -23.576102
 0.439823 21.031513 -43.257812
 0.502655 18.739292 -23.151718
 0.565487 17.802942 -15.985273
 0.628319 15.756010 -48.528729
 0.691150 12.690144 -40.371517
 0.753982 11.159384 -9.872821
 0.816814 10.701184 -11.713616
 0.879646 9.793439 -10.050787
 0.942478 9.902108 11.618910
 1.005310 10.685842 9.861321
 1.068142 11.067747 3.498639
 1.130973 11.526852 14.810076
 1.193805 13.117485 34.310657
 1.256637 15.440927 36.918174
 1.319469 17.616049 29.136050
 1.382301 18.991340 22.436989
 1.445133 21.645354 67.025224
 1.507964 27.646461 122.671943
 1.570796 38.013151 67.268562
 1.633628 43.194309 101.408314
 1.696460 51.346359 154.000539
 1.759292 68.291876 107.845617
 1.822124 68.019841 -142.497308
 1.884956 60.415598 -91.579354
 1.947787 56.629571 -28.916222
 2.010619 56.782164 33.773380
 2.073451 60.873659 96.462981
 2.136283 68.904059 159.152583
 2.199115 inf nan
 2.261947 inf nan
 2.324779 inf nan
 2.387610 inf nan
 2.450442 inf nan
 2.513274 inf nan
 2.576106 inf nan
 2.638938 inf nan
 2.701770 81.180409 -228.369195
 2.764602 67.524061 -184.371538
 2.827433 57.230449 -142.569897
 2.890265 49.304286 -112.058182
 2.953097 42.921037 -91.348948
 3.015929 36.789754 -114.768850
 3.078761 28.692601 -125.073248
