#! FIELDS psi2 ffpsi2 dffpsi2_psi2
#! SET min_psi2 -pi
#! SET max_psi2 pi
#! SET nbins_psi2  100
#! SET periodic_psi2 true
 -3.141593 12.665340 23.011339
 -3.078761 14.222661 26.929572
 -3.015929 15.905388 24.731899
 -2.953097 17.326113 21.437786
 -2.890265 18.661650 20.385861
 -2.827433 19.878743 18.055572
 -2.764602 20.733313 6.663263
 -2.701770 20.513403 -14.151896
 -2.638938 19.294212 -20.789871
 -2.576106 18.031668 -21.744288
 -2.513274 16.404169 -27.082885
 -2.450442 15.033455 -16.715959
 -2.387610 13.970166 -19.504186
 -2.324779 12.579896 -22.943819
 -2.261947 11.319541 -16.593753
 -2.199115 10.292268 -19.229043
 -2.136283 8.826663 -23.775761
 -2.073451 7.753176 -10.325520
 -2.010619 7.163523 -10.754708
 -1.947787 6.568045 -5.835905
 -1.884956 6.420295 -0.891053
 -1.822124 6.205609 -7.620427
 -1.759292 5.447131 -14.685571
 -1.696460 4.487684 -16.623165
 -1.633628 3.473290 -12.153147
 -1.570796 3.302736 6.705981
 -1.507964 3.901716 7.375940
 -1.445133 3.981848 -3.405816
 -1.382301 3.638859 -7.869513
 -1.319469 3.119938 -5.057420
 -1.256637 3.269403 8.128346
 -1.193805 3.787135 7.600214
 -1.130973 4.416656 13.473487
 -1.068142 5.220532 8.070170
 -1.005310 5.388996 0.663000
 -0.942478 5.558420 4.179982
 -0.879646 5.691915 -2.166984
 -0.816814 5.342797 -4.665091
 -0.753982 5.711855 18.656049
 -0.691150 7.181694 15.487674
 -0.628319 6.697230 -20.233725
 -0.565487 6.174756 8.189162
 -0.502655 7.418305 22.346198
 -0.439823 8.083303 1.221960
 -0.376991 8.022397 -3.863906
 -0.314159 7.713250 -2.546070
 -0.251327 7.862226 5.151285
 -0.188496 7.920518 -5.737168
 -0.125664 7.371865 -8.874757
 -0.062832 6.628589 -15.955210
 0.000000 5.939214 -1.621097
 0.062832 6.369621 12.362488
 0.125664 7.251173 14.383381
 0.188496 7.977468 7.438997
 0.251327 8.065994 -5.705263
 0.314159 7.557207 -5.160911
 0.376991 7.716219 6.748939
 0.439823 7.507251 -15.546436
 0.502655 6.603046 -7.702728
 0.565487 6.516038 3.007187
 0.628319 6.999454 11.813594
 0.691150 7.441353 -2.794730
 0.753982 6.605643 -22.294083
 0.816814 4.970583 -24.371321
 0.879646 4.221351 2.979527
 0.942478 5.097295 19.028891
 1.005310 5.989005 8.309318
 1.068142 6.109099 -6.462332
 1.130973 5.163719 -18.996583
 1.193805 4.518261 2.312111
 1.256637 5.332937 18.251465
 1.319469 6.160617 6.157837
 1.382301 6.185883 -3.073682
 1.445133 6.137645 2.375685
 1.507964 6.353172 2.621239
 1.570796 6.185957 -9.807034
 1.633628 5.191260 -19.212148
 1.696460 4.140236 -11.971944
 1.759292 3.769838 -2.367348
 1.822124 3.231955 -15.578846
 1.884956 2.511490 -2.920925
 1.947787 2.641142 1.086686
 2.010619 2.316971 -8.827796
 2.073451 1.912555 -3.102007
 2.136283 1.740794 -4.958257
 2.199115 1.260144 -7.911031
 2.261947 0.995125 -0.780092
 2.324779 0.896986 -4.583713
 2.387610 0.316909 -13.413512
 2.450442 -0.420459 -6.148465
 2.513274 -0.231982 12.423621
 2.576106 1.124073 28.235045
 2.638938 2.503189 10.915740
 2.701770 3.193467 18.007627
 2.764602 4.815432 28.840802
 2.827433 6.348567 19.252327
 2.890265 7.401310 16.136691
 2.953097 8.546184 19.984798
 3.015929 9.863996 21.422890
 3.078761 11.230639 22.311061
