#! FIELDS phi2 ffphi2 dffphi2_phi2
#! SET min_phi2 -pi
#! SET max_phi2 pi
#! SET nbins_phi2  100
#! SET periodic_phi2 true
 -3.141593 16.459263 -46.492475
 -3.078761 13.721258 -40.650034
 -3.015929 11.294048 -37.039425
 -2.953097 9.089175 -32.786354
 -2.890265 7.157963 -28.919090
 -2.827433 5.493431 -23.518366
 -2.764602 4.220330 -17.243763
 -2.701770 3.298605 -12.269001
 -2.638938 2.637579 -9.274090
 -2.576106 2.092814 -8.011965
 -2.513274 1.687489 -4.485790
 -2.450442 1.472204 -3.541157
 -2.387610 1.220217 -3.497663
 -2.324779 1.110011 -0.107078
 -2.261947 1.215366 3.359109
 -2.199115 1.438668 2.976827
 -2.136283 1.595388 2.351076
 -2.073451 1.766038 3.054554
 -2.010619 1.967971 3.380056
 -1.947787 2.207836 3.970101
 -1.884956 2.398955 1.786382
 -1.822124 2.462467 0.433871
 -1.759292 2.455819 -0.752938
 -1.696460 2.375862 -1.664961
 -1.633628 2.245839 -2.817085
 -1.570796 2.003642 -4.689338
 -1.507964 1.705898 -4.657863
 -1.445133 1.393660 -5.538895
 -1.382301 1.031008 -5.568555
 -1.319469 0.735301 -3.863771
 -1.256637 0.540707 -2.180008
 -1.193805 0.503786 1.238194
 -1.130973 0.713104 5.448525
 -1.068142 1.183914 9.339562
 -1.005310 1.880810 12.880513
 -0.942478 2.825379 17.144343
 -0.879646 4.007931 20.131682
 -0.816814 5.374598 23.546836
 -0.753982 6.987270 27.463016
 -0.691150 8.792316 29.498585
 -0.628319 10.695435 30.678566
 -0.565487 12.613515 29.825200
 -0.502655 14.501885 30.614039
 -0.439823 16.469810 30.964164
 -0.376991 18.329420 27.936528
 -0.314159 20.040443 26.546355
 -0.251327 21.660226 24.438686
 -0.188496 23.106796 21.366971
 -0.125664 24.343104 17.578800
 -0.062832 25.260021 11.157876
 0.000000 25.797675 6.207220
 0.062832 26.005380 -0.116680
 0.125664 25.800690 -6.008217
 0.188496 25.295801 -9.954007
 0.251327 24.542010 -14.065644
 0.314159 23.572960 -16.485644
 0.376991 22.452316 -19.346040
 0.439823 21.195680 -20.059623
 0.502655 19.952048 -19.635685
 0.565487 18.739201 -18.764379
 0.628319 17.600421 -17.541290
 0.691150 16.555731 -15.339289
 0.753982 15.700401 -12.034501
 0.816814 15.028380 -9.183239
 0.879646 14.567359 -5.600870
 0.942478 14.329860 -1.488425
 1.005310 14.470689 6.469300
 1.068142 15.143590 14.485461
 1.130973 16.246461 20.450462
 1.193805 17.706109 25.741778
 1.256637 19.500878 31.613470
 1.319469 21.736404 39.665038
 1.382301 24.552279 49.645966
 1.445133 27.918307 55.974325
 1.507964 31.637746 61.864407
 1.570796 35.753787 66.810349
 1.633628 40.066364 68.339570
 1.696460 44.435486 67.820034
 1.759292 48.648924 62.908397
 1.822124 52.358049 52.906770
 1.884956 55.442032 44.256697
 1.947787 57.998571 36.128849
 2.010619 59.990917 27.027985
 2.073451 61.457251 18.730448
 2.136283 62.267376 6.925725
 2.199115 62.413918 -1.889865
 2.261947 61.961595 -13.826486
 2.324779 60.624844 -27.772423
 2.387610 58.616238 -35.810623
 2.450442 56.103258 -44.328385
 2.513274 53.067756 -51.863315
 2.576106 49.635341 -56.980789
 2.638938 45.945338 -60.267262
 2.701770 42.065238 -63.144595
 2.764602 38.059216 -63.696511
 2.827433 34.108941 -61.950572
 2.890265 30.262337 -60.602190
 2.953097 26.496348 -58.947965
 3.015929 22.893144 -55.551125
 3.078761 19.534033 -51.245188
