#! FIELDS phi2 ffphi2 dffphi2_phi2
#! SET min_phi2 -pi
#! SET max_phi2 pi
#! SET nbins_phi2  100
#! SET periodic_phi2 true
 -3.141593 16.515612 -46.805962
 -3.078761 13.745185 -41.211859
 -3.015929 11.326634 -36.043876
 -2.953097 9.193148 -32.012951
 -2.890265 7.272734 -29.054854
 -2.827433 5.624150 -22.856598
 -2.764602 4.368937 -17.647740
 -2.701770 3.405251 -12.838208
 -2.638938 2.723697 -9.425931
 -2.576106 2.174131 -8.081643
 -2.513274 1.769015 -4.168652
 -2.450442 1.627873 -1.555960
 -2.387610 1.486810 -2.331847
 -2.324779 1.410185 -0.281066
 -2.261947 1.469108 2.565564
 -2.199115 1.688554 3.454355
 -2.136283 1.850453 1.705984
 -2.073451 1.937453 1.494926
 -2.010619 2.083585 3.036212
 -1.947787 2.274586 2.667724
 -1.884956 2.401853 1.294553
 -1.822124 2.442441 0.035257
 -1.759292 2.422665 -0.689289
 -1.696460 2.337876 -2.115697
 -1.633628 2.176545 -2.986625
 -1.570796 1.937417 -4.896863
 -1.507964 1.589684 -5.633262
 -1.445133 1.266787 -4.868972
 -1.382301 0.930415 -5.980049
 -1.319469 0.566436 -5.019634
 -1.256637 0.357265 -1.413241
 -1.193805 0.386540 1.981108
 -1.130973 0.563891 3.669752
 -1.068142 0.921168 8.350499
 -1.005310 1.638417 14.137341
 -0.942478 2.658740 18.004630
 -0.879646 3.873073 20.352627
 -0.816814 5.228798 22.915302
 -0.753982 6.806189 27.432402
 -0.691150 8.651523 30.405248
 -0.628319 10.590144 31.017709
 -0.565487 12.542709 30.681332
 -0.502655 14.494447 31.390538
 -0.439823 16.428296 29.002076
 -0.376991 18.183834 27.656992
 -0.314159 19.957191 27.938123
 -0.251327 21.650423 25.837468
 -0.188496 23.209028 22.824940
 -0.125664 24.427583 15.697814
 -0.062832 25.245233 10.566806
 0.000000 25.776714 6.104233
 0.062832 25.985156 0.324577
 0.125664 25.826675 -5.369969
 0.188496 25.295205 -11.660268
 0.251327 24.433305 -14.773748
 0.314159 23.512017 -14.784518
 0.376991 22.494061 -17.877886
 0.439823 21.361941 -17.195051
 0.502655 20.337693 -16.043153
 0.565487 19.331355 -15.447168
 0.628319 18.447330 -12.696944
 0.691150 17.724923 -10.409815
 0.753982 17.144272 -7.835449
 0.816814 16.760845 -4.394234
 0.879646 16.601227 -0.612281
 0.942478 16.673022 2.797296
 1.005310 17.002533 8.386556
 1.068142 17.787853 16.479853
 1.130973 19.019504 22.230396
 1.193805 20.563398 26.791380
 1.256637 22.414707 32.299889
 1.319469 24.701025 40.746331
 1.382301 27.552197 49.092085
 1.445133 30.859382 55.492977
 1.507964 34.541527 60.239208
 1.570796 38.467506 63.009639
 1.633628 42.501399 63.136620
 1.696460 46.418921 58.905559
 1.759292 49.955554 52.098453
 1.822124 53.067354 45.814495
 1.884956 55.803193 40.769332
 1.947787 58.215758 34.620710
 2.010619 60.080958 24.009270
 2.073451 61.377396 18.717359
 2.136283 62.473576 13.208989
 2.199115 62.628821 -7.701974
 2.261947 61.882816 -15.499106
 2.324779 60.522445 -27.666966
 2.387610 58.555376 -34.744554
 2.450442 56.099813 -43.707990
 2.513274 53.082622 -51.687089
 2.576106 49.676949 -56.360694
 2.638938 46.033479 -59.390424
 2.701770 42.203829 -62.611149
 2.764602 38.185289 -64.764170
 2.827433 34.140662 -63.377869
 2.890265 30.256105 -60.350451
 2.953097 26.529933 -58.201034
 3.015929 22.964909 -55.192957
 3.078761 19.605919 -51.476107
