#! FIELDS phi3 ffphi3 dffphi3_phi3
#! SET min_phi3 -pi
#! SET max_phi3 pi
#! SET nbins_phi3  100
#! SET periodic_phi3 true
 -3.141593 21.125398 -54.572841
 -3.078761 17.981916 -46.053745
 -3.015929 15.274859 -40.179283
 -2.953097 12.941214 -34.204230
 -2.890265 10.952644 -29.128181
 -2.827433 9.281823 -24.408101
 -2.764602 7.830904 -21.384314
 -2.701770 6.696980 -14.969681
 -2.638938 5.779769 -15.026899
 -2.576106 4.883973 -12.627508
 -2.513274 4.193290 -10.113071
 -2.450442 3.534028 -10.793782
 -2.387610 2.927027 -7.736849
 -2.324779 2.591004 -3.660344
 -2.261947 2.340092 -4.788618
 -2.199115 2.020601 -4.782774
 -2.136283 1.859381 0.318457
 -2.073451 1.943914 -0.007226
 -2.010619 1.742409 -4.798986
 -1.947787 1.560036 -1.004637
 -1.884956 1.465393 -2.996178
 -1.822124 1.222026 -3.798885
 -1.759292 1.049338 -2.144428
 -1.696460 0.883576 -3.163042
 -1.633628 0.622635 -6.128405
 -1.570796 0.161210 -5.903545
 -1.507964 0.129568 3.868448
 -1.445133 0.246318 -2.496858
 -1.382301 -0.056885 -4.387482
 -1.319469 -0.067615 3.636978
 -1.256637 0.072285 -1.063962
 -1.193805 0.142191 7.663890
 -1.130973 1.077146 17.975404
 -1.068142 2.109394 17.630399
 -1.005310 3.617901 29.061926
 -0.942478 5.410906 26.059134
 -0.879646 6.854757 20.083307
 -0.816814 8.225194 25.987834
 -0.753982 10.239138 36.978173
 -0.691150 12.774644 42.953580
 -0.628319 15.345388 34.338404
 -0.565487 17.278655 32.980493
 -0.502655 19.984082 51.522240
 -0.439823 23.208386 47.165638
 -0.376991 26.037307 43.697824
 -0.314159 28.736305 39.650188
 -0.251327 31.073284 35.779781
 -0.188496 33.270666 32.581811
 -0.125664 35.217240 30.301503
 -0.062832 37.058217 26.457451
 0.000000 38.454238 17.668427
 0.062832 39.299086 9.265598
 0.125664 39.631516 1.018575
 0.188496 39.444225 -7.433363
 0.251327 38.562660 -20.584423
 0.314159 37.110423 -23.594736
 0.376991 35.564990 -27.992629
 0.439823 33.470291 -36.938431
 0.502655 31.087411 -39.183084
 0.565487 28.614981 -37.643703
 0.628319 26.448582 -32.386313
 0.691150 24.381962 -33.777391
 0.753982 22.304651 -31.078848
 0.816814 20.596953 -22.566576
 0.879646 19.430988 -16.462910
 0.942478 18.398402 -14.655065
 1.005310 17.795465 -5.407601
 1.068142 17.564139 -0.648989
 1.130973 18.088408 19.199946
 1.193805 19.844350 32.764337
 1.256637 21.726811 26.623177
 1.319469 23.561015 34.040632
 1.382301 26.011673 42.443822
 1.445133 28.894750 49.586577
 1.507964 32.298955 57.841559
 1.570796 36.165092 62.776865
 1.633628 40.174010 62.295310
 1.696460 44.139392 62.214280
 1.759292 48.135405 63.766461
 1.822124 52.304933 65.868843
 1.884956 56.385727 62.450918
 1.947787 60.303563 60.112053
 2.010619 64.125125 60.799705
 2.073451 67.709559 48.106265
 2.136283 70.269578 36.805972
 2.199115 72.560179 27.758724
 2.261947 73.351350 11.977975
 2.324779 75.588589 60.746853
 2.387610 76.488954 -85.814877
 2.450442 70.653126 -83.579774
 2.513274 65.788662 -75.198101
 2.576106 60.947586 -78.281954
 2.638938 56.033453 -78.160959
 2.701770 51.129593 -77.294644
 2.764602 46.335566 -75.689893
 2.827433 41.578149 -75.235705
 2.890265 36.975326 -70.988417
 2.953097 32.620824 -67.371601
 3.015929 28.591159 -61.038372
 3.078761 24.791676 -60.544491
