#! FIELDS phi3 ffphi3 dffphi3_phi3
#! SET min_phi3 -pi
#! SET max_phi3 pi
#! SET nbins_phi3  100
#! SET periodic_phi3 true
 -3.141593 21.517197 -54.644733
 -3.078761 18.297229 -47.377936
 -3.015929 15.560502 -39.936723
 -2.953097 13.217628 -35.441725
 -2.890265 11.094065 -31.082124
 -2.827433 9.416622 -22.850505
 -2.764602 8.053524 -21.251557
 -2.701770 6.821814 -17.092659
 -2.638938 5.903072 -12.775369
 -2.576106 5.147018 -11.600777
 -2.513274 4.477356 -9.184421
 -2.450442 3.971714 -7.765364
 -2.387610 3.458464 -8.205696
 -2.324779 2.994821 -6.481989
 -2.261947 2.620619 -5.550496
 -2.199115 2.342794 -2.772406
 -2.136283 2.275210 -0.056236
 -2.073451 2.248055 -1.094869
 -2.010619 2.145680 -2.195230
 -1.947787 1.963298 -3.620750
 -1.884956 1.739193 -3.063397
 -1.822124 1.548165 -3.839419
 -1.759292 1.246634 -5.079377
 -1.696460 0.975537 -3.594510
 -1.633628 0.751761 -4.215820
 -1.570796 0.395845 -6.489684
 -1.507964 0.054344 -4.670093
 -1.445133 -0.353999 -8.521218
 -1.382301 -0.719075 -0.622867
 -1.319469 -0.466735 6.696874
 -1.256637 0.030590 9.064523
 -1.193805 0.582194 8.110796
 -1.130973 1.198501 12.223241
 -1.068142 1.950255 9.352512
 -1.005310 2.474326 11.592303
 -0.942478 3.816015 30.210608
 -0.879646 5.779307 29.358988
 -0.816814 7.680465 32.942343
 -0.753982 9.948971 38.731142
 -0.691150 12.564484 43.739477
 -0.628319 15.372180 44.216468
 -0.565487 18.017753 39.481027
 -0.502655 20.555443 41.655054
 -0.439823 23.203495 41.498656
 -0.376991 25.817989 41.265375
 -0.314159 28.360591 38.304278
 -0.251327 30.667956 35.713949
 -0.188496 33.000050 37.710534
 -0.125664 35.271257 33.195950
 -0.062832 37.167664 26.868346
 0.000000 38.665086 20.504698
 0.062832 39.742074 13.365153
 0.125664 40.341741 5.069864
 0.188496 40.254684 -8.241988
 0.251327 39.421235 -17.076230
 0.314159 38.220470 -20.863569
 0.376991 36.746987 -26.632353
 0.439823 34.929500 -30.093089
 0.502655 33.019959 -30.874960
 0.565487 31.076222 -30.508105
 0.628319 29.175296 -30.392309
 0.691150 27.270202 -29.830242
 0.753982 25.507431 -25.351842
 0.816814 24.158739 -17.552956
 0.879646 23.255450 -12.028751
 0.942478 22.540104 -10.716070
 1.005310 22.081179 -2.125389
 1.068142 22.354516 9.936645
 1.130973 23.110403 12.747143
 1.193805 24.014919 17.466568
 1.256637 25.394163 25.967829
 1.319469 27.202176 31.018231
 1.382301 29.304988 36.028774
 1.445133 31.767142 41.931327
 1.507964 34.587929 47.408033
 1.570796 37.734536 51.803180
 1.633628 41.152550 56.438599
 1.696460 44.850201 58.836630
 1.759292 48.394230 51.646745
 1.822124 51.488480 47.043219
 1.884956 54.657897 55.419969
 1.947787 58.886262 82.366754
 2.010619 65.574082 130.724012
 2.073451 inf nan
 2.136283 inf nan
 2.199115 inf nan
 2.261947 inf nan
 2.324779 inf nan
 2.387610 80.127093 -213.693695
 2.450442 68.562517 -153.165880
 2.513274 60.772515 -95.839379
 2.576106 56.311568 -48.343114
 2.638938 54.324661 -21.028045
 2.701770 51.588981 -77.155108
 2.764602 46.374104 -78.956638
 2.827433 41.696835 -72.022783
 2.890265 37.194711 -71.082666
 2.953097 32.829584 -67.245507
 3.015929 28.786439 -61.460411
 3.078761 25.060681 -57.636044
