#! FIELDS psi3 ffpsi3 dffpsi3_psi3
#! SET min_psi3 -pi
#! SET max_psi3 pi
#! SET nbins_psi3  100
#! SET periodic_psi3 true
 -3.141593 7.745508 11.867138
 -3.078761 8.706824 19.034560
 -3.015929 10.052124 21.761006
 -2.953097 11.254982 16.915786
 -2.890265 12.439421 22.484860
 -2.827433 14.095756 28.508468
 -2.764602 15.848228 26.524095
 -2.701770 17.327559 19.396463
 -2.638938 18.413062 16.603556
 -2.576106 19.481661 17.216830
 -2.513274 20.644496 20.317659
 -2.450442 21.946165 18.985116
 -2.387610 22.960933 14.362157
 -2.324779 23.729211 7.954247
 -2.261947 23.946072 1.181648
 -2.199115 24.086407 3.513121
 -2.136283 24.405066 6.346466
 -2.073451 24.752497 3.685242
 -2.010619 24.858239 -0.165616
 -1.947787 24.720660 -4.402808
 -1.884956 24.317349 -8.610153
 -1.822124 23.595704 -13.437469
 -1.759292 22.974334 -4.889193
 -1.696460 22.470252 -17.758603
 -1.633628 21.034395 -19.554842
 -1.570796 20.621213 7.400508
 -1.507964 21.690594 20.054356
 -1.445133 22.102563 -9.065972
 -1.382301 21.002091 -23.448434
 -1.319469 19.225739 -32.876110
 -1.256637 16.998094 -37.190967
 -1.193805 14.704061 -32.844265
 -1.130973 13.159303 -17.229230
 -1.068142 12.143014 -17.441409
 -1.005310 10.939285 -20.962427
 -0.942478 9.432590 -26.593485
 -0.879646 7.860829 -21.843930
 -0.816814 6.501846 -23.645193
 -0.753982 5.183282 -14.131670
 -0.691150 4.667619 -7.035564
 -0.628319 3.966897 -13.863868
 -0.565487 3.120484 -12.724951
 -0.502655 2.378265 -10.840784
 -0.439823 1.733459 -9.701523
 -0.376991 1.302110 -2.766171
 -0.314159 1.246863 -2.255361
 -0.251327 0.879348 -7.443603
 -0.188496 0.527236 -3.722464
 -0.125664 0.212830 -8.580413
 -0.062832 -0.439040 -7.957829
 0.000000 -0.375556 10.201283
 0.062832 0.468441 12.398937
 0.125664 0.941054 2.480834
 0.188496 1.005839 3.160993
 0.251327 1.558520 13.075417
 0.314159 2.399381 12.370145
 0.376991 2.975923 4.899009
 0.439823 3.037008 -1.023847
 0.502655 3.252788 9.623200
 0.565487 4.086505 14.105536
 0.628319 4.789166 7.152541
 0.691150 4.858152 -6.304747
 0.753982 4.207601 -9.356854
 0.816814 4.173498 9.570923
 0.879646 5.346847 26.177396
 0.942478 7.069618 22.119941
 1.005310 7.485111 -5.672237
 1.068142 6.989260 -8.504734
 1.130973 6.639673 -1.456940
 1.193805 6.682313 1.360245
 1.256637 6.869016 6.284514
 1.319469 7.633029 18.234979
 1.382301 8.822876 12.859119
 1.445133 8.657821 -16.013905
 1.507964 7.491451 -16.724856
 1.570796 6.853236 -3.319732
 1.633628 6.940823 5.090729
 1.696460 7.336641 4.055354
 1.759292 7.076111 -10.916063
 1.822124 6.405160 -7.579336
 1.884956 6.365439 6.001795
 1.947787 6.777915 3.599105
 2.010619 6.771640 -1.843367
 2.073451 6.706712 -1.212977
 2.136283 6.355305 -10.648595
 2.199115 5.583294 -11.789225
 2.261947 5.017972 -6.096406
 2.324779 4.799588 -0.541233
 2.387610 5.012045 6.423533
 2.450442 5.218171 -2.704006
 2.513274 4.880804 -4.234285
 2.576106 4.810630 0.107761
 2.638938 4.744438 -1.540565
 2.701770 4.695603 -0.227815
 2.764602 4.775686 3.615703
 2.827433 5.098156 5.566927
 2.890265 5.490510 7.495548
 2.953097 5.987041 7.479448
 3.015929 6.480566 9.010771
 3.078761 7.096270 9.813062
