#! FIELDS phi4 ffphi4 dffphi4_phi4
#! SET min_phi4 -pi
#! SET max_phi4 pi
#! SET nbins_phi4  100
#! SET periodic_phi4 true
 -3.141593 13.035292 -46.937054
 -3.078761 10.266251 -41.842926
 -3.015929 7.809822 -35.409057
 -2.953097 5.758152 -32.058880
 -2.890265 3.715740 -30.230984
 -2.827433 2.261325 -16.734600
 -2.764602 1.293261 -14.820849
 -2.701770 0.705422 -1.724010
 -2.638938 0.872455 2.723215
 -2.576106 0.873802 -0.663733
 -2.513274 0.804347 -3.624449
 -2.450442 0.532618 -0.771516
 -2.387610 1.066627 17.066080
 -2.324779 2.184700 13.320064
 -2.261947 2.600614 3.710803
 -2.199115 3.068352 11.309785
 -2.136283 3.777275 8.821173
 -2.073451 4.052228 -0.044167
 -2.010619 3.860828 -4.064150
 -1.947787 3.765574 0.773434
 -1.884956 3.809667 0.002624
 -1.822124 3.748949 -2.333560
 -1.759292 3.517668 -4.541510
 -1.696460 3.179477 -6.637751
 -1.633628 2.702721 -8.515827
 -1.570796 2.028913 -12.697824
 -1.507964 1.291037 -10.932696
 -1.445133 0.496419 -12.104796
 -1.382301 0.383893 10.568791
 -1.319469 1.351465 13.856755
 -1.256637 2.059187 12.152028
 -1.193805 2.884221 8.197213
 -1.130973 1.766389 -42.677877
 -1.068142 -0.380374 -13.944350
 -1.005310 0.522849 43.076925
 -0.942478 4.728643 82.648716
 -0.879646 8.826310 38.630104
 -0.816814 10.861412 33.622707
 -0.753982 12.898980 25.199933
 -0.691150 14.249987 24.910040
 -0.628319 16.365583 38.276983
 -0.565487 18.453004 28.648846
 -0.502655 20.533850 39.429832
 -0.439823 23.206798 41.198234
 -0.376991 25.593912 36.086433
 -0.314159 27.890583 35.334786
 -0.251327 29.947749 30.189888
 -0.188496 31.846646 30.530141
 -0.125664 33.687953 25.899396
 -0.062832 34.985265 15.704386
 0.000000 35.773453 9.260702
 0.062832 36.068506 -0.771868
 0.125664 35.654023 -12.474830
 0.188496 34.501920 -23.899029
 0.251327 32.737741 -31.314785
 0.314159 30.644516 -35.689827
 0.376991 28.158154 -43.421842
 0.439823 25.353248 -44.008461
 0.502655 22.694621 -41.814820
 0.565487 19.959099 -44.871271
 0.628319 17.243512 -39.983685
 0.691150 14.966503 -33.986240
 0.753982 12.807659 -34.169439
 0.816814 10.895539 -24.971431
 0.879646 9.726808 -13.709293
 0.942478 8.866934 -14.697465
 1.005310 8.079991 -8.124245
 1.068142 7.889380 0.571454
 1.130973 8.071686 6.736624
 1.193805 8.973319 22.610267
 1.256637 10.832618 35.053346
 1.319469 13.215562 39.790152
 1.382301 15.872046 44.990371
 1.445133 18.955070 52.361164
 1.507964 22.459936 58.500064
 1.570796 26.355646 63.497988
 1.633628 30.446553 65.007447
 1.696460 34.716442 68.551747
 1.759292 39.050267 65.690371
 1.822124 43.077846 60.366507
 1.884956 46.795827 56.158402
 1.947787 50.162123 49.098359
 2.010619 52.992751 39.367844
 2.073451 55.117056 28.309704
 2.136283 56.631644 19.040183
 2.199115 57.499944 8.825922
 2.261947 57.653496 -6.500169
 2.324779 56.661744 -22.409567
 2.387610 55.079963 -28.030761
 2.450442 52.920392 -42.449416
 2.513274 49.803434 -55.003713
 2.576106 46.175946 -59.425583
 2.638938 42.449788 -58.678151
 2.701770 38.751131 -59.805018
 2.764602 34.919236 -61.911250
 2.827433 30.976356 -62.963155
 2.890265 27.053111 -62.665086
 2.953097 23.089801 -62.058869
 3.015929 19.421133 -54.275189
 3.078761 16.154278 -51.098247
