#! FIELDS psi3 ffpsi3 dffpsi3_psi3
#! SET min_psi3 -pi
#! SET max_psi3 pi
#! SET nbins_psi3  100
#! SET periodic_psi3 true
 -3.141593 8.572138 9.735233
 -3.078761 9.272154 16.293284
 -3.015929 10.559881 22.420959
 -2.953097 12.037821 23.302168
 -2.890265 13.190010 13.617713
 -2.827433 14.204489 22.669395
 -2.764602 16.498328 52.036721
 -2.701770 19.797143 29.300544
 -2.638938 19.896469 -3.361435
 -2.576106 20.014429 -2.455553
 -2.513274 19.467949 -2.092532
 -2.450442 20.858586 48.394807
 -2.387610 25.106696 74.256092
 -2.324779 27.929751 13.865262
 -2.261947 28.155091 -0.406689
 -2.199115 28.193929 2.183098
 -2.136283 28.513504 8.132077
 -2.073451 29.075414 8.586788
 -2.010619 29.708153 12.964947
 -1.947787 30.595232 12.497801
 -1.884956 31.208309 9.251614
 -1.822124 31.984429 14.848077
 -1.759292 32.819733 10.573945
 -1.696460 33.524325 14.105770
 -1.633628 34.693145 22.714965
 -1.570796 35.911265 4.121175
 -1.507964 33.813345 -64.394019
 -1.445133 29.177054 -79.522312
 -1.382301 24.368164 -65.254047
 -1.319469 21.619322 -23.881774
 -1.256637 19.627329 -57.507008
 -1.193805 15.525663 -57.258893
 -1.130973 13.098480 -20.061527
 -1.068142 12.465564 -11.523249
 -1.005310 10.348312 -49.252883
 -0.942478 7.657074 -32.129304
 -0.879646 6.282346 -13.833634
 -0.816814 5.607862 -10.211998
 -0.753982 4.752768 -16.765446
 -0.691150 3.818813 -11.207767
 -0.628319 3.192674 -11.017880
 -0.565487 2.326495 -16.062769
 -0.502655 1.386894 -11.903977
 -0.439823 0.854053 -6.604236
 -0.376991 0.438408 -6.137409
 -0.314159 0.162764 -3.130932
 -0.251327 -0.130482 -6.764755
 -0.188496 -0.492816 -2.734962
 -0.125664 -0.383231 5.790161
 -0.062832 0.122922 9.110764
 0.000000 0.643231 7.115658
 0.062832 1.098069 8.090463
 0.125664 1.631893 8.070631
 0.188496 2.092409 7.173887
 0.251327 2.675799 11.175134
 0.314159 3.197146 3.667749
 0.376991 3.390289 5.407302
 0.439823 3.996976 12.873734
 0.502655 4.766972 10.080459
 0.565487 5.296706 7.602732
 0.628319 5.757079 6.762474
 0.691150 6.098950 4.278635
 0.753982 6.445710 7.418357
 0.816814 6.902763 5.066324
 0.879646 7.039328 1.524440
 0.942478 7.318093 5.886666
 1.005310 7.569684 4.040027
 1.068142 8.037540 7.920445
 1.130973 8.172894 -1.679868
 1.193805 8.293625 7.416354
 1.256637 9.088164 14.256372
 1.319469 9.253523 -11.116329
 1.382301 8.410390 -10.634305
 1.445133 8.095570 1.118481
 1.507964 8.528254 9.685536
 1.570796 8.755474 -4.258747
 1.633628 8.213422 -10.599915
 1.696460 7.718977 -3.827239
 1.759292 7.527629 -5.223412
 1.822124 7.152375 -3.582238
 1.884956 7.069945 -3.205148
 1.947787 6.435076 -14.629047
 2.010619 5.703561 -5.984399
 2.073451 5.727934 4.480320
 2.136283 5.863149 -2.233344
 2.199115 5.590164 -3.098170
 2.261947 5.684032 3.678508
 2.324779 5.473143 -11.098581
 2.387610 4.881391 -4.360985
 2.450442 4.718806 -4.652055
 2.513274 4.270444 -6.729810
 2.576106 4.080765 0.174944
 2.638938 4.135893 0.798445
 2.701770 4.223057 2.733484
 2.764602 4.499405 5.696903
 2.827433 4.985526 10.412574
 2.890265 5.762427 12.820824
 2.953097 6.380236 5.583380
 3.015929 6.682248 7.839566
 3.078761 7.595524 19.253280
