#! FIELDS phi2 ffphi2 dffphi2_phi2
#! SET min_phi2 -pi
#! SET max_phi2 pi
#! SET nbins_phi2  100
#! SET periodic_phi2 true
 -3.141593 16.345567 -123.691488
 -3.078761 10.291525 -68.095902
 -3.015929 7.698239 -16.639034
 -2.953097 7.606072 6.194107
 -2.890265 7.916159 6.116071
 -2.827433 8.545610 8.676071
 -2.764602 8.231871 -17.951204
 -2.701770 6.828811 -24.582242
 -2.638938 5.103619 -30.792252
 -2.576106 3.265132 -23.479006
 -2.513274 2.502878 -0.456034
 -2.450442 3.018307 14.327898
 -2.387610 3.871142 8.187425
 -2.324779 3.765082 -8.183759
 -2.261947 3.396922 -3.215583
 -2.199115 3.015303 -10.473424
 -2.136283 2.365656 -6.576926
 -2.073451 2.381334 4.770307
 -2.010619 2.422517 -3.977384
 -1.947787 2.405826 5.962673
 -1.884956 2.738578 -2.666084
 -1.822124 2.160300 -7.130535
 -1.759292 2.331508 9.606567
 -1.696460 2.835319 4.900916
 -1.633628 2.899906 -3.426812
 -1.570796 2.529382 -5.995759
 -1.507964 2.385361 1.190273
 -1.445133 2.364443 -4.661436
 -1.382301 1.735645 -14.023898
 -1.319469 0.741823 -17.986586
 -1.256637 -0.565614 -22.846890
 -1.193805 -1.890095 -15.328112
 -1.130973 -1.909993 17.028692
 -1.068142 -0.026546 36.277253
 -1.005310 1.859096 21.885046
 -0.942478 2.896259 13.581096
 -0.879646 3.794917 14.373638
 -0.816814 4.893154 25.448164
 -0.753982 7.235177 41.798860
 -0.691150 8.353405 -3.959132
 -0.628319 8.701831 21.880748
 -0.565487 10.950685 43.659631
 -0.502655 13.212322 21.443877
 -0.439823 14.387663 29.164425
 -0.376991 17.748651 77.091250
 -0.314159 23.135483 69.034685
 -0.251327 23.545503 -29.792253
 -0.188496 22.542106 3.080923
 -0.125664 24.057746 43.334842
 -0.062832 27.074998 35.905835
 0.000000 27.109640 -23.931357
 0.062832 25.979260 -5.990764
 0.125664 26.311868 11.075286
 0.188496 26.657136 -2.669968
 0.251327 25.810423 -23.974240
 0.314159 24.322994 -18.891790
 0.376991 23.127898 -23.966122
 0.439823 21.462556 -24.977420
 0.502655 20.108360 -20.525918
 0.565487 18.550433 -29.425106
 0.628319 16.625580 -29.415284
 0.691150 15.081454 -19.147549
 0.753982 14.101849 -14.134970
 0.816814 13.115834 -16.962848
 0.879646 12.212630 -9.604027
 0.942478 12.010861 2.671301
 1.005310 12.433264 9.608667
 1.068142 13.080824 10.487149
 1.130973 13.823825 14.558469
 1.193805 15.140324 28.754415
 1.256637 17.429682 42.155939
 1.319469 20.214371 43.980198
 1.382301 22.223859 15.443628
 1.445133 23.419661 34.434433
 1.507964 27.263129 89.125360
 1.570796 34.462528 132.021639
 1.633628 42.429846 78.929171
 1.696460 49.258740 138.055216
 1.759292 69.811719 136.415768
 1.822124 inf nan
 1.884956 inf nan
 1.947787 inf nan
 2.010619 inf nan
 2.073451 inf nan
 2.136283 inf nan
 2.199115 inf nan
 2.261947 inf nan
 2.324779 inf nan
 2.387610 inf nan
 2.450442 inf nan
 2.513274 inf nan
 2.576106 inf nan
 2.638938 inf nan
 2.701770 78.828800 -248.860094
 2.764602 65.155554 -186.321668
 2.827433 54.496843 -154.519263
 2.890265 44.842247 -147.987743
 2.953097 36.762331 -105.329709
 3.015929 31.370064 -72.269435
 3.078761 25.026097 -134.579121
