#! FIELDS psi3 ffpsi3 dffpsi3_psi3
#! SET min_psi3 -pi
#! SET max_psi3 pi
#! SET nbins_psi3  100
#! SET periodic_psi3 true
 -3.141593 6.583860 13.616586
 -3.078761 7.627940 17.350067
 -3.015929 8.655694 14.486192
 -2.953097 9.498544 16.133720
 -2.890265 11.152414 36.112794
 -2.827433 13.485019 32.820874
 -2.764602 15.142042 20.471206
 -2.701770 16.352696 19.936585
 -2.638938 17.790148 24.610152
 -2.576106 19.208557 19.084158
 -2.513274 20.230562 14.489633
 -2.450442 21.142101 14.221222
 -2.387610 21.956490 11.358367
 -2.324779 22.601161 9.346091
 -2.261947 23.137028 7.614614
 -2.199115 23.586000 6.995877
 -2.136283 24.017728 5.635699
 -2.073451 24.178268 0.271975
 -2.010619 24.197561 -0.381161
 -1.947787 24.085335 -1.105781
 -1.884956 24.269996 5.769726
 -1.822124 24.480294 -0.957091
 -1.759292 24.173872 -7.029427
 -1.696460 23.837357 -3.315769
 -1.633628 23.614062 -4.751625
 -1.570796 23.209345 -8.365511
 -1.507964 22.611517 -10.162803
 -1.445133 21.811571 -17.508884
 -1.382301 20.272493 -30.432813
 -1.319469 18.244524 -32.580354
 -1.256637 16.223089 -32.131205
 -1.193805 14.298312 -27.166890
 -1.130973 12.808850 -23.148006
 -1.068142 11.253906 -23.459679
 -1.005310 10.143902 -12.845865
 -0.942478 9.223303 -18.658185
 -0.879646 8.164218 -10.974076
 -0.816814 7.449601 -22.573055
 -0.753982 5.004544 -43.874827
 -0.691150 3.188258 -10.213955
 -0.628319 3.547480 16.150449
 -0.565487 4.465650 10.795039
 -0.502655 4.841962 -2.525374
 -0.439823 4.043798 -16.278935
 -0.376991 3.341909 -9.091321
 -0.314159 2.329462 -20.697714
 -0.251327 1.465585 -4.040442
 -0.188496 1.876765 16.949849
 -0.125664 3.295803 21.292205
 -0.062832 3.735112 -6.402877
 0.000000 2.945902 -17.379595
 0.062832 1.789208 -15.445586
 0.125664 1.497976 7.313126
 0.188496 2.223466 7.198298
 0.251327 1.744618 -18.665979
 0.314159 0.557929 -16.921638
 0.376991 -0.132439 -2.041255
 0.439823 0.412254 16.702385
 0.502655 1.505041 15.653436
 0.565487 2.080964 0.487193
 0.628319 1.971038 2.580716
 0.691150 2.733494 18.624434
 0.753982 3.668475 9.720892
 0.816814 4.232110 8.298385
 0.879646 4.470577 -1.281703
 0.942478 4.272952 -3.080759
 1.005310 4.270951 4.191180
 1.068142 4.902702 15.409761
 1.130973 5.868175 11.988600
 1.193805 6.359994 4.787918
 1.256637 6.504932 -0.598375
 1.319469 6.320058 -3.838912
 1.382301 6.292346 4.213618
 1.445133 6.712810 5.695091
 1.507964 6.667418 -6.664528
 1.570796 6.152746 -8.306705
 1.633628 5.726629 -4.302245
 1.696460 5.616924 -1.027146
 1.759292 5.383791 -5.756195
 1.822124 5.144880 -0.615129
 1.884956 5.282441 3.625108
 1.947787 5.422403 -0.154151
 2.010619 5.250738 -4.442150
 2.073451 5.015242 -2.385345
 2.136283 4.912732 -1.872376
 2.199115 4.727121 -4.306915
 2.261947 4.184417 -13.501188
 2.324779 3.487515 -4.811492
 2.387610 3.533026 3.028523
 2.450442 3.505982 -5.022044
 2.513274 3.300852 3.055025
 2.576106 3.831300 8.600121
 2.638938 4.118376 3.273573
 2.701770 4.361608 2.036275
 2.764602 4.272103 -2.568315
 2.827433 4.340907 5.240435
 2.890265 4.842835 9.671908
 2.953097 5.360823 5.574210
 3.015929 5.703448 6.678152
 3.078761 6.071027 4.513410
