#! FIELDS psi1 ffpsi1 dffpsi1_psi1
#! SET min_psi1 -pi
#! SET max_psi1 pi
#! SET nbins_psi1  100
#! SET periodic_psi1 true
 -3.141593 14.557979 34.934816
 -3.078761 15.714286 -4.011813
 -3.015929 15.185288 -3.050668
 -2.953097 15.427763 4.116153
 -2.890265 14.968400 -16.648266
 -2.827433 13.920965 -15.159067
 -2.764602 13.062758 -11.902262
 -2.701770 12.427600 -9.010493
 -2.638938 11.839938 -9.938135
 -2.576106 11.294209 -6.120328
 -2.513274 10.988793 -6.343110
 -2.450442 10.307875 -13.931213
 -2.387610 9.549843 -8.801898
 -2.324779 9.164857 -4.249811
 -2.261947 8.945437 -4.092302
 -2.199115 8.506336 -8.742879
 -2.136283 8.181095 -0.115327
 -2.073451 8.334789 2.146169
 -2.010619 8.318528 -1.515338
 -1.947787 8.314943 2.013441
 -1.884956 8.559746 5.019394
 -1.822124 8.828858 3.206371
 -1.759292 9.150576 9.231725
 -1.696460 10.093007 19.861220
 -1.633628 11.534561 25.807914
 -1.570796 13.234261 25.073946
 -1.507964 14.228511 4.960140
 -1.445133 14.120481 -4.806953
 -1.382301 13.861935 -5.116539
 -1.319469 13.099302 -19.354062
 -1.256637 11.660545 -25.414042
 -1.193805 10.085016 -23.088340
 -1.130973 8.781786 -19.435992
 -1.068142 7.471503 -23.361818
 -1.005310 5.912625 -24.441416
 -0.942478 4.540086 -19.370666
 -0.879646 3.410997 -16.818799
 -0.816814 2.465958 -12.765703
 -0.753982 1.815680 -8.381103
 -0.691150 1.361988 -6.098993
 -0.628319 1.070123 -3.204453
 -0.565487 0.938422 -1.134047
 -0.502655 0.931928 0.943791
 -0.439823 1.056451 2.956673
 -0.376991 1.296075 4.556134
 -0.314159 1.647598 6.863425
 -0.251327 2.172980 9.710631
 -0.188496 2.851366 11.707743
 -0.125664 3.643169 13.392493
 -0.062832 4.514242 13.913316
 0.000000 5.363539 12.912188
 0.062832 6.136901 11.658594
 0.125664 6.842547 10.528839
 0.188496 7.359927 4.846904
 0.251327 7.464343 -0.647439
 0.314159 7.343410 -3.139791
 0.376991 7.074208 -5.845254
 0.439823 6.617803 -7.589392
 0.502655 6.229339 -5.156528
 0.565487 5.850799 -7.319636
 0.628319 5.363839 -7.771740
 0.691150 4.880812 -7.557358
 0.753982 4.454971 -5.642692
 0.816814 4.179688 -3.485815
 0.879646 3.987470 -2.271734
 0.942478 3.991499 2.744179
 1.005310 4.281889 5.804445
 1.068142 4.699063 7.652158
 1.130973 5.294037 11.708672
 1.193805 6.177448 15.492299
 1.256637 7.082169 12.675183
 1.319469 7.895362 14.416714
 1.382301 8.870516 15.086456
 1.445133 9.682526 10.751657
 1.507964 10.341303 10.820858
 1.570796 10.923110 6.499907
 1.633628 11.278206 6.393869
 1.696460 11.806177 9.140415
 1.759292 11.860051 -11.943402
 1.822124 10.640009 -22.009548
 1.884956 9.218650 -24.038541
 1.947787 7.614590 -26.838675
 2.010619 5.877674 -27.757775
 2.073451 4.248176 -23.393536
 2.136283 2.945354 -18.298839
 2.199115 1.956468 -13.108897
 2.261947 1.264759 -9.190039
 2.324779 0.817309 -4.808543
 2.387610 0.668829 0.022778
 2.450442 0.813914 4.425329
 2.513274 1.196288 7.543695
 2.576106 1.783825 11.387400
 2.638938 2.605600 14.116829
 2.701770 3.539987 15.970554
 2.764602 4.672898 20.014060
 2.827433 5.970300 20.073722
 2.890265 7.221097 21.246822
 2.953097 8.789981 27.938484
 3.015929 10.544634 27.117370
 3.078761 12.357005 31.829775
