#! FIELDS phi6 file.free der_phi6
#! SET min_phi6 -pi
#! SET max_phi6 pi
#! SET nbins_phi6  500
#! SET periodic_phi6 true
   -3.141592654   44.705167682    2.866347542
   -3.129026283   44.743081119    3.201324067
   -3.116459912   44.785499008    3.529299202
   -3.103893542   44.831910132    3.873957606
   -3.091327171   44.882592778    4.184303674
   -3.078760801   44.937220552    4.503584569
   -3.066194430   44.995703071    4.786048849
   -3.053628059   45.057720704    5.088008781
   -3.041061689   45.123191475    5.299619814
   -3.028495318   45.191206815    5.517871841
   -3.015928947   45.261681090    5.705501471
   -3.003362577   45.334501921    5.877316580
   -2.990796206   45.409190889    6.019803888
   -2.978229836   45.485596212    6.118401268
   -2.965663465   45.562863399    6.177270849
   -2.953097094   45.640833074    6.222821997
   -2.940530724   45.719103046    6.218386786
   -2.927964353   45.796973682    6.181350273
   -2.915397983   45.873954782    6.088901271
   -2.902831612   45.949818932    5.958654714
   -2.890265241   46.023788664    5.819267915
   -2.877698871   46.095874788    5.657340763
   -2.865132500   46.165913254    5.488583354
   -2.852566129   46.233423514    5.246420013
   -2.839999759   46.298007733    5.011257373
   -2.827433388   46.359469775    4.767786329
   -2.814867018   46.417802582    4.485830618
   -2.802300647   46.472355003    4.177468958
   -2.789734276   46.523142894    3.903915694
   -2.777167906   46.569701252    3.519363163
   -2.764601535   46.611720451    3.179319204
   -2.752035165   46.649640815    2.854798753
   -2.739468794   46.683424765    2.524264148
   -2.726902423   46.713298527    2.214852990
   -2.714336053   46.739118516    1.898963199
   -2.701769682   46.760806169    1.548169880
   -2.689203311   46.778145320    1.211315907
   -2.676636941   46.791079717    0.837363910
   -2.664070570   46.799542072    0.498610000
   -2.651504200   46.803610761    0.133146057
   -2.638937829   46.803185674   -0.198487574
   -2.626371458   46.798361506   -0.560300644
   -2.613805088   46.788949098   -0.942429527
   -2.601238717   46.774548366   -1.359148923
   -2.588672347   46.755124635   -1.729312631
   -2.576105976   46.730901031   -2.128381051
   -2.563539605   46.701503167   -2.555518282
   -2.550973235   46.666636818   -2.993568926
   -2.538406864   46.626264409   -3.463679493
   -2.525840493   46.579726341   -3.982235823
   -2.513274123   46.526521109   -4.493185934
   -2.500707752   46.466559075   -5.035800493
   -2.488141382   46.399576938   -5.656521176
   -2.475575011   46.324819692   -6.254754869
   -2.463008640   46.242208874   -6.883064146
   -2.450442270   46.151542569   -7.570017939
   -2.437875899   46.052526897   -8.208968940
   -2.425309529   45.944806194   -8.953273846
   -2.412743158   45.827681709   -9.707331678
   -2.400176787   45.701209121  -10.418435647
   -2.387610417   45.565375762  -11.201582838
   -2.375044046   45.419722231  -11.986883937
   -2.362477675   45.263912649  -12.816335624
   -2.349911305   45.097476328  -13.673146226
   -2.337344934   44.920367053  -14.551238411
   -2.324778564   44.731936117  -15.434973263
   -2.312212193   44.532399546  -16.315636212
   -2.299645822   44.321670435  -17.198949380
   -2.287079452   44.099664548  -18.128353733
   -2.274513081   43.866112760  -19.026540760
   -2.261946711   43.621403981  -19.906490135
   -2.249380340   43.365504433  -20.803839823
   -2.236813969   43.098564581  -21.713327074
   -2.224247599   42.820344986  -22.550941852
   -2.211681228   42.531880300  -23.353641901
   -2.199114858   42.233448827  -24.161664598
   -2.186548487   41.924826374  -24.952756117
   -2.173982116   41.606396274  -25.712620839
   -2.161415746   41.278041840  -26.552116801
   -2.148849375   40.939742346  -27.298593645
   -2.136283004   40.591793683  -28.053984935
   -2.123716634   40.234532476  -28.809557005
   -2.111150263   39.867840448  -29.536717644
   -2.098583893   39.492196324  -30.231518740
   -2.086017522   39.107698055  -30.947743793
   -2.073451151   38.714773723  -31.602021523
   -2.060884781   38.313801897  -32.216928892
   -2.048318410   37.904989136  -32.842822123
   -2.035752040   37.488216427  -33.509873755
   -2.023185669   37.063335735  -34.134342430
   -2.010619298   36.630018888  -34.831702890
   -1.998052928   36.188021522  -35.511662440
   -1.985486557   35.737624003  -36.176839419
   -1.972920186   35.278872309  -36.826463711
   -1.960353816   34.811937202  -37.507811802
   -1.947787445   34.336009067  -38.221265440
   -1.935221075   33.851080458  -38.963156064
   -1.922654704   33.356991262  -39.696042278
   -1.910088333   32.853271857  -40.465020799
   -1.897521963   32.340083041  -41.211175367
   -1.884955592   31.817020509  -42.028969530
   -1.872389222   31.283843577  -42.835920106
   -1.859822851   30.740704437  -43.633155482
   -1.847256480   30.187356297  -44.426458740
   -1.834690110   29.624057581  -45.253039795
   -1.822123739   29.050615943  -46.038222266
   -1.809557368   28.466332365  -46.897446987
   -1.796990998   27.872174034  -47.671473847
   -1.784424627   27.268253377  -48.428409979
   -1.771858257   26.655187270  -49.162508706
   -1.759291886   26.033046002  -49.859740953
   -1.746725515   25.402097156  -50.560859003
   -1.734159145   24.762761067  -51.194393244
   -1.721592774   24.115662948  -51.788499745
   -1.709026404   23.461360524  -52.354559573
   -1.696460033   22.800214255  -52.876358476
   -1.683893662   22.133333959  -53.259000921
   -1.671327292   21.461286608  -53.668288409
   -1.658760921   20.784857808  -53.972448812
   -1.646194550   20.105075527  -54.209240245
   -1.633628180   19.422796313  -54.351665876
   -1.621061809   18.739280057  -54.419043999
   -1.608495439   18.055273659  -54.433492876
   -1.595929068   17.371826399  -54.340320863
   -1.583362697   16.689729482  -54.207804892
   -1.570796327   16.009258507  -54.037451049
   -1.558229956   15.332186315  -53.704983817
   -1.545663586   14.659891350  -53.291459424
   -1.533097215   13.993448878  -52.797608209
   -1.520530844   13.333129698  -52.267250657
   -1.507964474   12.680169970  -51.636491783
   -1.495398103   12.035418865  -50.981569555
   -1.482831732   11.399421764  -50.234276403
   -1.470265362   10.773579598  -49.358855471
   -1.457698991   10.159160141  -48.431465520
   -1.445132621    9.556880151  -47.423693001
   -1.432566250    8.967151946  -46.421668073
   -1.419999879    8.390902026  -45.306345572
   -1.407433509    7.829014804  -44.111006532
   -1.394867138    7.282179944  -42.898326986
   -1.382300768    6.751060567  -41.616978876
   -1.369734397    6.236642760  -40.268886624
   -1.357168026    5.739137410  -38.912706613
   -1.344601656    5.259044734  -37.488773712
   -1.332035285    4.797155329  -36.014207754
   -1.319468915    4.354094168  -34.486093315
   -1.306902544    3.930433646  -32.933392337
   -1.294336173    3.526543293  -31.333299125
   -1.281769803    3.142863688  -29.714352899
   -1.269203432    2.779704926  -28.077119743
   -1.256637061    2.437538996  -26.379618181
   -1.244070691    2.116760573  -24.657736107
   -1.231504320    1.817507025  -22.966897322
   -1.218937950    1.540147309  -21.169433573
   -1.206371579    1.284948110  -19.460746910
   -1.193805208    1.051980264  -17.630341555
   -1.181238838    0.842134972  -15.777677089
   -1.168672467    0.655433205  -13.930208330
   -1.156106097    0.491880227  -12.099903929
   -1.143539726    0.351412354  -10.242068453
   -1.130973355    0.234275479   -8.421256420
   -1.118406985    0.140350845   -6.552625616
   -1.105840614    0.069973160   -4.662593247
   -1.093274243    0.023188469   -2.777899451
   -1.080707873    0.000000000   -0.919326390
   -1.068141502    0.000267458    0.945086224
   -1.055575132    0.023993018    2.829735462
   -1.043008761    0.071111449    4.650182437
   -1.030442390    0.141183016    6.505740027
   -1.017876020    0.234424725    8.306440418
   -1.005309649    0.350191236   10.145170745
   -0.992743279    0.489056119   11.961809749
   -0.980176908    0.651008750   13.809229385
   -0.967610537    0.835861171   15.609890974
   -0.955044167    1.043367606   17.429742925
   -0.942477796    1.273758670   19.246246895
   -0.929911425    1.526636186   20.999619460
   -0.917345055    1.801498700   22.758244724
   -0.904778684    2.098492151   24.523944084
   -0.892212314    2.417886183   26.292016445
   -0.879645943    2.759202875   28.049617723
   -0.867079572    3.122740106   29.824890081
   -0.854513202    3.508867402   31.624412067
   -0.841946831    3.917395291   33.398838304
   -0.829380461    4.347923944   35.132447619
   -0.816814090    4.800351372   36.875947463
   -0.804247719    5.274549717   38.601210111
   -0.791681349    5.770387565   40.335310136
   -0.779114978    6.288117232   42.071020335
   -0.766548607    6.827623059   43.800200219
   -0.753982237    7.388958698   45.540240973
   -0.741415866    7.971914916   47.249099889
   -0.728849496    8.576353764   48.943747713
   -0.716283125    9.201735255   50.578174885
   -0.703716754    9.847413217   52.199295408
   -0.691150384   10.513901173   53.864385146
   -0.678584013   11.200601068   55.453843941
   -0.666017643   11.907319044   56.998212736
   -0.653451272   12.632748850   58.479275411
   -0.640884901   13.376655245   59.931528011
   -0.628318531   14.138825054   61.365927393
   -0.615752160   14.918751714   62.734843603
   -0.603185789   15.715269471   64.029385736
   -0.590619419   16.527752469   65.260251415
   -0.578053048   17.355080206   66.411474170
   -0.565486678   18.196122170   67.448632815
   -0.552920307   19.050103131   68.443405635
   -0.540353936   19.915992437   69.326546275
   -0.527787566   20.792612116   70.172252212
   -0.515221195   21.678876514   70.859797186
   -0.502654825   22.573256676   71.473248330
   -0.490088454   23.474743710   71.987966239
   -0.477522083   24.382074536   72.406706218
   -0.464955713   25.293533387   72.635051633
   -0.452389342   26.207397806   72.800219393
   -0.439822972   27.122570883   72.842208373
   -0.427256601   28.037554577   72.753459677
   -0.414690230   28.950749404   72.565391668
   -0.402123860   29.860759320   72.242050906
   -0.389557489   30.765856049   71.786100760
   -0.376991118   31.664310987   71.186872547
   -0.364424748   32.554044388   70.426921198
   -0.351858377   33.433587449   69.527082082
   -0.339292007   34.301838874   68.637608228
   -0.326725636   35.157626568   67.571921096
   -0.314159265   35.999554704   66.401721067
   -0.301592895   36.826350237   65.172511736
   -0.289026524   37.637233614   63.853421779
   -0.276460154   38.430561307   62.411252774
   -0.263893783   39.205203381   60.871132478
   -0.251327412   39.960037820   59.227513701
   -0.238761042   40.693934435   57.556548457
   -0.226194671   41.406272367   55.788375195
   -0.213628300   42.096143420   53.996278610
   -0.201061930   42.763048196   52.146951347
   -0.188495559   43.406316192   50.218884104
   -0.175929189   44.025351895   48.305233739
   -0.163362818   44.619898681   46.321724243
   -0.150796447   45.189063164   44.284632456
   -0.138230077   45.732897893   42.249030563
   -0.125663706   46.251104114   40.215075764
   -0.113097336   46.743372490   38.157646198
   -0.100530965   47.209851316   36.089281976
   -0.087964594   47.650522785   34.055045033
   -0.075398224   48.065488650   31.974039238
   -0.062831853   48.454317073   29.907622379
   -0.050265482   48.817491470   27.854466905
   -0.037699112   49.154914403   25.830406830
   -0.025132741   49.467155425   23.853267717
   -0.012566371   49.754452296   21.869995646
    0.000000000   50.016990617   19.917068929
    0.012566371   50.255105315   17.942016033
    0.025132741   50.468338245   16.009130526
    0.037699112   50.657647515   14.111550478
    0.050265482   50.823446361   12.271728549
    0.062831853   50.965939194   10.420706707
    0.075398224   51.085439100    8.590391408
    0.087964594   51.182083544    6.780511549
    0.100530965   51.255896562    4.977677124
    0.113097336   51.307626741    3.260840559
    0.125663706   51.337297606    1.473457488
    0.138230077   51.344803697   -0.269852052
    0.150796447   51.330526986   -2.031590485
    0.163362818   51.294343931   -3.722803335
    0.175929189   51.237017198   -5.400631405
    0.188495559   51.158639893   -7.092254738
    0.201061930   51.059322930   -8.713834021
    0.213628300   50.939879776  -10.297023048
    0.226194671   50.800269138  -11.915265164
    0.238761042   50.640182231  -13.586770791
    0.251327412   50.459513609  -15.164444111
    0.263893783   50.258837186  -16.753568870
    0.276460154   50.038154680  -18.379837274
    0.289026524   49.797593940  -19.901154099
    0.301592895   49.538215588  -21.380531848
    0.314159265   49.260265666  -22.893545269
    0.326725636   48.963005197  -24.406990276
    0.339292007   48.647082184  -25.868497780
    0.351858377   48.313036911  -27.301643634
    0.364424748   47.961070768  -28.705034163
    0.376991118   47.591860035  -30.054946579
    0.389557489   47.205653208  -31.401667472
    0.402123860   46.802780173  -32.714541066
    0.414690230   46.383487330  -34.000069249
    0.427256601   45.948500676  -35.223705480
    0.439822972   45.498360592  -36.409525450
    0.452389342   45.033618845  -37.543425172
    0.464955713   44.554546659  -38.672849527
    0.477522083   44.062010305  -39.726358136
    0.490088454   43.556665108  -40.699531003
    0.502654825   43.039370769  -41.614086931
    0.515221195   42.510832165  -42.480265270
    0.527787566   41.972063321  -43.282045029
    0.540353936   41.423295270  -44.032437524
    0.552920307   40.865634778  -44.698794514
    0.565486678   40.300078029  -45.306114988
    0.578053048   39.727708213  -45.781836129
    0.590619419   39.149599870  -46.227914730
    0.603185789   38.566673691  -46.537748593
    0.615752160   37.980136245  -46.781727784
    0.628318531   37.391083307  -46.948214287
    0.640884901   36.800669695  -46.992303473
    0.653451272   36.210165012  -46.969765476
    0.666017643   35.620605567  -46.839687388
    0.678584013   35.032955193  -46.654161827
    0.691150384   34.448276469  -46.361136178
    0.703716754   33.868129917  -45.948782403
    0.716283125   33.293968128  -45.426814722
    0.728849496   32.726459480  -44.846174324
    0.741415866   32.167508571  -44.108268439
    0.753982237   31.617606174  -43.354800224
    0.766548607   31.077905212  -42.508361560
    0.779114978   30.549918823  -41.509502396
    0.791681349   30.034925811  -40.438362664
    0.804247719   29.533734845  -39.306811525
    0.816814090   29.047759384  -38.026070864
    0.829380461   28.578030104  -36.732560667
    0.841946831   28.124895098  -35.386078294
    0.854513202   27.689386286  -33.944763314
    0.867079572   27.272300593  -32.419570736
    0.879645943   26.874558474  -30.875833992
    0.892212314   26.496352916  -29.301602849
    0.904778684   26.138366172  -27.672028549
    0.917345055   25.801109329  -26.011513695
    0.929911425   25.484558112  -24.371264187
    0.942477796   25.188676934  -22.761494056
    0.955044167   24.912800535  -21.161423890
    0.967610537   24.657279038  -19.512450073
    0.980176908   24.422335434  -17.868725888
    0.992743279   24.207792804  -16.282316424
    1.005309649   24.013179146  -14.694201555
    1.017876020   23.838279702  -13.159715319
    1.030442390   23.682435886  -11.657407879
    1.043008761   23.545244843  -10.194673518
    1.055575132   23.425359309   -8.904993541
    1.068141502   23.322167314   -7.531109718
    1.080707873   23.235776731   -6.235049939
    1.093274243   23.165419466   -4.972672063
    1.105840614   23.110112041   -3.847888617
    1.118406985   23.068772176   -2.747994277
    1.130973355   23.040915737   -1.693921855
    1.143539726   23.026007828   -0.685904969
    1.156106097   23.023454802    0.243776104
    1.168672467   23.032382779    1.171261639
    1.181238838   23.052479564    2.020403305
    1.193805208   23.082925182    2.818332049
    1.206371579   23.123158582    3.583080779
    1.218937950   23.172559757    4.269321257
    1.231504320   23.229932333    4.887080520
    1.244070691   23.295302671    5.509820749
    1.256637061   23.368346765    6.109272580
    1.269203432   23.448812023    6.683822399
    1.281769803   23.536448715    7.242490138
    1.294336173   23.630965248    7.769864191
    1.306902544   23.731731911    8.258103562
    1.319468915   23.838513006    8.731628962
    1.332035285   23.951469845    9.249055658
    1.344601656   24.070638965    9.718473415
    1.357168026   24.195657882   10.168861356
    1.369734397   24.326476403   10.649740385
    1.382300768   24.463231289   11.120022995
    1.394867138   24.605994828   11.608864731
    1.407433509   24.754336766   12.030089894
    1.419999879   24.908372574   12.508433627
    1.432566250   25.068433661   12.994347705
    1.445132621   25.234826338   13.502202486
    1.457698991   25.407190778   13.964096012
    1.470265362   25.586129711   14.513034563
    1.482831732   25.771284429   14.980303940
    1.495398103   25.962439599   15.462012839
    1.507964474   26.159956646   15.972685730
    1.520530844   26.363768666   16.466488943
    1.533097215   26.574027058   16.991828551
    1.545663586   26.790351777   17.441888404
    1.558229956   27.012643340   17.932249440
    1.570796327   27.240725507   18.389518468
    1.583362697   27.474260277   18.803892804
    1.595929068   27.713351215   19.242119467
    1.608495439   27.957698257   19.612652078
    1.621061809   28.206780123   20.027484249
    1.633628180   28.460594139   20.381204351
    1.646194550   28.718715549   20.702524355
    1.658760921   28.980862234   21.002395378
    1.671327292   29.246261782   21.257389562
    1.683893662   29.515053527   21.515131698
    1.696460033   29.786574161   21.698655820
    1.709026404   30.060417352   21.892575754
    1.721592774   30.336657322   22.080965353
    1.734159145   30.614764960   22.178759023
    1.746725515   30.893966599   22.267762546
    1.759291886   31.174013687   22.319035211
    1.771858257   31.454795212   22.358497714
    1.784424627   31.735954425   22.382629835
    1.796990998   32.017500368   22.426085868
    1.809557368   32.299364470   22.429371902
    1.822123739   32.581460433   22.463054318
    1.834690110   32.863879587   22.475091217
    1.847256480   33.145953183   22.432108870
    1.859822851   33.427508501   22.384062801
    1.872389222   33.708797814   22.386491926
    1.884955592   33.990241622   22.399328226
    1.897521963   34.271446348   22.379211385
    1.910088333   34.552331029   22.347842684
    1.922654704   34.832626073   22.300011124
    1.935221075   35.113053243   22.334988643
    1.947787445   35.394045470   22.394533625
    1.960353816   35.675688573   22.434311922
    1.972920186   35.957927755   22.497796036
    1.985486557   36.241117880   22.574222905
    1.998052928   36.524561321   22.561514501
    2.010619298   36.808153557   22.588178129
    2.023185669   37.092320680   22.626309206
    2.035752040   37.376869634   22.670771434
    2.048318410   37.661733821   22.673107270
    2.060884781   37.946795375   22.710536823
    2.073451151   38.232379604   22.754163710
    2.086017522   38.518094118   22.703840134
    2.098583893   38.803172996   22.681624025
    2.111150263   39.088080699   22.674502751
    2.123716634   39.372707959   22.604643774
    2.136283004   39.656421394   22.557050098
    2.148849375   39.939244427   22.443011756
    2.161415746   40.220323977   22.280624509
    2.173982116   40.499275637   22.118252484
    2.186548487   40.775668836   21.862960216
    2.199114858   41.048856366   21.609690239
    2.211681228   41.318427624   21.296662635
    2.224247599   41.583552945   20.892748860
    2.236813969   41.843173158   20.441386582
    2.249380340   42.097047320   19.969771805
    2.261946711   42.344621550   19.431171983
    2.274513081   42.585227359   18.841704538
    2.287079452   42.817937860   18.214727694
    2.299645822   43.042696511   17.538703416
    2.312212193   43.258904452   16.846630400
    2.324778564   43.466257832   16.133174291
    2.337344934   43.664034533   15.350879803
    2.349911305   43.851852410   14.508076729
    2.362477675   44.028704175   13.636759609
    2.375044046   44.194860670   12.791160450
    2.387610417   44.350162899   11.920804617
    2.400176787   44.494391599   11.024829978
    2.412743158   44.627322490   10.138585728
    2.425309529   44.749137206    9.231294232
    2.437875899   44.859506155    8.325752584
    2.450442270   44.958451717    7.428555227
    2.463008640   45.046333771    6.574606283
    2.475575011   45.123687922    5.752519759
    2.488141382   45.190896040    4.934051278
    2.500707752   45.248058918    4.183356992
    2.513274123   45.295845055    3.394294419
    2.525840493   45.334081966    2.658338291
    2.538406864   45.363327968    2.008826681
    2.550973235   45.384845631    1.421422480
    2.563539605   45.399171620    0.873512909
    2.576105976   45.406701427    0.342062489
    2.588672347   45.408283738   -0.085800496
    2.601238717   45.404254268   -0.538326115
    2.613805088   45.395111678   -0.905270441
    2.626371458   45.381613247   -1.254539645
    2.638937829   45.364034318   -1.546629468
    2.651504200   45.342982484   -1.810530751
    2.664070570   45.318760587   -2.042709587
    2.676636941   45.291889050   -2.223219988
    2.689203311   45.262985867   -2.367037689
    2.701769682   45.232110449   -2.520637146
    2.714336053   45.199650258   -2.651807120
    2.726902423   45.165690520   -2.743918809
    2.739468794   45.131183621   -2.752554289
    2.752035165   45.096267125   -2.778715134
    2.764601535   45.061200704   -2.797477959
    2.777167906   45.026128232   -2.774352998
    2.789734276   44.991219529   -2.771055522
    2.802300647   44.956670863   -2.716106853
    2.814867018   44.922784104   -2.711623380
    2.827433388   44.889047041   -2.637261510
    2.839999759   44.856258523   -2.571219610
    2.852566129   44.824275886   -2.497004288
    2.865132500   44.793321508   -2.414352958
    2.877698871   44.763420558   -2.329263378
    2.890265241   44.734905270   -2.202158903
    2.902831612   44.707893595   -2.085405776
    2.915397983   44.682678616   -1.923325158
    2.927964353   44.659482110   -1.761626976
    2.940530724   44.638070454   -1.639036021
    2.953097094   44.618523783   -1.464303400
    2.965663465   44.601216689   -1.275007890
    2.978229836   44.586534395   -1.056333879
    2.990796206   44.574536765   -0.877606181
    3.003362577   44.564915094   -0.647919127
    3.015928947   44.558506194   -0.383441388
    3.028495318   44.555434995   -0.090136495
    3.041061689   44.555994835    0.193995833
    3.053628059   44.560322398    0.498929311
    3.066194430   44.568697772    0.824877153
    3.078760801   44.580842675    1.108763844
    3.091327171   44.596888161    1.463510256
    3.103893542   44.617535067    1.820707329
    3.116459912   44.642467513    2.127717613
    3.129026283   44.671574744    2.485502003
