#! FIELDS phi3 ffphi3 dffphi3_phi3
#! SET min_phi3 -pi
#! SET max_phi3 pi
#! SET nbins_phi3  100
#! SET periodic_phi3 true
 -3.141593 22.481965 -51.674868
 -3.078761 18.955845 -52.845104
 -3.015929 15.928808 -45.644503
 -2.953097 13.163341 -41.688022
 -2.890265 10.768225 -33.653422
 -2.827433 9.038407 -21.495411
 -2.764602 7.902321 -16.469707
 -2.701770 6.852475 -16.901678
 -2.638938 5.812857 -15.776837
 -2.576106 4.948134 -11.496889
 -2.513274 4.310578 -9.371725
 -2.450442 3.762519 -8.051384
 -2.387610 3.272354 -7.640641
 -2.324779 2.828650 -6.475461
 -2.261947 2.441981 -5.715837
 -2.199115 2.150193 -3.577906
 -2.136283 1.962871 -2.512261
 -2.073451 1.845409 -1.278770
 -2.010619 1.759259 -1.985362
 -1.947787 1.590852 -2.919592
 -1.884956 1.435649 -2.201903
 -1.822124 1.301106 -1.941200
 -1.759292 1.197510 -1.566958
 -1.696460 1.090625 -1.881928
 -1.633628 0.951006 -2.804090
 -1.570796 0.733774 -3.960582
 -1.507964 0.479756 -3.976218
 -1.445133 0.266853 -2.295837
 -1.382301 0.247628 1.018884
 -1.319469 0.160554 -4.618518
 -1.256637 -0.055908 -0.414626
 -1.193805 -0.193155 -7.348208
 -1.130973 -0.479181 6.141348
 -1.068142 0.991002 38.010168
 -1.005310 3.534854 38.570216
 -0.942478 5.956784 39.523259
 -0.879646 8.639254 45.516529
 -0.816814 11.522967 43.938168
 -0.753982 14.199853 41.544755
 -0.691150 17.020884 49.581374
 -0.628319 20.267233 46.714436
 -0.565487 22.627948 32.495896
 -0.502655 24.769499 34.976911
 -0.439823 27.528490 57.521024
 -0.376991 31.574409 53.306160
 -0.314159 34.023521 42.416329
 -0.251327 38.468255 100.647270
 -0.188496 46.761561 163.336872
 -0.125664 inf nan
 -0.062832 inf nan
 0.000000 inf nan
 0.062832 inf nan
 0.125664 inf nan
 0.188496 inf nan
 0.251327 inf nan
 0.314159 inf nan
 0.376991 inf nan
 0.439823 inf nan
 0.502655 inf nan
 0.565487 inf nan
 0.628319 inf nan
 0.691150 inf nan
 0.753982 inf nan
 0.816814 inf nan
 0.879646 inf nan
 0.942478 inf nan
 1.005310 inf nan
 1.068142 inf nan
 1.130973 inf nan
 1.193805 inf nan
 1.256637 inf nan
 1.319469 inf nan
 1.382301 inf nan
 1.445133 inf nan
 1.507964 inf nan
 1.570796 inf nan
 1.633628 inf nan
 1.696460 inf nan
 1.759292 inf nan
 1.822124 inf nan
 1.884956 inf nan
 1.947787 inf nan
 2.010619 inf nan
 2.073451 inf nan
 2.136283 inf nan
 2.199115 inf nan
 2.261947 inf nan
 2.324779 inf nan
 2.387610 inf nan
 2.450442 inf nan
 2.513274 inf nan
 2.576106 inf nan
 2.638938 inf nan
 2.701770 inf nan
 2.764602 inf nan
 2.827433 47.096050 -206.134329
 2.890265 36.104837 -143.726915
 2.953097 29.009711 -82.580177
 3.015929 25.562735 -30.077151
 3.078761 24.460997 -14.586684
