#! FIELDS psi4 file.free der_psi4
#! SET min_psi4 -pi
#! SET max_psi4 pi
#! SET nbins_psi4  500
#! SET periodic_psi4 true
   -3.141592654   62.157559549  -27.817973412
   -3.129026283   61.807688412  -27.807113803
   -3.116459912   61.458401307  -27.747644848
   -3.103893542   61.110874140  -27.535584280
   -3.091327171   60.766993703  -27.172303698
   -3.078760801   60.427612947  -26.859445546
   -3.066194430   60.091557916  -26.534840054
   -3.053628059   59.761029562  -26.052491757
   -3.041061689   59.436698468  -25.562728055
   -3.028495318   59.119146734  -24.936976817
   -3.015928947   58.810181796  -24.223661944
   -3.003362577   58.509847228  -23.543054658
   -2.990796206   58.218252968  -22.857523593
   -2.978229836   57.935146590  -22.228819593
   -2.965663465   57.660037741  -21.576301204
   -2.953097094   57.392905885  -20.947282122
   -2.940530724   57.133390403  -20.337395483
   -2.927964353   56.881346555  -19.794835209
   -2.915397983   56.636566575  -19.180799281
   -2.902831612   56.398438403  -18.706094510
   -2.890265241   56.166372341  -18.240324757
   -2.877698871   55.939518827  -17.835046408
   -2.865132500   55.717619278  -17.517185675
   -2.852566129   55.499231669  -17.272876119
   -2.839999759   55.283742130  -17.037806499
   -2.827433388   55.070941044  -16.863307026
   -2.814867018   54.860536650  -16.659300841
   -2.802300647   54.651500703  -16.667428986
   -2.789734276   54.442596621  -16.561328665
   -2.777167906   54.234497371  -16.579035492
   -2.764601535   54.025975117  -16.629338231
   -2.752035165   53.816141998  -16.767494691
   -2.739468794   53.604624922  -16.884023900
   -2.726902423   53.391225133  -17.069735558
   -2.714336053   53.176081886  -17.189000713
   -2.701769682   52.958635757  -17.435886317
   -2.689203311   52.738143111  -17.656002222
   -2.676636941   52.514552172  -17.938996288
   -2.664070570   52.287494316  -18.203192415
   -2.651504200   52.057060962  -18.498629314
   -2.638937829   51.823121377  -18.734681792
   -2.626371458   51.585719971  -19.017787556
   -2.613805088   51.344570314  -19.311860428
   -2.601238717   51.100331975  -19.549328199
   -2.588672347   50.853217811  -19.804151652
   -2.576105976   50.603219812  -19.963872315
   -2.563539605   50.350826353  -20.195607514
   -2.550973235   50.095967969  -20.336843729
   -2.538406864   49.839596245  -20.445094765
   -2.525840493   49.582002124  -20.558749038
   -2.513274123   49.323359622  -20.605752231
   -2.500707752   49.064793074  -20.551782751
   -2.488141382   48.807177890  -20.445367179
   -2.475575011   48.551467550  -20.284632699
   -2.463008640   48.298103591  -20.041873207
   -2.450442270   48.048277857  -19.702384317
   -2.437875899   47.802634704  -19.352554982
   -2.425309529   47.561776999  -18.954791298
   -2.412743158   47.326835023  -18.425440039
   -2.400176787   47.098926698  -17.856039632
   -2.387610417   46.878788529  -17.164265583
   -2.375044046   46.667261948  -16.499233552
   -2.362477675   46.464544420  -15.751287078
   -2.349911305   46.271766757  -14.933037468
   -2.337344934   46.089090394  -14.144339038
   -2.324778564   45.916981027  -13.226332136
   -2.312212193   45.756569278  -12.324178948
   -2.299645822   45.607352919  -11.439365301
   -2.287079452   45.469156573  -10.554560087
   -2.274513081   45.342095837   -9.699123903
   -2.261946711   45.225734869   -8.814120767
   -2.249380340   45.120111335   -8.038381763
   -2.236813969   45.024207989   -7.256135763
   -2.224247599   44.937099416   -6.622483501
   -2.211681228   44.858070178   -5.999108659
   -2.199114858   44.786049561   -5.482757162
   -2.186548487   44.720185608   -4.998579623
   -2.173982116   44.659743760   -4.649967047
   -2.161415746   44.603426200   -4.324871641
   -2.148849375   44.549756487   -4.233241833
   -2.136283004   44.497377086   -4.083411556
   -2.123716634   44.446349255   -4.058746852
   -2.111150263   44.394547293   -4.177057072
   -2.098583893   44.341108390   -4.356931640
   -2.086017522   44.284790304   -4.592442622
   -2.073451151   44.225263965   -4.870358849
   -2.060884781   44.161827565   -5.184079297
   -2.048318410   44.094742265   -5.493316327
   -2.035752040   44.023132433   -5.882488820
   -2.023185669   43.947234965   -6.206194357
   -2.010619298   43.867119897   -6.525005727
   -1.998052928   43.782662612   -6.863923745
   -1.985486557   43.695015105   -7.136852689
   -1.972920186   43.603977556   -7.324492383
   -1.960353816   43.510881799   -7.453342152
   -1.947787445   43.416647841   -7.560727137
   -1.935221075   43.321232429   -7.665832180
   -1.922654704   43.224718136   -7.633086301
   -1.910088333   43.130146816   -7.405692940
   -1.897521963   43.038863720   -7.086866346
   -1.884955592   42.951737332   -6.782012312
   -1.872389222   42.868268962   -6.469006431
   -1.859822851   42.789943390   -6.020777202
   -1.847256480   42.717061448   -5.543582604
   -1.834690110   42.651069210   -4.987287427
   -1.822123739   42.592347123   -4.392629993
   -1.809557368   42.540884044   -3.780571857
   -1.796990998   42.496558465   -3.276607632
   -1.784424627   42.458695913   -2.756826567
   -1.771858257   42.426606043   -2.338400488
   -1.759291886   42.399801256   -1.980868915
   -1.746725515   42.376723620   -1.715142492
   -1.734159145   42.355537261   -1.677118666
   -1.721592774   42.334679816   -1.711493218
   -1.709026404   42.311346506   -2.008593735
   -1.696460033   42.283476038   -2.464473929
   -1.683893662   42.248151632   -3.185090118
   -1.671327292   42.202449885   -4.154677460
   -1.658760921   42.142290587   -5.446804257
   -1.646194550   42.064747670   -6.958175424
   -1.633628180   41.966117617   -8.792887623
   -1.621061809   41.842000173  -10.981995334
   -1.608495439   41.689148805  -13.371982548
   -1.595929068   41.504326410  -16.107510282
   -1.583362697   41.283642112  -19.076889591
   -1.570796327   41.023467301  -22.347036555
   -1.558229956   40.720941351  -25.834087442
   -1.545663586   40.373755836  -29.461047229
   -1.533097215   39.979346014  -33.344908884
   -1.520530844   39.535333772  -37.338259198
   -1.507964474   39.040057989  -41.440525318
   -1.495398103   38.493495502  -45.560410755
   -1.482831732   37.893883398  -49.874746138
   -1.470265362   37.241002013  -54.050057456
   -1.457698991   36.535756489  -58.162785703
   -1.445132621   35.779491636  -62.170044771
   -1.432566250   34.973340977  -66.096232934
   -1.419999879   34.119310408  -69.802854043
   -1.407433509   33.220011668  -73.262768682
   -1.394867138   32.278867992  -76.470584605
   -1.382300768   31.299258625  -79.408716798
   -1.369734397   30.283656707  -82.177526915
   -1.357168026   29.236018119  -84.525532508
   -1.344601656   28.160830028  -86.543709314
   -1.332035285   27.062883628  -88.143047321
   -1.319468915   25.947743259  -89.293589337
   -1.306902544   24.819133011  -90.287650032
   -1.294336173   23.680783444  -90.798813786
   -1.281769803   22.537648606  -91.021705342
   -1.269203432   21.394852621  -90.772659043
   -1.256637061   20.257743941  -90.144204148
   -1.244070691   19.130718356  -89.185735602
   -1.231504320   18.017616484  -87.907219323
   -1.218937950   16.922465954  -86.358892232
   -1.206371579   15.848482438  -84.522911979
   -1.193805208   14.799087570  -82.429931556
   -1.181238838   13.777687674  -80.123097287
   -1.168672467   12.786563339  -77.574140801
   -1.156106097   11.828643965  -74.850530607
   -1.143539726   10.906071763  -71.983224778
   -1.130973355   10.019901616  -69.061960728
   -1.118406985    9.170735167  -66.108796203
   -1.105840614    8.359313182  -63.048132672
   -1.093274243    7.586758982  -59.876728752
   -1.080707873    6.853651863  -56.755666291
   -1.068141502    6.160191885  -53.596857683
   -1.055575132    5.506469750  -50.460646936
   -1.043008761    4.891753167  -47.362693627
   -1.030442390    4.315938776  -44.272347155
   -1.017876020    3.779366637  -41.131057016
   -1.005309649    3.281080285  -38.181569044
   -0.992743279    2.820326406  -35.177128758
   -0.980176908    2.396664022  -32.271275341
   -0.967610537    2.009587034  -29.347459754
   -0.955044167    1.658234278  -26.582523356
   -0.942477796    1.342050810  -23.746000492
   -0.929911425    1.060833764  -20.996054688
   -0.917345055    0.813652820  -18.332858283
   -0.904778684    0.600024781  -15.667701243
   -0.892212314    0.419746474  -13.042920289
   -0.879645943    0.271435925  -10.528779138
   -0.867079572    0.155344140   -7.972813377
   -0.854513202    0.071315064   -5.416009608
   -0.841946831    0.019611909   -2.828011574
   -0.829380461    0.000000000   -0.296507163
   -0.816814090    0.012350139    2.213396985
   -0.804247719    0.056277361    4.773478111
   -0.791681349    0.131215065    7.200609264
   -0.779114978    0.236793348    9.619547227
   -0.766548607    0.372648273   12.016931858
   -0.753982237    0.539111762   14.450420146
   -0.741415866    0.735382325   16.820686431
   -0.728849496    0.961903530   19.210434215
   -0.716283125    1.217784608   21.508210871
   -0.703716754    1.502339901   23.776021725
   -0.691150384    1.815093398   25.996805093
   -0.678584013    2.155229701   28.122245251
   -0.666017643    2.521929889   30.200832657
   -0.653451272    2.913777617   32.164422364
   -0.640884901    3.329459131   34.034186216
   -0.628318531    3.768154253   35.761464129
   -0.615752160    4.228095656   37.422401276
   -0.603185789    4.707924333   38.939453039
   -0.590619419    5.205851815   40.310669562
   -0.578053048    5.720382812   41.559067955
   -0.565486678    6.249228041   42.595194655
   -0.552920307    6.790354212   43.518041826
   -0.540353936    7.342412526   44.303663847
   -0.527787566    7.903131276   44.901079071
   -0.515221195    8.470447943   45.375883403
   -0.502654825    9.042822646   45.713134435
   -0.490088454    9.618094544   45.843795950
   -0.477522083   10.193943142   45.804353584
   -0.464955713   10.769069122   45.690958029
   -0.452389342   11.341416221   45.398770401
   -0.439822972   11.909898640   45.036850167
   -0.427256601   12.473534953   44.650050305
   -0.414690230   13.031409061   44.140685668
   -0.402123860   13.582842731   43.620948383
   -0.389557489   14.127502058   43.021446209
   -0.376991118   14.663778371   42.374504432
   -0.364424748   15.192896186   41.800254307
   -0.351858377   15.714244416   41.157914011
   -0.339292007   16.227355912   40.499174867
   -0.326725636   16.732505652   39.916726891
   -0.314159265   17.230612340   39.361002577
   -0.301592895   17.721966543   38.829655478
   -0.289026524   18.206694677   38.371254411
   -0.276460154   18.686182531   37.919423238
   -0.263893783   19.160257276   37.530305542
   -0.251327412   19.630033966   37.243662720
   -0.238761042   20.096541139   36.976506092
   -0.226194671   20.560038506   36.808591819
   -0.213628300   21.021638396   36.641541041
   -0.201061930   21.481604419   36.563617747
   -0.188495559   21.940474260   36.506036117
   -0.175929189   22.398877674   36.470998403
   -0.163362818   22.857243572   36.459070674
   -0.150796447   23.315914479   36.524671601
   -0.138230077   23.775665243   36.617178338
   -0.125663706   24.236550522   36.721787199
   -0.113097336   24.697519326   36.625107571
   -0.100530965   25.157371971   36.593483629
   -0.087964594   25.617333004   36.560492785
   -0.075398224   26.076222872   36.508298602
   -0.062831853   26.534218475   36.365659346
   -0.050265482   26.989975910   36.129945640
   -0.037699112   27.442177921   35.817213197
   -0.025132741   27.889510158   35.406277723
   -0.012566371   28.330917673   34.832304070
    0.000000000   28.764303694   34.103224420
    0.012566371   29.187072645   33.221599795
    0.025132741   29.598377341   32.201115165
    0.037699112   29.996472493   31.149463827
    0.050265482   30.380018705   29.837420702
    0.062831853   30.746009510   28.411278770
    0.075398224   31.093149874   26.839027797
    0.087964594   31.419842976   25.127132245
    0.100530965   31.723716316   23.232299790
    0.113097336   32.003238304   21.231522472
    0.125663706   32.256759128   19.104971254
    0.138230077   32.482281240   16.775371672
    0.150796447   32.677906549   14.369276270
    0.163362818   32.843494451   11.952138102
    0.175929189   32.977518379    9.362667353
    0.188495559   33.078984843    6.735809328
    0.201061930   33.146589497    4.002684578
    0.213628300   33.179745995    1.259088218
    0.226194671   33.177825091   -1.566407129
    0.238761042   33.140626407   -4.412867201
    0.251327412   33.067205892   -7.272022689
    0.263893783   32.958326202  -10.042749465
    0.276460154   32.814772126  -12.808202468
    0.289026524   32.635490833  -15.642884343
    0.301592895   32.422117666  -18.281961009
    0.314159265   32.176030102  -20.862238122
    0.326725636   31.898225166  -23.334521139
    0.339292007   31.589609139  -25.757634150
    0.351858377   31.251668039  -28.010278984
    0.364424748   30.885973613  -30.176416161
    0.376991118   30.494395737  -32.113822024
    0.389557489   30.079028764  -33.975698767
    0.402123860   29.640946019  -35.692674722
    0.414690230   29.182923091  -37.212764623
    0.427256601   28.706750010  -38.542330669
    0.439822972   28.214737000  -39.718682696
    0.452389342   27.709149188  -40.751058833
    0.464955713   27.191631739  -41.591582024
    0.477522083   26.664260445  -42.342635423
    0.490088454   26.128750694  -42.864473127
    0.502654825   25.588145054  -43.161345626
    0.515221195   25.044727020  -43.320594135
    0.527787566   24.500421395  -43.297557557
    0.540353936   23.957644143  -43.074903341
    0.552920307   23.418016570  -42.746220751
    0.565486678   22.883973877  -42.214050720
    0.578053048   22.357657835  -41.525199523
    0.590619419   21.840668277  -40.748920011
    0.603185789   21.334770513  -39.767623142
    0.615752160   20.841922180  -38.641150700
    0.628318531   20.363635221  -37.447142761
    0.640884901   19.901080222  -36.154636672
    0.653451272   19.455657278  -34.721139812
    0.666017643   19.028591464  -33.199176876
    0.678584013   18.622084190  -31.484348184
    0.691150384   18.237471250  -29.691566731
    0.703716754   17.875779151  -27.811187248
    0.716283125   17.538077007  -25.900705650
    0.728849496   17.225143937  -23.853992744
    0.741415866   16.939224104  -21.666208600
    0.753982237   16.681534385  -19.335243218
    0.766548607   16.452797629  -17.066457568
    0.779114978   16.253689061  -14.616024041
    0.791681349   16.085982495  -12.088377799
    0.804247719   15.950522887   -9.455088943
    0.816814090   15.847803869   -6.859749463
    0.829380461   15.778773167   -4.117736760
    0.841946831   15.744963328   -1.271378538
    0.854513202   15.747121503    1.632053668
    0.867079572   15.786259379    4.580860538
    0.879645943   15.862425763    7.498805939
    0.892212314   15.975624098   10.529604208
    0.904778684   16.127423759   13.641208765
    0.917345055   16.318578530   16.817757925
    0.929911425   16.550236338   20.042652590
    0.942477796   16.822261817   23.297059687
    0.955044167   17.135652768   26.604840612
    0.967610537   17.490765791   29.860726987
    0.980176908   17.886792198   33.173515699
    0.992743279   18.324744131   36.530538292
    1.005309649   18.804792698   39.914810505
    1.017876020   19.327656685   43.278086293
    1.030442390   19.892148504   46.587233643
    1.043008761   20.498420983   49.915362269
    1.055575132   21.146059262   53.171614892
    1.068141502   21.834333021   56.384361143
    1.080707873   22.562894305   59.549436402
    1.093274243   23.330433300   62.595667536
    1.105840614   24.135962111   65.553125989
    1.118406985   24.977576176   68.361652132
    1.130973355   25.853479671   71.026883597
    1.143539726   26.761959523   73.585315455
    1.156106097   27.701908034   75.988383121
    1.168672467   28.670935050   78.201990892
    1.181238838   29.666957635   80.279842802
    1.193805208   30.687255462   82.061253589
    1.206371579   31.728901210   83.673138124
    1.218937950   32.789385391   85.071497151
    1.231504320   33.866177489   86.254526427
    1.244070691   34.955843892   87.115233429
    1.256637061   36.054496523   87.701905363
    1.269203432   37.158668236   87.952828293
    1.281769803   38.264398867   87.990528724
    1.294336173   39.368726543   87.739411440
    1.306902544   40.468877439   87.290176217
    1.319468915   41.561430005   86.546300552
    1.332035285   42.642539308   85.433624473
    1.344601656   43.708380446   84.132104258
    1.357168026   44.755888056   82.546661179
    1.369734397   45.782327870   80.782606543
    1.382300768   46.784710381   78.735494838
    1.394867138   47.760260522   76.480037347
    1.407433509   48.706127187   74.028387523
    1.419999879   49.619754536   71.360622139
    1.432566250   50.499089418   68.525255412
    1.445132621   51.341275142   65.450845773
    1.457698991   52.144447517   62.333132858
    1.470265362   52.907188307   58.992678323
    1.482831732   53.627240134   55.564864276
    1.495398103   54.303856419   52.112442938
    1.507964474   54.936850456   48.626571579
    1.520530844   55.526031186   45.142725952
    1.533097215   56.070897560   41.567919360
    1.545663586   56.571206436   38.079052786
    1.558229956   57.027750770   34.594130471
    1.570796327   57.440287604   31.061404949
    1.583362697   57.809408534   27.699113393
    1.595929068   58.136858122   24.456026605
    1.608495439   58.423899944   21.244314200
    1.621061809   58.670926974   18.111027045
    1.633628180   58.879622876   15.132993930
    1.646194550   59.052116390   12.268386645
    1.658760921   59.188773336    9.518699698
    1.671327292   59.292472651    7.004164635
    1.683893662   59.365630730    4.637985586
    1.696460033   59.410237781    2.500114167
    1.709026404   59.428703026    0.443515972
    1.721592774   59.421989111   -1.461038134
    1.734159145   59.393039747   -3.131872144
    1.746725515   59.344457842   -4.601432165
    1.759291886   59.277777545   -5.992876188
    1.771858257   59.193921778   -7.304087369
    1.784424627   59.095162613   -8.359356076
    1.796990998   58.984474823   -9.211541327
    1.809557368   58.864227090   -9.911139958
    1.822123739   58.735821247  -10.493265721
    1.834690110   58.601416742  -10.875897869
    1.847256480   58.462989138  -11.109153615
    1.859822851   58.322565149  -11.216804672
    1.872389222   58.181547066  -11.166039947
    1.884955592   58.041825008  -11.011961114
    1.897521963   57.904801289  -10.800325876
    1.910088333   57.771599212  -10.395048279
    1.922654704   57.644153951   -9.888752881
    1.935221075   57.523737331   -9.243592612
    1.947787445   57.411682360   -8.606832716
    1.960353816   57.308148407   -7.859013842
    1.972920186   57.214534074   -7.029722178
    1.985486557   57.131683811   -6.200863241
    1.998052928   57.059315747   -5.286764304
    2.010619298   56.999003555   -4.326878263
    2.023185669   56.951180398   -3.303528806
    2.035752040   56.916584981   -2.201254831
    2.048318410   56.895724003   -1.118026720
    2.060884781   56.888623654   -0.003256793
    2.073451151   56.895753808    1.139573917
    2.086017522   56.917102279    2.249714569
    2.098583893   56.952444453    3.374021468
    2.111150263   57.001869060    4.505149154
    2.123716634   57.065159244    5.589518816
    2.136283004   57.141884821    6.626251019
    2.148849375   57.231768699    7.667701468
    2.161415746   57.334441234    8.642564961
    2.173982116   57.449017824    9.589173498
    2.186548487   57.574763843   10.453467963
    2.199114858   57.711522893   11.285275836
    2.211681228   57.857612594   11.989041987
    2.224247599   58.012163875   12.619311696
    2.236813969   58.174983744   13.238283548
    2.249380340   58.344183201   13.704248529
    2.261946711   58.519747997   14.228763650
    2.274513081   58.700762858   14.612700618
    2.287079452   58.886579620   14.942881900
    2.299645822   59.076180491   15.266651572
    2.312212193   59.269328925   15.437655484
    2.324778564   59.464666944   15.636643575
    2.337344934   59.662526195   15.824253892
    2.349911305   59.861811861   15.901565865
    2.362477675   60.062086539   15.976993453
    2.375044046   60.263104535   16.012511884
    2.387610417   60.464644889   16.044907896
    2.400176787   60.666054101   15.998525152
    2.412743158   60.867391709   15.993692090
    2.425309529   61.067881778   15.913973148
    2.437875899   61.267533372   15.824062728
    2.450442270   61.466065849   15.718495899
    2.463008640   61.663729490   15.699047414
    2.475575011   61.860843579   15.633804606
    2.488141382   62.057193113   15.630121918
    2.500707752   62.253327018   15.633270298
    2.513274123   62.449665167   15.623176061
    2.525840493   62.646363947   15.662415070
    2.538406864   62.843546144   15.725870851
    2.550973235   63.041657863   15.797066720
    2.563539605   63.240682601   15.882312643
    2.576105976   63.440909140   15.983185142
    2.588672347   63.641508500   15.961438226
    2.601238717   63.842217424   16.010511052
    2.613805088   64.043827715   16.084791664
    2.626371458   64.246218249   16.131104677
    2.638937829   64.448117602   16.035958308
    2.651504200   64.649023538   15.906604672
    2.664070570   64.847927649   15.742377731
    2.676636941   65.044350204   15.526824780
    2.689203311   65.237606341   15.242319128
    2.701769682   65.426621906   14.809318720
    2.714336053   65.610020353   14.315164147
    2.726902423   65.786502951   13.777049985
    2.739468794   65.954909718   12.976363872
    2.752035165   66.113384451   12.207971204
    2.764601535   66.261173270   11.307026577
    2.777167906   66.396929232   10.260933695
    2.789734276   66.518466587    9.082062970
    2.802300647   66.624423969    7.767245087
    2.814867018   66.713980166    6.477401714
    2.827433388   66.786360962    5.035824631
    2.839999759   66.840303304    3.540043074
    2.852566129   66.874690718    1.894486532
    2.865132500   66.887936224    0.237812010
    2.877698871   66.879773980   -1.537545421
    2.890265241   66.849302616   -3.333037134
    2.902831612   66.795532243   -5.177106649
    2.915397983   66.719519089   -6.929366757
    2.927964353   66.621039839   -8.740407134
    2.940530724   66.499918992  -10.527511549
    2.953097094   66.356525234  -12.311795859
    2.965663465   66.191061346  -14.014401460
    2.978229836   66.004471632  -15.669417443
    2.990796206   65.797013540  -17.280349944
    3.003362577   65.570121124  -18.842583907
    3.015928947   65.324313900  -20.290087401
    3.028495318   65.060770032  -21.674074562
    3.041061689   64.780819641  -22.876469487
    3.053628059   64.485826761  -24.016030603
    3.066194430   64.177877256  -24.957333014
    3.078760801   63.858931892  -25.783744338
    3.091327171   63.530858076  -26.407425069
    3.103893542   63.194596385  -27.035423857
    3.116459912   62.852226408  -27.433086671
    3.129026283   62.505973541  -27.652950800
