#! FIELDS psi4 ffpsi4 dffpsi4_psi4
#! SET min_psi4 -pi
#! SET max_psi4 pi
#! SET nbins_psi4  100
#! SET periodic_psi4 true
 -3.141593 8.506694 9.244703
 -3.078761 9.872539 36.131773
 -3.015929 12.421046 33.598687
 -2.953097 13.784969 19.589959
 -2.890265 15.687481 37.523995
 -2.827433 17.084418 4.634514
 -2.764602 17.855710 25.832323
 -2.701770 19.027406 -14.552701
 -2.638938 16.408587 -41.370141
 -2.576106 15.413995 12.531401
 -2.513274 18.019947 69.221904
 -2.450442 23.701154 103.905060
 -2.387610 28.523195 17.329064
 -2.324779 29.982967 40.198687
 -2.261947 33.041894 30.759663
 -2.199115 32.233735 -30.410882
 -2.136283 30.495463 -31.901391
 -2.073451 27.889118 -43.100617
 -2.010619 25.657538 -27.946062
 -1.947787 24.678336 0.970994
 -1.884956 25.740028 23.180609
 -1.822124 25.688837 -24.164766
 -1.759292 23.846638 -39.106591
 -1.696460 19.399361 -89.482269
 -1.633628 14.909301 -46.411691
 -1.570796 13.755610 7.891524
 -1.507964 14.950344 16.637959
 -1.445133 15.690961 18.630731
 -1.382301 17.248317 7.535914
 -1.319469 15.348305 -40.617336
 -1.256637 13.923225 -4.823883
 -1.193805 13.785048 -13.423519
 -1.130973 11.729803 -40.522080
 -1.068142 9.911912 -16.559453
 -1.005310 8.663595 -28.862630
 -0.942478 7.310604 -4.840283
 -0.879646 8.320656 32.472855
 -0.816814 9.529813 -9.856098
 -0.753982 8.473168 -7.930507
 -0.691150 8.901388 14.735160
 -0.628319 9.029127 -12.637478
 -0.565487 8.295278 -4.044882
 -0.502655 8.653387 11.297709
 -0.439823 8.436592 -31.829775
 -0.376991 5.301904 -49.094354
 -0.314159 3.461007 -8.354388
 -0.251327 3.586152 -1.128811
 -0.188496 2.001284 -40.882461
 -0.125664 0.220851 -7.880391
 -0.062832 1.321079 41.136577
 0.000000 4.019348 20.951458
 0.062832 3.539878 -16.544205
 0.125664 2.732718 -13.121500
 0.188496 1.804992 -11.082855
 0.251327 1.814610 6.123132
 0.314159 0.437789 -47.276919
 0.376991 -1.530863 -6.050806
 0.439823 -0.060461 51.970906
 0.502655 4.353104 73.928057
 0.565487 6.870814 7.560208
 0.628319 7.011166 3.918369
 0.691150 7.246980 0.008703
 0.753982 7.141663 -0.042265
 0.816814 7.155277 -5.977526
 0.879646 5.867712 -28.779902
 0.942478 4.633012 -6.437144
 1.005310 4.941609 10.172037
 1.068142 4.426714 -34.818282
 1.130973 1.557260 -43.170334
 1.193805 0.126297 2.127288
 1.256637 2.024126 57.085265
 1.319469 6.239726 56.720237
 1.382301 7.829502 2.967647
 1.445133 7.871156 7.429162
 1.507964 9.075616 24.038295
 1.570796 9.256363 -21.610192
 1.633628 7.976949 -8.365210
 1.696460 8.507602 20.885762
 1.759292 9.097344 -18.623471
 1.822124 6.773119 -35.312436
 1.884956 5.863561 6.940168
 1.947787 6.945215 18.080265
 2.010619 8.040735 22.801472
 2.073451 9.293212 4.630373
 2.136283 8.896930 -9.485977
 2.199115 7.606926 -39.300018
 2.261947 4.419503 -55.789362
 2.324779 1.139807 -42.021858
 2.387610 -0.099130 5.719718
 2.450442 1.846443 51.659307
 2.513274 4.459676 10.819112
 2.576106 3.999572 -9.871127
 2.638938 3.935006 5.914858
 2.701770 4.383902 6.788338
 2.764602 4.730800 2.984135
 2.827433 4.539876 -8.675334
 2.890265 4.166907 1.682788
 2.953097 5.006732 23.967664
 3.015929 6.753673 26.852413
 3.078761 7.998543 12.008531
