#! FIELDS phi2 ffphi2 dffphi2_phi2
#! SET min_phi2 -pi
#! SET max_phi2 pi
#! SET nbins_phi2  100
#! SET periodic_phi2 true
 -3.141593 19.636509 -82.662303
 -3.078761 14.864408 -67.132459
 -3.015929 11.326954 -45.996946
 -2.953097 8.870606 -34.272664
 -2.890265 6.933126 -26.583809
 -2.827433 5.465506 -22.897044
 -2.764602 3.978779 -20.846770
 -2.701770 3.194403 -5.256837
 -2.638938 2.838573 -8.889301
 -2.576106 2.196786 -9.199714
 -2.513274 1.798966 -3.939279
 -2.450442 1.553612 -5.010049
 -2.387610 1.267622 -1.657957
 -2.324779 1.469793 6.077961
 -2.261947 1.680939 0.143051
 -2.199115 1.751337 4.228052
 -2.136283 2.257103 10.293652
 -2.073451 2.704331 1.247864
 -2.010619 2.387250 -8.981804
 -1.947787 1.974911 -1.749961
 -1.884956 2.165392 4.592446
 -1.822124 2.177125 -2.879765
 -1.759292 2.237807 5.404391
 -1.696460 2.469465 -1.268344
 -1.633628 2.114399 -7.580296
 -1.570796 1.674741 -7.575961
 -1.507964 1.104492 -8.304998
 -1.445133 0.905721 1.311034
 -1.382301 0.829142 -6.634991
 -1.319469 0.326071 -5.033337
 -1.256637 0.410703 5.983522
 -1.193805 0.729786 2.847904
 -1.130973 0.868679 3.113418
 -1.068142 1.279882 9.906433
 -1.005310 1.855371 6.363358
 -0.942478 2.350022 13.827499
 -0.879646 3.773537 28.254012
 -0.816814 5.330340 20.427630
 -0.753982 6.784354 28.411907
 -0.691150 8.775734 30.608356
 -0.628319 10.477313 26.908182
 -0.565487 12.678955 44.657438
 -0.502655 15.982632 56.980537
 -0.439823 19.445204 51.188058
 -0.376991 21.491802 -1.748876
 -0.314159 20.559906 -8.610971
 -0.251327 20.717016 3.646896
 -0.188496 20.693647 6.784022
 -0.125664 22.647705 57.321279
 -0.062832 26.539721 26.604028
 0.000000 24.535667 -53.544298
 0.062832 21.991732 -21.213281
 0.125664 22.138770 24.545010
 0.188496 24.228062 28.242993
 0.251327 24.812111 -2.167485
 0.314159 24.441305 -12.416454
 0.376991 23.359923 -17.932041
 0.439823 22.248692 -18.720866
 0.502655 21.280184 -9.229422
 0.565487 20.894596 -8.530226
 0.628319 19.845297 -21.818478
 0.691150 18.683472 -13.994730
 0.753982 17.897660 -11.753295
 0.816814 17.371831 -4.044811
 0.879646 17.369347 3.454067
 0.942478 17.692244 5.701196
 1.005310 18.102289 8.598787
 1.068142 18.858440 14.873675
 1.130973 19.859691 16.547481
 1.193805 20.980346 19.278701
 1.256637 22.327923 25.461524
 1.319469 24.575914 47.075459
 1.382301 27.726751 45.137135
 1.445133 29.996794 29.779626
 1.507964 32.111175 44.299799
 1.570796 36.308704 91.939176
 1.633628 43.850550 147.704114
 1.696460 56.698139 34.704138
 1.759292 59.604770 62.984726
 1.822124 65.114901 111.222389
 1.884956 67.218059 -106.610535
 1.947787 61.614012 -60.119273
 2.010619 59.806059 2.570329
 2.073451 61.937009 65.259931
 2.136283 68.006863 127.949532
 2.199115 inf nan
 2.261947 inf nan
 2.324779 inf nan
 2.387610 inf nan
 2.450442 inf nan
 2.513274 inf nan
 2.576106 inf nan
 2.638938 inf nan
 2.701770 72.492754 -205.602413
 2.764602 46.016327 -195.519759
 2.827433 35.697664 -132.918451
 2.890265 29.313616 -70.301162
 2.953097 26.853578 -8.345043
 3.015929 27.771877 18.960359
 3.078761 25.041077 -86.645194
