#! FIELDS phi4 ffphi4 dffphi4_phi4
#! SET min_phi4 -pi
#! SET max_phi4 pi
#! SET nbins_phi4  100
#! SET periodic_phi4 true
 -3.141593 13.835167 -37.579881
 -3.078761 11.466663 -41.250901
 -3.015929 8.670875 -46.069605
 -2.953097 5.884598 -39.510671
 -2.890265 4.016318 -19.554364
 -2.827433 3.183267 -12.024961
 -2.764602 1.989752 -22.819855
 -2.701770 0.946825 -10.016102
 -2.638938 0.424893 -7.580820
 -2.576106 0.157683 0.227595
 -2.513274 0.424182 7.236197
 -2.450442 0.886026 5.173886
 -2.387610 0.893729 -3.534191
 -2.324779 0.877124 5.540553
 -2.261947 1.460911 8.759053
 -2.199115 1.730399 2.738130
 -2.136283 2.162829 10.301780
 -2.073451 2.745748 6.855915
 -2.010619 3.035516 2.840446
 -1.947787 3.179883 2.455918
 -1.884956 3.346286 0.985206
 -1.822124 3.062723 -9.480907
 -1.759292 2.422813 -9.426005
 -1.696460 2.008348 -2.735962
 -1.633628 1.975635 -2.158426
 -1.570796 1.480488 -10.872414
 -1.507964 0.857416 -9.448832
 -1.445133 0.466016 -0.227651
 -1.382301 0.847064 9.718905
 -1.319469 1.377195 6.240190
 -1.256637 1.712887 5.630548
 -1.193805 2.196149 10.177539
 -1.130973 3.151031 21.621042
 -1.068142 4.823112 28.176722
 -1.005310 6.335608 19.826910
 -0.942478 7.491014 17.630604
 -0.879646 8.728629 24.212742
 -0.816814 10.573938 29.653763
 -0.753982 12.028383 21.070537
 -0.691150 14.007126 43.857915
 -0.628319 17.305013 54.184670
 -0.565487 19.964075 30.570936
 -0.502655 22.106138 41.833545
 -0.439823 25.096753 46.403550
 -0.376991 27.290012 24.165150
 -0.314159 28.732007 24.758906
 -0.251327 30.567401 32.025280
 -0.188496 32.391842 24.622759
 -0.125664 33.864139 22.843348
 -0.062832 35.121633 15.912908
 0.000000 35.838381 6.000077
 0.062832 35.810926 -6.205747
 0.125664 35.166354 -14.571539
 0.188496 33.872048 -27.110288
 0.251327 31.910848 -33.282051
 0.314159 29.793282 -34.864734
 0.376991 27.359505 -42.894601
 0.439823 24.608034 -42.955013
 0.502655 21.981014 -41.435248
 0.565487 19.334991 -42.803681
 0.628319 16.642179 -42.101611
 0.691150 14.241382 -32.893775
 0.753982 12.417428 -27.931601
 0.816814 10.544463 -30.687877
 0.879646 8.701129 -27.050783
 0.942478 7.415400 -11.681999
 1.005310 7.233202 4.019970
 1.068142 7.661135 7.815195
 1.130973 8.143908 8.757110
 1.193805 8.952169 17.330637
 1.256637 10.311532 26.170036
 1.319469 12.338977 38.530962
 1.382301 15.044800 45.704261
 1.445133 18.065215 51.189465
 1.507964 21.627017 61.344454
 1.570796 25.725637 66.665165
 1.633628 29.998394 66.761551
 1.696460 34.299490 68.332525
 1.759292 38.724587 69.104957
 1.822124 42.908223 61.160354
 1.884956 46.734204 58.662367
 1.947787 50.138387 47.994470
 2.010619 52.976574 40.314508
 2.073451 55.203728 32.857211
 2.136283 57.254426 27.046188
 2.199115 57.971943 -2.281342
 2.261947 57.570649 -8.887220
 2.324779 56.834790 -14.211083
 2.387610 55.655246 -27.693588
 2.450442 53.090082 -50.442684
 2.513274 49.722757 -55.844968
 2.576106 46.168086 -56.394379
 2.638938 42.599648 -58.469702
 2.701770 38.749909 -63.103389
 2.764602 34.814464 -61.792395
 2.827433 30.934555 -62.157924
 2.890265 26.969667 -64.353520
 2.953097 22.890189 -63.290038
 3.015929 19.336072 -49.300627
 3.078761 16.452822 -44.466948
