#! FIELDS phi3 ffphi3 dffphi3_phi3
#! SET min_phi3 -pi
#! SET max_phi3 pi
#! SET nbins_phi3  100
#! SET periodic_phi3 true
 -3.141593 21.310914 -54.730212
 -3.078761 17.973002 -50.863602
 -3.015929 14.998146 -43.610060
 -2.953097 12.457448 -37.586548
 -2.890265 10.288203 -31.181107
 -2.827433 8.549264 -24.314635
 -2.764602 7.177955 -19.904607
 -2.701770 6.036241 -15.977436
 -2.638938 5.227202 -9.855651
 -2.576106 4.678484 -8.903413
 -2.513274 4.071745 -9.789098
 -2.450442 3.510751 -7.997270
 -2.387610 3.063641 -6.180089
 -2.324779 2.747878 -4.052173
 -2.261947 2.512887 -3.529254
 -2.199115 2.332814 -2.127379
 -2.136283 2.211066 -2.180619
 -2.073451 2.086260 -0.931377
 -2.010619 2.139706 1.705816
 -1.947787 2.154227 -1.675901
 -1.884956 1.936364 -5.308680
 -1.822124 1.522543 -7.239724
 -1.759292 1.124971 -4.712508
 -1.696460 0.930077 -2.496811
 -1.633628 0.706538 -4.645021
 -1.570796 0.405799 -4.472310
 -1.507964 0.139846 -4.171592
 -1.445133 -0.026234 -0.481078
 -1.382301 -0.009946 -0.091836
 -1.319469 -0.034460 -0.294097
 -1.256637 -0.093757 -2.390606
 -1.193805 -0.188507 2.500683
 -1.130973 0.477136 18.213157
 -1.068142 1.832599 22.445809
 -1.005310 3.182252 21.055637
 -0.942478 4.628608 25.248510
 -0.879646 6.220567 23.974043
 -0.816814 7.796982 28.370279
 -0.753982 9.903452 37.848224
 -0.691150 12.439527 41.513670
 -0.628319 15.091092 42.908673
 -0.565487 17.839069 42.542084
 -0.502655 20.367982 37.908934
 -0.439823 22.704031 35.971263
 -0.376991 24.901046 32.683235
 -0.314159 26.843365 31.757873
 -0.251327 29.239116 44.522861
 -0.188496 32.697479 69.732204
 -0.125664 38.590475 118.593878
 -0.062832 47.991887 177.714585
 0.000000 inf nan
 0.062832 inf nan
 0.125664 inf nan
 0.188496 inf nan
 0.251327 inf nan
 0.314159 inf nan
 0.376991 inf nan
 0.439823 inf nan
 0.502655 inf nan
 0.565487 inf nan
 0.628319 inf nan
 0.691150 inf nan
 0.753982 inf nan
 0.816814 inf nan
 0.879646 inf nan
 0.942478 inf nan
 1.005310 inf nan
 1.068142 inf nan
 1.130973 inf nan
 1.193805 inf nan
 1.256637 inf nan
 1.319469 inf nan
 1.382301 inf nan
 1.445133 inf nan
 1.507964 inf nan
 1.570796 inf nan
 1.633628 inf nan
 1.696460 inf nan
 1.759292 inf nan
 1.822124 inf nan
 1.884956 inf nan
 1.947787 inf nan
 2.010619 inf nan
 2.073451 inf nan
 2.136283 inf nan
 2.199115 inf nan
 2.261947 inf nan
 2.324779 inf nan
 2.387610 inf nan
 2.450442 inf nan
 2.513274 inf nan
 2.576106 inf nan
 2.638938 inf nan
 2.701770 inf nan
 2.764602 56.928472 -230.221014
 2.827433 44.430390 -167.605374
 2.890265 35.853213 -105.531665
 2.953097 31.057294 -49.821556
 3.015929 28.504648 -46.122140
 3.078761 24.889315 -60.274533
