#! FIELDS psi3 ffpsi3 dffpsi3_psi3
#! SET min_psi3 -pi
#! SET max_psi3 pi
#! SET nbins_psi3  100
#! SET periodic_psi3 true
 -3.141593 9.364857 15.491721
 -3.078761 10.486802 19.561492
 -3.015929 11.834745 23.982612
 -2.953097 13.428302 23.892412
 -2.890265 14.621407 15.463812
 -2.827433 15.712658 20.474366
 -2.764602 17.236410 27.715513
 -2.701770 19.004437 25.191391
 -2.638938 20.320632 19.758777
 -2.576106 21.779893 24.985376
 -2.513274 23.023109 12.319874
 -2.450442 23.490357 5.872010
 -2.387610 24.169284 16.078983
 -2.324779 25.211493 15.010484
 -2.261947 25.901703 3.335146
 -2.199115 25.488583 -11.042830
 -2.136283 25.330611 8.369047
 -2.073451 25.991188 4.338667
 -2.010619 25.836891 -3.288059
 -1.947787 25.696043 -4.581945
 -1.884956 25.160918 -9.965981
 -1.822124 24.789466 -0.419625
 -1.759292 25.021580 6.066561
 -1.696460 25.308163 -1.387485
 -1.633628 24.395931 -24.596483
 -1.570796 22.850275 -21.197048
 -1.507964 22.097764 -1.210315
 -1.445133 22.518229 9.920580
 -1.382301 22.416995 -19.056334
 -1.319469 20.553535 -32.441639
 -1.256637 18.619411 -32.343537
 -1.193805 16.305366 -38.687038
 -1.130973 14.061833 -32.528994
 -1.068142 12.078453 -31.210285
 -1.005310 10.270471 -25.064775
 -0.942478 8.906035 -19.452397
 -0.879646 7.733675 -18.179665
 -0.816814 6.600070 -18.124230
 -0.753982 5.435746 -18.632828
 -0.691150 4.328202 -16.406083
 -0.628319 3.390933 -13.089328
 -0.565487 2.670908 -10.666233
 -0.502655 1.973610 -11.506261
 -0.439823 1.259949 -10.885830
 -0.376991 0.654908 -8.157594
 -0.314159 0.230033 -5.497035
 -0.251327 -0.029794 -2.652739
 -0.188496 -0.091983 0.591957
 -0.125664 0.009011 2.266323
 -0.062832 0.189279 3.508207
 0.000000 0.436968 4.209347
 0.062832 0.742079 5.785111
 0.125664 1.174050 7.528307
 0.188496 1.602561 5.604928
 0.251327 1.928440 5.472935
 0.314159 2.311755 6.094792
 0.376991 2.633216 4.263651
 0.439823 2.943277 6.234983
 0.502655 3.404613 7.515694
 0.565487 3.816127 5.820780
 0.628319 4.204962 6.396159
 0.691150 4.567247 5.189745
 0.753982 4.912211 5.649533
 0.816814 5.221105 3.970972
 0.879646 5.464088 4.259295
 0.942478 5.781400 5.689810
 1.005310 6.182014 6.775673
 1.068142 6.482844 1.573624
 1.130973 6.482579 0.247538
 1.193805 6.661806 5.756327
 1.256637 7.118379 6.981435
 1.319469 7.357576 0.391032
 1.382301 7.305875 -0.677715
 1.445133 7.375552 3.100607
 1.507964 7.602014 2.482963
 1.570796 7.646498 0.017719
 1.633628 7.671722 0.319659
 1.696460 7.633297 -2.084378
 1.759292 7.373883 -5.286205
 1.822124 7.148962 -1.634909
 1.884956 7.065379 -1.774446
 1.947787 6.919590 -2.627700
 2.010619 6.759627 -2.391753
 2.073451 6.628523 -1.881520
 2.136283 6.512193 -1.896613
 2.199115 6.357018 -3.590457
 2.261947 6.057875 -5.237873
 2.324779 5.785513 -3.417024
 2.387610 5.587140 -3.201760
 2.450442 5.374079 -3.399771
 2.513274 5.235115 -0.448809
 2.576106 5.314486 2.241811
 2.638938 5.403828 0.120926
 2.701770 5.394981 0.340627
 2.764602 5.486359 2.708182
 2.827433 5.767508 6.160568
 2.890265 6.204446 7.193092
 2.953097 6.714387 10.139642
 3.015929 7.550348 15.591963
 3.078761 8.492887 13.566292
