#! FIELDS phi3 ffphi3 dffphi3_phi3
#! SET min_phi3 -pi
#! SET max_phi3 pi
#! SET nbins_phi3  100
#! SET periodic_phi3 true
 -3.141593 21.636435 -51.920653
 -3.078761 18.547149 -46.241697
 -3.015929 15.795161 -41.665902
 -2.953097 13.318965 -36.759056
 -2.890265 11.226119 -29.627435
 -2.827433 9.592103 -22.718099
 -2.764602 8.300805 -18.836178
 -2.701770 7.218859 -15.545519
 -2.638938 6.335108 -12.746171
 -2.576106 5.599913 -10.846203
 -2.513274 4.940561 -10.346908
 -2.450442 4.307011 -9.681271
 -2.387610 3.727569 -8.756408
 -2.324779 3.243760 -6.301040
 -2.261947 2.924625 -4.364568
 -2.199115 2.644994 -4.578910
 -2.136283 2.407137 -2.533338
 -2.073451 2.336721 0.020191
 -2.010619 2.339973 -0.723510
 -1.947787 2.208825 -3.141061
 -1.884956 1.991495 -3.814728
 -1.822124 1.725570 -4.474229
 -1.759292 1.444690 -4.609014
 -1.696460 1.142948 -4.962205
 -1.633628 0.820627 -5.326051
 -1.570796 0.488748 -5.259426
 -1.507964 0.138639 -5.825043
 -1.445133 -0.165851 -3.359509
 -1.382301 -0.320689 -2.287339
 -1.319469 -0.444743 -1.034086
 -1.256637 -0.416146 1.984197
 -1.193805 -0.121927 7.978549
 -1.130973 0.570391 13.309871
 -1.068142 1.494283 15.943345
 -1.005310 2.577558 18.366038
 -0.942478 3.822877 21.773731
 -0.879646 5.408645 28.599301
 -0.816814 7.336724 32.028764
 -0.753982 9.469870 35.915566
 -0.691150 11.840406 38.638623
 -0.628319 14.290241 38.941058
 -0.565487 16.811469 40.950710
 -0.502655 19.397398 40.474162
 -0.439823 21.974933 41.453596
 -0.376991 24.605567 41.084490
 -0.314159 27.086492 36.944942
 -0.251327 29.310316 33.577482
 -0.188496 31.299114 29.141872
 -0.125664 32.998515 24.247807
 -0.062832 34.240645 14.326621
 0.000000 34.870318 6.398893
 0.062832 34.981094 -4.385698
 0.125664 34.334657 -14.540285
 0.188496 33.339309 -16.901706
 0.251327 32.056446 -25.293975
 0.314159 30.245361 -30.834307
 0.376991 28.206550 -34.531911
 0.439823 25.942679 -37.018455
 0.502655 23.519844 -40.507258
 0.565487 20.933326 -40.741407
 0.628319 18.423068 -39.532005
 0.691150 15.995271 -36.934354
 0.753982 13.839939 -31.866761
 0.816814 11.978184 -26.809127
 0.879646 10.526367 -19.953365
 0.942478 9.378458 -16.241151
 1.005310 8.673734 -4.845866
 1.068142 8.712660 4.079180
 1.130973 9.095155 9.753853
 1.193805 10.189629 25.655346
 1.256637 12.167285 34.767426
 1.319469 14.402374 37.172832
 1.382301 17.075312 48.336712
 1.445133 20.461636 57.918977
 1.507964 24.279756 61.930405
 1.570796 28.339883 65.970390
 1.633628 32.684399 70.070127
 1.696460 37.193521 70.181437
 1.759292 41.596097 67.458978
 1.822124 45.835218 65.367839
 1.884956 49.975189 64.087665
 1.947787 53.875823 56.342734
 2.010619 57.098483 45.871234
 2.073451 59.807738 38.889788
 2.136283 61.843998 23.541034
 2.199115 62.787063 8.536286
 2.261947 63.196431 4.161863
 2.324779 62.964207 -14.407312
 2.387610 61.582114 -25.757127
 2.450442 59.866829 -30.380886
 2.513274 57.623454 -40.979380
 2.576106 54.744388 -50.219236
 2.638938 51.392768 -56.322757
 2.701770 47.664100 -61.221973
 2.764602 43.901351 -58.181853
 2.827433 40.201286 -60.771921
 2.890265 36.292550 -62.597586
 2.953097 32.385366 -61.731669
 3.015929 28.582710 -58.723166
 3.078761 25.014149 -55.200767
