#! FIELDS phi4 ffphi4 dffphi4_phi4
#! SET min_phi4 -pi
#! SET max_phi4 pi
#! SET nbins_phi4  100
#! SET periodic_phi4 true
 -3.141593 13.135345 -48.620755
 -3.078761 10.213201 -44.019885
 -3.015929 7.674449 -36.653013
 -2.953097 5.560071 -31.154102
 -2.890265 3.735085 -26.663652
 -2.827433 2.270018 -19.682385
 -2.764602 1.244423 -13.396773
 -2.701770 0.559471 -8.232318
 -2.638938 0.215196 -3.149097
 -2.576106 0.116419 -0.018193
 -2.513274 0.240432 4.015237
 -2.450442 0.567662 5.692329
 -2.387610 0.952888 7.090460
 -2.324779 1.497040 9.828216
 -2.261947 2.108050 9.064964
 -2.199115 2.638200 7.787178
 -2.136283 3.036837 4.527768
 -2.073451 3.263632 2.897007
 -2.010619 3.355163 -0.147475
 -1.947787 3.311523 -0.937444
 -1.884956 3.213423 -2.443741
 -1.822124 3.020608 -3.678414
 -1.759292 2.743419 -5.014635
 -1.696460 2.402178 -6.127405
 -1.633628 1.963416 -7.521802
 -1.570796 1.520870 -6.223441
 -1.507964 1.175606 -5.222871
 -1.445133 0.849096 -4.574955
 -1.382301 0.707396 0.508978
 -1.319469 0.917653 5.924130
 -1.256637 1.409090 9.378794
 -1.193805 2.092149 12.408030
 -1.130973 2.982122 15.926106
 -1.068142 4.102711 19.601619
 -1.005310 5.444661 22.921464
 -0.942478 6.955581 24.776567
 -0.879646 8.601684 27.947840
 -0.816814 10.490206 31.657569
 -0.753982 12.561874 34.027618
 -0.691150 14.798990 36.678106
 -0.628319 17.112990 36.400600
 -0.565487 19.453453 37.793584
 -0.502655 21.822268 37.032578
 -0.439823 24.152893 36.478118
 -0.376991 26.402249 34.848393
 -0.314159 28.556762 33.015835
 -0.251327 30.572863 31.216625
 -0.188496 32.489394 28.602928
 -0.125664 34.075221 21.302874
 -0.062832 35.200887 14.440775
 0.000000 35.865919 6.164979
 0.062832 35.976724 -2.497860
 0.125664 35.509383 -13.449367
 0.188496 34.248888 -25.808037
 0.251327 32.400348 -32.401525
 0.314159 30.221607 -36.629143
 0.376991 27.823606 -39.733730
 0.439823 25.243401 -41.978695
 0.502655 22.566672 -43.474840
 0.565487 19.786915 -44.290678
 0.628319 17.100007 -40.677820
 0.691150 14.732462 -34.505529
 0.753982 12.728335 -29.642157
 0.816814 10.994301 -25.514153
 0.879646 9.555607 -19.867992
 0.942478 8.534354 -12.363169
 1.005310 8.037840 -3.441192
 1.068142 8.067136 4.052466
 1.130973 8.527408 10.565373
 1.193805 9.425784 18.454114
 1.256637 10.918255 29.321295
 1.319469 13.081710 38.513526
 1.382301 15.695958 44.615655
 1.445133 18.787248 53.452621
 1.507964 22.391568 59.563621
 1.570796 26.276080 62.685444
 1.633628 30.400053 67.166681
 1.696460 34.807353 69.974616
 1.759292 39.140626 64.752172
 1.822124 43.165145 61.902147
 1.884956 47.033306 58.259755
 1.947787 50.403211 47.480651
 2.010619 53.203117 41.153865
 2.073451 55.520300 30.739013
 2.136283 57.015294 16.850545
 2.199115 57.763920 6.977200
 2.261947 57.771169 -8.193101
 2.324779 56.742618 -23.391809
 2.387610 54.959880 -32.939090
 2.450442 52.594392 -42.608026
 2.513274 49.608959 -52.009666
 2.576106 46.158170 -56.611107
 2.638938 42.590977 -57.280943
 2.701770 38.811643 -63.711395
 2.764602 34.692116 -65.327110
 2.827433 30.795732 -58.661586
 2.890265 27.124040 -59.921773
 2.953097 23.294008 -60.232289
 3.015929 19.681304 -54.945733
 3.078761 16.316737 -52.374668
