#! FIELDS psi4 ffpsi4 dffpsi4_psi4
#! SET min_psi4 -pi
#! SET max_psi4 pi
#! SET nbins_psi4  100
#! SET periodic_psi4 true
 -3.141593 4.258625 17.657824
 -3.078761 5.493960 20.464919
 -3.015929 6.686088 17.918988
 -2.953097 8.017427 25.157815
 -2.890265 9.649878 25.137365
 -2.827433 11.342344 30.901169
 -2.764602 13.780896 47.594470
 -2.701770 17.118562 52.829312
 -2.638938 20.011721 42.476120
 -2.576106 23.168761 58.683311
 -2.513274 26.423316 31.805790
 -2.450442 26.397611 -42.015897
 -2.387610 22.680070 -51.738174
 -2.324779 21.079806 1.584813
 -2.261947 22.374862 28.872581
 -2.199115 23.638129 17.556630
 -2.136283 25.120638 16.138845
 -2.073451 24.528055 -19.408824
 -2.010619 23.755531 -9.848760
 -1.947787 22.790821 -18.125083
 -1.884956 22.059775 -4.939185
 -1.822124 21.421813 -20.105024
 -1.759292 20.074958 -16.715953
 -1.696460 19.469578 -5.669331
 -1.633628 18.907394 -12.620461
 -1.570796 18.198892 -8.515602
 -1.507964 17.553482 -15.056114
 -1.445133 16.505929 -14.934482
 -1.382301 15.634251 -15.319200
 -1.319469 14.588996 -16.384297
 -1.256637 13.516763 -18.600778
 -1.193805 12.462929 -13.385084
 -1.130973 11.610601 -16.533855
 -1.068142 10.443490 -18.048061
 -1.005310 9.540375 -10.664867
 -0.942478 8.953603 -10.158044
 -0.879646 8.040855 -18.899741
 -0.816814 6.791981 -19.212955
 -0.753982 5.677959 -16.487196
 -0.691150 4.719556 -14.020527
 -0.628319 3.895529 -12.121678
 -0.565487 3.284549 -6.490001
 -0.502655 3.073164 -1.519274
 -0.439823 2.937074 -2.910563
 -0.376991 2.782772 -1.842104
 -0.314159 2.683111 -1.446575
 -0.251327 2.617152 -0.334285
 -0.188496 2.682556 2.269332
 -0.125664 2.889665 4.671822
 -0.062832 3.305099 8.045565
 0.000000 3.784356 6.125629
 0.062832 4.061464 4.151788
 0.125664 4.488602 8.673232
 0.188496 4.869889 2.622705
 0.251327 5.040601 4.032648
 0.314159 5.230429 0.321209
 0.376991 5.142789 -1.319322
 0.439823 5.239961 4.444727
 0.502655 5.510571 2.344236
 0.565487 5.536542 -0.496083
 0.628319 5.438318 -3.894090
 0.691150 5.004178 -8.593291
 0.753982 4.634634 -1.593322
 0.816814 4.759355 3.583151
 0.879646 4.875564 -0.271390
 0.942478 4.850715 0.906767
 1.005310 5.094717 6.735788
 1.068142 5.569783 7.052043
 1.130973 5.925129 4.295488
 1.193805 6.103024 1.271717
 1.256637 6.178668 2.524819
 1.319469 6.511737 7.341455
 1.382301 6.981601 7.472904
 1.445133 7.426928 5.070165
 1.507964 7.471157 -2.705197
 1.570796 7.334449 -0.491841
 1.633628 7.467323 5.141801
 1.696460 7.942801 7.611836
 1.759292 8.078467 -3.779669
 1.822124 7.603808 -10.684815
 1.884956 6.950572 -7.263865
 1.947787 6.814839 0.485811
 2.010619 6.548022 -10.219236
 2.073451 5.753578 -13.105779
 2.136283 4.991667 -11.326512
 2.199115 4.307438 -10.015698
 2.261947 3.746925 -9.110987
 2.324779 3.051150 -12.092688
 2.387610 2.362436 -10.219097
 2.450442 1.685393 -10.948102
 2.513274 1.082098 -8.073851
 2.576106 0.646967 -5.923214
 2.638938 0.354106 -3.145615
 2.701770 0.266388 0.053873
 2.764602 0.351123 3.256911
 2.827433 0.706738 6.621376
 2.890265 0.991446 3.219597
 2.953097 1.402964 10.870471
 3.015929 2.247873 14.810626
 3.078761 3.227203 15.972304
