#! FIELDS phi1 ffphi1 dffphi1_phi1
#! SET min_phi1 -pi
#! SET max_phi1 pi
#! SET nbins_phi1  100
#! SET periodic_phi1 true
 -3.141593 10.367926 -52.060243
 -3.078761 7.328135 -44.733127
 -3.015929 4.699671 -39.346284
 -2.953097 2.401045 -32.957394
 -2.890265 0.632890 -23.619336
 -2.827433 -0.588632 -14.921116
 -2.764602 -1.342309 -11.259709
 -2.701770 -2.003057 -5.987809
 -2.638938 -1.682466 15.114119
 -2.576106 -0.877800 4.194864
 -2.513274 -1.068600 -5.484058
 -2.450442 -1.037711 8.933175
 -2.387610 0.107267 25.832663
 -2.324779 1.739765 22.088535
 -2.261947 2.997960 21.959855
 -2.199115 4.602423 26.025631
 -2.136283 6.024178 19.706465
 -2.073451 7.210465 17.734387
 -2.010619 8.162260 11.643672
 -1.947787 8.646829 4.491505
 -1.884956 8.943976 5.874162
 -1.822124 9.267996 2.836435
 -1.759292 9.292987 -1.127016
 -1.696460 9.183463 -2.750658
 -1.633628 8.871080 -7.728364
 -1.570796 8.288231 -8.756244
 -1.507964 7.973979 -1.786649
 -1.445133 7.861735 -2.320780
 -1.382301 7.806934 1.387287
 -1.319469 7.996703 3.905481
 -1.256637 8.282335 5.381854
 -1.193805 8.697491 7.846411
 -1.130973 9.274617 10.531430
 -1.068142 10.044995 14.020675
 -1.005310 11.021575 16.831170
 -0.942478 12.183313 20.342629
 -0.879646 13.590326 24.107474
 -0.816814 15.176913 25.873218
 -0.753982 16.842061 27.275295
 -0.691150 18.662405 30.557724
 -0.628319 20.671705 32.696177
 -0.565487 22.711914 31.837830
 -0.502655 24.790121 34.661534
 -0.439823 26.938717 30.845232
 -0.376991 28.637057 25.046160
 -0.314159 30.205151 23.057417
 -0.251327 31.130418 4.323297
 -0.188496 31.220127 2.034819
 -0.125664 31.067987 -11.373167
 -0.062832 30.137469 -11.436498
 0.000000 29.920016 0.305058
 0.062832 29.268359 -22.491794
 0.125664 27.656878 -27.299764
 0.188496 25.645790 -36.288834
 0.251327 23.430810 -32.712158
 0.314159 21.470534 -30.719043
 0.376991 19.505346 -31.815297
 0.439823 17.523306 -30.935004
 0.502655 15.636047 -28.816527
 0.565487 13.956488 -24.548821
 0.628319 12.528361 -20.893455
 0.691150 11.379839 -15.358392
 0.753982 10.538240 -12.617994
 0.816814 9.714046 -13.053067
 0.879646 9.052383 -7.061350
 0.942478 8.802646 -2.194012
 1.005310 8.628882 -3.529621
 1.068142 8.456080 -0.997216
 1.130973 8.570366 4.543038
 1.193805 9.000590 9.123949
 1.256637 9.756655 15.287303
 1.319469 10.928339 21.135792
 1.382301 12.280407 22.094600
 1.445133 14.011862 35.206247
 1.507964 16.685182 47.275524
 1.570796 19.726769 48.609991
 1.633628 22.805591 48.178446
 1.696460 25.847163 48.690595
 1.759292 29.000402 49.326348
 1.822124 31.847935 42.033974
 1.884956 35.146476 69.537461
 1.947787 41.180423 123.152667
 2.010619 50.914340 182.828387
 2.073451 inf nan
 2.136283 inf nan
 2.199115 inf nan
 2.261947 inf nan
 2.324779 inf nan
 2.387610 inf nan
 2.450442 inf nan
 2.513274 inf nan
 2.576106 inf nan
 2.638938 58.496958 -215.513814
 2.701770 46.646365 -159.467015
 2.764602 38.135223 -113.881404
 2.827433 31.839844 -90.041827
 2.890265 26.552699 -78.889612
 2.953097 21.860682 -70.805604
 3.015929 17.640458 -63.557926
 3.078761 13.834268 -57.907684
