#! FIELDS psi4 ffpsi4 dffpsi4_psi4
#! SET min_psi4 -pi
#! SET max_psi4 pi
#! SET nbins_psi4  500
#! SET periodic_psi4 true
 -3.141593 26.631016 -25.581492
 -3.129026 26.394165 -10.407181
 -3.116460 26.391803 10.011773
 -3.103894 26.624146 25.290485
 -3.091327 26.976032 28.599125
 -3.078761 27.306011 23.381548
 -3.066194 27.575689 20.616993
 -3.053628 27.851218 23.863812
 -3.041062 28.174182 26.739815
 -3.028495 28.489438 21.748671
 -3.015929 28.683398 7.947111
 -3.003363 28.682549 -7.805904
 -2.990796 28.505781 -19.460063
 -2.978230 28.215578 -25.915174
 -2.965663 27.878578 -26.649668
 -2.953097 27.577996 -19.893991
 -2.940531 27.408494 -6.250119
 -2.927964 27.430026 9.439841
 -2.915398 27.625100 20.262162
 -2.902832 27.899462 21.862179
 -2.890265 28.145951 16.741125
 -2.877699 28.313690 9.720704
 -2.865133 28.374329 -1.326735
 -2.852566 28.238302 -22.046993
 -2.840000 27.800879 -46.962179
 -2.827433 27.110589 -59.800205
 -2.814867 26.380714 -53.428100
 -2.802301 25.824929 -33.478261
 -2.789734 25.562140 -8.062945
 -2.777168 25.614313 15.350745
 -2.764602 25.901592 27.558533
 -2.752035 26.216306 18.676492
 -2.739469 26.306033 -4.719214
 -2.726902 26.151144 -16.290665
 -2.714336 25.984103 -7.766281
 -2.701770 25.985835 7.971623
 -2.689203 26.158204 17.779257
 -2.676637 26.389373 17.498631
 -2.664071 26.575868 11.523819
 -2.651504 26.649787 -1.993235
 -2.638938 26.450060 -32.505274
 -2.626371 25.830374 -62.851350
 -2.613805 25.000098 -63.926692
 -2.601239 24.329021 -40.281426
 -2.588672 24.017801 -9.343356
 -2.576106 24.060084 13.331248
 -2.563540 24.250911 12.139275
 -2.550973 24.268285 -10.712922
 -2.538407 24.029307 -23.254483
 -2.525840 23.783260 -13.096595
 -2.513274 23.731139 4.658392
 -2.500708 23.874894 16.768329
 -2.488141 24.117796 20.781345
 -2.475575 24.371503 18.239686
 -2.463009 24.517848 1.538932
 -2.450442 24.313340 -36.970389
 -2.437876 23.585293 -76.146479
 -2.425310 22.504855 -91.382368
 -2.412743 21.381428 -84.559799
 -2.400177 20.433547 -64.750029
 -2.387610 19.780331 -38.643485
 -2.375044 19.463082 -12.447882
 -2.362478 19.431103 4.941012
 -2.349911 19.499499 1.703969
 -2.337345 19.379523 -22.887237
 -2.324779 18.937389 -44.737282
 -2.312212 18.340178 -47.228241
 -2.299646 17.804455 -36.790593
 -2.287079 17.430391 -22.635395
 -2.274513 17.231187 -9.510439
 -2.261947 17.173643 -0.692407
 -2.249380 17.180503 0.266641
 -2.236814 17.148285 -6.030925
 -2.224248 17.038353 -10.087047
 -2.211681 16.942832 -3.167259
 -2.199115 16.994040 11.807219
 -2.186548 17.221291 22.208086
 -2.173982 17.471773 13.918837
 -2.161416 17.508884 -8.104356
 -2.148849 17.330103 -16.388426
 -2.136283 17.189356 -3.508945
 -2.123717 17.264178 14.599376
 -2.111150 17.496549 18.690307
 -2.098584 17.637707 0.968269
 -2.086018 17.518879 -17.387622
 -2.073451 17.295639 -14.401583
 -2.060885 17.223438 4.234897
 -2.048318 17.398429 22.016941
 -2.035752 17.698206 21.202821
 -2.023186 17.811394 -6.998405
 -2.010619 17.494633 -41.729989
 -1.998053 16.843293 -58.302908
 -1.985487 16.109325 -55.894522
 -1.972920 15.491631 -40.837454
 -1.960354 15.108908 -19.696537
 -1.947787 14.986227 -1.125208
 -1.935221 15.025239 4.299089
 -1.922655 15.010981 -9.496234
 -1.910088 14.749341 -31.811423
 -1.897522 14.255898 -44.186316
 -1.884956 13.701286 -42.004515
 -1.872389 13.239719 -30.360216
 -1.859823 12.956587 -14.324540
 -1.847256 12.881506 2.120263
 -1.834690 12.995420 15.109687
 -1.822124 13.232799 21.388215
 -1.809557 13.503250 20.764645
 -1.796991 13.747441 18.429597
 -1.784425 13.985896 20.420949
 -1.771858 14.274924 25.373701
 -1.759292 14.597427 24.004496
 -1.746726 14.821302 9.541602
 -1.734159 14.822294 -8.583795
 -1.721593 14.647951 -17.496449
 -1.709026 14.403837 -21.775529
 -1.696460 14.071136 -32.417420
 -1.683894 13.588248 -42.895058
 -1.671327 13.062872 -37.575501
 -1.658761 12.709631 -16.996635
 -1.646195 12.648170 6.550739
 -1.633628 12.828438 19.239675
 -1.621062 13.043737 11.555214
 -1.608495 13.064192 -8.586838
 -1.595929 12.864342 -20.804904
 -1.583363 12.598284 -19.891793
 -1.570796 12.387046 -13.441233
 -1.558230 12.258047 -7.436160
 -1.545664 12.187790 -4.463275
 -1.533097 12.126271 -6.218120
 -1.520531 12.016064 -11.470761
 -1.507964 11.851497 -13.572869
 -1.495398 11.711978 -7.148673
 -1.482832 11.701944 6.352729
 -1.470265 11.882461 22.413865
 -1.457699 12.259995 37.175479
 -1.445133 12.797235 47.210468
 -1.432566 13.408274 47.978267
 -1.420000 13.941583 34.148954
 -1.407434 14.208006 6.899198
 -1.394867 14.121646 -18.862391
 -1.382301 13.798536 -29.989686
 -1.369734 13.423262 -28.209009
 -1.357168 13.116575 -19.935246
 -1.344602 12.933039 -9.186677
 -1.332035 12.878853 -0.197469
 -1.319469 12.899103 2.002666
 -1.306903 12.898940 -2.704017
 -1.294336 12.834572 -6.702198
 -1.281770 12.758166 -4.449049
 -1.269203 12.737146 1.085476
 -1.256637 12.770518 3.060169
 -1.244071 12.773684 -4.405283
 -1.231504 12.619623 -21.093764
 -1.218938 12.240574 -38.572989
 -1.206372 11.668286 -52.009954
 -1.193805 10.932036 -65.492617
 -1.181239 10.018423 -79.443064
 -1.168672 8.965070 -86.409449
 -1.156106 7.893203 -82.503425
 -1.143540 6.920144 -71.752239
 -1.130973 6.091109 -60.542617
 -1.118407 5.382759 -52.901987
 -1.105841 4.744599 -49.178750
 -1.093274 4.137250 -47.697158
 -1.080708 3.542735 -46.924963
 -1.068142 2.959738 -45.676127
 -1.055575 2.400278 -43.121880
 -1.043009 1.879708 -39.674287
 -1.030442 1.400830 -36.733259
 -1.017876 0.950208 -35.226607
 -1.005310 0.510728 -34.809270
 -0.992743 0.075373 -34.379230
 -0.980177 -0.349294 -33.005284
 -0.967611 -0.749066 -30.438817
 -0.955044 -1.111066 -27.102684
 -0.942478 -1.429826 -23.661028
 -0.929911 -1.707032 -20.519120
 -0.917345 -1.946769 -17.673540
 -0.904779 -2.151658 -14.946572
 -0.892212 -2.322498 -12.257457
 -0.879646 -2.460239 -9.716112
 -0.867080 -2.568527 -7.633458
 -0.854513 -2.655079 -6.274491
 -0.841947 -2.728361 -5.435746
 -0.829380 -2.790757 -4.412757
 -0.816814 -2.835728 -2.609197
 -0.804248 -2.852589 0.028280
 -0.791681 -2.832493 3.217927
 -0.779115 -2.770499 6.642427
 -0.766549 -2.665651 9.978186
 -0.753982 -2.521182 12.895359
 -0.741416 -2.344103 15.136541
 -0.728849 -2.143645 16.623941
 -0.716283 -1.927849 17.665110
 -0.703717 -1.697980 18.995577
 -0.691150 -1.446197 21.183062
 -0.678584 -1.162627 23.922642
 -0.666018 -0.845722 26.351729
 -0.653451 -0.502909 28.044940
 -0.640885 -0.141647 29.394763
 -0.628319 0.237711 30.994286
 -0.615752 0.640208 33.070551
 -0.603186 1.070749 35.383902
 -0.590619 1.528834 37.307671
 -0.578053 2.004448 38.051628
 -0.565487 2.479813 37.305644
 -0.552920 2.940854 36.046879
 -0.540354 3.392299 36.038428
 -0.527788 3.856980 38.117736
 -0.515221 4.354774 40.892686
 -0.502655 4.875908 41.268388
 -0.490088 5.373376 37.039217
 -0.477522 5.797724 30.471993
 -0.464956 6.156512 27.612436
 -0.452389 6.522683 31.645707
 -0.439823 6.970550 39.768683
 -0.427257 7.516168 46.233350
 -0.414690 8.108694 46.867097
 -0.402124 8.673339 42.375031
 -0.389557 9.172549 37.252816
 -0.376991 9.622508 34.833618
 -0.364425 10.063989 35.989910
 -0.351858 10.545918 41.282262
 -0.339292 11.121206 50.701523
 -0.326726 11.829188 61.845803
 -0.314159 12.669911 71.331831
 -0.301593 13.603080 75.853925
 -0.289027 14.531318 68.906072
 -0.276460 15.236804 38.988205
 -0.263894 15.462308 -1.676596
 -0.251327 15.310711 -16.945674
 -0.238761 15.149417 -6.585397
 -0.226195 15.151329 5.156739
 -0.213628 15.215586 2.532888
 -0.201062 15.191633 -5.349498
 -0.188496 15.150596 2.214648
 -0.175929 15.320354 26.753696
 -0.163363 15.838181 54.595529
 -0.150796 16.603108 60.312102
 -0.138230 17.107528 10.047116
 -0.125664 16.785114 -55.265658
 -0.113097 15.958915 -67.913890
 -0.100531 15.203921 -49.989207
 -0.087965 14.722120 -26.884936
 -0.075398 14.521397 -5.341135
 -0.062832 14.589760 16.703881
 -0.050265 14.963831 43.995757
 -0.037699 15.726708 78.621016
 -0.025133 16.966166 119.512152
 -0.012566 18.747580 164.527693
 0.000000 21.111138 211.871898
 0.012566 24.077945 260.428425
 0.025133 27.668394 308.371692
 0.037699 31.825655 349.917670
 0.050265 38.030603 101.517994
 0.062832 37.258281 -199.082454
 0.075398 34.850014 -180.059221
 0.087965 32.803409 -143.725413
 0.100531 31.265659 -100.434800
 0.113097 30.272355 -57.907722
 0.125664 29.754547 -28.835856
 0.138230 29.334750 -50.862643
 0.150796 28.181068 -135.630340
 0.163363 26.140380 -175.854508
 0.175929 24.006357 -158.078149
 0.188496 22.238422 -122.091692
 0.201062 20.948456 -83.319361
 0.213628 20.128727 -48.212779
 0.226195 19.690734 -24.084950
 0.238761 19.439590 -19.609067
 0.251327 19.116447 -33.805939
 0.263894 18.581163 -50.374880
 0.276460 17.885841 -58.887685
 0.289027 17.129615 -60.444893
 0.301593 16.392167 -55.895389
 0.314159 15.745210 -46.556408
 0.326726 15.221454 -37.357039
 0.339292 14.780294 -34.230575
 0.351858 14.325488 -39.332922
 0.364425 13.775459 -48.184406
 0.376991 13.129933 -53.464771
 0.389557 12.462789 -51.470175
 0.402124 11.861846 -43.439027
 0.414690 11.379221 -33.447249
 0.427257 11.008778 -26.366029
 0.439823 10.688393 -25.850799
 0.452389 10.331675 -31.663680
 0.464956 9.887028 -38.763375
 0.477522 9.375249 -41.780927
 0.490088 8.857077 -40.106976
 0.502655 8.374198 -36.730156
 0.515221 7.930567 -34.054398
 0.527788 7.515799 -31.947838
 0.540354 7.130202 -29.273888
 0.552920 6.782934 -25.948782
 0.565487 6.477188 -22.811809
 0.578053 6.206071 -20.498639
 0.590619 5.957843 -19.171660
 0.603186 5.720620 -18.698273
 0.615752 5.486722 -18.502153
 0.628319 5.258746 -17.582441
 0.640885 5.050921 -15.258116
 0.653451 4.880053 -11.839946
 0.666018 4.753662 -8.370165
 0.678584 4.665496 -5.914662
 0.691150 4.597691 -5.217723
 0.703717 4.526491 -6.385408
 0.716283 4.434140 -8.290106
 0.728849 4.323252 -9.046084
 0.741416 4.216341 -7.623296
 0.753982 4.138875 -4.543718
 0.766549 4.104704 -0.893697
 0.779115 4.115989 2.617898
 0.791681 4.168926 5.694094
 0.804248 4.256346 8.056742
 0.816814 4.368096 9.584032
 0.829380 4.495476 10.641191
 0.841947 4.636582 11.857567
 0.854513 4.796131 13.610996
 0.867080 4.982234 16.119842
 0.879646 5.205501 19.511126
 0.892212 5.474578 23.226174
 0.904779 5.785493 25.933891
 0.917345 6.119024 26.814581
 0.929911 6.455478 26.628349
 0.942478 6.790401 26.753675
 0.955044 7.132239 27.730994
 0.967611 7.492116 29.667333
 0.980177 7.884750 33.051928
 0.992743 8.331797 38.313133
 1.005310 8.853599 44.701715
 1.017876 9.452136 50.105902
 1.030442 10.099806 52.210469
 1.043009 10.748650 50.382327
 1.055575 11.361413 47.134922
 1.068142 11.944418 46.127643
 1.080708 12.538794 48.927103
 1.093274 13.186764 54.286948
 1.105841 13.908900 60.468014
 1.118407 14.703573 65.331745
 1.130973 15.525604 63.481528
 1.143540 16.237732 46.871785
 1.156106 16.666393 21.761586
 1.168672 16.854190 12.055419
 1.181239 17.069720 25.097127
 1.193805 17.529787 48.237673
 1.206372 18.250958 63.181194
 1.218938 18.981309 45.950090
 1.231504 19.278821 0.889018
 1.244071 19.134223 -16.015024
 1.256637 19.048624 7.199686
 1.269203 19.390577 48.644818
 1.281770 20.295886 95.735120
 1.294336 21.795263 142.206527
 1.306903 23.829775 177.824857
 1.319469 26.088815 170.148866
 1.332035 27.796052 95.569736
 1.344602 28.647536 53.349349
 1.357168 29.413876 75.123375
 1.369734 30.636744 117.838086
 1.382301 32.432652 167.989615
 1.394867 34.858782 218.140825
 1.407434 37.915124 268.290503
 1.420000 41.601621 318.430183
 1.432566 45.903097 363.869852
 1.445133 53.794526 -361.866491
 1.457699 49.545318 -313.802923
 1.470265 45.914293 -263.998238
 1.482832 42.911383 -213.913016
 1.495398 40.538271 -163.776158
 1.507964 38.795282 -113.628479
 1.520531 37.682487 -63.478165
 1.533097 37.199904 -13.327150
 1.545664 37.347539 36.823917
 1.558230 38.125388 86.974512
 1.570796 39.533441 137.123611
 1.583363 41.571663 187.268409
 1.595929 44.239956 237.399799
 1.608495 47.537974 287.480271
 1.621062 51.457891 335.355512
 1.633628 55.715539 299.575070
 1.646195 56.620419 -335.036760
 1.658761 52.703195 -287.621218
 1.671327 49.399875 -237.996001
 1.683894 46.723204 -187.981906
 1.696460 44.675748 -137.873376
 1.709026 43.258174 -87.738355
 1.721593 42.470669 -37.596814
 1.734159 42.313257 12.543173
 1.746726 42.785880 62.675117
 1.759292 43.888375 112.787736
 1.771858 45.620339 162.848795
 1.784425 47.975407 211.403330
 1.796991 50.833739 229.002521
 1.809557 52.392453 -63.311944
 1.822124 49.801503 -265.850293
 1.834690 46.612306 -234.731907
 1.847256 43.966812 -186.457613
 1.859823 41.919298 -139.835068
 1.872389 40.436565 -97.035123
 1.884956 39.450165 -61.504128
 1.897522 38.845403 -36.644992
 1.910088 38.489717 -20.876991
 1.922655 38.197680 -24.105192
 1.935221 37.655006 -76.549245
 1.947787 35.972876 -189.967090
 1.960354 33.248891 -226.367633
 1.972920 30.558215 -196.516289
 1.985487 28.373858 -150.115817
 1.998053 26.796943 -100.685555
 2.010619 25.845090 -50.795066
 2.023186 25.519829 -1.020145
 2.035752 25.817226 48.204903
 2.048318 26.712732 93.239503
 2.060885 28.038219 104.638328
 2.073451 28.524251 -71.903512
 2.086018 26.270097 -241.462974
 2.098584 23.248650 -227.095607
 2.111150 20.675720 -181.131985
 2.123717 18.708449 -131.804642
 2.136283 17.364907 -82.007696
 2.148849 16.647049 -32.294753
 2.161416 16.550364 16.695218
 2.173982 17.056521 63.160185
 2.186548 18.105881 101.755211
 2.199115 19.529685 120.113733
 2.211681 20.990295 107.858182
 2.224248 22.212993 89.590144
 2.236814 23.366895 99.317717
 2.249380 24.809620 132.867392
 2.261947 26.762721 172.696534
 2.274513 29.185788 209.535127
 2.287079 31.809094 190.206125
 2.299646 33.352131 40.571034
 2.312212 33.152236 -47.039328
 2.324779 32.585639 -40.703079
 2.337345 32.230017 -17.626261
 2.349911 32.075404 -10.422369
 2.362478 31.883044 -22.688278
 2.375044 31.491676 -38.110724
 2.387610 30.948319 -45.547174
 2.400177 30.298572 -63.855422
 2.412743 29.070789 -141.157225
 2.425310 26.735866 -219.391492
 2.437876 23.895379 -222.282858
 2.450442 21.301729 -187.556239
 2.463009 19.218016 -143.502736
 2.475575 17.699823 -98.173036
 2.488141 16.746425 -53.816535
 2.500708 16.339744 -11.238096
 2.513274 16.455612 29.359867
 2.525840 17.070606 68.291955
 2.538407 18.167736 106.200687
 2.550973 19.736513 143.268600
 2.563540 21.752550 176.265474
 2.576106 24.061971 181.554583
 2.588672 25.699387 38.622447
 2.601239 24.638662 -180.286495
 2.613805 22.115215 -202.484834
 2.626371 19.761115 -169.233866
 2.638938 17.902362 -125.995564
 2.651504 16.602489 -80.727092
 2.664071 15.875317 -34.983606
 2.676637 15.722804 10.639980
 2.689203 16.138037 55.047346
 2.701770 17.082940 93.468070
 2.714336 18.388871 107.463066
 2.726902 19.530116 63.529789
 2.739469 19.899055 1.472021
 2.752035 19.817782 -6.058600
 2.764602 19.841161 9.154608
 2.777168 19.945947 0.967285
 2.789734 19.732195 -36.634206
 2.802301 19.118655 -54.360014
 2.814867 18.518824 -36.721446
 2.827433 18.262260 -2.771116
 2.840000 18.462332 34.415189
 2.852566 19.094475 63.005156
 2.865133 19.862661 46.251935
 2.877699 19.881702 -50.855181
 2.890265 18.790303 -105.976217
 2.902832 17.544311 -85.067947
 2.915398 16.743247 -40.913297
 2.927964 16.533572 7.785434
 2.940531 16.941507 57.118588
 2.953097 17.966412 105.762714
 2.965663 19.588353 151.539420
 2.978230 21.732477 186.581568
 2.990796 24.129214 185.277579
 3.003363 26.089440 116.874223
 3.015929 27.052285 44.165807
 3.028495 27.454050 11.286774
 3.041062 27.572932 6.252787
 3.053628 27.593506 -2.844333
 3.066194 27.523499 -7.047483
 3.078761 27.446282 -4.488134
 3.091327 27.413802 -1.251359
 3.103894 27.386504 -4.648950
 3.116460 27.260811 -16.341492
 3.129026 26.978981 -27.231894
