#! FIELDS phi8 ffphi8 dffphi8_phi8
#! SET min_phi8 -pi
#! SET max_phi8 pi
#! SET nbins_phi8  500
#! SET periodic_phi8 true
 -3.141593 5.015317 64.571674
 -3.129026 6.013243 93.821052
 -3.116460 7.343620 115.606440
 -3.103894 8.825914 114.941577
 -3.091327 10.086367 80.510384
 -3.078761 10.810450 36.355890
 -3.066194 11.097702 12.684486
 -3.053628 11.202469 4.965708
 -3.041062 11.250851 2.519251
 -3.028495 11.280062 2.258102
 -3.015929 11.311796 2.898512
 -3.003363 11.355596 4.127269
 -2.990796 11.417927 5.859276
 -2.978230 11.505087 8.016809
 -2.965663 11.618396 9.841449
 -2.953097 11.747385 10.405123
 -2.940531 11.873882 9.485122
 -2.927964 11.982467 7.706143
 -2.915398 12.069151 6.218578
 -2.902832 12.145792 6.281789
 -2.890265 12.235595 8.241655
 -2.877699 12.356776 11.002101
 -2.865133 12.509353 13.036650
 -2.852566 12.679530 13.845995
 -2.840000 12.855340 14.080640
 -2.827433 13.034613 14.468977
 -2.814867 13.220909 15.203098
 -2.802301 13.418468 16.253026
 -2.789734 13.630415 17.412586
 -2.777168 13.853803 17.883807
 -2.764602 14.073090 16.636471
 -2.752035 14.264745 13.605036
 -2.739469 14.413941 10.192332
 -2.726902 14.526645 7.989955
 -2.714336 14.623203 7.646520
 -2.701770 14.726295 8.954196
 -2.689203 14.852544 11.148157
 -2.676637 15.005318 12.947583
 -2.664071 15.171740 13.202398
 -2.651504 15.330701 11.864079
 -2.638938 15.468590 10.135108
 -2.626371 15.591076 9.623168
 -2.613805 15.718678 10.880223
 -2.601239 15.865909 12.347690
 -2.588672 16.020200 11.682619
 -2.576106 16.149367 8.599527
 -2.563540 16.237969 5.800672
 -2.550973 16.307918 5.806389
 -2.538407 16.393040 7.819877
 -2.525840 16.500593 8.872771
 -2.513274 16.604215 7.111340
 -2.500708 16.671962 3.534317
 -2.488141 16.696766 0.685992
 -2.475575 16.698704 -0.042727
 -2.463009 16.702753 0.820896
 -2.450442 16.720750 1.984433
 -2.437876 16.751990 2.956179
 -2.425310 16.797418 4.406204
 -2.412743 16.868244 7.038190
 -2.400177 16.976573 10.085149
 -2.387610 17.113364 11.048313
 -2.375044 17.234486 7.306729
 -2.362478 17.277084 -1.109015
 -2.349911 17.203252 -10.398992
 -2.337345 17.030714 -16.303373
 -2.324779 16.814301 -17.410653
 -2.312212 16.608520 -14.921599
 -2.299646 16.446014 -10.866669
 -2.287079 16.334971 -6.950971
 -2.274513 16.266728 -4.134062
 -2.261947 16.226489 -2.423678
 -2.249380 16.203620 -1.300282
 -2.236814 16.189674 -1.254108
 -2.224248 16.159256 -4.263468
 -2.211681 16.067036 -10.843005
 -2.199115 15.886545 -17.506181
 -2.186548 15.643593 -20.410715
 -2.173982 15.390348 -19.430564
 -2.161416 15.161376 -17.023077
 -2.148849 14.957341 -15.825873
 -2.136283 14.753216 -17.039627
 -2.123717 14.524966 -19.218821
 -2.111150 14.277707 -19.718113
 -2.098584 14.038039 -18.276001
 -2.086018 13.815341 -17.547598
 -2.073451 13.584967 -19.570907
 -2.060885 13.318173 -22.811558
 -2.048318 13.020455 -24.052681
 -2.035752 12.727208 -22.173073
 -2.023186 12.470308 -18.626438
 -2.010619 12.256754 -15.616709
 -1.998053 12.068901 -14.693257
 -1.985487 11.878140 -15.956353
 -1.972920 11.664497 -18.035375
 -1.960354 11.427960 -19.437099
 -1.947787 11.179662 -20.002995
 -1.935221 10.925480 -20.497041
 -1.922655 10.663646 -21.185799
 -1.910088 10.393924 -21.689260
 -1.897522 10.119682 -21.949536
 -1.884956 9.841744 -22.332130
 -1.872389 9.557593 -22.904996
 -1.859823 9.266404 -23.416734
 -1.847256 8.969632 -23.808370
 -1.834690 8.668268 -24.142945
 -1.822124 8.363843 -24.244985
 -1.809557 8.061091 -23.844544
 -1.796991 7.766878 -22.904267
 -1.784425 7.487016 -21.596641
 -1.771858 7.224604 -20.180743
 -1.759292 6.978597 -19.068350
 -1.746726 6.742128 -18.725494
 -1.734159 6.504180 -19.275576
 -1.721593 6.255762 -20.282408
 -1.709026 5.995463 -21.061624
 -1.696460 5.729280 -21.189790
 -1.683894 5.465428 -20.738557
 -1.671327 5.209043 -20.063153
 -1.658761 4.960984 -19.441385
 -1.646195 4.719925 -18.951070
 -1.633628 4.484205 -18.587812
 -1.621062 4.252588 -18.276106
 -1.608495 4.025331 -17.873853
 -1.595929 3.803898 -17.368627
 -1.583363 3.588549 -16.937399
 -1.570796 3.377653 -16.647455
 -1.558230 3.170385 -16.322385
 -1.545664 2.968338 -15.807390
 -1.533097 2.773878 -15.129706
 -1.520531 2.588493 -14.375509
 -1.507964 2.412763 -13.600189
 -1.495398 2.246755 -12.830001
 -1.482832 2.090509 -12.037416
 -1.470265 1.944643 -11.173794
 -1.457699 1.809967 -10.274024
 -1.445133 1.686133 -9.474493
 -1.432566 1.571111 -8.876856
 -1.420000 1.462569 -8.418776
 -1.407434 1.359897 -7.908298
 -1.394867 1.264890 -7.183353
 -1.382301 1.180512 -6.228630
 -1.369734 1.108965 -5.169901
 -1.357168 1.050482 -4.174626
 -1.344602 1.003534 -3.342768
 -1.332035 0.965980 -2.673587
 -1.319469 0.936075 -2.116845
 -1.306903 0.912720 -1.624187
 -1.294336 0.895451 -1.136884
 -1.281770 0.884704 -0.573380
 -1.269203 0.881837 0.117377
 -1.256637 0.888173 0.867546
 -1.244071 0.903372 1.493667
 -1.231504 0.924843 1.857431
 -1.218938 0.949473 2.022889
 -1.206372 0.975995 2.191745
 -1.193805 1.005467 2.504691
 -1.181239 1.040017 3.001909
 -1.168672 1.082018 3.688856
 -1.156106 1.133642 4.515743
 -1.143540 1.195738 5.319197
 -1.130973 1.266648 5.886067
 -1.118407 1.342483 6.098589
 -1.105841 1.419045 6.028604
 -1.093274 1.494136 5.908994
 -1.080708 1.568721 5.979803
 -1.068142 1.646088 6.357423
 -1.055575 1.730050 7.014654
 -1.043009 1.823483 7.844281
 -1.030442 1.927808 8.731367
 -1.017876 2.043218 9.597747
 -1.005310 2.169108 10.392076
 -0.992743 2.304374 11.088122
 -0.980177 2.447840 11.700507
 -0.967611 2.598555 12.237318
 -0.955044 2.755335 12.657508
 -0.942478 2.916731 12.991393
 -0.929911 3.082890 13.463656
 -0.917345 3.257181 14.304370
 -0.904779 3.444097 15.424011
 -0.892212 3.644926 16.454781
 -0.879646 3.856856 17.191468
 -0.867080 4.077249 17.868107
 -0.854513 4.307773 18.841637
 -0.841947 4.552632 20.109713
 -0.829380 4.813576 21.339842
 -0.816814 5.088381 22.296502
 -0.804248 5.373479 22.988208
 -0.791681 5.665821 23.444659
 -0.779115 5.962194 23.621062
 -0.766549 6.258985 23.517946
 -0.753982 6.553311 23.254803
 -0.741416 6.844381 23.041607
 -0.728849 7.134929 23.251642
 -0.716283 7.433174 24.326976
 -0.703717 7.751197 26.357409
 -0.691150 8.098019 28.762007
 -0.678584 8.472291 30.557139
 -0.666018 8.860788 30.939216
 -0.653451 9.244687 29.929718
 -0.640885 9.613290 28.803257
 -0.628319 9.976158 29.220811
 -0.615752 10.356115 31.367084
 -0.603186 10.765690 33.569427
 -0.590619 11.193876 34.172281
 -0.578053 11.618296 33.090947
 -0.565487 12.023091 31.164321
 -0.552920 12.400907 28.843410
 -0.540354 12.749264 26.636733
 -0.527788 13.078181 26.046422
 -0.515221 13.417933 28.483873
 -0.502655 13.806522 33.585261
 -0.490088 14.264244 38.985605
 -0.477522 14.776379 41.854214
 -0.464956 15.301766 41.149633
 -0.452389 15.803690 38.553279
 -0.439823 16.273018 36.179227
 -0.427257 16.716761 34.391929
 -0.414690 17.137622 32.422644
 -0.402124 17.532487 30.385904
 -0.389557 17.907888 29.546975
 -0.376991 18.285402 30.772755
 -0.364425 18.685525 32.705327
 -0.351858 19.097324 31.981377
 -0.339292 19.465909 25.642603
 -0.326726 19.727110 15.842204
 -0.314159 19.882522 10.152872
 -0.301593 20.021861 13.459670
 -0.289027 20.249735 23.375609
 -0.276460 20.612553 33.951934
 -0.263894 21.089008 41.166564
 -0.251327 21.636418 45.752107
 -0.238761 22.243329 51.155806
 -0.226195 22.934101 59.050200
 -0.213628 23.731133 67.409879
 -0.201062 24.598789 67.979376
 -0.188496 25.348330 46.509459
 -0.175929 25.692601 8.197949
 -0.163363 25.634127 -13.177206
 -0.150796 25.443583 -16.379340
 -0.138230 25.206168 -22.956810
 -0.125664 24.855303 -31.693844
 -0.113097 24.479179 -24.761537
 -0.100531 24.309054 -0.048159
 -0.087965 24.516326 33.870137
 -0.075398 25.167909 69.595823
 -0.062832 26.237809 98.188321
 -0.050265 27.504328 94.236322
 -0.037699 28.333086 29.633210
 -0.025133 28.306366 -22.887817
 -0.012566 28.037317 -12.147017
 0.000000 28.108858 24.846648
 0.012566 28.673954 64.227130
 0.025133 29.676326 91.988450
 0.037699 30.877396 93.520595
 0.050265 31.884591 62.216117
 0.062832 32.362500 11.024126
 0.075398 32.071761 -59.835280
 0.087965 30.933359 -112.490410
 0.100531 29.494976 -108.479002
 0.113097 28.338170 -72.952284
 0.125664 27.692398 -29.662807
 0.138230 27.574499 9.183947
 0.150796 27.847109 29.680988
 0.163363 28.183516 18.815250
 0.175929 28.272444 -2.458591
 0.188496 28.242684 3.168452
 0.201062 28.456070 33.292141
 0.213628 29.100075 68.311145
 0.226195 30.087678 82.058674
 0.238761 30.866456 26.208872
 0.251327 30.500610 -81.658093
 0.263894 29.101676 -128.378902
 0.276460 27.481821 -125.038446
 0.289027 26.010745 -108.420403
 0.301593 24.755730 -91.688979
 0.314159 23.697737 -76.859316
 0.326726 22.823911 -62.027583
 0.339292 22.140730 -46.804341
 0.351858 21.633347 -34.978417
 0.364425 21.221910 -32.422327
 0.376991 20.770761 -40.804063
 0.389557 20.181756 -52.517951
 0.402124 19.476809 -58.308577
 0.414690 18.745419 -57.272310
 0.427257 18.045888 -54.097145
 0.439823 17.377675 -52.660673
 0.452389 16.713518 -53.178597
 0.464956 16.043103 -53.211594
 0.477522 15.385161 -51.147574
 0.490088 14.762558 -47.879269
 0.502655 14.179676 -45.030755
 0.515221 13.626481 -43.150198
 0.527788 13.091894 -42.019762
 0.540354 12.568066 -41.396585
 0.552920 12.050934 -40.859586
 0.565487 11.542655 -39.951596
 0.578053 11.047238 -38.937625
 0.590619 10.560642 -38.678358
 0.603186 10.070797 -39.376833
 0.615752 9.571003 -40.040740
 0.628319 9.068992 -39.635720
 0.640885 8.579180 -38.197189
 0.653451 8.109793 -36.536213
 0.666018 7.658556 -35.396740
 0.678584 7.216901 -34.995751
 0.691150 6.777322 -34.970621
 0.703717 6.338909 -34.719787
 0.716283 5.907066 -33.906551
 0.728849 5.488692 -32.619962
 0.741416 5.087779 -31.189746
 0.753982 4.703996 -29.936959
 0.766549 4.333934 -29.012389
 0.779115 3.973780 -28.325846
 0.791681 3.622159 -27.601011
 0.804248 3.281413 -26.564420
 0.816814 2.955956 -25.194286
 0.829380 2.648399 -23.780669
 0.841947 2.356986 -22.667526
 0.854513 2.077077 -21.935289
 0.867080 1.804924 -21.390979
 0.879646 1.539691 -20.804080
 0.892212 1.282811 -20.049628
 0.904779 1.036709 -19.088073
 0.917345 0.803951 -17.932030
 0.929911 0.586738 -16.621658
 0.942478 0.386794 -15.189047
 0.955044 0.205381 -13.686479
 0.967611 0.042738 -12.223697
 0.980177 -0.102366 -10.908134
 0.992743 -0.231987 -9.752937
 1.005310 -0.347734 -8.685507
 1.017876 -0.450181 -7.628411
 1.030442 -0.539247 -6.557554
 1.043009 -0.614802 -5.477747
 1.055575 -0.676555 -4.349748
 1.068142 -0.723375 -3.089540
 1.080708 -0.753299 -1.664734
 1.093274 -0.764609 -0.146088
 1.105841 -0.756810 1.358737
 1.118407 -0.730631 2.767201
 1.130973 -0.687628 4.029239
 1.143540 -0.629760 5.135103
 1.156106 -0.558712 6.139960
 1.168672 -0.475161 7.138965
 1.181239 -0.378714 8.195646
 1.193805 -0.268575 9.314315
 1.206372 -0.144059 10.480729
 1.218938 -0.004657 11.676149
 1.231504 0.149651 12.836678
 1.244071 0.317878 13.880254
 1.256637 0.498447 14.810075
 1.269203 0.690469 15.718953
 1.281770 0.894244 16.686261
 1.294336 1.110677 17.731598
 1.306903 1.340688 18.840116
 1.319469 1.584741 19.948616
 1.332035 1.842171 20.949986
 1.344602 2.111157 21.784688
 1.357168 2.389757 22.491187
 1.369734 2.676844 23.143954
 1.382301 2.972088 23.792386
 1.394867 3.275595 24.462756
 1.407434 3.587836 25.186279
 1.420000 3.909788 26.015811
 1.432566 4.242979 26.968405
 1.445133 4.588355 27.914076
 1.457699 4.944288 28.612421
 1.470265 5.307026 29.025444
 1.482832 5.674903 29.502760
 1.495398 6.051107 30.368309
 1.507964 6.440112 31.479567
 1.520531 6.842680 32.473856
 1.533097 7.256140 33.211778
 1.545664 7.677410 33.717891
 1.558230 8.103634 33.999738
 1.570796 8.532162 34.094130
 1.583363 8.960968 34.033820
 1.595929 9.387271 33.640867
 1.608495 9.805218 32.694954
 1.621062 10.208524 31.403973
 1.633628 10.597496 30.566597
 1.646195 10.983328 31.001187
 1.658761 11.383497 32.782102
 1.671327 11.810552 35.090255
 1.683894 12.263635 36.735849
 1.696460 12.728730 36.937370
 1.709026 13.187095 35.740386
 1.721593 13.625076 33.815218
 1.734159 14.037225 31.651959
 1.746726 14.420032 29.083761
 1.759292 14.767500 26.114912
 1.771858 15.080637 23.902755
 1.784425 15.378523 23.835981
 1.796991 15.689562 25.817938
 1.809557 16.029878 28.161785
 1.822124 16.391455 28.960707
 1.834690 16.749901 27.776128
 1.847256 17.090163 26.561876
 1.859823 17.429509 27.912385
 1.872389 17.802172 31.450506
 1.884956 18.213028 33.185616
 1.897522 18.614647 29.735675
 1.910088 18.946878 22.963208
 1.922655 19.202423 18.406578
 1.935221 19.434147 19.313050
 1.947787 19.707994 24.765746
 1.960354 20.063285 31.648244
 1.972920 20.492717 35.781369
 1.985487 20.935717 33.472471
 1.998053 21.310912 25.747664
 2.010619 21.589788 19.299652
 2.023186 21.812994 16.384477
 2.035752 21.987520 9.964664
 2.048318 22.030710 -3.853831
 2.060885 21.907288 -13.839402
 2.073451 21.753765 -7.762692
 2.086018 21.772023 12.323900
 2.098584 22.090058 38.685734
 2.111150 22.739656 63.823652
 2.123717 23.648544 77.676335
 2.136283 24.579125 64.578818
 2.148849 25.134807 20.528910
 2.161416 25.106326 -21.455553
 2.173982 24.715187 -36.203423
 2.186548 24.292964 -28.020229
 2.199115 24.072180 -5.491627
 2.211681 24.176346 21.847033
 2.224248 24.583984 39.890867
 2.236814 25.059789 30.198452
 2.249380 25.241490 -1.890463
 2.261947 25.089774 -17.179593
 2.274513 24.919424 -7.253574
 2.287079 24.926830 7.409054
 2.299646 25.046703 8.525367
 2.312212 25.076306 -4.969905
 2.324779 24.948723 -12.678397
 2.337345 24.828576 -4.432128
 2.349911 24.846742 5.845981
 2.362478 24.895767 -2.271194
 2.375044 24.703563 -29.496329
 2.387610 24.198939 -47.052171
 2.400177 23.617545 -42.497291
 2.412743 23.174409 -27.472336
 2.425310 22.916536 -14.833141
 2.437876 22.753454 -13.393128
 2.450442 22.529748 -23.404709
 2.463009 22.164672 -33.706162
 2.475575 21.715159 -36.740517
 2.488141 21.253867 -36.738382
 2.500708 20.784439 -38.192173
 2.513274 20.299102 -38.347707
 2.525840 19.847827 -32.222227
 2.538407 19.517692 -19.479894
 2.550973 19.368823 -4.268914
 2.563540 19.395416 7.372527
 2.576106 19.512856 9.262827
 2.588672 19.575060 -1.251592
 2.601239 19.452802 -18.430584
 2.613805 19.127352 -32.174242
 2.626371 18.678326 -37.977029
 2.638938 18.202408 -36.737001
 2.651504 17.778070 -30.032498
 2.664071 17.460896 -20.256421
 2.676637 17.261368 -12.355651
 2.689203 17.114500 -12.861712
 2.701770 16.891809 -24.006871
 2.714336 16.497499 -38.324503
 2.726902 15.955412 -46.580294
 2.739469 15.357778 -47.556422
 2.752035 14.777985 -44.204291
 2.764602 14.255996 -38.625128
 2.777168 13.808981 -32.656295
 2.789734 13.425561 -28.964159
 2.802301 13.063294 -29.365700
 2.814867 12.675321 -32.573700
 2.827433 12.246560 -35.358709
 2.840000 11.795809 -36.020215
 2.852566 11.347521 -35.184298
 2.865133 10.912121 -34.169890
 2.877699 10.485437 -33.903314
 2.890265 10.055618 -34.641977
 2.902832 9.613013 -35.765673
 2.915398 9.159971 -36.119655
 2.927964 8.711041 -35.111341
 2.940531 8.281008 -33.271009
 2.953097 7.874271 -31.531943
 2.965663 7.486377 -30.269947
 2.978230 7.112478 -29.244221
 2.990796 6.751493 -28.198130
 3.003363 6.403646 -27.179282
 3.015929 6.067574 -26.344321
 3.028495 5.740546 -25.737323
 3.041062 5.419987 -25.319021
 3.053628 5.103604 -25.059376
 3.066194 4.790867 -24.627673
 3.078761 4.490264 -22.839915
 3.091327 4.231566 -17.554564
 3.103894 4.073410 -6.523529
 3.116460 4.096911 11.416224
 3.129026 4.387638 35.791810
