#! FIELDS psi5 ffpsi5 dffpsi5_psi5
#! SET min_psi5 -pi
#! SET max_psi5 pi
#! SET nbins_psi5  500
#! SET periodic_psi5 true
 -3.141593 20.159081 -22.711863
 -3.129026 19.978918 -6.064075
 -3.116460 19.997567 8.470710
 -3.103894 20.173516 18.544586
 -3.091327 20.431083 20.704991
 -3.078761 20.643686 11.174559
 -3.066194 20.682580 -4.971365
 -3.053628 20.551452 -13.776699
 -3.041062 20.390590 -10.127114
 -3.028495 20.323850 -0.177907
 -3.015929 20.382713 8.949080
 -3.003363 20.530488 13.699714
 -2.990796 20.706129 13.428762
 -2.978230 20.852956 9.500297
 -2.965663 20.938560 3.969809
 -2.953097 20.946670 -3.116273
 -2.940531 20.844159 -13.949281
 -2.927964 20.584651 -27.375552
 -2.915398 20.170347 -37.623266
 -2.902832 19.664057 -42.086282
 -2.890265 19.128292 -42.745285
 -2.877699 18.599946 -40.929345
 -2.865133 18.110295 -36.626348
 -2.852566 17.685811 -30.852345
 -2.840000 17.332614 -25.570061
 -2.827433 17.036972 -21.723706
 -2.814867 16.780665 -19.328136
 -2.802301 16.542546 -19.014620
 -2.789734 16.290857 -21.445242
 -2.777168 16.000178 -24.600649
 -2.764602 15.686354 -24.580811
 -2.752035 15.401251 -20.223530
 -2.739469 15.184220 -14.444536
 -2.726902 15.027541 -11.175243
 -2.714336 14.883517 -12.559900
 -2.701770 14.694949 -17.916886
 -2.689203 14.429548 -24.115315
 -2.676637 14.102627 -27.123744
 -2.664071 13.769709 -25.054628
 -2.651504 13.488189 -19.403349
 -2.638938 13.284660 -13.126129
 -2.626371 13.151044 -8.566058
 -2.613805 13.057043 -6.929417
 -2.601239 12.964304 -8.260068
 -2.588672 12.843263 -11.042705
 -2.576106 12.692200 -12.569542
 -2.563540 12.541557 -10.810571
 -2.550973 12.433302 -6.115656
 -2.538407 12.389259 -1.152280
 -2.525840 12.392097 0.937679
 -2.513274 12.397795 -0.472517
 -2.500708 12.377657 -2.556454
 -2.488141 12.342249 -2.756369
 -2.475575 12.312520 -2.053950
 -2.463009 12.285327 -2.538555
 -2.450442 12.246644 -3.493787
 -2.437876 12.206990 -2.355227
 -2.425310 12.198349 1.205575
 -2.412743 12.237660 4.822926
 -2.400177 12.311403 6.541598
 -2.387610 12.395239 6.599496
 -2.375044 12.475797 6.190097
 -2.362478 12.550964 5.728713
 -2.349911 12.618441 4.906256
 -2.337345 12.672783 3.701430
 -2.324779 12.714421 3.108811
 -2.312212 12.759105 4.307548
 -2.299646 12.829337 6.955682
 -2.287079 12.932705 9.247006
 -2.274513 13.054555 9.792651
 -2.261947 13.172519 8.771705
 -2.249380 13.272677 7.113305
 -2.236814 13.353642 5.935857
 -2.224248 13.429577 6.470326
 -2.211681 13.523392 8.516102
 -2.199115 13.638179 9.171683
 -2.186548 13.735454 5.482698
 -2.173982 13.763041 -1.229073
 -2.161416 13.714361 -5.760205
 -2.148849 13.641727 -4.952795
 -2.136283 13.606198 -0.401345
 -2.123717 13.632421 4.313147
 -2.111150 13.704691 6.656812
 -2.098584 13.787458 6.016929
 -2.086018 13.845676 2.894821
 -2.073451 13.854805 -1.524595
 -2.060885 13.811837 -4.925039
 -2.048318 13.746253 -4.834088
 -2.035752 13.707539 -0.803963
 -2.023186 13.735188 5.322176
 -2.010619 13.839679 11.021414
 -1.998053 14.002197 14.305343
 -1.985487 14.185745 14.368249
 -1.972920 14.353791 12.104036
 -1.960354 14.486975 9.010749
 -1.947787 14.579281 5.600824
 -1.935221 14.628622 2.388197
 -1.922655 14.650006 1.615301
 -1.910088 14.687985 5.073846
 -1.897522 14.788653 11.000890
 -1.884956 14.957954 15.348185
 -1.872389 15.158221 15.913240
 -1.859823 15.351254 14.867246
 -1.847256 15.542431 16.116932
 -1.834690 15.769484 20.259265
 -1.822124 16.048579 23.563904
 -1.809557 16.338587 21.396210
 -1.796991 16.559897 13.000064
 -1.784425 16.659653 3.157889
 -1.771858 16.659068 -2.198195
 -1.759292 16.634529 -0.592271
 -1.746726 16.670408 7.097525
 -1.734159 16.827678 18.165016
 -1.721593 17.125357 28.680381
 -1.709026 17.525462 33.630357
 -1.696460 17.933589 29.959293
 -1.683894 18.260351 22.099247
 -1.671327 18.512588 19.393962
 -1.658761 18.783611 24.780382
 -1.646195 19.153363 34.249561
 -1.633628 19.645227 43.814504
 -1.621062 20.250589 52.149307
 -1.608495 20.942252 56.639215
 -1.595929 21.624734 49.115397
 -1.583363 22.106208 25.667165
 -1.570796 22.280129 4.391149
 -1.558230 22.303418 2.388977
 -1.545664 22.397769 13.622748
 -1.533097 22.643115 24.009996
 -1.520531 22.939405 19.581799
 -1.507964 23.055753 -3.050629
 -1.495398 22.884447 -21.145523
 -1.482832 22.616999 -18.242101
 -1.470265 22.473306 -4.050335
 -1.457699 22.510817 9.238398
 -1.445133 22.687932 18.241608
 -1.432566 22.947616 21.776541
 -1.420000 23.179597 12.047966
 -1.407434 23.175508 -14.431043
 -1.394867 22.834493 -36.912637
 -1.382301 22.336732 -39.420176
 -1.369734 21.885106 -32.339433
 -1.357168 21.498613 -30.800182
 -1.344602 21.075419 -37.173738
 -1.332035 20.577028 -40.730442
 -1.319469 20.092136 -35.189908
 -1.306903 19.699512 -28.117122
 -1.294336 19.340551 -31.329825
 -1.281770 18.862958 -45.556664
 -1.269203 18.207812 -57.123010
 -1.256637 17.471228 -58.648614
 -1.244071 16.753969 -55.247384
 -1.231504 16.078809 -52.523120
 -1.218938 15.424381 -51.919994
 -1.206372 14.767460 -52.761166
 -1.193805 14.094835 -54.368241
 -1.181239 13.397463 -56.720774
 -1.168672 12.666013 -59.711051
 -1.156106 11.897385 -62.443174
 -1.143540 11.101983 -63.839161
 -1.130973 10.300338 -63.405248
 -1.118407 9.515854 -61.134523
 -1.105841 8.769805 -57.400048
 -1.093274 8.075253 -53.136773
 -1.080708 7.431175 -49.556157
 -1.068142 6.823713 -47.334829
 -1.055575 6.237199 -46.076068
 -1.043009 5.665856 -44.754129
 -1.030442 5.115219 -42.756380
 -1.017876 4.592885 -40.356167
 -1.005310 4.099597 -38.238251
 -0.992743 3.629109 -36.726359
 -0.980177 3.175227 -35.504942
 -0.967611 2.737837 -34.026557
 -0.955044 2.322050 -32.071365
 -0.942478 1.932973 -29.826228
 -0.929911 1.572385 -27.580292
 -0.917345 1.238992 -25.520086
 -0.904779 0.929924 -23.710629
 -0.892212 0.642326 -22.078611
 -0.879646 0.375150 -20.423088
 -0.867080 0.130046 -18.539769
 -0.854513 -0.089439 -16.346418
 -0.841947 -0.279675 -13.908107
 -0.829380 -0.438662 -11.411738
 -0.816814 -0.567089 -9.079176
 -0.804248 -0.668056 -7.057224
 -0.791681 -0.745721 -5.363388
 -0.779115 -0.803630 -3.885148
 -0.766549 -0.843231 -2.413825
 -0.753982 -0.863387 -0.775637
 -0.741416 -0.861799 1.030776
 -0.728849 -0.837070 2.883712
 -0.716283 -0.789258 4.695370
 -0.703717 -0.719101 6.433573
 -0.691150 -0.627777 8.051744
 -0.678584 -0.517138 9.503869
 -0.666018 -0.389072 10.844098
 -0.653451 -0.244109 12.212349
 -0.640885 -0.081446 13.645082
 -0.628319 0.098691 14.944501
 -0.615752 0.293018 15.881407
 -0.603186 0.497041 16.528104
 -0.590619 0.709116 17.215264
 -0.578053 0.931051 18.082601
 -0.565487 1.163787 18.868242
 -0.552920 1.404095 19.258051
 -0.540354 1.647002 19.330141
 -0.527788 1.890813 19.461927
 -0.515221 2.137797 19.826034
 -0.502655 2.389687 20.177872
 -0.490088 2.643854 20.131430
 -0.477522 2.893731 19.478344
 -0.464956 3.131409 18.195126
 -0.452389 3.349397 16.375882
 -0.439823 3.542720 14.354169
 -0.427257 3.712380 12.706417
 -0.414690 3.865898 11.802457
 -0.402124 4.011989 11.459613
 -0.389557 4.154999 11.251915
 -0.376991 4.294802 10.925101
 -0.364425 4.428793 10.285772
 -0.351858 4.551028 8.992575
 -0.339292 4.651725 6.879721
 -0.326726 4.722742 4.396161
 -0.314159 4.764455 2.325514
 -0.301593 4.784668 0.960390
 -0.289027 4.790471 -0.041514
 -0.276460 4.784210 -0.970796
 -0.263894 4.767076 -1.740879
 -0.251327 4.741845 -2.266135
 -0.238761 4.710824 -2.695169
 -0.226195 4.674019 -3.198751
 -0.213628 4.630595 -3.709937
 -0.201062 4.582493 -3.869707
 -0.188496 4.536539 -3.350742
 -0.175929 4.500094 -2.478427
 -0.163363 4.472059 -2.164626
 -0.150796 4.441636 -2.829843
 -0.138230 4.400143 -3.732197
 -0.125664 4.351335 -3.893462
 -0.113097 4.305652 -3.337597
 -0.100531 4.267223 -2.876339
 -0.087965 4.231058 -2.988060
 -0.075398 4.191073 -3.400199
 -0.062832 4.146595 -3.644853
 -0.050265 4.101110 -3.561518
 -0.037699 4.058148 -3.278157
 -0.025133 4.018834 -3.021430
 -0.012566 3.981472 -2.988849
 0.000000 3.943062 -3.159611
 0.012566 3.902544 -3.273106
 0.025133 3.862117 -3.136543
 0.037699 3.824616 -2.842704
 0.050265 3.790580 -2.621736
 0.062832 3.757896 -2.650901
 0.075398 3.722798 -3.009613
 0.087965 3.681268 -3.653044
 0.100531 3.631038 -4.334807
 0.113097 3.574006 -4.672945
 0.125664 3.516335 -4.431973
 0.138230 3.464311 -3.855257
 0.150796 3.418682 -3.500011
 0.163363 3.374517 -3.612643
 0.175929 3.327370 -3.901483
 0.188496 3.277311 -4.054631
 0.201062 3.225905 -4.161591
 0.213628 3.171830 -4.525970
 0.226195 3.110686 -5.278992
 0.238761 3.038832 -6.149853
 0.251327 2.958323 -6.554183
 0.263894 2.878094 -6.080339
 0.276460 2.808636 -4.924458
 0.289027 2.754639 -3.741438
 0.301593 2.712291 -3.144918
 0.314159 2.672353 -3.355138
 0.326726 2.625636 -4.164612
 0.339292 2.566962 -5.200813
 0.351858 2.495209 -6.222748
 0.364425 2.411247 -7.127503
 0.376991 2.317510 -7.736279
 0.389557 2.219284 -7.814220
 0.402124 2.123395 -7.412976
 0.414690 2.033153 -7.016742
 0.427257 1.944979 -7.138689
 0.439823 1.851480 -7.826588
 0.452389 1.747600 -8.721265
 0.464956 1.632992 -9.495837
 0.477522 1.510348 -9.972479
 0.490088 1.384630 -9.947218
 0.502655 1.263250 -9.282671
 0.515221 1.153355 -8.188032
 0.527788 1.057327 -7.160545
 0.540354 0.971701 -6.560802
 0.552920 0.890899 -6.361100
 0.565487 0.811300 -6.331604
 0.578053 0.732031 -6.283980
 0.590619 0.654235 -6.070433
 0.603186 0.581118 -5.509030
 0.615752 0.518052 -4.457978
 0.628319 0.471315 -2.927758
 0.640885 0.445963 -1.095122
 0.653451 0.444080 0.753858
 0.666018 0.463937 2.319211
 0.678584 0.500619 3.418146
 0.691150 0.548327 4.102403
 0.703717 0.603361 4.637973
 0.716283 0.666015 5.368021
 0.728849 0.740481 6.539629
 0.741416 0.832551 8.141416
 0.753982 0.946141 9.910739
 0.766549 1.081656 11.607464
 0.779115 1.238062 13.263045
 0.791681 1.416022 15.062878
 0.804248 1.617802 17.030493
 0.816814 1.844195 18.923787
 0.829380 2.092266 20.435993
 0.841947 2.356240 21.457129
 0.854513 2.630770 22.162603
 0.867080 2.914080 22.919916
 0.879646 3.209226 24.095310
 0.892212 3.522820 25.856014
 0.904779 3.861854 28.106965
 0.917345 4.230733 30.534128
 0.929911 4.628834 32.663734
 0.942478 5.049019 33.974009
 0.955044 5.479385 34.312622
 0.967611 5.910558 34.251806
 0.980177 6.343827 34.807583
 0.992743 6.792323 36.738580
 1.005310 7.273857 39.956638
 1.017876 7.798654 43.369835
 1.030442 8.359225 45.407596
 1.043009 8.932473 45.427898
 1.055575 9.498353 44.527434
 1.068142 10.055940 44.273227
 1.080708 10.616465 44.883061
 1.093274 11.184461 45.217512
 1.105841 11.748956 44.244412
 1.118407 12.292884 42.041768
 1.130973 12.808062 39.970393
 1.143540 13.304121 39.081418
 1.156106 13.794851 38.849068
 1.168672 14.277257 37.438201
 1.181239 14.727621 33.808553
 1.193805 15.125958 29.638429
 1.206372 15.482694 27.449433
 1.218938 15.823610 26.764915
 1.231504 16.152952 25.384914
 1.244071 16.465154 24.679930
 1.256637 16.797532 29.299181
 1.269203 17.230351 40.294150
 1.281770 17.816013 52.312757
 1.294336 18.512845 56.476770
 1.306903 19.177891 47.140851
 1.319469 19.672744 31.848790
 1.332035 20.020386 25.711456
 1.344602 20.375662 32.522707
 1.357168 20.865391 45.650367
 1.369734 21.517517 57.023152
 1.382301 22.255932 57.740013
 1.394867 22.892399 40.480825
 1.407434 23.238402 15.514274
 1.420000 23.364306 9.002114
 1.432566 23.575028 27.947236
 1.445133 24.135120 62.854296
 1.457699 25.186981 105.255900
 1.470265 26.795549 150.943995
 1.482832 28.988633 198.117109
 1.495398 31.781478 245.332720
 1.507964 35.157998 291.499479
 1.520531 39.161101 328.212049
 1.533097 43.421825 343.463404
 1.545664 49.310199 174.517321
 1.558230 51.722307 193.600288
 1.570796 54.129595 159.213407
 1.583363 54.701680 -85.533977
 1.595929 52.851242 -169.923480
 1.608495 50.869139 -141.411070
 1.621062 49.340946 -101.872284
 1.633628 48.308385 -62.544401
 1.646195 47.769266 -23.160118
 1.658761 47.730808 17.285847
 1.671327 48.210990 59.453345
 1.683894 49.233049 103.521851
 1.696460 50.819983 149.305325
 1.709026 52.991212 196.452116
 1.721593 55.761536 244.597207
 1.734159 59.141643 293.426911
 1.746726 63.179408 341.246988
 1.759292 48.456960 -432.638778
 1.771858 43.331978 -382.842959
 1.784425 38.836144 -332.691278
 1.796991 34.970535 -282.539596
 1.809557 31.735147 -232.388088
 1.822124 29.129983 -182.236658
 1.834690 27.155039 -132.085598
 1.847256 25.810306 -81.935447
 1.859823 25.095767 -31.787535
 1.872389 25.011376 18.354852
 1.884956 25.557019 68.483593
 1.897522 26.732418 118.578437
 1.910088 28.536872 168.587275
 1.922655 30.968531 218.359613
 1.935221 34.021624 267.299910
 1.947787 37.669625 311.691686
 1.960354 41.727815 321.667992
 1.972920 46.485594 -54.387842
 1.985487 45.146112 -159.633666
 1.998053 42.430989 -258.192546
 2.010619 39.062566 -266.765121
 2.023186 35.846290 -240.501370
 2.035752 33.033284 -206.889421
 2.048318 30.647978 -172.856568
 2.060885 28.682135 -140.450722
 2.073451 27.103170 -111.563339
 2.086018 25.860363 -86.822037
 2.098584 24.914282 -63.615429
 2.111150 24.275670 -37.104044
 2.123717 24.009297 -4.145842
 2.136283 24.197764 35.030701
 2.148849 24.907164 78.367671
 2.161416 26.174484 123.379612
 2.173982 27.999904 166.210808
 2.186548 30.293144 193.844926
 2.199115 32.608744 155.091138
 2.211681 33.703288 10.686421
 2.224248 33.121907 -86.758236
 2.236814 31.808897 -117.977476
 2.249380 30.301046 -118.687355
 2.261947 28.907203 -100.373365
 2.274513 27.833273 -68.935666
 2.287079 27.203595 -30.508491
 2.299646 27.078764 10.878148
 2.312212 27.476571 52.115359
 2.324779 28.368087 88.218771
 2.337345 29.620415 106.263491
 2.349911 30.859755 82.431304
 2.362478 31.543790 26.075031
 2.375044 31.630853 -6.045547
 2.387610 31.492428 -14.838125
 2.400177 31.248635 -25.650023
 2.412743 30.855813 -35.759526
 2.425310 30.402013 -34.247726
 2.437876 30.035183 -23.425148
 2.450442 29.809008 -13.449313
 2.463009 29.665085 -10.818837
 2.475575 29.506073 -15.502198
 2.488141 29.256502 -24.840170
 2.500708 28.868714 -37.291725
 2.513274 28.315330 -50.559433
 2.525840 27.617920 -59.017847
 2.538407 26.882102 -55.700138
 2.550973 26.280366 -37.727117
 2.563540 25.984187 -7.832390
 2.576106 26.111820 28.790308
 2.588672 26.709401 65.591382
 2.601239 27.705226 88.439026
 2.613805 28.730525 63.382796
 2.626371 29.061569 -12.371282
 2.638938 28.601770 -50.196349
 2.651504 27.988847 -43.906254
 2.664071 27.509292 -34.111184
 2.676637 27.067972 -38.741081
 2.689203 26.507574 -49.839348
 2.701770 25.866116 -49.577729
 2.714336 25.318526 -36.122997
 2.726902 24.970512 -19.654590
 2.739469 24.799200 -9.005704
 2.752035 24.710326 -6.121950
 2.764602 24.639708 -4.495840
 2.777168 24.630818 4.841638
 2.789734 24.805460 24.398724
 2.802301 25.263280 48.246473
 2.814867 25.967319 59.141801
 2.827433 26.535541 19.629722
 2.840000 26.260122 -62.111477
 2.852566 25.215761 -92.608979
 2.865133 24.134747 -75.258603
 2.877699 23.368470 -46.537397
 2.890265 22.947581 -21.727333
 2.902832 22.784160 -5.884292
 2.915398 22.765240 1.820032
 2.927964 22.811476 4.948954
 2.940531 22.869775 3.171807
 2.953097 22.854909 -6.909731
 2.965663 22.683173 -19.665178
 2.978230 22.409496 -21.256675
 2.990796 22.210055 -8.795380
 3.003363 22.206477 7.773622
 3.015929 22.367154 15.357043
 3.028495 22.522410 6.798449
 3.041062 22.503070 -9.789670
 3.053628 22.310814 -18.731628
 3.066194 22.082868 -16.099141
 3.078761 21.918398 -10.687884
 3.091327 21.774047 -14.579745
 3.103894 21.501811 -29.768286
 3.116460 21.044518 -40.873722
 3.129026 20.540142 -36.965012
