#! FIELDS psi4 ffpsi4 dffpsi4_psi4
#! SET min_psi4 -pi
#! SET max_psi4 pi
#! SET nbins_psi4  100
#! SET periodic_psi4 true
 -3.141593 4.642533 16.753689
 -3.078761 5.793279 20.185056
 -3.015929 7.202429 24.285337
 -2.953097 8.752898 23.868856
 -2.890265 10.218321 24.045492
 -2.827433 11.932858 30.461228
 -2.764602 13.811402 23.888498
 -2.701770 14.500349 3.247936
 -2.638938 15.304491 26.379457
 -2.576106 17.432844 27.893740
 -2.513274 17.420625 -13.958832
 -2.450442 17.724945 29.375725
 -2.387610 21.225803 78.749813
 -2.324779 25.668888 38.795287
 -2.261947 26.722833 2.854001
 -2.199115 26.727335 4.784923
 -2.136283 27.546492 13.772763
 -2.073451 27.729657 -4.104369
 -2.010619 27.442342 -7.230437
 -1.947787 26.663748 -16.078394
 -1.884956 25.625923 -16.411857
 -1.822124 24.567983 -17.223153
 -1.759292 23.323080 -25.203843
 -1.696460 21.601462 -24.049953
 -1.633628 20.571280 -9.586444
 -1.570796 20.399491 3.785852
 -1.507964 20.498940 -6.935638
 -1.445133 19.489059 -20.700780
 -1.382301 18.226902 -19.349828
 -1.319469 16.850718 -26.490688
 -1.256637 15.033130 -28.411773
 -1.193805 13.480720 -20.934281
 -1.130973 12.308409 -17.118902
 -1.068142 11.255357 -17.874282
 -1.005310 9.920193 -23.497679
 -0.942478 8.536606 -20.078034
 -0.879646 7.305824 -19.703262
 -0.816814 6.088877 -18.414138
 -0.753982 5.044380 -14.853607
 -0.691150 4.188896 -12.519157
 -0.628319 3.491700 -9.483681
 -0.565487 2.992647 -6.781052
 -0.502655 2.580277 -6.534447
 -0.439823 2.204751 -5.070387
 -0.376991 1.981679 -1.865722
 -0.314159 1.956702 0.813724
 -0.251327 2.081899 3.126623
 -0.188496 2.317373 3.918073
 -0.125664 2.563606 4.238252
 -0.062832 2.887601 5.822980
 0.000000 3.242506 5.254788
 0.062832 3.572946 5.236448
 0.125664 3.868619 3.990032
 0.188496 4.100678 3.670552
 0.251327 4.374941 5.099245
 0.314159 4.678374 3.779460
 0.376991 4.833179 1.458552
 0.439823 4.896102 0.466213
 0.502655 4.889138 -0.483817
 0.565487 4.873008 -0.115135
 0.628319 4.856735 -0.552858
 0.691150 4.771940 -2.217570
 0.753982 4.657508 -0.727324
 0.816814 4.687457 1.057356
 0.879646 4.730001 0.351340
 0.942478 4.790749 1.776982
 1.005310 4.926256 2.273829
 1.068142 5.103630 3.630697
 1.130973 5.364787 4.279785
 1.193805 5.649377 4.971423
 1.256637 5.965593 4.523103
 1.319469 6.238785 5.096891
 1.382301 6.671857 8.040598
 1.445133 7.102650 4.750042
 1.507964 7.340221 4.564653
 1.570796 7.800746 8.611940
 1.633628 8.066349 -1.394483
 1.696460 7.863482 -2.794046
 1.759292 7.789585 -0.165865
 1.822124 7.737053 -2.494462
 1.884956 7.466248 -5.277370
 1.947787 7.115598 -6.402603
 2.010619 6.633611 -8.715324
 2.073451 6.022347 -11.224616
 2.136283 5.231751 -12.911124
 2.199115 4.514047 -9.969124
 2.261947 3.891455 -10.563094
 2.324779 3.178325 -11.665124
 2.387610 2.500189 -9.521120
 2.450442 1.987317 -7.137283
 2.513274 1.555471 -6.861412
 2.576106 1.142329 -5.874335
 2.638938 0.845491 -3.696969
 2.701770 0.683045 -1.248285
 2.764602 0.717581 2.460361
 2.827433 0.986460 5.739707
 2.890265 1.407105 7.678767
 2.953097 1.984503 10.722345
 3.015929 2.738861 13.120350
 3.078761 3.636499 15.259356
