#! FIELDS psi2 ffpsi2 dffpsi2_psi2
#! SET min_psi2 -pi
#! SET max_psi2 pi
#! SET nbins_psi2  100
#! SET periodic_psi2 true
 -3.141593 15.247739 45.853469
 -3.078761 18.072288 45.545603
 -3.015929 21.293042 55.993376
 -2.953097 24.776842 51.272642
 -2.890265 28.086465 58.824801
 -2.827433 32.615841 80.122601
 -2.764602 36.649572 35.899736
 -2.701770 38.752940 43.398977
 -2.638938 42.699201 71.656073
 -2.576106 44.485075 -2.097467
 -2.513274 45.737053 48.327230
 -2.450442 50.742995 111.016832
 -2.387610 59.687840 173.706433
 -2.324779 inf nan
 -2.261947 inf nan
 -2.199115 inf nan
 -2.136283 inf nan
 -2.073451 inf nan
 -2.010619 inf nan
 -1.947787 inf nan
 -1.884956 inf nan
 -1.822124 inf nan
 -1.759292 inf nan
 -1.696460 inf nan
 -1.633628 inf nan
 -1.570796 inf nan
 -1.507964 inf nan
 -1.445133 inf nan
 -1.382301 inf nan
 -1.319469 62.947937 -198.313390
 -1.256637 52.456991 -135.623788
 -1.193805 45.851846 -75.558504
 -1.130973 42.282865 -51.826279
 -1.068142 38.272335 -63.564483
 -1.005310 35.739101 -14.088194
 -0.942478 35.878481 0.084632
 -0.879646 33.706139 -62.659245
 -0.816814 28.144431 -101.494489
 -0.753982 22.969403 -57.512237
 -0.691150 21.043916 -4.541878
 -0.628319 22.171948 36.298256
 -0.565487 23.956805 0.499795
 -0.502655 22.673487 -27.978218
 -0.439823 20.907051 -27.423899
 -0.376991 19.317628 -24.162263
 -0.314159 17.722832 -26.582908
 -0.251327 16.143122 -21.675031
 -0.188496 15.097472 -12.972634
 -0.125664 14.298239 -12.556721
 -0.062832 13.632197 -8.471895
 0.000000 13.156217 -7.135160
 0.062832 12.765503 -4.943155
 0.125664 12.500734 -4.314944
 0.188496 12.183932 -5.426680
 0.251327 11.846294 -5.596692
 0.314159 11.449420 -6.973094
 0.376991 11.027908 -6.049880
 0.439823 10.669531 -5.960888
 0.502655 10.249321 -7.183696
 0.565487 9.816743 -6.352920
 0.628319 9.445328 -5.718950
 0.691150 9.091480 -5.446013
 0.753982 8.760542 -5.294108
 0.816814 8.431278 -4.904526
 0.879646 8.165546 -3.610897
 0.942478 7.988429 -1.900675
 1.005310 7.919373 -0.621419
 1.068142 7.866157 -1.404068
 1.130973 7.739150 -2.400262
 1.193805 7.597468 -2.235686
 1.256637 7.423839 -3.421771
 1.319469 7.181058 -4.267937
 1.382301 6.888405 -5.101452
 1.445133 6.531480 -6.387705
 1.507964 6.085526 -7.735946
 1.570796 5.569233 -8.753498
 1.633628 4.972338 -10.382794
 1.696460 4.266832 -11.900634
 1.759292 3.513574 -11.822057
 1.822124 2.813868 -10.181293
 1.884956 2.255091 -7.679454
 1.947787 1.835663 -5.735970
 2.010619 1.522603 -4.453026
 2.073451 1.248810 -4.508223
 2.136283 0.928098 -5.896213
 2.199115 0.507085 -7.440496
 2.261947 0.009338 -8.211499
 2.324779 -0.483126 -7.160403
 2.387610 -0.858969 -4.610656
 2.450442 -1.035652 -0.886341
 2.513274 -0.964148 3.089827
 2.576106 -0.650276 6.925495
 2.638938 -0.072616 11.576954
 2.701770 0.814079 16.522961
 2.764602 1.994148 20.887093
 2.827433 3.448246 25.371308
 2.890265 5.205440 30.558107
 2.953097 7.309465 36.053253
 3.015929 9.712947 39.838116
 3.078761 12.349782 44.145517
