#! FIELDS psi3 ffpsi3 dffpsi3_psi3
#! SET min_psi3 -pi
#! SET max_psi3 pi
#! SET nbins_psi3  100
#! SET periodic_psi3 true
 -3.141593 8.618168 16.916435
 -3.078761 9.746066 18.548329
 -3.015929 10.932422 19.263875
 -2.953097 12.207270 21.124260
 -2.890265 13.527624 20.343213
 -2.827433 14.805221 20.454143
 -2.764602 16.118265 22.286530
 -2.701770 17.803210 30.915257
 -2.638938 19.697602 26.523597
 -2.576106 21.019948 15.697867
 -2.513274 21.965001 16.530375
 -2.450442 22.924318 10.677551
 -2.387610 23.514732 12.455060
 -2.324779 24.533161 16.008862
 -2.261947 25.361493 13.609891
 -2.199115 26.413118 14.957815
 -2.136283 26.630000 -3.820351
 -2.073451 26.875837 13.431688
 -2.010619 27.713492 5.758504
 -1.947787 27.406591 -11.057280
 -1.884956 26.969155 -0.037068
 -1.822124 27.413491 12.115206
 -1.759292 27.774419 -9.484274
 -1.696460 26.472090 -19.162913
 -1.633628 26.292799 12.887123
 -1.570796 27.088789 0.096365
 -1.507964 26.165621 -20.582957
 -1.445133 24.874670 -24.492695
 -1.382301 22.776963 -39.294984
 -1.319469 20.409443 -34.926629
 -1.256637 18.281898 -33.830491
 -1.193805 16.146693 -33.522086
 -1.130973 14.164561 -29.182946
 -1.068142 12.442029 -26.147607
 -1.005310 10.850264 -24.732376
 -0.942478 9.323970 -23.554809
 -0.879646 7.927748 -20.847040
 -0.816814 6.691445 -18.698690
 -0.753982 5.553075 -17.635048
 -0.691150 4.484714 -16.267644
 -0.628319 3.514873 -14.542575
 -0.565487 2.668074 -12.483082
 -0.502655 1.926484 -11.200653
 -0.439823 1.268339 -9.648016
 -0.376991 0.729960 -7.462583
 -0.314159 0.327793 -5.296613
 -0.251327 0.084918 -2.380652
 -0.188496 0.010987 -0.244978
 -0.125664 0.043903 1.318387
 -0.062832 0.183113 3.062570
 0.000000 0.425742 4.584496
 0.062832 0.751486 5.586430
 0.125664 1.120408 6.182098
 0.188496 1.535070 6.846224
 0.251327 1.967383 6.831517
 0.314159 2.394864 6.637567
 0.376991 2.802875 6.433633
 0.439823 3.214233 6.426242
 0.502655 3.596183 5.831011
 0.565487 3.971042 5.946974
 0.628319 4.330441 5.503286
 0.691150 4.676785 5.467796
 0.753982 5.018053 5.294346
 0.816814 5.327871 4.382916
 0.879646 5.568337 3.335168
 0.942478 5.781430 3.642703
 1.005310 6.024763 3.820385
 1.068142 6.254129 3.601117
 1.130973 6.497354 4.062056
 1.193805 6.753493 3.979047
 1.256637 6.984613 3.072693
 1.319469 7.127303 1.627206
 1.382301 7.226442 1.567004
 1.445133 7.308102 0.859860
 1.507964 7.348273 0.535632
 1.570796 7.372361 0.036592
 1.633628 7.353458 -0.539362
 1.696460 7.309904 -1.046276
 1.759292 7.209510 -2.085017
 1.822124 7.062062 -2.662455
 1.884956 6.879921 -3.001256
 1.947787 6.708829 -2.419322
 2.010619 6.561091 -2.481695
 2.073451 6.398293 -2.634775
 2.136283 6.228691 -2.891526
 2.199115 6.033067 -3.321464
 2.261947 5.828961 -3.002311
 2.324779 5.656777 -2.775128
 2.387610 5.460680 -3.366356
 2.450442 5.264754 -2.775209
 2.513274 5.114812 -2.002552
 2.576106 5.016499 -1.209108
 2.638938 4.962896 -0.384610
 2.701770 4.990017 1.237963
 2.764602 5.114952 2.716549
 2.827433 5.336505 4.343708
 2.890265 5.684154 6.895132
 2.953097 6.213740 9.774523
 3.015929 6.882630 11.266301
 3.078761 7.652742 13.585545
