#! FIELDS psi2 ffpsi2 dffpsi2_psi2
#! SET min_psi2 -pi
#! SET max_psi2 pi
#! SET nbins_psi2  500
#! SET periodic_psi2 true
 -3.141593 55.128464 -177.579467
 -3.129026 52.975713 -165.041547
 -3.116460 50.980517 -152.503627
 -3.103894 49.142878 -139.965706
 -3.091327 47.439756 -128.070257
 -3.078761 45.907571 -115.799914
 -3.066194 44.528931 -103.638942
 -3.053628 43.297372 -91.832071
 -3.041062 42.216985 -80.168791
 -3.028495 41.277101 -69.062116
 -3.015929 40.476738 -58.433205
 -3.003363 39.805146 -48.610012
 -2.990796 39.250507 -39.868793
 -2.978230 38.797362 -32.503963
 -2.965663 38.426819 -26.750174
 -2.953097 38.117108 -22.719918
 -2.940531 37.849368 -20.090662
 -2.927964 37.608633 -18.299887
 -2.915398 37.388665 -16.600860
 -2.902832 37.193459 -14.282707
 -2.890265 37.032073 -11.089275
 -2.877699 36.916341 -7.106025
 -2.865133 36.853754 -2.855362
 -2.852566 36.840038 0.578444
 -2.840000 36.853599 1.540102
 -2.827433 36.859733 -1.288185
 -2.814867 36.798333 -9.229373
 -2.802301 36.605203 -21.682678
 -2.789734 36.242322 -35.454835
 -2.777168 35.720408 -46.591651
 -2.764602 35.088792 -53.084943
 -2.752035 34.401698 -55.375416
 -2.739469 33.706416 -54.726886
 -2.726902 33.030905 -52.427651
 -2.714336 32.390230 -49.343075
 -2.701770 31.790370 -46.020975
 -2.689203 31.232463 -42.720122
 -2.676637 30.714912 -39.608900
 -2.664071 30.235019 -36.737362
 -2.651504 29.789930 -34.076963
 -2.638938 29.377018 -31.605992
 -2.626371 28.994120 -29.281014
 -2.613805 28.639947 -27.058924
 -2.601239 28.312941 -24.951249
 -2.588672 28.011545 -22.988847
 -2.576106 27.733552 -21.234480
 -2.563540 27.476009 -19.758958
 -2.550973 27.234754 -18.644355
 -2.538407 27.005075 -17.935260
 -2.525840 26.781690 -17.642810
 -2.513274 26.559609 -17.714087
 -2.500708 26.334859 -18.041573
 -2.488141 26.105271 -18.464036
 -2.475575 25.870545 -18.831641
 -2.463009 25.632260 -19.017980
 -2.450442 25.393246 -18.953047
 -2.437876 25.156794 -18.606028
 -2.425310 24.926263 -18.015859
 -2.412743 24.704449 -17.232508
 -2.400177 24.493470 -16.313004
 -2.387610 24.294525 -15.323260
 -2.375044 24.108199 -14.315959
 -2.362478 23.934441 -13.343482
 -2.349911 23.772480 -12.433869
 -2.337345 23.621445 -11.604140
 -2.324779 23.480369 -10.844862
 -2.312212 23.348474 -10.136697
 -2.299646 23.225290 -9.452269
 -2.287079 23.110749 -8.765225
 -2.274513 23.005018 -8.057002
 -2.261947 22.908201 -7.336649
 -2.249380 22.820366 -6.643837
 -2.236814 22.740805 -6.038203
 -2.224248 22.667816 -5.612867
 -2.211681 22.598561 -5.451452
 -2.199115 22.529496 -5.586427
 -2.186548 22.457062 -5.971360
 -2.173982 22.378945 -6.468099
 -2.161416 22.294829 -6.893635
 -2.148849 22.206833 -7.062686
 -2.136283 22.118831 -6.882521
 -2.123717 22.035394 -6.350847
 -2.111150 21.960464 -5.550227
 -2.098584 21.896550 -4.609633
 -2.086018 21.844744 -3.654301
 -2.073451 21.804576 -2.766613
 -2.060885 21.774921 -1.981612
 -2.048318 21.754478 -1.296014
 -2.035752 21.742190 -0.679268
 -2.023186 21.737484 -0.090390
 -2.010619 21.740121 0.497896
 -1.998053 21.750173 1.088073
 -1.985487 21.767616 1.677176
 -1.972920 21.792291 2.238686
 -1.960354 21.823704 2.740053
 -1.947787 21.860959 3.145542
 -1.935221 21.902461 3.413639
 -1.922655 21.946256 3.491457
 -1.910088 21.989510 3.321111
 -1.897522 22.028800 2.858819
 -1.884956 22.060375 2.102824
 -1.872389 22.080860 1.101253
 -1.859823 22.087970 -0.004207
 -1.847256 22.081445 -1.019954
 -1.834690 22.063642 -1.776121
 -1.822124 22.038739 -2.146424
 -1.809557 22.011761 -2.108998
 -1.796991 21.987409 -1.747182
 -1.784425 21.968816 -1.217299
 -1.771858 21.957070 -0.700151
 -1.759292 21.950877 -0.336839
 -1.746726 21.947706 -0.232067
 -1.734159 21.944264 -0.372055
 -1.721593 21.937842 -0.680088
 -1.709026 21.927198 -1.034919
 -1.696460 21.912440 -1.306638
 -1.683894 21.895190 -1.426889
 -1.671327 21.877367 -1.398362
 -1.658761 21.860375 -1.304843
 -1.646195 21.844421 -1.258594
 -1.633628 21.828069 -1.377838
 -1.621062 21.808773 -1.739092
 -1.608495 21.783354 -2.362992
 -1.595929 21.748160 -3.242393
 -1.583363 21.700975 -4.294863
 -1.570796 21.639373 -5.510889
 -1.558230 21.561417 -6.889149
 -1.545664 21.464639 -8.508076
 -1.533097 21.344711 -10.496082
 -1.520531 21.197614 -12.886070
 -1.507964 21.017670 -15.723393
 -1.495398 20.799610 -18.954731
 -1.482832 20.538043 -22.553530
 -1.470265 20.229739 -26.363904
 -1.457699 19.869134 -30.462206
 -1.445133 19.457927 -34.504140
 -1.432566 18.998893 -38.233066
 -1.420000 18.488973 -41.931097
 -1.407434 17.936927 -45.244986
 -1.394867 17.345379 -48.314494
 -1.382301 16.716568 -51.234109
 -1.369734 16.051797 -54.027708
 -1.357168 15.353203 -56.556400
 -1.344602 14.626242 -58.517555
 -1.332035 13.878864 -59.672012
 -1.319469 13.123653 -59.815912
 -1.306903 12.374019 -58.943960
 -1.294336 11.639050 -57.375764
 -1.281770 10.928338 -55.314587
 -1.269203 10.244319 -53.157483
 -1.256637 9.586600 -51.188416
 -1.244071 8.951550 -49.610232
 -1.231504 8.333812 -48.497416
 -1.218938 7.727652 -47.804974
 -1.206372 7.128179 -47.403475
 -1.193805 6.532954 -47.090993
 -1.181239 5.942675 -46.636848
 -1.168672 5.359335 -45.925274
 -1.156106 4.787161 -44.871315
 -1.143540 4.230925 -43.462779
 -1.130973 3.694412 -41.778649
 -1.118407 3.180152 -39.939676
 -1.105841 2.689565 -38.052333
 -1.093274 2.222441 -36.222243
 -1.080708 1.777728 -34.504341
 -1.068142 1.353821 -32.911657
 -1.055575 0.949495 -31.394724
 -1.043009 0.564227 -29.876239
 -1.030442 0.198486 -28.275889
 -1.017876 -0.146295 -26.531786
 -1.005310 -0.468046 -24.620526
 -0.992743 -0.764827 -22.569020
 -0.980177 -1.035258 -20.439882
 -0.967611 -1.278786 -18.305594
 -0.955044 -1.495824 -16.235200
 -0.942478 -1.687478 -14.274000
 -0.929911 -1.855312 -12.445179
 -0.917345 -2.000959 -10.747410
 -0.904779 -2.126046 -9.174047
 -0.892212 -2.232055 -7.711623
 -0.879646 -2.320317 -6.349098
 -0.867080 -2.391991 -5.068767
 -0.854513 -2.447936 -3.844180
 -0.841947 -2.488631 -2.636577
 -0.829380 -2.514041 -1.403168
 -0.816814 -2.523540 -0.101314
 -0.804248 -2.516051 1.302193
 -0.791681 -2.490161 2.828492
 -0.779115 -2.444255 4.478398
 -0.766549 -2.376851 6.242593
 -0.753982 -2.286694 8.096401
 -0.741416 -2.172882 9.998713
 -0.728849 -2.035084 11.897746
 -0.716283 -1.873705 13.740076
 -0.703717 -1.689792 15.467126
 -0.691150 -1.485109 17.037044
 -0.678584 -1.261799 18.418578
 -0.666018 -1.022303 19.611314
 -0.653451 -0.768918 20.634935
 -0.640885 -0.503479 21.520541
 -0.628319 -0.227434 22.315983
 -0.615752 0.058326 23.066292
 -0.603186 0.353441 23.803882
 -0.590619 0.657980 24.543938
 -0.578053 0.971978 25.310372
 -0.565487 1.295839 26.104050
 -0.552920 1.629901 26.926241
 -0.540354 1.974680 27.752737
 -0.527788 2.329761 28.589263
 -0.515221 2.695231 29.367142
 -0.502655 3.069818 30.052115
 -0.490088 3.452199 30.570340
 -0.477522 3.840001 30.893996
 -0.464956 4.230646 31.024246
 -0.452389 4.621713 31.002596
 -0.439823 5.012134 30.853118
 -0.427257 5.400393 30.703085
 -0.414690 5.787084 30.593118
 -0.402124 6.173060 30.570275
 -0.389557 6.559233 30.671725
 -0.376991 6.947427 30.861904
 -0.364425 7.338812 31.123544
 -0.351858 7.733831 31.459478
 -0.339292 8.133143 31.813303
 -0.326726 8.536453 32.113545
 -0.314159 8.943180 32.215449
 -0.301593 9.349341 32.117310
 -0.289027 9.752337 31.731019
 -0.276460 10.149036 31.114647
 -0.263894 10.537724 30.454813
 -0.251327 10.919399 30.020285
 -0.238761 11.298001 30.071733
 -0.226195 11.681159 30.667279
 -0.213628 12.074831 31.833827
 -0.201062 12.485906 33.283158
 -0.188496 12.915534 34.778734
 -0.175929 13.362091 35.957124
 -0.163363 13.820082 36.464427
 -0.150796 14.278895 36.163206
 -0.138230 14.729553 34.892798
 -0.125664 15.158927 33.031938
 -0.113097 15.561935 30.882316
 -0.100531 15.938456 28.893042
 -0.087965 16.293865 27.543838
 -0.075398 16.638471 27.221381
 -0.062832 16.986367 28.116457
 -0.050265 17.355033 30.081239
 -0.037699 17.753411 33.283658
 -0.025133 18.197771 37.085096
 -0.012566 18.691258 41.247127
 0.000000 19.237000 45.079244
 0.012566 19.825516 48.193168
 0.025133 20.445588 49.992982
 0.037699 21.078851 50.278204
 0.050265 21.707110 49.221121
 0.062832 22.317486 47.366313
 0.075398 22.903312 45.510732
 0.087965 23.469022 44.029420
 0.100531 24.019060 43.030716
 0.113097 24.557347 42.212148
 0.125664 25.084382 41.162369
 0.138230 25.598758 39.589531
 0.150796 26.094808 37.790851
 0.163363 26.567821 36.340562
 0.175929 27.020366 35.402427
 0.188496 27.460785 34.503924
 0.201062 27.888322 33.188703
 0.213628 28.294319 31.072101
 0.226195 28.666320 27.901788
 0.238761 28.992011 23.703911
 0.251327 29.266920 18.578107
 0.263894 29.472962 14.217011
 0.276460 29.627379 10.269163
 0.289027 29.736657 7.192740
 0.301593 29.812308 4.979224
 0.314159 29.865264 3.505354
 0.326726 29.904965 2.613897
 0.339292 29.936540 2.265921
 0.351858 29.964872 2.246052
 0.364425 29.993463 2.145033
 0.376991 30.018886 1.840136
 0.389557 30.037649 1.017757
 0.402124 30.042065 -0.429670
 0.414690 30.024607 -2.448923
 0.427257 29.979675 -4.736523
 0.439823 29.906707 -6.870193
 0.452389 29.810061 -8.419534
 0.464956 29.698871 -9.159024
 0.477522 29.583634 -9.061789
 0.490088 29.474253 -8.278930
 0.502655 29.378170 -6.951994
 0.515221 29.301367 -5.230013
 0.527788 29.248493 -3.158342
 0.540354 29.223889 -0.695419
 0.552920 29.232759 2.168777
 0.565487 29.280208 5.382020
 0.578053 29.369603 8.853149
 0.590619 29.502941 12.325513
 0.603186 29.678439 15.505895
 0.615752 29.890585 18.121925
 0.628319 30.130845 19.957832
 0.640885 30.389041 20.999990
 0.653451 30.656470 21.431189
 0.666018 30.927644 21.685031
 0.678584 31.203304 22.233737
 0.691150 31.489873 23.422432
 0.703717 31.796752 25.409198
 0.716283 32.132757 28.096682
 0.728849 32.504778 31.063080
 0.741416 32.913041 33.778389
 0.753982 33.352101 35.564225
 0.766549 33.806276 36.036313
 0.779115 34.256023 35.044302
 0.791681 34.683884 32.723521
 0.804248 35.077342 29.629132
 0.816814 35.431690 26.554753
 0.829380 35.750646 24.233255
 0.841947 36.047488 22.955696
 0.854513 36.335736 23.059387
 0.867080 36.634913 24.561432
 0.879646 36.964122 27.577535
 0.892212 37.340977 32.330421
 0.904779 37.786464 38.705048
 0.917345 38.322752 46.342160
 0.929911 38.962120 55.261600
 0.942478 39.718265 65.211333
 0.955044 40.603930 75.846775
 0.967611 41.626693 87.006237
 0.980177 42.792260 98.554672
 0.992743 44.115305 110.011387
 1.005310 45.574099 122.181575
 1.017876 47.215676 133.714748
 1.030442 48.974763 146.252668
 1.043009 50.891407 158.790589
 1.055575 52.965606 171.328509
 1.068142 55.197362 183.866429
 1.080708 inf nan
 1.093274 inf nan
 1.105841 inf nan
 1.118407 inf nan
 1.130973 inf nan
 1.143540 inf nan
 1.156106 inf nan
 1.168672 inf nan
 1.181239 inf nan
 1.193805 inf nan
 1.206372 inf nan
 1.218938 inf nan
 1.231504 inf nan
 1.244071 inf nan
 1.256637 inf nan
 1.269203 inf nan
 1.281770 inf nan
 1.294336 inf nan
 1.306903 inf nan
 1.319469 inf nan
 1.332035 inf nan
 1.344602 inf nan
 1.357168 inf nan
 1.369734 inf nan
 1.382301 inf nan
 1.394867 inf nan
 1.407434 inf nan
 1.420000 inf nan
 1.432566 inf nan
 1.445133 inf nan
 1.457699 inf nan
 1.470265 inf nan
 1.482832 inf nan
 1.495398 inf nan
 1.507964 inf nan
 1.520531 inf nan
 1.533097 inf nan
 1.545664 inf nan
 1.558230 inf nan
 1.570796 inf nan
 1.583363 inf nan
 1.595929 inf nan
 1.608495 inf nan
 1.621062 inf nan
 1.633628 inf nan
 1.646195 inf nan
 1.658761 inf nan
 1.671327 inf nan
 1.683894 inf nan
 1.696460 inf nan
 1.709026 inf nan
 1.721593 inf nan
 1.734159 inf nan
 1.746726 inf nan
 1.759292 inf nan
 1.771858 inf nan
 1.784425 inf nan
 1.796991 inf nan
 1.809557 inf nan
 1.822124 inf nan
 1.834690 inf nan
 1.847256 inf nan
 1.859823 inf nan
 1.872389 inf nan
 1.884956 inf nan
 1.897522 inf nan
 1.910088 inf nan
 1.922655 inf nan
 1.935221 inf nan
 1.947787 inf nan
 1.960354 inf nan
 1.972920 inf nan
 1.985487 inf nan
 1.998053 inf nan
 2.010619 inf nan
 2.023186 inf nan
 2.035752 inf nan
 2.048318 inf nan
 2.060885 inf nan
 2.073451 inf nan
 2.086018 inf nan
 2.098584 inf nan
 2.111150 inf nan
 2.123717 inf nan
 2.136283 inf nan
 2.148849 inf nan
 2.161416 inf nan
 2.173982 inf nan
 2.186548 inf nan
 2.199115 inf nan
 2.211681 inf nan
 2.224248 inf nan
 2.236814 inf nan
 2.249380 inf nan
 2.261947 inf nan
 2.274513 inf nan
 2.287079 inf nan
 2.299646 inf nan
 2.312212 inf nan
 2.324779 inf nan
 2.337345 inf nan
 2.349911 inf nan
 2.362478 inf nan
 2.375044 inf nan
 2.387610 inf nan
 2.400177 inf nan
 2.412743 inf nan
 2.425310 inf nan
 2.437876 inf nan
 2.450442 inf nan
 2.463009 inf nan
 2.475575 inf nan
 2.488141 inf nan
 2.500708 inf nan
 2.513274 inf nan
 2.525840 inf nan
 2.538407 inf nan
 2.550973 inf nan
 2.563540 inf nan
 2.576106 inf nan
 2.588672 inf nan
 2.601239 inf nan
 2.613805 inf nan
 2.626371 inf nan
 2.638938 inf nan
 2.651504 inf nan
 2.664071 inf nan
 2.676637 inf nan
 2.689203 inf nan
 2.701770 inf nan
 2.714336 inf nan
 2.726902 inf nan
 2.739469 inf nan
 2.752035 inf nan
 2.764602 inf nan
 2.777168 inf nan
 2.789734 inf nan
 2.802301 inf nan
 2.814867 inf nan
 2.827433 inf nan
 2.840000 inf nan
 2.852566 inf nan
 2.865133 inf nan
 2.877699 inf nan
 2.890265 inf nan
 2.902832 inf nan
 2.915398 inf nan
 2.927964 inf nan
 2.940531 inf nan
 2.953097 inf nan
 2.965663 inf nan
 2.978230 inf nan
 2.990796 inf nan
 3.003363 inf nan
 3.015929 inf nan
 3.028495 inf nan
 3.041062 inf nan
 3.053628 inf nan
 3.066194 inf nan
 3.078761 inf nan
 3.091327 inf nan
 3.103894 inf nan
 3.116460 inf nan
 3.129026 57.438771 -190.117388
