#! FIELDS psi3 ffpsi3 dffpsi3_psi3
#! SET min_psi3 -pi
#! SET max_psi3 pi
#! SET nbins_psi3  100
#! SET periodic_psi3 true
 -3.141593 9.250930 -6.953133
 -3.078761 8.844630 1.251724
 -3.015929 9.944351 33.615124
 -2.953097 12.360347 33.190205
 -2.890265 13.752655 17.601850
 -2.827433 15.173875 27.006545
 -2.764602 16.688735 17.441593
 -2.701770 17.408204 8.839030
 -2.638938 18.149361 14.775176
 -2.576106 19.102379 14.938081
 -2.513274 20.020738 12.824861
 -2.450442 20.594984 6.871798
 -2.387610 20.998608 3.429011
 -2.324779 20.571181 -18.188733
 -2.261947 19.115229 -22.374206
 -2.199115 18.354479 -0.143022
 -2.136283 18.786898 7.779620
 -2.073451 18.801941 -6.187997
 -2.010619 18.300255 -9.324099
 -1.947787 17.586691 -13.372110
 -1.884956 16.813450 -8.522989
 -1.822124 16.685873 2.962490
 -1.759292 16.734249 -4.639506
 -1.696460 16.266390 -6.248501
 -1.633628 16.067986 -1.504546
 -1.570796 16.093012 2.804332
 -1.507964 16.340617 4.141898
 -1.445133 16.047400 -22.425720
 -1.382301 13.632317 -42.690685
 -1.319469 11.806007 -11.572146
 -1.256637 12.112928 15.677808
 -1.193805 12.572550 -7.672955
 -1.130973 11.064231 -39.603936
 -1.068142 8.337724 -38.239822
 -1.005310 6.830335 -10.091456
 -0.942478 6.660502 0.855333
 -0.879646 6.680506 -2.031483
 -0.816814 6.116429 -16.692874
 -0.753982 4.832222 -20.835200
 -0.691150 3.814890 -9.988333
 -0.628319 3.666747 4.169828
 -0.565487 3.869518 -1.751502
 -0.502655 3.558438 -5.233165
 -0.439823 3.112103 -12.054586
 -0.376991 1.994423 -20.997792
 -0.314159 1.014330 -5.281312
 -0.251327 1.599809 20.964995
 -0.188496 2.442050 -4.414012
 -0.125664 1.566148 -12.667534
 -0.062832 1.279386 -0.432625
 0.000000 0.891329 -13.054032
 0.062832 -0.054937 -12.834026
 0.125664 -0.260407 7.702085
 0.188496 0.747125 20.859236
 0.251327 1.860258 10.934856
 0.314159 1.915811 -7.078101
 0.376991 1.627388 1.831254
 0.439823 2.120289 10.511130
 0.502655 2.504879 -0.421910
 0.565487 2.322996 -0.099417
 0.628319 2.901860 17.059277
 0.691150 3.675563 1.664313
 0.753982 3.373478 -7.598227
 0.816814 2.773032 -9.853127
 0.879646 2.679429 9.787772
 0.942478 3.859664 23.807585
 1.005310 5.271492 19.030503
 1.068142 5.839390 -4.088153
 1.130973 5.124779 -12.473197
 1.193805 4.794726 2.291886
 1.256637 5.069285 4.639637
 1.319469 5.744958 20.333348
 1.382301 7.428515 26.298860
 1.445133 8.291528 1.720628
 1.507964 8.171910 -3.330907
 1.570796 8.048208 1.199192
 1.633628 8.160843 -3.986251
 1.696460 7.206385 -21.198884
 1.759292 6.014035 -16.013060
 1.822124 5.268832 -6.334859
 1.884956 5.326490 6.960266
 1.947787 5.433893 -10.768661
 2.010619 4.591054 -4.288897
 2.073451 5.424305 25.665373
 2.136283 6.316306 -1.949415
 2.199115 6.076903 -4.449145
 2.261947 5.294734 -17.022011
 2.324779 4.828015 5.305341
 2.387610 5.775392 19.668577
 2.450442 6.389819 -3.146072
 2.513274 6.127251 0.133346
 2.576106 6.235109 -1.420521
 2.638938 5.636300 -16.108307
 2.701770 4.925835 -1.086814
 2.764602 5.559129 17.119312
 2.827433 6.541911 12.875126
 2.890265 7.218164 7.460187
 2.953097 7.459351 3.853919
 3.015929 8.133788 16.844112
 3.078761 9.115534 10.946309
