#! FIELDS phi2 ffphi2 dffphi2_phi2
#! SET min_phi2 -pi
#! SET max_phi2 pi
#! SET nbins_phi2  100
#! SET periodic_phi2 true
 -3.141593 17.310624 23.267639
 -3.078761 15.705185 -56.274518
 -3.015929 12.415956 -46.388383
 -2.953097 9.577789 -45.603740
 -2.890265 7.006864 -32.320839
 -2.827433 5.566787 -16.961486
 -2.764602 4.465323 -17.961400
 -2.701770 3.529674 -11.303821
 -2.638938 2.953712 -7.628854
 -2.576106 2.509434 -7.634632
 -2.513274 1.954733 -8.855996
 -2.450442 1.528167 -4.366840
 -2.387610 1.376989 -1.741693
 -2.324779 1.170778 -3.896209
 -2.261947 1.131270 3.111467
 -2.199115 1.402828 4.119683
 -2.136283 1.615089 2.445513
 -2.073451 1.659448 -0.437291
 -2.010619 1.781367 5.115854
 -1.947787 2.156442 5.348491
 -1.884956 2.494693 6.036133
 -1.822124 2.796355 1.815846
 -1.759292 2.679981 -4.497612
 -1.696460 2.413763 -3.204059
 -1.633628 2.248359 -2.875623
 -1.570796 1.976448 -5.951923
 -1.507964 1.563324 -6.603324
 -1.445133 1.162469 -6.277883
 -1.382301 0.811706 -4.476978
 -1.319469 0.598153 -2.651547
 -1.256637 0.470350 -1.268305
 -1.193805 0.470481 1.518439
 -1.130973 0.681034 5.069304
 -1.068142 1.103650 8.354493
 -1.005310 1.739068 12.324305
 -0.942478 2.720670 18.422204
 -0.879646 3.948963 20.443072
 -0.816814 5.314344 22.600630
 -0.753982 6.846339 27.584981
 -0.691150 8.915097 37.048173
 -0.628319 11.199563 34.296538
 -0.565487 13.431804 37.307738
 -0.502655 15.699127 33.089263
 -0.439823 17.900817 39.842067
 -0.376991 20.662930 41.625497
 -0.314159 22.336488 11.603362
 -0.251327 23.021787 16.845977
 -0.188496 24.830211 39.186762
 -0.125664 27.342325 35.895885
 -0.062832 28.913987 8.646112
 0.000000 28.924919 2.169742
 0.062832 29.780298 22.624467
 0.125664 30.334783 -14.740952
 0.188496 29.136756 -15.802100
 0.251327 28.105019 -19.228360
 0.314159 26.646023 -28.186418
 0.376991 24.900509 -22.947726
 0.439823 23.824849 -15.189543
 0.502655 22.567373 -23.306835
 0.565487 21.369294 -13.248831
 0.628319 20.635352 -13.577933
 0.691150 19.699210 -12.969709
 0.753982 19.210750 -3.240344
 0.816814 19.159293 1.111172
 0.879646 19.368754 5.887755
 0.942478 19.919093 11.821180
 1.005310 20.967417 22.833958
 1.068142 22.819698 33.766149
 1.130973 24.891473 33.255262
 1.193805 27.420805 46.240876
 1.256637 30.169534 40.205249
 1.319469 33.326821 66.671276
 1.382301 39.186385 120.834567
 1.445133 48.717377 180.847843
 1.507964 inf nan
 1.570796 inf nan
 1.633628 inf nan
 1.696460 inf nan
 1.759292 inf nan
 1.822124 inf nan
 1.884956 inf nan
 1.947787 inf nan
 2.010619 inf nan
 2.073451 inf nan
 2.136283 inf nan
 2.199115 inf nan
 2.261947 inf nan
 2.324779 inf nan
 2.387610 inf nan
 2.450442 inf nan
 2.513274 inf nan
 2.576106 inf nan
 2.638938 inf nan
 2.701770 inf nan
 2.764602 inf nan
 2.827433 42.496751 -224.839304
 2.890265 30.149236 -167.675116
 2.953097 21.480342 -107.921633
 3.015929 16.613941 -46.915787
 3.078761 15.549199 11.884197
