#! FIELDS phi2 ffphi2 dffphi2_phi2
#! SET min_phi2 -pi
#! SET max_phi2 pi
#! SET nbins_phi2  100
#! SET periodic_phi2 true
 -3.141593 14.032492 -45.191678
 -3.078761 11.337761 -40.850568
 -3.015929 8.957968 -34.006171
 -2.953097 7.130430 -24.369872
 -2.890265 5.758937 -20.844709
 -2.827433 4.430224 -20.807265
 -2.764602 3.296558 -14.035430
 -2.701770 2.680934 -6.944644
 -2.638938 2.339264 -2.929951
 -2.576106 2.315063 -0.407598
 -2.513274 1.963672 -10.035021
 -2.450442 1.490163 -2.239607
 -2.387610 1.786201 10.937235
 -2.324779 2.563510 10.451321
 -2.261947 3.022690 6.122019
 -2.199115 3.462622 7.391338
 -2.136283 3.979245 9.920069
 -2.073451 4.591043 6.136729
 -2.010619 4.583339 -3.744448
 -1.947787 4.470288 0.493687
 -1.884956 4.546524 1.235986
 -1.822124 4.552699 -1.989591
 -1.759292 4.205456 -9.151510
 -1.696460 3.487531 -12.730784
 -1.633628 2.684361 -13.066114
 -1.570796 1.759382 -16.080204
 -1.507964 0.891443 -10.378321
 -1.445133 0.299163 -10.293094
 -1.382301 -0.291494 -6.324668
 -1.319469 -0.476758 -0.960871
 -1.256637 -0.409009 4.328962
 -1.193805 0.050695 8.536389
 -1.130973 0.529090 7.190695
 -1.068142 1.145068 13.727603
 -1.005310 2.279616 21.462824
 -0.942478 3.771257 25.617029
 -0.879646 5.366830 23.630893
 -0.816814 6.773556 22.063280
 -0.753982 8.250748 25.463501
 -0.691150 10.079754 32.907622
 -0.628319 12.276723 34.779081
 -0.565487 14.287584 29.093086
 -0.502655 16.094188 29.262392
 -0.439823 18.021222 30.918462
 -0.376991 19.796056 24.643241
 -0.314159 21.275227 23.745856
 -0.251327 22.832424 24.804284
 -0.188496 24.268771 19.433906
 -0.125664 25.203787 11.601606
 -0.062832 26.008003 13.479620
 0.000000 26.360622 -6.732120
 0.062832 25.469491 -15.922094
 0.125664 24.554357 -15.697469
 0.188496 23.336957 -21.452730
 0.251327 21.984954 -22.400202
 0.314159 20.411935 -27.728977
 0.376991 18.567881 -30.559919
 0.439823 16.587984 -32.045621
 0.502655 14.580556 -32.251406
 0.565487 12.494052 -33.653827
 0.628319 10.468084 -30.029730
 0.691150 8.772359 -24.150187
 0.753982 7.331521 -22.469381
 0.816814 5.969202 -20.066241
 0.879646 4.911731 -12.985091
 0.942478 4.378633 -4.053783
 1.005310 4.370584 3.563670
 1.068142 4.760799 7.994906
 1.130973 5.402015 13.668355
 1.193805 6.559191 22.621909
 1.256637 8.198956 29.777893
 1.319469 10.361540 38.742392
 1.382301 13.042847 46.434196
 1.445133 16.318046 57.863920
 1.507964 20.310963 66.496357
 1.570796 24.519504 65.389907
 1.633628 28.846933 71.072008
 1.696460 33.839582 89.419779
 1.759292 40.912198 132.147765
 1.822124 inf nan
 1.884956 inf nan
 1.947787 inf nan
 2.010619 inf nan
 2.073451 inf nan
 2.136283 inf nan
 2.199115 inf nan
 2.261947 inf nan
 2.324779 inf nan
 2.387610 inf nan
 2.450442 inf nan
 2.513274 inf nan
 2.576106 inf nan
 2.638938 57.141302 -220.430457
 2.701770 44.893394 -164.680856
 2.764602 36.216213 -112.682901
 2.827433 30.537633 -70.076309
 2.890265 26.952670 -49.985091
 2.953097 23.641558 -55.180682
 3.015929 20.282740 -51.612069
 3.078761 17.058345 -50.710087
