#! FIELDS phi4 ffphi4 dffphi4_phi4
#! SET min_phi4 -pi
#! SET max_phi4 pi
#! SET nbins_phi4  100
#! SET periodic_phi4 true
 -3.141593 13.450854 -54.949649
 -3.078761 10.140149 -46.878565
 -3.015929 7.751445 -31.375661
 -2.953097 5.610683 -38.884984
 -2.890265 3.333325 -28.761748
 -2.827433 2.169266 -10.249114
 -2.764602 1.657856 -8.110544
 -2.701770 1.010600 -13.652705
 -2.638938 0.070511 -12.877647
 -2.576106 -0.340020 -0.519236
 -2.513274 -0.185972 4.281969
 -2.450442 0.253258 10.423613
 -2.387610 0.991049 10.543673
 -2.324779 1.404086 3.154211
 -2.261947 1.616268 5.246995
 -2.199115 2.052479 6.846829
 -2.136283 2.371126 3.928119
 -2.073451 2.647067 4.983912
 -2.010619 2.957678 4.317134
 -1.947787 3.082533 -1.424590
 -1.884956 2.883352 -2.635837
 -1.822124 2.848301 0.406661
 -1.759292 2.807276 -2.379965
 -1.696460 2.504988 -6.320027
 -1.633628 2.221161 -2.843565
 -1.570796 1.974823 -4.840621
 -1.507964 1.783114 -1.230906
 -1.445133 1.636294 -4.919755
 -1.382301 1.276737 -3.670650
 -1.319469 1.364492 5.221161
 -1.256637 1.685510 4.534816
 -1.193805 2.104738 10.362978
 -1.130973 3.057486 19.286069
 -1.068142 4.363448 20.595553
 -1.005310 5.550629 18.042232
 -0.942478 6.887266 25.314716
 -0.879646 8.565038 25.273535
 -0.816814 10.021042 23.627596
 -0.753982 11.868049 35.030931
 -0.691150 14.147050 34.648554
 -0.628319 16.219757 33.490792
 -0.565487 18.655254 43.420964
 -0.502655 21.365073 39.936563
 -0.439823 23.706826 35.107233
 -0.376991 25.892361 34.411426
 -0.314159 28.043297 33.042941
 -0.251327 30.031220 30.279219
 -0.188496 31.901250 28.745290
 -0.125664 33.587329 24.037913
 -0.062832 34.904797 17.564847
 0.000000 35.762632 9.311161
 0.062832 36.092670 0.773253
 0.125664 35.760673 -11.830590
 0.188496 34.587241 -26.001404
 0.251327 32.586204 -35.321182
 0.314159 30.331661 -37.024223
 0.376991 27.814489 -42.607424
 0.439823 25.224243 -38.141247
 0.502655 22.967753 -35.711498
 0.565487 20.609748 -38.734196
 0.628319 18.138442 -40.238997
 0.691150 15.613956 -38.955323
 0.753982 13.279777 -35.932557
 0.816814 11.132269 -30.643867
 0.879646 9.639391 -16.978290
 0.942478 8.743786 -13.213571
 1.005310 8.103083 -5.450801
 1.068142 8.042990 2.501223
 1.130973 8.413631 9.709285
 1.193805 9.270289 17.655084
 1.256637 10.719151 29.459335
 1.319469 13.018597 42.095863
 1.382301 15.744604 44.052944
 1.445133 18.840326 55.196794
 1.507964 22.650025 63.532882
 1.570796 26.743946 64.233775
 1.633628 30.755894 61.786482
 1.696460 34.832841 67.136655
 1.759292 39.274342 69.881478
 1.822124 43.493296 60.706567
 1.884956 47.145877 54.543862
 1.947787 50.478471 49.799351
 2.010619 53.396854 41.765633
 2.073451 55.700130 30.026527
 2.136283 57.175418 16.761964
 2.199115 57.860389 4.899522
 2.261947 57.774659 -7.973261
 2.324779 56.829229 -22.359126
 2.387610 54.999288 -35.020077
 2.450442 52.578973 -41.246648
 2.513274 49.757395 -49.467438
 2.576106 46.386776 -57.053086
 2.638938 42.573607 -64.414342
 2.701770 38.488853 -62.923176
 2.764602 34.834688 -54.360823
 2.827433 31.342263 -58.624311
 2.890265 27.493489 -62.702108
 2.953097 23.635463 -58.780423
 3.015929 20.117417 -53.929129
 3.078761 16.800160 -52.114671
