#! FIELDS psi4 ffpsi4 dffpsi4_psi4
#! SET min_psi4 -pi
#! SET max_psi4 pi
#! SET nbins_psi4  100
#! SET periodic_psi4 true
 -3.141593 3.690696 -3.106063
 -3.078761 4.810599 41.107978
 -3.015929 8.575363 70.087585
 -2.953097 12.187482 41.796608
 -2.890265 13.907228 4.156068
 -2.827433 13.208114 -9.175754
 -2.764602 13.809561 27.632639
 -2.701770 16.112078 41.138462
 -2.638938 18.402058 17.928290
 -2.576106 16.920813 -54.060362
 -2.513274 13.912049 -29.378187
 -2.450442 13.868728 29.166610
 -2.387610 17.470346 80.642031
 -2.324779 22.049423 50.281375
 -2.261947 25.283431 62.134157
 -2.199115 29.694656 61.116394
 -2.136283 28.185264 -81.230352
 -2.073451 24.487902 -32.031501
 -2.010619 23.496660 -14.426627
 -1.947787 21.915482 -21.446413
 -1.884956 22.165436 32.211960
 -1.822124 25.364672 44.566137
 -1.759292 24.585105 -33.971682
 -1.696460 23.668707 1.790218
 -1.633628 23.130488 -31.633747
 -1.570796 20.024769 -57.730627
 -1.507964 16.994920 -34.996631
 -1.445133 15.421642 -17.388554
 -1.382301 14.713682 -11.881484
 -1.319469 12.594466 -46.876801
 -1.256637 10.537618 -15.768297
 -1.193805 10.205265 1.108040
 -1.130973 10.524900 8.014107
 -1.068142 10.575812 -12.023772
 -1.005310 9.307654 -22.332586
 -0.942478 8.054703 -18.603744
 -0.879646 6.798504 -20.745715
 -0.816814 5.744564 -11.684836
 -0.753982 5.092051 -12.055705
 -0.691150 4.247293 -11.988870
 -0.628319 3.770428 -4.238325
 -0.565487 3.469659 -6.559208
 -0.502655 2.992157 -7.640755
 -0.439823 2.535542 -7.554866
 -0.376991 2.045930 -6.601233
 -0.314159 1.890480 1.867141
 -0.251327 2.156927 5.195708
 -0.188496 2.474032 4.740371
 -0.125664 2.638608 -0.203242
 -0.062832 2.665969 3.811639
 0.000000 3.187960 10.401115
 0.062832 3.592909 1.848787
 0.125664 3.746876 5.445831
 0.188496 4.199015 6.289656
 0.251327 4.433587 2.966020
 0.314159 4.794568 8.151623
 0.376991 5.166035 1.115141
 0.439823 4.952046 -5.572485
 0.502655 4.786110 1.524317
 0.565487 5.024386 3.685483
 0.628319 5.096340 -1.115313
 0.691150 5.027182 0.486816
 0.753982 5.219660 3.934130
 0.816814 5.323375 0.047162
 0.879646 5.379690 1.273298
 0.942478 5.371793 -0.950508
 1.005310 5.468059 4.132980
 1.068142 5.646827 0.682649
 1.130973 5.839237 7.227721
 1.193805 6.373533 7.333711
 1.256637 6.736822 4.573474
 1.319469 6.868445 0.293858
 1.382301 7.165857 11.091818
 1.445133 7.892613 5.589503
 1.507964 7.802994 -1.848395
 1.570796 8.221596 14.079099
 1.633628 8.896084 2.175548
 1.696460 8.721046 -2.165986
 1.759292 8.985432 9.068349
 1.822124 9.074257 -12.801566
 1.884956 7.833822 -18.012493
 1.947787 7.221158 -3.593722
 2.010619 6.924554 -8.157667
 2.073451 6.212410 -13.039279
 2.136283 5.434525 -11.998082
 2.199115 4.497068 -20.725522
 2.261947 2.776856 -27.485519
 2.324779 1.999422 5.435911
 2.387610 2.839751 9.295731
 2.450442 2.444514 -16.392254
 2.513274 1.263802 -20.907703
 2.576106 0.096611 -12.041860
 2.638938 -0.008607 6.781791
 2.701770 0.503749 7.250252
 2.764602 0.836578 2.984735
 2.827433 0.999298 4.495426
 2.890265 1.550237 13.089379
 2.953097 2.705319 23.261693
 3.015929 4.104508 16.623399
 3.078761 4.364224 -8.905642
