#! FIELDS psi4 ffpsi4 dffpsi4_psi4
#! SET min_psi4 -pi
#! SET max_psi4 pi
#! SET nbins_psi4  100
#! SET periodic_psi4 true
 -3.141593 4.686737 21.466299
 -3.078761 6.319961 30.219120
 -3.015929 8.104040 24.463272
 -2.953097 9.714406 29.917202
 -2.890265 11.973619 38.748303
 -2.827433 13.517335 4.550962
 -2.764602 13.724079 11.017677
 -2.701770 14.850244 19.088742
 -2.638938 16.114084 27.620152
 -2.576106 18.573646 37.606752
 -2.513274 18.467040 -23.177094
 -2.450442 18.298782 22.321949
 -2.387610 21.037507 56.943483
 -2.324779 23.939504 27.824207
 -2.261947 23.724431 -35.425585
 -2.199115 21.318447 -33.245436
 -2.136283 19.777890 -13.348206
 -2.073451 20.010925 21.499128
 -2.010619 21.842083 22.297868
 -1.947787 21.080992 -35.391463
 -1.884956 19.431799 -13.324817
 -1.822124 18.894307 -10.219997
 -1.759292 17.991519 -14.224774
 -1.696460 17.651804 3.512572
 -1.633628 17.717155 -7.220549
 -1.570796 16.918039 -14.980874
 -1.507964 16.027106 -11.629408
 -1.445133 15.654968 -0.356304
 -1.382301 15.521367 -11.015027
 -1.319469 13.882951 -35.011026
 -1.256637 11.995442 -22.837182
 -1.193805 10.898900 -13.760661
 -1.130973 10.040003 -15.925322
 -1.068142 8.863710 -18.183092
 -1.005310 8.186841 -3.179074
 -0.942478 7.893756 -11.324777
 -0.879646 7.005951 -12.289378
 -0.816814 6.405464 -9.020090
 -0.753982 5.736377 -12.350820
 -0.691150 4.808245 -17.569048
 -0.628319 3.685075 -15.276416
 -0.565487 3.091144 -5.341729
 -0.502655 2.569029 -11.872292
 -0.439823 2.058405 -2.146621
 -0.376991 2.012621 -2.042258
 -0.314159 2.002365 4.199615
 -0.251327 2.372891 4.185126
 -0.188496 2.577936 5.349619
 -0.125664 3.105444 9.543303
 -0.062832 3.647128 7.206687
 0.000000 3.786652 -4.480420
 0.062832 3.328569 -5.951601
 0.125664 3.384504 7.664556
 0.188496 4.000582 10.164930
 0.251327 4.721050 11.191590
 0.314159 4.977481 -1.136065
 0.376991 5.276678 12.458711
 0.439823 6.072498 6.867750
 0.502655 5.973852 -7.640123
 0.565487 5.246831 -15.828241
 0.628319 4.200623 -12.874702
 0.691150 4.019183 5.991451
 0.753982 4.540363 9.107814
 0.816814 5.275503 13.673211
 0.879646 5.752832 -4.290943
 0.942478 4.600239 -24.413881
 1.005310 3.760740 0.349844
 1.068142 4.236850 8.579718
 1.130973 4.619934 7.292446
 1.193805 5.501586 19.689202
 1.256637 6.571635 10.256645
 1.319469 6.860018 2.088505
 1.382301 6.984132 0.183840
 1.445133 6.833245 -1.569334
 1.507964 7.206203 12.562223
 1.570796 7.926340 8.087160
 1.633628 8.390751 7.497156
 1.696460 8.658921 0.645350
 1.759292 8.798707 4.567653
 1.822124 8.908904 -3.267650
 1.884956 8.438878 -11.033534
 1.947787 7.585064 -15.232447
 2.010619 6.641842 -14.397955
 2.073451 5.796605 -11.326161
 2.136283 5.417551 -1.537833
 2.199115 5.092212 -12.436085
 2.261947 3.914960 -22.017513
 2.324779 2.794391 -11.315869
 2.387610 2.342260 -6.343624
 2.450442 1.850132 -8.128601
 2.513274 1.415057 -6.464702
 2.576106 0.906135 -9.228983
 2.638938 0.567087 0.479168
 2.701770 0.827149 4.019406
 2.764602 0.833833 -1.805348
 2.827433 0.908257 4.454775
 2.890265 1.275725 6.243774
 2.953097 1.649634 6.358383
 3.015929 2.265359 14.098155
 3.078761 3.388964 20.374239
