#! FIELDS psi3 ffpsi3 dffpsi3_psi3
#! SET min_psi3 -pi
#! SET max_psi3 pi
#! SET nbins_psi3  100
#! SET periodic_psi3 true
 -3.141593 9.128434 20.801936
 -3.078761 10.212249 13.914616
 -3.015929 11.079577 15.580691
 -2.953097 12.331548 23.944216
 -2.890265 13.833481 20.034502
 -2.827433 14.772118 14.520862
 -2.764602 16.112235 26.079843
 -2.701770 17.669398 24.943881
 -2.638938 19.865438 47.779797
 -2.576106 23.025828 36.480551
 -2.513274 24.074529 12.942210
 -2.450442 25.479056 25.858726
 -2.387610 26.413447 3.113654
 -2.324779 26.342380 0.090574
 -2.261947 26.913709 15.641717
 -2.199115 27.387395 -3.593204
 -2.136283 26.936572 -8.547086
 -2.073451 26.438272 -4.685337
 -2.010619 26.670481 12.387307
 -1.947787 27.669111 16.289741
 -1.884956 28.660634 14.643316
 -1.822124 29.464309 13.099497
 -1.759292 30.428311 13.494888
 -1.696460 30.682119 -3.510478
 -1.633628 30.597690 3.649531
 -1.570796 30.892539 -2.897675
 -1.507964 29.023322 -55.157912
 -1.445133 25.235367 -56.123633
 -1.382301 22.465037 -33.929044
 -1.319469 20.476807 -30.298266
 -1.256637 18.837726 -22.299258
 -1.193805 17.262079 -31.944972
 -1.130973 14.809342 -42.155344
 -1.068142 12.402179 -32.752986
 -1.005310 10.687118 -23.043414
 -0.942478 9.394137 -19.015327
 -0.879646 8.071382 -23.948181
 -0.816814 6.611890 -20.485414
 -0.753982 5.501642 -15.663961
 -0.691150 4.600151 -13.364616
 -0.628319 3.717331 -15.751522
 -0.565487 2.629813 -17.688331
 -0.502655 1.669317 -11.528796
 -0.439823 1.265391 -1.980351
 -0.376991 1.180776 -3.176516
 -0.314159 0.757980 -8.727826
 -0.251327 0.349920 -3.249376
 -0.188496 0.274724 -1.859294
 -0.125664 -0.245552 -13.344499
 -0.062832 -0.747819 0.909771
 0.000000 -0.266027 10.592959
 0.062832 0.394509 11.663081
 0.125664 1.258475 14.625567
 0.188496 2.065931 10.119878
 0.251327 2.536750 5.358570
 0.314159 2.819344 4.030600
 0.376991 3.050034 2.973830
 0.439823 3.225035 3.290279
 0.502655 3.528558 6.239161
 0.565487 3.939308 6.118232
 0.628319 4.264457 4.348900
 0.691150 4.539445 4.477053
 0.753982 4.803731 3.952647
 0.816814 5.070316 4.404030
 0.879646 5.341952 4.543440
 0.942478 5.707131 6.963133
 1.005310 6.086171 3.294333
 1.068142 6.006758 -4.922417
 1.130973 5.767291 -0.008625
 1.193805 6.213551 13.828278
 1.256637 7.155624 11.888246
 1.319469 7.446693 -0.897102
 1.382301 7.394231 0.090031
 1.445133 7.420368 1.113929
 1.507964 7.619411 4.512527
 1.570796 7.857479 3.440614
 1.633628 8.171853 5.721526
 1.696460 8.220624 -6.339779
 1.759292 7.600865 -9.954065
 1.822124 7.237691 -0.632870
 1.884956 7.438068 4.097784
 1.947787 7.446568 -3.443014
 2.010619 7.204930 -3.677113
 2.073451 6.915212 -6.090684
 2.136283 6.517246 -6.114444
 2.199115 6.122847 -5.743554
 2.261947 5.981478 1.509067
 2.324779 6.087282 -0.847599
 2.387610 5.783857 -7.368400
 2.450442 5.373252 -4.643035
 2.513274 5.221793 -0.979725
 2.576106 5.177041 -0.168283
 2.638938 5.244936 2.123460
 2.701770 5.420307 3.190131
 2.764602 5.537366 -0.576409
 2.827433 5.418958 -0.851138
 2.890265 5.693479 9.596002
 2.953097 6.349730 9.018331
 3.015929 6.897920 10.356374
 3.078761 7.803847 18.760693
