#! FIELDS phi2 ffphi2 dffphi2_phi2
#! SET min_phi2 -pi
#! SET max_phi2 pi
#! SET nbins_phi2  100
#! SET periodic_phi2 true
 -3.141593 15.488230 -46.469101
 -3.078761 13.324788 -26.818274
 -3.015929 11.490938 -34.007590
 -2.953097 9.215392 -35.654230
 -2.890265 7.227985 -27.321343
 -2.827433 5.682593 -22.897041
 -2.764602 4.322236 -19.904525
 -2.701770 3.250577 -13.880458
 -2.638938 2.572239 -8.298803
 -2.576106 2.097439 -7.433769
 -2.513274 1.662157 -5.809078
 -2.450442 1.396970 -2.873065
 -2.387610 1.263507 -1.595455
 -2.324779 1.215569 0.204517
 -2.261947 1.254104 0.676206
 -2.199115 1.293234 0.512957
 -2.136283 1.370459 2.583894
 -2.073451 1.625015 5.056465
 -2.010619 1.965385 5.240706
 -1.947787 2.210643 2.243461
 -1.884956 2.289187 1.038595
 -1.822124 2.401785 1.914656
 -1.759292 2.432370 -0.864164
 -1.696460 2.351286 -1.931302
 -1.633628 2.162822 -3.913808
 -1.570796 1.838845 -6.599494
 -1.507964 1.474629 -3.650219
 -1.445133 1.330057 -2.626784
 -1.382301 1.039890 -6.198396
 -1.319469 0.651267 -5.751385
 -1.256637 0.375009 -2.209484
 -1.193805 0.460731 5.037177
 -1.130973 0.941197 9.275812
 -1.068142 1.587519 11.421357
 -1.005310 2.329753 11.263063
 -0.942478 2.996242 11.443027
 -0.879646 4.083455 24.426447
 -0.816814 5.807226 25.776877
 -0.753982 7.236240 24.228127
 -0.691150 9.340702 42.466303
 -0.628319 12.109455 40.430300
 -0.565487 14.254616 27.840878
 -0.502655 15.461142 12.018842
 -0.439823 16.707193 32.564478
 -0.376991 19.421098 49.094348
 -0.314159 22.403887 41.616523
 -0.251327 24.019785 6.486747
 -0.188496 23.759475 -4.633037
 -0.125664 24.312575 22.367225
 -0.062832 25.698320 12.408774
 0.000000 25.876202 -1.961378
 0.062832 25.813765 0.983370
 0.125664 25.494107 -17.674610
 0.188496 24.060619 -19.263780
 0.251327 23.291991 -9.181296
 0.314159 22.461997 -17.912338
 0.376991 21.213716 -19.907598
 0.439823 20.090758 -15.773470
 0.502655 19.221738 -11.833506
 0.565487 18.539881 -10.979094
 0.628319 17.806345 -11.553053
 0.691150 17.220275 -6.346351
 0.753982 17.040840 0.199859
 0.816814 17.131769 2.091458
 0.879646 17.401514 8.050845
 0.942478 18.251238 18.512442
 1.005310 19.578994 22.619009
 1.068142 21.079614 25.660790
 1.130973 22.942462 34.309479
 1.193805 25.337613 39.906586
 1.256637 27.950414 45.281526
 1.319469 31.353257 62.393651
 1.382301 35.374444 57.806831
 1.445133 38.448263 45.179503
 1.507964 42.052382 74.410944
 1.570796 48.317215 125.561096
 1.633628 58.141710 184.560590
 1.696460 inf nan
 1.759292 inf nan
 1.822124 inf nan
 1.884956 inf nan
 1.947787 inf nan
 2.010619 inf nan
 2.073451 inf nan
 2.136283 inf nan
 2.199115 inf nan
 2.261947 inf nan
 2.324779 inf nan
 2.387610 inf nan
 2.450442 inf nan
 2.513274 inf nan
 2.576106 inf nan
 2.638938 inf nan
 2.701770 66.388459 -237.971386
 2.764602 47.533771 -202.968716
 2.827433 36.665090 -142.788197
 2.890265 29.512301 -86.345841
 2.953097 25.416439 -48.959174
 3.015929 22.711755 -42.788118
 3.078761 19.221868 -66.713558
