#! FIELDS phi2 ffphi2 dffphi2_phi2
#! SET min_phi2 -pi
#! SET max_phi2 pi
#! SET nbins_phi2  100
#! SET periodic_phi2 true
 -3.141593 19.544513 -57.710401
 -3.078761 16.162109 -53.077580
 -3.015929 12.835781 -51.326471
 -2.953097 9.956663 -37.955768
 -2.890265 8.152816 -21.570592
 -2.827433 6.830611 -23.533054
 -2.764602 4.953385 -34.492421
 -2.701770 3.210003 -16.335334
 -2.638938 2.831147 -0.763041
 -2.576106 2.508235 -12.843357
 -2.513274 0.582174 -47.723011
 -2.450442 -1.954752 -22.257973
 -2.387610 -1.702518 30.032821
 -2.324779 1.179426 48.725344
 -2.261947 2.785852 5.154499
 -2.199115 2.986227 5.282287
 -2.136283 3.354206 3.842292
 -2.073451 3.362391 -3.397829
 -2.010619 3.046744 -4.173239
 -1.947787 3.160248 7.861994
 -1.884956 3.698264 6.476679
 -1.822124 3.812987 -4.858917
 -1.759292 3.127096 -11.508548
 -1.696460 2.862156 0.484524
 -1.633628 2.319604 -19.800069
 -1.570796 1.108370 -13.953843
 -1.507964 0.651942 -0.616901
 -1.445133 1.128262 14.756932
 -1.382301 1.901684 4.431242
 -1.319469 1.707121 -6.676347
 -1.256637 1.400292 -2.496689
 -1.193805 1.378516 1.855242
 -1.130973 1.665711 7.213610
 -1.068142 2.251030 11.176681
 -1.005310 3.040348 13.218066
 -0.942478 3.847404 12.277322
 -0.879646 4.679693 15.975509
 -0.816814 6.040890 26.399037
 -0.753982 7.563408 19.265347
 -0.691150 8.823552 25.491876
 -0.628319 11.049843 45.462627
 -0.565487 14.386701 55.781630
 -0.502655 17.328585 36.534887
 -0.439823 19.346467 27.834162
 -0.376991 21.051709 28.740092
 -0.314159 23.179676 37.859933
 -0.251327 25.226291 20.113440
 -0.188496 25.639402 -3.682830
 -0.125664 25.559656 8.142680
 -0.062832 27.079378 36.833740
 0.000000 28.688814 2.804887
 0.062832 27.817595 -24.868465
 0.125664 26.026107 -26.968145
 0.188496 25.017014 -4.905996
 0.251327 24.629092 -16.148929
 0.314159 23.163947 -21.873024
 0.376991 22.365303 -5.314475
 0.439823 21.999417 -9.594826
 0.502655 21.100307 -17.473852
 0.565487 20.056025 -14.337591
 0.628319 19.323960 -9.299578
 0.691150 18.838087 -7.111807
 0.753982 18.381557 -6.455687
 0.816814 18.122671 -2.208644
 0.879646 18.082499 1.926077
 0.942478 18.498590 11.214381
 1.005310 19.351949 14.802400
 1.068142 20.351728 17.409648
 1.130973 21.559079 20.937474
 1.193805 23.078558 28.098735
 1.256637 24.961576 28.711995
 1.319469 26.605352 26.899736
 1.382301 28.914878 49.222190
 1.445133 32.844900 74.049757
 1.507964 38.119355 92.584644
 1.570796 44.681721 111.192179
 1.633628 51.965549 89.474109
 1.696460 55.366664 31.311768
 1.759292 57.693360 37.504283
 1.822124 59.823844 36.357811
 1.884956 61.451832 -14.978016
 1.947787 59.522966 -17.051897
 2.010619 60.350097 44.161436
 2.073451 65.094294 106.851038
 2.136283 73.777395 169.540640
 2.199115 inf nan
 2.261947 inf nan
 2.324779 inf nan
 2.387610 inf nan
 2.450442 inf nan
 2.513274 inf nan
 2.576106 inf nan
 2.638938 inf nan
 2.701770 62.933694 -196.585273
 2.764602 52.426145 -138.680935
 2.827433 44.777217 -113.142771
 2.890265 37.726406 -104.400076
 2.953097 32.438565 -63.399810
 3.015929 28.795927 -67.138940
 3.078761 23.823198 -79.250440
