#! FIELDS phi4 ffphi4 dffphi4_phi4
#! SET min_phi4 -pi
#! SET max_phi4 pi
#! SET nbins_phi4  100
#! SET periodic_phi4 true
 -3.141593 13.186193 -48.205814
 -3.078761 10.270799 -45.061755
 -3.015929 7.592752 -38.916013
 -2.953097 5.440133 -30.158396
 -2.890265 3.734644 -24.264036
 -2.827433 2.376834 -19.047280
 -2.764602 1.343314 -14.067020
 -2.701770 0.562219 -10.798613
 -2.638938 0.068271 -4.114152
 -2.576106 0.050079 2.541179
 -2.513274 0.247232 3.306542
 -2.450442 0.518638 5.797960
 -2.387610 0.979649 8.491924
 -2.324779 1.531255 8.552188
 -2.261947 2.047294 8.154952
 -2.199115 2.561036 7.491667
 -2.136283 2.927561 4.314284
 -2.073451 3.157572 2.957683
 -2.010619 3.289323 1.410420
 -1.947787 3.373238 1.116283
 -1.884956 3.371551 -1.495223
 -1.822124 3.220819 -3.145648
 -1.759292 2.931419 -6.294505
 -1.696460 2.483242 -7.583440
 -1.633628 2.012111 -7.130660
 -1.570796 1.591596 -6.508681
 -1.507964 1.194505 -5.884622
 -1.445133 0.896777 -3.283112
 -1.382301 0.816150 0.903518
 -1.319469 1.003543 4.664828
 -1.256637 1.385364 7.619526
 -1.193805 1.985194 11.570385
 -1.130973 2.841305 15.262148
 -1.068142 3.867219 17.551415
 -1.005310 5.153848 24.037704
 -0.942478 6.853607 28.612683
 -0.879646 8.653849 28.851889
 -0.816814 10.534535 30.403588
 -0.753982 12.457156 31.076906
 -0.691150 14.537860 35.021103
 -0.628319 16.856614 38.265037
 -0.565487 19.303444 38.236077
 -0.502655 21.594385 34.430907
 -0.439823 23.783148 35.818120
 -0.376991 26.113370 37.080527
 -0.314159 28.358257 33.566608
 -0.251327 30.367967 30.213438
 -0.188496 32.180063 27.003208
 -0.125664 33.740289 22.321850
 -0.062832 35.059392 19.641363
 0.000000 36.046651 9.221476
 0.062832 36.119283 -5.685435
 0.125664 35.470605 -15.085372
 0.188496 34.210957 -24.627324
 0.251327 32.432751 -31.745607
 0.314159 30.278193 -36.369868
 0.376991 27.859572 -40.657089
 0.439823 25.242042 -41.892719
 0.502655 22.588360 -43.311581
 0.565487 19.812852 -43.759089
 0.628319 17.205063 -39.175540
 0.691150 14.894509 -34.092270
 0.753982 12.879815 -31.263774
 0.816814 10.898180 -30.524233
 0.879646 9.285015 -19.801388
 0.942478 8.380757 -9.749431
 1.005310 8.005344 -2.284674
 1.068142 8.085552 4.605770
 1.130973 8.571775 11.106048
 1.193805 9.508960 18.362894
 1.256637 10.852821 24.798926
 1.319469 12.739293 35.827803
 1.382301 15.395734 48.188869
 1.445133 18.694073 55.003344
 1.507964 22.273705 58.336094
 1.570796 26.166123 64.406063
 1.633628 30.450046 69.882203
 1.696460 34.949799 69.750381
 1.759292 39.218848 63.601930
 1.822124 43.221088 63.978214
 1.884956 47.949216 89.504439
 1.947787 55.156153 136.923161
 2.010619 67.079349 187.341674
 2.073451 inf nan
 2.136283 inf nan
 2.199115 inf nan
 2.261947 inf nan
 2.324779 inf nan
 2.387610 68.196279 -209.506263
 2.450442 56.937742 -148.374563
 2.513274 49.495070 -89.226623
 2.576106 45.461131 -44.081493
 2.638938 42.780758 -50.499460
 2.701770 39.151109 -60.564659
 2.764602 35.299963 -62.474827
 2.827433 31.320913 -63.740052
 2.890265 27.327390 -62.968354
 2.953097 23.451302 -60.040988
 3.015929 19.811065 -55.997129
 3.078761 16.377504 -53.154224
