#! FIELDS psi3 ffpsi3 dffpsi3_psi3
#! SET min_psi3 -pi
#! SET max_psi3 pi
#! SET nbins_psi3  100
#! SET periodic_psi3 true
 -3.141593 9.434913 17.695270
 -3.078761 10.612079 19.098190
 -3.015929 11.724500 15.032806
 -2.953097 12.707442 19.932854
 -2.890265 14.393699 31.139243
 -2.827433 16.135725 20.646092
 -2.764602 16.980378 11.685998
 -2.701770 18.507858 40.082859
 -2.638938 21.421107 40.289300
 -2.576106 23.074644 15.541227
 -2.513274 22.961374 -18.121087
 -2.450442 21.980186 -5.395885
 -2.387610 22.702973 28.121111
 -2.324779 25.148507 44.768346
 -2.261947 27.544793 26.362335
 -2.199115 28.566293 9.361217
 -2.136283 28.938218 3.539638
 -2.073451 29.175488 4.558692
 -2.010619 29.353419 -4.553896
 -1.947787 27.704939 -41.698680
 -1.884956 25.937541 -6.035069
 -1.822124 27.290032 48.503904
 -1.759292 31.378762 67.280793
 -1.696460 33.784912 13.631122
 -1.633628 34.265352 1.270084
 -1.570796 33.327495 -34.330982
 -1.507964 30.019888 -70.832260
 -1.445133 25.128550 -72.695031
 -1.382301 21.841871 -30.336408
 -1.319469 20.830737 -12.213739
 -1.256637 19.164817 -38.212017
 -1.193805 16.770341 -35.888069
 -1.130973 14.712780 -29.468120
 -1.068142 12.974793 -27.322986
 -1.005310 11.183816 -29.379306
 -0.942478 9.391558 -26.361673
 -0.879646 8.020242 -17.384977
 -0.816814 6.965221 -18.243354
 -0.753982 5.758137 -18.764275
 -0.691150 4.636907 -17.728625
 -0.628319 3.495331 -18.074067
 -0.565487 2.456339 -14.293073
 -0.502655 1.755154 -8.480708
 -0.439823 1.227013 -9.336370
 -0.376991 0.620886 -9.029729
 -0.314159 0.159811 -5.682873
 -0.251327 -0.127087 -3.659253
 -0.188496 -0.278774 -0.795476
 -0.125664 -0.191775 3.355968
 -0.062832 0.061950 4.116444
 0.000000 0.319688 4.262201
 0.062832 0.646299 6.513664
 0.125664 1.128814 7.917434
 0.188496 1.543167 5.349405
 0.251327 1.890941 6.055081
 0.314159 2.309637 7.147912
 0.376991 2.774518 7.311344
 0.439823 3.190784 5.842470
 0.502655 3.547694 5.693325
 0.565487 3.901366 5.277596
 0.628319 4.192515 4.113292
 0.691150 4.510281 6.642592
 0.753982 4.995700 7.694468
 0.816814 5.400933 5.525648
 0.879646 5.767300 6.009690
 0.942478 6.073422 3.475972
 1.005310 6.330313 5.807149
 1.068142 6.743321 5.104258
 1.130973 6.816324 -1.564684
 1.193805 6.766279 0.171178
 1.256637 6.799805 1.343838
 1.319469 6.973523 3.131597
 1.382301 7.130720 3.225018
 1.445133 7.532344 8.823676
 1.507964 7.993323 3.706373
 1.570796 7.928091 -4.288577
 1.633628 7.670588 -3.784731
 1.696460 7.445392 -2.225986
 1.759292 7.442192 0.235446
 1.822124 7.302582 -3.731788
 1.884956 7.187126 0.966188
 1.947787 7.360298 2.851185
 2.010619 7.426162 -0.389691
 2.073451 7.379742 -1.328919
 2.136283 7.223364 -3.525800
 2.199115 6.939328 -5.757772
 2.261947 6.566417 -4.901633
 2.324779 6.353587 -3.040154
 2.387610 6.126549 -3.252044
 2.450442 6.010457 -1.326442
 2.513274 5.852145 -3.493120
 2.576106 5.671160 -1.857394
 2.638938 5.620466 -0.031764
 2.701770 5.629611 0.448960
 2.764602 5.781869 4.862371
 2.827433 6.159535 6.075093
 2.890265 6.520031 5.984803
 2.953097 7.032530 10.789317
 3.015929 7.788503 11.798598
 3.078761 8.492646 11.946621
