#! FIELDS psi3 ffpsi3 dffpsi3_psi3
#! SET min_psi3 -pi
#! SET max_psi3 pi
#! SET nbins_psi3  100
#! SET periodic_psi3 true
 -3.141593 9.219384 7.192288
 -3.078761 10.225258 25.539782
 -3.015929 12.327331 38.112840
 -2.953097 14.676199 37.138940
 -2.890265 17.213662 39.359327
 -2.827433 18.354391 -10.876883
 -2.764602 16.938086 -19.079782
 -2.701770 17.123263 28.150484
 -2.638938 20.360557 68.606698
 -2.576106 23.863922 25.932538
 -2.513274 23.763187 -12.783818
 -2.450442 24.090211 29.045368
 -2.387610 26.712978 23.408062
 -2.324779 25.496916 -23.059719
 -2.261947 25.861830 36.440773
 -2.199115 30.120923 99.130375
 -2.136283 38.318920 161.819977
 -2.073451 inf nan
 -2.010619 inf nan
 -1.947787 inf nan
 -1.884956 inf nan
 -1.822124 inf nan
 -1.759292 inf nan
 -1.696460 49.813756 -202.305692
 -1.633628 39.053369 -140.093075
 -1.570796 32.176478 -79.274222
 -1.507964 28.953817 -25.561400
 -1.445133 28.108741 -18.622093
 -1.382301 24.864112 -68.580047
 -1.319469 21.290989 -45.050970
 -1.256637 18.463545 -48.912344
 -1.193805 15.535571 -40.124697
 -1.130973 13.557616 -23.417638
 -1.068142 12.336665 -19.005387
 -1.005310 10.899998 -25.707316
 -0.942478 9.356472 -23.231104
 -0.879646 7.783079 -27.142528
 -0.816814 6.200699 -21.436286
 -0.753982 5.086691 -15.135974
 -0.691150 4.170224 -14.654798
 -0.628319 3.235284 -14.762184
 -0.565487 2.355206 -13.065845
 -0.502655 1.624230 -10.167591
 -0.439823 1.041901 -8.661151
 -0.376991 0.531890 -7.414906
 -0.314159 0.149196 -4.742472
 -0.251327 -0.116700 -4.044490
 -0.188496 -0.316014 -1.770721
 -0.125664 -0.311958 1.741377
 -0.062832 -0.122149 4.026193
 0.000000 0.153260 4.485096
 0.062832 0.465216 5.801628
 0.125664 0.924923 8.744517
 0.188496 1.479085 7.852202
 0.251327 1.883509 5.804264
 0.314159 2.370465 10.056118
 0.376991 2.997382 8.436012
 0.439823 3.485094 7.883812
 0.502655 3.906884 4.510473
 0.565487 4.098699 2.606617
 0.628319 4.390897 7.582873
 0.691150 4.989763 9.794518
 0.753982 5.528546 7.461893
 0.816814 5.895795 3.562191
 0.879646 6.042174 2.562528
 0.942478 6.332167 6.014061
 1.005310 6.646285 3.660929
 1.068142 6.877087 3.770137
 1.130973 7.046658 1.220652
 1.193805 7.102960 1.702541
 1.256637 7.300248 3.092895
 1.319469 7.393847 1.741264
 1.382301 7.743698 8.777556
 1.445133 8.287787 6.775428
 1.507964 8.321762 -5.799700
 1.570796 8.088539 1.913944
 1.633628 8.380920 2.677401
 1.696460 8.193419 -6.399434
 1.759292 7.907533 -1.162738
 1.822124 8.047184 3.227341
 1.884956 7.846918 -10.945930
 1.947787 7.141903 -6.986490
 2.010619 7.051599 1.466938
 2.073451 7.066240 -0.974680
 2.136283 6.957564 -2.835944
 2.199115 6.726905 -4.019211
 2.261947 6.559608 -0.499062
 2.324779 6.631077 1.575934
 2.387610 6.580594 -4.354864
 2.450442 6.231080 -4.016631
 2.513274 6.171766 0.670234
 2.576106 6.209775 0.913363
 2.638938 6.321266 2.263658
 2.701770 6.520991 5.060087
 2.764602 6.897496 4.168245
 2.827433 6.943096 0.197436
 2.890265 7.209497 7.931871
 2.953097 7.873932 13.410562
 3.015929 8.779059 12.184438
 3.078761 9.103192 -0.408244
