#! FIELDS psi3 ffpsi3 dffpsi3_psi3
#! SET min_psi3 -pi
#! SET max_psi3 pi
#! SET nbins_psi3  100
#! SET periodic_psi3 true
 -3.141593 8.705330 12.660066
 -3.078761 9.708114 20.562161
 -3.015929 11.299855 28.899116
 -2.953097 12.931537 17.881401
 -2.890265 13.449881 5.022486
 -2.827433 14.546242 33.704618
 -2.764602 17.285149 41.608339
 -2.701770 18.957603 20.695471
 -2.638938 21.091116 49.757098
 -2.576106 24.317753 30.259444
 -2.513274 24.173181 -12.375333
 -2.450442 23.805402 -7.161758
 -2.387610 22.833676 -15.584658
 -2.324779 22.483848 2.437460
 -2.261947 22.885730 11.488582
 -2.199115 23.825450 14.719091
 -2.136283 24.790112 17.808934
 -2.073451 25.695406 8.496369
 -2.010619 26.075472 1.257537
 -1.947787 25.571198 -11.094967
 -1.884956 25.496335 7.168154
 -1.822124 25.504017 -8.669572
 -1.759292 25.251979 3.606188
 -1.696460 25.550510 2.115616
 -1.633628 25.468345 -5.359537
 -1.570796 24.515803 -24.119476
 -1.507964 23.302552 -10.363083
 -1.445133 22.534477 -22.841097
 -1.382301 20.894317 -21.596816
 -1.319469 19.816190 -16.457661
 -1.256637 18.648466 -20.847310
 -1.193805 16.967988 -34.469220
 -1.130973 14.692440 -34.292442
 -1.068142 12.438097 -39.795444
 -1.005310 10.145728 -28.312468
 -0.942478 8.937677 -13.619493
 -0.879646 7.931451 -19.896070
 -0.816814 6.606727 -20.562294
 -0.753982 5.422334 -17.126046
 -0.691150 4.474222 -12.990708
 -0.628319 3.662262 -14.421554
 -0.565487 2.696520 -14.428018
 -0.502655 1.958509 -10.338865
 -0.439823 1.171904 -14.460426
 -0.376991 0.392408 -9.200888
 -0.314159 -0.007157 -3.731789
 -0.251327 -0.090716 0.222232
 -0.188496 -0.077817 0.341635
 -0.125664 0.011488 2.590607
 -0.062832 0.241151 4.305536
 0.000000 0.475632 3.024589
 0.062832 0.685783 3.801219
 0.125664 0.930949 4.218414
 0.188496 1.311252 8.012680
 0.251327 1.839767 8.000387
 0.314159 2.328916 7.676073
 0.376991 2.735839 4.673685
 0.439823 3.014497 5.740282
 0.502655 3.507189 8.397117
 0.565487 3.897374 4.190999
 0.628319 4.154144 4.770571
 0.691150 4.593374 9.093325
 0.753982 5.081465 4.249461
 0.816814 5.207187 2.840304
 0.879646 5.692091 11.485327
 0.942478 6.279680 5.639640
 1.005310 6.531326 3.123510
 1.068142 6.652921 0.790477
 1.130973 6.708693 1.566181
 1.193805 6.888980 3.893887
 1.256637 7.141805 3.842061
 1.319469 7.388258 4.343921
 1.382301 7.687427 4.582402
 1.445133 7.927998 3.211801
 1.507964 8.156265 4.309235
 1.570796 8.370531 0.591542
 1.633628 8.118172 -6.694899
 1.696460 7.951216 2.916163
 1.759292 8.302562 5.507654
 1.822124 8.494553 0.179578
 1.884956 8.219009 -8.402823
 1.947787 7.720057 -6.161444
 2.010619 7.417190 -3.783209
 2.073451 7.279718 -1.226630
 2.136283 7.030583 -7.394098
 2.199115 6.576017 -5.174989
 2.261947 6.396748 -1.821067
 2.324779 6.220420 -3.672134
 2.387610 6.023533 -2.744998
 2.450442 5.721457 -7.433380
 2.513274 5.264623 -5.442511
 2.576106 5.100892 -0.247370
 2.638938 5.150592 1.505909
 2.701770 5.309220 3.485715
 2.764602 5.568173 5.043451
 2.827433 5.981591 7.396955
 2.890265 6.378374 5.220103
 2.953097 6.741963 6.517968
 3.015929 7.170333 7.867199
 3.078761 7.873632 13.856028
