#! FIELDS phi4 ffphi4 dffphi4_phi4
#! SET min_phi4 -pi
#! SET max_phi4 pi
#! SET nbins_phi4  100
#! SET periodic_phi4 true
 -3.141593 12.919489 -46.271993
 -3.078761 10.332867 -37.496287
 -3.015929 8.033808 -36.171595
 -2.953097 5.829851 -33.155522
 -2.890265 3.958089 -26.195501
 -2.827433 2.507121 -20.490257
 -2.764602 1.335015 -16.490731
 -2.701770 0.563369 -7.557368
 -2.638938 0.279372 -2.936278
 -2.576106 0.122054 -1.630368
 -2.513274 0.153345 2.740044
 -2.450442 0.429236 5.744807
 -2.387610 0.882922 8.793478
 -2.324779 1.489477 9.478811
 -2.261947 2.028464 8.149631
 -2.199115 2.544319 7.700769
 -2.136283 2.960030 5.765071
 -2.073451 3.293820 4.145899
 -2.010619 3.376503 -1.252101
 -1.947787 3.290424 -1.091205
 -1.884956 3.165382 -3.397572
 -1.822124 2.909171 -4.079451
 -1.759292 2.687645 -3.413678
 -1.696460 2.408938 -5.496544
 -1.633628 2.028778 -6.995957
 -1.570796 1.472014 -10.344594
 -1.507964 0.896653 -6.334749
 -1.445133 0.768152 1.371870
 -1.382301 0.871260 1.126716
 -1.319469 1.007620 4.295796
 -1.256637 1.423344 8.272146
 -1.193805 2.036189 11.730871
 -1.130973 2.947856 16.993698
 -1.068142 4.126461 20.424211
 -1.005310 5.536760 23.966325
 -0.942478 7.075026 24.794736
 -0.879646 8.719725 27.792747
 -0.816814 10.588689 31.177522
 -0.753982 12.616854 33.308122
 -0.691150 14.826169 36.508101
 -0.628319 17.128002 35.692190
 -0.565487 19.367013 36.306296
 -0.502655 21.800478 40.462210
 -0.439823 24.321893 38.380536
 -0.376991 26.651117 35.381542
 -0.314159 28.774918 32.219749
 -0.251327 30.817188 32.540517
 -0.188496 32.794389 29.151401
 -0.125664 34.431676 22.792149
 -0.062832 35.737073 18.463864
 0.000000 36.631027 8.744869
 0.062832 36.816441 -2.766579
 0.125664 36.261461 -15.299090
 0.188496 34.963894 -24.772134
 0.251327 33.231196 -30.736340
 0.314159 31.106901 -35.627512
 0.376991 28.841887 -37.510739
 0.439823 26.217697 -45.864912
 0.502655 23.295504 -45.443961
 0.565487 20.570342 -41.599739
 0.628319 18.039289 -38.930179
 0.691150 15.681122 -36.177561
 0.753982 13.510983 -32.455698
 0.816814 11.685297 -25.078227
 0.879646 10.359440 -17.702192
 0.942478 9.390130 -13.240431
 1.005310 8.763431 -5.939945
 1.068142 8.695367 3.675860
 1.130973 9.192851 12.015320
 1.193805 10.203699 20.055383
 1.256637 11.748271 29.542307
 1.319469 13.924661 38.877677
 1.382301 16.579446 45.373562
 1.445133 19.659044 51.475925
 1.507964 22.992066 54.029834
 1.570796 26.678815 63.413492
 1.633628 31.019032 71.922137
 1.696460 35.569501 69.022239
 1.759292 39.861488 65.587859
 1.822124 43.965016 63.411780
 1.884956 47.899518 57.688569
 1.947787 51.128328 44.338348
 2.010619 53.783332 39.997740
 2.073451 56.072754 30.855276
 2.136283 57.665296 19.901556
 2.199115 58.538192 6.804232
 2.261947 58.539598 -6.484036
 2.324779 57.682250 -21.197885
 2.387610 55.916716 -34.546178
 2.450442 53.355016 -46.564682
 2.513274 50.218464 -52.212097
 2.576106 46.807497 -57.007413
 2.638938 43.022679 -62.331961
 2.701770 39.072208 -64.038525
 2.764602 34.964442 -65.159596
 2.827433 30.965250 -63.022977
 2.890265 27.008250 -61.880570
 2.953097 23.248030 -58.578835
 3.015929 19.592829 -57.019103
 3.078761 16.120139 -53.905399
