#! FIELDS phi2 ffphi2 dffphi2_phi2
#! SET min_phi2 -pi
#! SET max_phi2 pi
#! SET nbins_phi2  100
#! SET periodic_phi2 true
 -3.141593 16.306004 -45.341714
 -3.078761 13.547694 -43.001838
 -3.015929 10.992754 -37.506571
 -2.953097 8.827257 -31.765150
 -2.890265 7.011933 -25.840755
 -2.827433 5.534595 -21.908213
 -2.764602 4.238712 -18.794805
 -2.701770 3.210073 -14.386101
 -2.638938 2.363039 -12.522100
 -2.576106 1.714625 -7.641794
 -2.513274 1.393622 -2.923750
 -2.450442 1.304315 -0.371993
 -2.387610 1.313734 0.598716
 -2.324779 1.352053 0.169764
 -2.261947 1.347864 0.468221
 -2.199115 1.484118 3.399689
 -2.136283 1.656432 1.603367
 -2.073451 1.741060 1.665424
 -2.010619 1.894618 3.169638
 -1.947787 2.165864 5.695934
 -1.884956 2.557692 5.521937
 -1.822124 2.763222 1.083043
 -1.759292 2.739353 -1.696939
 -1.696460 2.575987 -3.285466
 -1.633628 2.365322 -3.145749
 -1.570796 2.167420 -3.921808
 -1.507964 1.804511 -7.371818
 -1.445133 1.339301 -6.788869
 -1.382301 0.991666 -4.269239
 -1.319469 0.780567 -2.811338
 -1.256637 0.616533 -2.194659
 -1.193805 0.571277 1.100777
 -1.130973 0.766604 5.091333
 -1.068142 1.197478 8.274174
 -1.005310 1.804564 11.453476
 -0.942478 2.713705 17.760153
 -0.879646 4.005845 22.392202
 -0.816814 5.458365 24.024755
 -0.753982 7.102707 27.967074
 -0.691150 8.884347 28.038643
 -0.628319 10.663639 28.836411
 -0.565487 12.561724 31.351232
 -0.502655 14.563147 31.499814
 -0.439823 16.503536 30.034453
 -0.376991 18.367337 28.969352
 -0.314159 20.126881 26.325729
 -0.251327 21.677851 23.022999
 -0.188496 23.042907 19.967721
 -0.125664 24.154023 15.007565
 -0.062832 24.936184 9.752028
 0.000000 25.385893 4.519725
 0.062832 25.472548 -2.194781
 0.125664 25.141202 -8.020241
 0.188496 24.450555 -14.162963
 0.251327 23.397368 -18.925206
 0.314159 22.120766 -21.477302
 0.376991 20.692110 -24.338965
 0.439823 19.031167 -28.242912
 0.502655 17.246837 -27.769292
 0.565487 15.596037 -24.542738
 0.628319 14.138788 -22.688518
 0.691150 12.674937 -23.333080
 0.753982 11.342226 -18.576424
 0.816814 10.302234 -14.749186
 0.879646 9.599567 -6.370212
 0.942478 9.519013 2.715420
 1.005310 9.801326 5.988618
 1.068142 10.318106 10.672437
 1.130973 11.182766 17.566286
 1.193805 12.615477 27.793811
 1.256637 14.571562 33.490079
 1.319469 16.824957 38.505805
 1.382301 19.516973 47.316170
 1.445133 22.817486 56.911932
 1.507964 26.656262 63.604097
 1.570796 30.853895 68.280561
 1.633628 35.348809 72.790856
 1.696460 40.136975 75.928590
 1.759292 44.920728 71.723074
 1.822124 49.298579 64.234087
 1.884956 53.189436 57.478118
 1.947787 56.495812 45.163197
 2.010619 59.027735 35.094320
 2.073451 60.829503 21.372830
 2.136283 61.873277 12.222150
 2.199115 62.272018 -1.068490
 2.261947 61.728755 -15.164764
 2.324779 60.456091 -25.464983
 2.387610 58.505265 -36.505937
 2.450442 55.929960 -44.985278
 2.513274 52.874471 -51.970848
 2.576106 49.493020 -54.982323
 2.638938 45.917646 -59.748925
 2.701770 41.981235 -64.493542
 2.764602 37.929785 -64.061529
 2.827433 33.921178 -63.408005
 2.890265 30.037480 -59.625555
 2.953097 26.408848 -56.548678
 3.015929 22.863557 -56.338778
 3.078761 19.390480 -53.101312
