#! FIELDS phi2 ffphi2 dffphi2_phi2
#! SET min_phi2 -pi
#! SET max_phi2 pi
#! SET nbins_phi2  100
#! SET periodic_phi2 true
 -3.141593 16.749094 -46.062607
 -3.078761 13.895697 -43.937442
 -3.015929 11.366143 -36.028661
 -2.953097 9.308293 -30.563931
 -2.890265 7.474211 -27.428209
 -2.827433 5.881367 -23.377385
 -2.764602 4.573064 -17.565049
 -2.701770 3.730383 -9.793342
 -2.638938 3.164043 -9.364458
 -2.576106 2.500715 -12.663251
 -2.513274 1.573301 -13.717350
 -2.450442 1.231282 3.778057
 -2.387610 1.758783 8.679327
 -2.324779 1.948503 -2.647044
 -2.261947 1.674060 -3.120102
 -2.199115 1.817122 6.827858
 -2.136283 2.262988 7.042467
 -2.073451 2.757235 6.856411
 -2.010619 2.861098 -2.413848
 -1.947787 2.888117 5.070447
 -1.884956 3.306001 5.343801
 -1.822124 3.423042 -1.398775
 -1.759292 3.265141 -2.254397
 -1.696460 3.129955 -3.662996
 -1.633628 2.683577 -10.327244
 -1.570796 1.950494 -11.889776
 -1.507964 1.281548 -9.175071
 -1.445133 0.801293 -6.258349
 -1.382301 0.493135 -3.548355
 -1.319469 0.297097 -3.547995
 -1.256637 0.037865 -3.609055
 -1.193805 -0.014811 1.946947
 -1.130973 0.188746 4.020904
 -1.068142 0.532780 7.366246
 -1.005310 1.140831 12.129868
 -0.942478 2.088064 17.994286
 -0.879646 3.382549 22.722856
 -0.816814 4.874696 24.256831
 -0.753982 6.460514 26.457703
 -0.691150 8.263409 30.998434
 -0.628319 10.293050 32.286719
 -0.565487 12.281882 30.952392
 -0.502655 14.235037 31.340441
 -0.439823 16.238585 31.738254
 -0.376991 18.228976 31.439211
 -0.314159 20.150642 28.498358
 -0.251327 21.783797 23.816527
 -0.188496 23.175443 19.524279
 -0.125664 24.226650 14.452250
 -0.062832 25.052664 11.447985
 0.000000 25.644398 7.272517
 0.062832 25.918795 0.700019
 0.125664 25.677121 -8.427194
 0.188496 24.991021 -11.955070
 0.251327 24.229340 -13.017612
 0.314159 23.267326 -17.573718
 0.376991 22.129043 -17.792907
 0.439823 21.052784 -16.708889
 0.502655 20.027537 -15.553151
 0.565487 19.157651 -12.026744
 0.628319 18.498078 -8.999292
 0.691150 18.041047 -5.560259
 0.753982 17.799506 -1.935682
 0.816814 17.834976 3.173670
 0.879646 18.223353 9.584763
 0.942478 19.053589 16.149837
 1.005310 20.163926 19.249160
 1.068142 21.603701 27.235907
 1.130973 23.533413 32.851091
 1.193805 25.726604 37.661143
 1.256637 28.334262 44.014874
 1.319469 31.144871 45.370507
 1.382301 34.245344 52.729570
 1.445133 37.602234 52.060336
 1.507964 41.081026 62.053534
 1.570796 46.034822 97.464727
 1.633628 53.864545 145.955965
 1.696460 inf nan
 1.759292 inf nan
 1.822124 inf nan
 1.884956 inf nan
 1.947787 inf nan
 2.010619 inf nan
 2.073451 inf nan
 2.136283 inf nan
 2.199115 inf nan
 2.261947 inf nan
 2.324779 inf nan
 2.387610 72.068368 -228.387141
 2.450442 59.687833 -165.697539
 2.513274 51.245762 -103.030636
 2.576106 46.726219 -41.285089
 2.638938 45.581591 -9.891944
 2.701770 42.562132 -76.660797
 2.764602 38.092164 -63.786464
 2.827433 34.264333 -60.030673
 2.890265 30.445371 -61.527614
 2.953097 26.586489 -60.428525
 3.015929 22.958394 -54.658855
 3.078761 19.709773 -48.940051
