#! FIELDS phi4 ffphi4 dffphi4_phi4
#! SET min_phi4 -pi
#! SET max_phi4 pi
#! SET nbins_phi4  100
#! SET periodic_phi4 true
 -3.141593 13.131411 -48.812777
 -3.078761 10.240764 -42.393814
 -3.015929 7.843077 -34.461253
 -2.953097 5.849530 -28.961749
 -2.890265 4.195753 -24.068915
 -2.827433 2.813399 -19.442819
 -2.764602 1.825107 -12.051488
 -2.701770 1.142167 -11.635203
 -2.638938 0.322134 -12.662983
 -2.576106 -0.200250 -2.709621
 -2.513274 0.014735 8.381773
 -2.450442 0.585417 8.050515
 -2.387610 1.041327 7.490176
 -2.324779 1.572602 8.827382
 -2.261947 2.059591 6.257914
 -2.199115 2.411627 5.651940
 -2.136283 2.797669 6.148018
 -2.073451 3.127688 3.911084
 -2.010619 3.270344 1.012672
 -1.947787 3.317414 0.222390
 -1.884956 3.234657 -2.857464
 -1.822124 3.034904 -2.970031
 -1.759292 2.852350 -3.692184
 -1.696460 2.485742 -7.847001
 -1.633628 1.956340 -8.409645
 -1.570796 1.447548 -7.983112
 -1.507964 0.968174 -6.629219
 -1.445133 0.718821 -0.850659
 -1.382301 0.817770 2.844838
 -1.319469 0.959411 1.727057
 -1.256637 1.185082 6.825663
 -1.193805 1.868806 14.199395
 -1.130973 2.864218 16.972773
 -1.068142 4.034392 20.639860
 -1.005310 5.440298 23.344234
 -0.942478 6.968033 25.654183
 -0.879646 8.687304 28.586565
 -0.816814 10.567389 31.217398
 -0.753982 12.624821 33.849015
 -0.691150 14.821291 35.568950
 -0.628319 17.073326 35.484710
 -0.565487 19.333192 36.777185
 -0.502655 21.747454 38.993752
 -0.439823 24.130683 36.092726
 -0.376991 26.373115 35.394242
 -0.314159 28.569857 33.204693
 -0.251327 30.532158 29.502513
 -0.188496 32.349768 27.678114
 -0.125664 33.952396 22.611424
 -0.062832 35.151436 15.066290
 0.000000 35.859201 7.258915
 0.062832 36.004922 -3.506970
 0.125664 35.366083 -16.648319
 0.188496 34.018773 -25.383983
 0.251327 32.207411 -32.296459
 0.314159 29.974034 -38.649271
 0.376991 27.414752 -41.968576
 0.439823 24.757222 -42.652851
 0.502655 22.062959 -42.680367
 0.565487 19.455522 -40.194041
 0.628319 16.962333 -39.439291
 0.691150 14.563061 -36.164311
 0.753982 12.443323 -31.444727
 0.816814 10.632281 -25.879373
 0.879646 9.182427 -20.522809
 0.942478 8.095207 -13.274219
 1.005310 7.569178 -3.719870
 1.068142 7.554840 2.781678
 1.130973 7.921978 9.286783
 1.193805 8.782518 18.473449
 1.256637 10.286225 29.395709
 1.319469 12.438733 38.406641
 1.382301 15.098495 46.052645
 1.445133 18.266748 54.219905
 1.507964 21.924292 60.580127
 1.570796 25.900375 64.647902
 1.633628 30.165779 68.788205
 1.696460 34.554191 67.791982
 1.759292 38.819484 65.554291
 1.822124 42.898049 61.616407
 1.884956 46.642026 55.480014
 1.947787 49.950912 48.481977
 2.010619 52.801443 41.195646
 2.073451 55.104019 30.830907
 2.136283 56.747373 21.995048
 2.199115 57.936519 14.316611
 2.261947 58.106458 -11.939917
 2.324779 56.796930 -24.525512
 2.387610 55.179865 -29.402862
 2.450442 52.869476 -43.787048
 2.513274 49.840468 -51.522935
 2.576106 46.446136 -56.348503
 2.638938 42.787815 -59.914540
 2.701770 38.931700 -62.472194
 2.764602 34.978668 -63.219744
 2.827433 30.996417 -63.139537
 2.890265 27.083212 -61.449502
 2.953097 23.277413 -59.140830
 3.015929 19.704731 -54.852260
 3.078761 16.324599 -52.651550
