#! FIELDS psi2 ffpsi2 dffpsi2_psi2
#! SET min_psi2 -pi
#! SET max_psi2 pi
#! SET nbins_psi2  100
#! SET periodic_psi2 true
 -3.141593 15.103760 47.628340
 -3.078761 18.358736 51.483616
 -3.015929 20.885719 27.127854
 -2.953097 22.680769 33.941353
 -2.890265 24.831710 26.425086
 -2.827433 25.790151 10.158039
 -2.764602 26.790509 20.761414
 -2.701770 27.373053 -9.736361
 -2.638938 26.211585 -19.194637
 -2.576106 25.350664 -8.981605
 -2.513274 24.734353 -13.347397
 -2.450442 23.582976 -22.565248
 -2.387610 22.107962 -22.538925
 -2.324779 20.847346 -18.088491
 -2.261947 19.753504 -16.496984
 -2.199115 18.892089 -10.639797
 -2.136283 18.201180 -13.763124
 -2.073451 17.253015 -13.830163
 -2.010619 16.439734 -13.924299
 -1.947787 15.504220 -16.890265
 -1.884956 13.826007 -35.216793
 -1.822124 12.196166 -8.964131
 -1.759292 13.024274 33.345569
 -1.696460 14.920539 3.237317
 -1.633628 13.743003 -17.128514
 -1.570796 13.729622 10.085870
 -1.507964 13.312256 -22.951971
 -1.445133 12.615105 7.905381
 -1.382301 14.061776 29.537774
 -1.319469 15.265791 7.745490
 -1.256637 15.357683 -4.878407
 -1.193805 14.770971 -8.463011
 -1.130973 14.984665 15.770745
 -1.068142 15.983389 8.324981
 -1.005310 15.998424 -6.799404
 -0.942478 15.136909 -14.760497
 -0.879646 14.625446 -8.806676
 -0.816814 13.107505 -29.181850
 -0.753982 12.460196 12.199559
 -0.691150 14.250775 34.790901
 -0.628319 15.562041 4.627939
 -0.565487 14.435624 -36.643893
 -0.502655 12.683405 -11.496252
 -0.439823 13.120601 23.555869
 -0.376991 15.323035 43.166325
 -0.314159 17.779774 25.018378
 -0.251327 18.295532 -3.093949
 -0.188496 17.815041 -13.041173
 -0.125664 16.352844 -32.296769
 -0.062832 14.835148 -8.128507
 0.000000 15.478641 23.129205
 0.062832 16.708285 12.050868
 0.125664 16.855650 -10.888228
 0.188496 15.642376 -18.425602
 0.251327 15.291997 6.917772
 0.314159 15.618430 -5.732998
 0.376991 14.899086 -8.490813
 0.439823 14.651316 -6.204277
 0.502655 13.694125 -19.481743
 0.565487 12.244241 -41.019419
 0.628319 7.322407 -92.983418
 0.691150 2.866404 -43.595343
 0.753982 2.000866 15.607872
 0.816814 4.517435 57.468231
 0.879646 7.234723 15.772952
 0.942478 6.899026 -30.420607
 1.005310 3.952363 -43.499661
 1.068142 2.803389 9.553846
 1.130973 5.117789 60.747183
 1.193805 8.789424 29.944743
 1.256637 8.507210 -21.630019
 1.319469 6.724017 -38.542284
 1.382301 3.815257 -47.736656
 1.445133 1.735206 -12.601724
 1.507964 2.412402 30.183272
 1.570796 4.086911 11.847405
 1.633628 4.290230 -0.355671
 1.696460 4.057772 -7.746816
 1.759292 3.379680 -10.169079
 1.822124 3.250123 4.920045
 1.884956 3.143855 -13.124948
 1.947787 2.347588 -4.530565
 2.010619 2.640431 7.357191
 2.073451 2.227664 -21.581423
 2.136283 0.819841 -17.397430
 2.199115 0.279490 1.407844
 2.261947 1.119884 21.557429
 2.324779 0.987816 -35.192145
 2.387610 -1.004676 -13.795962
 2.450442 -0.257370 36.970405
 2.513274 3.231672 65.731025
 2.576106 6.061936 17.259850
 2.638938 5.757722 -44.182780
 2.701770 1.101739 -72.562133
 2.764602 -1.738729 -15.559751
 2.827433 -0.784399 45.803797
 2.890265 3.873620 98.516498
 2.953097 9.541975 51.937906
 3.015929 10.958582 15.611243
 3.078761 12.532488 33.632498
