#! FIELDS psi4 ffpsi4 dffpsi4_psi4
#! SET min_psi4 -pi
#! SET max_psi4 pi
#! SET nbins_psi4  100
#! SET periodic_psi4 true
 -3.141593 4.511394 26.376745
 -3.078761 6.096435 20.927135
 -3.015929 7.169052 16.514642
 -2.953097 8.625256 31.169481
 -2.890265 10.842973 34.555290
 -2.827433 12.658047 25.079926
 -2.764602 14.415406 31.944772
 -2.701770 16.547006 34.333276
 -2.638938 18.654420 30.518031
 -2.576106 20.254381 23.187381
 -2.513274 21.990761 32.088994
 -2.450442 23.931198 23.445795
 -2.387610 25.044670 22.034958
 -2.324779 27.775883 68.734070
 -2.261947 33.912955 127.036626
 -2.199115 45.298108 179.105327
 -2.136283 inf nan
 -2.073451 inf nan
 -2.010619 inf nan
 -1.947787 inf nan
 -1.884956 48.378020 -218.675931
 -1.822124 36.607658 -155.986329
 -1.759292 28.776200 -93.296728
 -1.696460 24.883560 -30.612937
 -1.633628 24.923643 31.643450
 -1.570796 28.425960 62.215249
 -1.507964 27.971766 -62.097501
 -1.445133 23.990410 -55.323316
 -1.382301 21.425365 -27.123364
 -1.319469 20.269987 -15.766934
 -1.256637 18.104929 -54.795838
 -1.193805 14.902806 -37.053155
 -1.130973 13.691826 -7.750332
 -1.068142 12.352684 -39.804015
 -1.005310 9.792877 -34.324451
 -0.942478 8.215886 -17.854098
 -0.879646 7.166524 -17.341525
 -0.816814 6.197234 -11.456169
 -0.753982 5.693837 -7.175492
 -0.691150 4.988315 -15.264017
 -0.628319 4.023444 -13.729438
 -0.565487 3.334516 -8.626838
 -0.502655 2.825835 -8.006943
 -0.439823 2.418008 -4.173162
 -0.376991 2.268842 -1.203886
 -0.314159 2.301092 2.581181
 -0.251327 2.516528 3.494020
 -0.188496 2.752619 3.740214
 -0.125664 2.867834 0.107908
 -0.062832 2.945800 2.961620
 0.000000 3.220940 5.788723
 0.062832 3.712582 9.973055
 0.125664 4.348890 7.853295
 0.188496 4.543525 -0.175980
 0.251327 4.649046 4.573538
 0.314159 5.026323 6.192739
 0.376991 5.363773 4.369897
 0.439823 5.540183 0.774736
 0.502655 5.531010 0.843270
 0.565487 5.769182 4.453138
 0.628319 5.698605 -6.179517
 0.691150 5.384355 -2.309450
 0.753982 5.334146 -0.518864
 0.816814 5.288851 0.038476
 0.879646 5.418636 3.189055
 0.942478 5.568833 1.961506
 1.005310 5.783407 4.895324
 1.068142 6.083638 4.018607
 1.130973 6.298584 2.561951
 1.193805 6.431551 3.148278
 1.256637 6.812108 7.985442
 1.319469 7.220861 4.413969
 1.382301 7.539815 6.881950
 1.445133 7.960778 4.835019
 1.507964 8.236426 5.324939
 1.570796 8.469132 -0.652841
 1.633628 8.246333 -3.180188
 1.696460 8.216660 0.543056
 1.759292 8.209251 0.742264
 1.822124 8.344358 -0.336781
 1.884956 7.679456 -18.955200
 1.947787 6.587360 -12.354490
 2.010619 6.175525 -2.969407
 2.073451 5.920256 -6.207898
 2.136283 5.346063 -12.140473
 2.199115 4.481542 -14.599579
 2.261947 3.535718 -15.333068
 2.324779 2.669554 -11.317231
 2.387610 2.110779 -7.159268
 2.450442 1.685775 -6.831481
 2.513274 1.260426 -6.526635
 2.576106 0.830404 -7.341620
 2.638938 0.456454 -3.425666
 2.701770 0.372811 -0.388903
 2.764602 0.348867 -0.222240
 2.827433 0.396750 2.437183
 2.890265 0.761139 9.484200
 2.953097 1.499565 12.490373
 3.015929 2.248334 11.809421
 3.078761 3.118699 17.109187
