#! FIELDS psi4 ffpsi4 dffpsi4_psi4
#! SET min_psi4 -pi
#! SET max_psi4 pi
#! SET nbins_psi4  100
#! SET periodic_psi4 true
 -3.141593 6.913450 31.922397
 -3.078761 9.180073 24.755756
 -3.015929 8.986838 -12.837032
 -2.953097 9.364709 26.607947
 -2.890265 11.195126 14.812638
 -2.827433 11.588778 14.022652
 -2.764602 13.724331 51.704309
 -2.701770 16.667448 14.893320
 -2.638938 15.317673 -29.652728
 -2.576106 13.730885 -26.884074
 -2.513274 12.515031 -1.773900
 -2.450442 14.170365 56.076074
 -2.387610 19.588786 114.797455
 -2.324779 26.629544 64.353031
 -2.261947 27.892594 2.065180
 -2.199115 28.002167 10.032868
 -2.136283 29.688563 36.679018
 -2.073451 30.478420 -14.907639
 -2.010619 29.574111 -5.564099
 -1.947787 28.935854 -43.834163
 -1.884956 22.682220 -124.020528
 -1.822124 16.055119 -79.913996
 -1.759292 12.925810 -19.342624
 -1.696460 13.493560 33.248849
 -1.633628 15.642376 23.263460
 -1.570796 17.317607 40.421284
 -1.507964 19.860097 17.299833
 -1.445133 19.853220 4.441369
 -1.382301 20.948093 14.592034
 -1.319469 18.521655 -76.379714
 -1.256637 14.520309 -42.984278
 -1.193805 13.315157 3.151001
 -1.130973 14.335095 20.410206
 -1.068142 14.726493 -10.186279
 -1.005310 13.508228 -24.717631
 -0.942478 11.980695 -22.445113
 -0.879646 10.714214 -16.389006
 -0.816814 10.287050 2.546531
 -0.753982 9.960300 -20.027354
 -0.691150 8.992159 0.078957
 -0.628319 10.005224 19.053479
 -0.565487 8.162415 -69.294867
 -0.502655 4.614207 -34.305152
 -0.439823 4.137131 18.648229
 -0.376991 6.188518 23.471532
 -0.314159 4.543374 -47.243372
 -0.251327 2.729468 -7.181878
 -0.188496 3.528075 26.042418
 -0.125664 3.956301 -17.752599
 -0.062832 3.407432 10.721198
 0.000000 4.976804 15.032206
 0.062832 1.347011 -90.207280
 0.125664 -2.751086 -35.980481
 0.188496 -3.070961 25.720622
 0.251327 0.394418 82.135207
 0.314159 5.300628 35.641838
 0.376991 5.699552 7.936285
 0.439823 7.142706 30.432613
 0.502655 8.386643 6.861026
 0.565487 8.351946 -6.077295
 0.628319 8.017188 -2.485044
 0.691150 7.404670 -22.944931
 0.753982 6.000517 -12.101613
 0.816814 6.109309 11.195865
 0.879646 7.027059 20.939682
 0.942478 9.011560 35.206364
 1.005310 9.414336 -28.727309
 1.068142 7.158183 -28.163520
 1.130973 6.550787 3.099076
 1.193805 4.560168 -72.879342
 1.256637 0.719046 -36.695737
 1.319469 0.332431 24.732902
 1.382301 3.806500 85.013241
 1.445133 10.529223 116.382927
 1.507964 14.244859 -24.830193
 1.570796 12.441762 -21.750071
 1.633628 10.786910 -38.562438
 1.696460 8.778786 -13.256287
 1.759292 9.682369 41.345631
 1.822124 12.569854 21.290120
 1.884956 11.995345 -15.065566
 1.947787 11.808402 10.413345
 2.010619 12.701705 -1.447594
 2.073451 10.364907 -49.586479
 2.136283 8.445240 -8.113771
 2.199115 9.036410 17.742990
 2.261947 9.086917 -25.060300
 2.324779 5.479231 -74.616043
 2.387610 1.909881 -32.008558
 2.450442 1.681074 23.852533
 2.513274 4.140228 36.950096
 2.576106 4.372935 -18.722164
 2.638938 3.388505 -7.687694
 2.701770 3.563480 11.266913
 2.764602 4.257657 5.682131
 2.827433 4.340588 2.572940
 2.890265 4.643480 2.139053
 2.953097 4.648311 3.000609
 3.015929 5.182320 10.942717
 3.078761 5.719580 8.625493
