#! FIELDS psi9 ffpsi9 dffpsi9_psi9
#! SET min_psi9 -pi
#! SET max_psi9 pi
#! SET nbins_psi9  100
#! SET periodic_psi9 true
 -3.141593 inf nan
 -3.078761 inf nan
 -3.015929 inf nan
 -2.953097 inf nan
 -2.890265 inf nan
 -2.827433 inf nan
 -2.764602 inf nan
 -2.701770 inf nan
 -2.638938 inf nan
 -2.576106 inf nan
 -2.513274 inf nan
 -2.450442 inf nan
 -2.387610 inf nan
 -2.324779 inf nan
 -2.261947 inf nan
 -2.199115 inf nan
 -2.136283 inf nan
 -2.073451 inf nan
 -2.010619 inf nan
 -1.947787 inf nan
 -1.884956 inf nan
 -1.822124 inf nan
 -1.759292 inf nan
 -1.696460 inf nan
 -1.633628 inf nan
 -1.570796 inf nan
 -1.507964 inf nan
 -1.445133 inf nan
 -1.382301 54.255769 -239.439215
 -1.319469 37.410373 -197.760369
 -1.256637 26.710502 -142.831301
 -1.193805 19.324616 -93.917114
 -1.130973 14.548707 -61.990078
 -1.068142 11.091617 -50.003442
 -1.005310 8.182674 -42.896241
 -0.942478 5.672513 -36.803338
 -0.879646 3.589027 -29.769276
 -0.816814 1.874024 -24.922394
 -0.753982 0.490689 -18.845442
 -0.691150 -0.497178 -12.886684
 -0.628319 -1.171864 -8.815992
 -0.565487 -1.591744 -4.263021
 -0.502655 -1.695322 0.721905
 -0.439823 -1.533313 4.345718
 -0.376991 -1.137888 8.167425
 -0.314159 -0.546644 10.129252
 -0.251327 0.119895 11.371304
 -0.188496 0.957007 15.573659
 -0.125664 2.049569 18.405032
 -0.062832 3.193466 17.322129
 0.000000 4.199530 15.127316
 0.062832 5.230645 18.180088
 0.125664 6.430668 18.766364
 0.188496 7.551068 17.592441
 0.251327 8.756621 20.765019
 0.314159 10.070180 20.130814
 0.376991 11.355438 21.500496
 0.439823 12.674933 17.737747
 0.502655 13.408323 6.833493
 0.565487 13.644525 0.824441
 0.628319 13.972549 14.367831
 0.691150 15.419887 24.960160
 0.753982 16.498021 13.848371
 0.816814 17.658750 18.505900
 0.879646 18.022260 -7.475117
 0.942478 17.150542 -13.468795
 1.005310 17.276525 21.137650
 1.068142 19.561935 43.054361
 1.130973 21.369189 13.770862
 1.193805 22.358713 23.133061
 1.256637 24.251948 34.699086
 1.319469 27.017211 58.724291
 1.382301 32.200937 107.257294
 1.445133 41.080699 160.874779
 1.507964 inf nan
 1.570796 inf nan
 1.633628 inf nan
 1.696460 inf nan
 1.759292 inf nan
 1.822124 inf nan
 1.884956 inf nan
 1.947787 inf nan
 2.010619 inf nan
 2.073451 inf nan
 2.136283 inf nan
 2.199115 inf nan
 2.261947 inf nan
 2.324779 inf nan
 2.387610 inf nan
 2.450442 inf nan
 2.513274 inf nan
 2.576106 inf nan
 2.638938 inf nan
 2.701770 inf nan
 2.764602 inf nan
 2.827433 inf nan
 2.890265 inf nan
 2.953097 inf nan
 3.015929 inf nan
 3.078761 inf nan
