#! FIELDS phi4 ffphi4 dffphi4_phi4
#! SET min_phi4 -pi
#! SET max_phi4 pi
#! SET nbins_phi4  100
#! SET periodic_phi4 true
 -3.141593 13.339112 -46.891667
 -3.078761 10.481957 -43.874857
 -3.015929 7.897942 -37.781809
 -2.953097 5.736005 -31.638660
 -2.890265 3.892749 -26.471951
 -2.827433 2.467626 -19.094535
 -2.764602 1.428868 -14.350466
 -2.701770 0.675314 -9.190285
 -2.638938 0.289886 -3.595894
 -2.576106 0.157180 -0.636812
 -2.513274 0.255239 3.893298
 -2.450442 0.609078 6.716969
 -2.387610 1.046760 7.222109
 -2.324779 1.537790 8.100247
 -2.261947 2.023125 7.380996
 -2.199115 2.502580 7.572937
 -2.136283 2.881125 3.887794
 -2.073451 3.037093 1.742342
 -2.010619 3.138351 1.212829
 -1.947787 3.139156 -1.407852
 -1.884956 3.006948 -2.518599
 -1.822124 2.802433 -4.188668
 -1.759292 2.503282 -5.197957
 -1.696460 2.153485 -5.966592
 -1.633628 1.759098 -6.489970
 -1.570796 1.362181 -5.950594
 -1.507964 1.036615 -4.408552
 -1.445133 0.795481 -3.231642
 -1.382301 0.684286 0.245602
 -1.319469 0.866077 5.366468
 -1.256637 1.320898 8.953108
 -1.193805 2.000567 12.626543
 -1.130973 2.903344 16.025150
 -1.068142 4.018234 19.298296
 -1.005310 5.311684 21.617466
 -0.942478 6.744367 23.867744
 -0.879646 8.323809 26.542310
 -0.816814 10.151829 31.838519
 -0.753982 12.339315 37.271281
 -0.691150 14.833809 41.736500
 -0.628319 17.529768 42.489555
 -0.565487 20.089901 37.977834
 -0.502655 22.224327 27.500287
 -0.439823 23.560252 19.993984
 -0.376991 25.699384 54.057034
 -0.314159 30.799530 109.837981
 -0.251327 39.630472 170.674641
 -0.188496 inf nan
 -0.125664 inf nan
 -0.062832 inf nan
 0.000000 inf nan
 0.062832 inf nan
 0.125664 inf nan
 0.188496 inf nan
 0.251327 inf nan
 0.314159 inf nan
 0.376991 inf nan
 0.439823 inf nan
 0.502655 inf nan
 0.565487 inf nan
 0.628319 inf nan
 0.691150 inf nan
 0.753982 inf nan
 0.816814 inf nan
 0.879646 inf nan
 0.942478 inf nan
 1.005310 inf nan
 1.068142 inf nan
 1.130973 inf nan
 1.193805 inf nan
 1.256637 inf nan
 1.319469 inf nan
 1.382301 inf nan
 1.445133 inf nan
 1.507964 inf nan
 1.570796 inf nan
 1.633628 inf nan
 1.696460 inf nan
 1.759292 inf nan
 1.822124 inf nan
 1.884956 inf nan
 1.947787 inf nan
 2.010619 inf nan
 2.073451 inf nan
 2.136283 inf nan
 2.199115 inf nan
 2.261947 inf nan
 2.324779 inf nan
 2.387610 inf nan
 2.450442 inf nan
 2.513274 inf nan
 2.576106 inf nan
 2.638938 45.700106 -202.408432
 2.701770 34.951861 -139.718830
 2.764602 28.139519 -77.191156
 2.827433 25.182595 -19.125830
 2.890265 24.420164 -26.600657
 2.953097 21.735305 -42.871965
 3.015929 19.286678 -40.659424
 3.078761 16.386656 -49.462689
