#! FIELDS psi2 ffpsi2 dffpsi2_psi2
#! SET min_psi2 -pi
#! SET max_psi2 pi
#! SET nbins_psi2  100
#! SET periodic_psi2 true
 -3.141593 15.255986 47.233435
 -3.078761 18.280032 48.631274
 -3.015929 21.451644 51.553373
 -2.953097 24.773979 52.987540
 -2.890265 28.177471 54.842924
 -2.827433 31.770398 58.033491
 -2.764602 35.470570 58.463037
 -2.701770 39.352260 66.431483
 -2.638938 44.379563 95.327949
 -2.576106 51.929596 140.968335
 -2.513274 inf nan
 -2.450442 inf nan
 -2.387610 inf nan
 -2.324779 inf nan
 -2.261947 inf nan
 -2.199115 inf nan
 -2.136283 inf nan
 -2.073451 inf nan
 -2.010619 inf nan
 -1.947787 inf nan
 -1.884956 inf nan
 -1.822124 inf nan
 -1.759292 inf nan
 -1.696460 inf nan
 -1.633628 inf nan
 -1.570796 inf nan
 -1.507964 inf nan
 -1.445133 65.370452 -203.146706
 -1.382301 54.455882 -143.510644
 -1.319469 47.265675 -85.941882
 -1.256637 43.522488 -35.347048
 -1.193805 42.055015 -23.844316
 -1.130973 39.663969 -43.752134
 -1.068142 37.429463 -27.838416
 -1.005310 35.824881 -25.139627
 -0.942478 34.219690 -25.121408
 -0.879646 32.801557 -19.985293
 -0.816814 31.553641 -21.196931
 -0.753982 30.103777 -24.081999
 -0.691150 28.566885 -25.787518
 -0.628319 26.775074 -30.722056
 -0.565487 24.825259 -30.871873
 -0.502655 22.883195 -31.061841
 -0.439823 20.966242 -29.285787
 -0.376991 19.293063 -23.590411
 -0.314159 17.936667 -20.665869
 -0.251327 16.641024 -20.105958
 -0.188496 15.483947 -16.635416
 -0.125664 14.536860 -13.404922
 -0.062832 13.798755 -10.335754
 0.000000 13.255166 -6.780360
 0.062832 12.865548 -6.453345
 0.125664 12.498547 -4.369788
 0.188496 12.291281 -3.191308
 0.251327 12.014092 -5.781231
 0.314159 11.609366 -6.946936
 0.376991 11.099980 -9.446579
 0.439823 10.530172 -7.412680
 0.502655 10.195154 -4.189862
 0.565487 9.889555 -5.888232
 0.628319 9.567041 -2.967920
 0.691150 9.463557 -2.795890
 0.753982 9.037439 -9.847990
 0.816814 8.395800 -10.313982
 0.879646 7.809079 -6.574012
 0.942478 7.703480 2.081843
 1.005310 7.845556 1.854562
 1.068142 7.983171 2.312080
 1.130973 8.030413 -1.541762
 1.193805 7.792289 -5.500909
 1.256637 7.437137 -5.203774
 1.319469 7.172508 -3.333718
 1.382301 6.971457 -3.656113
 1.445133 6.663835 -6.047285
 1.507964 6.263008 -6.729106
 1.570796 5.769916 -9.068852
 1.633628 5.172472 -9.759046
 1.696460 4.511212 -11.557338
 1.759292 3.737951 -12.848472
 1.822124 2.927882 -12.372251
 1.884956 2.280814 -7.737576
 1.947787 1.941302 -3.741744
 2.010619 1.720524 -3.797958
 2.073451 1.447791 -4.699447
 2.136283 1.146073 -5.584071
 2.199115 0.486514 -17.518737
 2.261947 -0.749717 -15.579995
 2.324779 -0.996410 6.365493
 2.387610 -0.604042 2.546006
 2.450442 -0.442008 3.803976
 2.513274 -0.575100 -10.778823
 2.576106 -1.163416 -0.776184
 2.638938 -0.411102 21.581753
 2.701770 0.981666 20.673045
 2.764602 2.305469 22.559211
 2.827433 3.833155 25.623836
 2.890265 5.519480 27.979341
 2.953097 7.407058 32.618372
 3.015929 9.686197 39.426229
 3.078761 12.337692 44.442138
