#! FIELDS phi3 ffphi3 dffphi3_phi3
#! SET min_phi3 -pi
#! SET max_phi3 pi
#! SET nbins_phi3  100
#! SET periodic_phi3 true
 -3.141593 21.756736 -53.275280
 -3.078761 18.576880 -47.693270
 -3.015929 15.770625 -41.893407
 -2.953097 13.285029 -37.044195
 -2.890265 11.160977 -30.469596
 -2.827433 9.435985 -24.527431
 -2.764602 8.057952 -19.683118
 -2.701770 6.960032 -15.183966
 -2.638938 6.101318 -12.360559
 -2.576106 5.440556 -9.077879
 -2.513274 4.802802 -11.910472
 -2.450442 4.049677 -10.786205
 -2.387610 3.493143 -7.457303
 -2.324779 3.057109 -6.317779
 -2.261947 2.727072 -4.502140
 -2.199115 2.451048 -3.794925
 -2.136283 2.346561 0.017357
 -2.073451 2.272072 -3.032727
 -2.010619 2.094527 -1.352306
 -1.947787 2.115250 0.794315
 -1.884956 2.036742 -3.470507
 -1.822124 1.797693 -3.218521
 -1.759292 1.666096 -1.431481
 -1.696460 1.437486 -7.868255
 -1.633628 0.752019 -10.259292
 -1.570796 0.443623 -0.885658
 -1.507964 0.303035 -4.338522
 -1.445133 0.081020 -1.652150
 -1.382301 0.010361 -1.949318
 -1.319469 -0.155169 -2.716471
 -1.256637 -0.515401 -10.961160
 -1.193805 -1.104246 -0.187806
 -1.130973 0.010740 34.411579
 -1.068142 2.213647 25.781687
 -1.005310 3.430521 17.837410
 -0.942478 4.245257 7.647534
 -0.879646 5.134962 25.782407
 -0.816814 7.496042 44.756071
 -0.753982 10.118842 37.624807
 -0.691150 12.520425 39.604388
 -0.628319 15.093650 41.387198
 -0.565487 17.710810 41.229430
 -0.502655 20.292376 40.726623
 -0.439823 22.887510 41.154730
 -0.376991 25.489311 41.635348
 -0.314159 28.189179 43.066986
 -0.251327 30.789811 38.817235
 -0.188496 33.293618 42.467302
 -0.125664 35.987066 36.461899
 -0.062832 37.540258 18.464794
 0.000000 38.949360 25.241703
 0.062832 40.222188 13.882799
 0.125664 41.042203 13.390331
 0.188496 42.084196 25.583569
 0.251327 45.078058 72.990345
 0.314159 48.868256 -38.007301
 0.376991 43.947638 -66.082920
 0.439823 41.406845 -16.189359
 0.502655 41.820737 29.701703
 0.565487 45.284829 81.983260
 0.628319 52.335958 139.341138
 0.691150 inf nan
 0.753982 inf nan
 0.816814 inf nan
 0.879646 inf nan
 0.942478 inf nan
 1.005310 inf nan
 1.068142 inf nan
 1.130973 inf nan
 1.193805 inf nan
 1.256637 inf nan
 1.319469 inf nan
 1.382301 inf nan
 1.445133 inf nan
 1.507964 inf nan
 1.570796 inf nan
 1.633628 inf nan
 1.696460 inf nan
 1.759292 inf nan
 1.822124 inf nan
 1.884956 inf nan
 1.947787 inf nan
 2.010619 inf nan
 2.073451 inf nan
 2.136283 inf nan
 2.199115 inf nan
 2.261947 inf nan
 2.324779 inf nan
 2.387610 inf nan
 2.450442 inf nan
 2.513274 inf nan
 2.576106 inf nan
 2.638938 inf nan
 2.701770 63.170327 -209.297438
 2.764602 51.668432 -155.214527
 2.827433 43.394868 -110.048780
 2.890265 37.510973 -79.778665
 2.953097 33.041800 -65.172508
 3.015929 29.055978 -62.292794
 3.078761 25.257894 -58.179311
