#! FIELDS psi2 ffpsi2 dffpsi2_psi2
#! SET min_psi2 -pi
#! SET max_psi2 pi
#! SET nbins_psi2  100
#! SET periodic_psi2 true
 -3.141593 15.541434 52.131319
 -3.078761 18.890086 54.512966
 -3.015929 22.417364 54.752663
 -2.953097 26.010228 61.062880
 -2.890265 27.781736 -61.047280
 -2.827433 22.586446 -66.281143
 -2.764602 20.357007 -4.301444
 -2.701770 22.055229 58.364872
 -2.638938 27.690797 120.980694
 -2.576106 37.170429 176.471401
 -2.513274 44.683225 -30.567363
 -2.450442 41.689142 -51.622476
 -2.387610 39.102309 -28.156363
 -2.324779 37.835393 -20.513244
 -2.261947 36.053104 -29.800739
 -2.199115 34.618421 -18.071745
 -2.136283 33.408321 -19.749932
 -2.073451 32.433172 -10.971402
 -2.010619 31.838990 -8.437651
 -1.947787 31.493257 -2.954104
 -1.884956 31.115786 -11.576649
 -1.822124 30.227368 -12.872383
 -1.759292 29.717027 -4.668230
 -1.696460 29.416064 -5.218766
 -1.633628 29.156661 -2.216612
 -1.570796 29.200139 2.831525
 -1.507964 29.194126 -4.668898
 -1.445133 28.929698 -0.239280
 -1.382301 29.212826 7.003332
 -1.319469 29.568262 3.876205
 -1.256637 29.799141 3.699651
 -1.193805 29.830627 -3.961755
 -1.130973 29.654378 2.512199
 -1.068142 30.212040 11.598149
 -1.005310 30.688618 3.113195
 -0.942478 30.735721 -0.109379
 -0.879646 30.895744 5.501947
 -0.816814 31.199933 1.938314
 -0.753982 31.162514 -1.283487
 -0.691150 31.163982 0.531835
 -0.628319 30.328474 -52.683404
 -0.565487 24.189819 -103.977447
 -0.502655 19.298273 -50.008112
 -0.439823 17.729643 -3.967590
 -0.376991 17.797932 -4.332799
 -0.314159 16.906208 -16.935312
 -0.251327 16.228448 -4.857147
 -0.188496 16.086287 -3.137818
 -0.125664 15.437963 -14.997417
 -0.062832 14.586625 -15.228071
 0.000000 13.088799 -28.415078
 0.062832 11.790984 -10.060488
 0.125664 11.747076 5.384568
 0.188496 11.930082 -2.560185
 0.251327 11.458669 -10.521272
 0.314159 10.804946 -8.881123
 0.376991 10.477122 -2.040521
 0.439823 10.389365 -1.053568
 0.502655 10.362958 -0.861314
 0.565487 10.120084 -7.023453
 0.628319 9.566177 -9.632672
 0.691150 9.004297 -7.954816
 0.753982 8.615489 -4.099052
 0.816814 8.436963 -2.670319
 0.879646 8.258586 -2.202398
 0.942478 8.191322 -0.522791
 1.005310 8.129929 -1.352065
 1.068142 8.099794 0.035755
 1.130973 7.902142 -7.070046
 1.193805 7.517914 -2.574790
 1.256637 7.554764 1.367132
 1.319469 7.437872 -5.501299
 1.382301 6.993748 -7.324790
 1.445133 6.563442 -7.014200
 1.507964 6.076664 -8.056259
 1.570796 5.545957 -9.639336
 1.633628 4.852799 -11.741742
 1.696460 4.105473 -12.222281
 1.759292 3.365499 -10.616232
 1.822124 2.770362 -8.989731
 1.884956 2.217634 -8.063968
 1.947787 1.811091 -5.028250
 2.010619 1.538986 -3.919926
 2.073451 1.291703 -4.383914
 2.136283 0.930279 -7.191230
 2.199115 0.463306 -7.077878
 2.261947 0.034837 -7.019126
 2.324779 -0.425171 -7.396430
 2.387610 -0.868792 -6.221424
 2.450442 -1.079535 0.100586
 2.513274 -0.926559 3.682502
 2.576106 -0.641050 6.075544
 2.638938 -0.074660 12.040332
 2.701770 0.828832 16.297986
 2.764602 1.978967 20.393328
 2.827433 3.424879 25.956414
 2.890265 5.297631 33.276738
 2.953097 7.476522 34.676623
 3.015929 9.707581 37.385068
 3.078761 12.353295 46.987352
