#! FIELDS psi4 ffpsi4 dffpsi4_psi4
#! SET min_psi4 -pi
#! SET max_psi4 pi
#! SET nbins_psi4  100
#! SET periodic_psi4 true
 -3.141593 6.610665 18.511290
 -3.078761 7.881575 18.999024
 -3.015929 8.885793 16.616275
 -2.953097 10.540228 37.307246
 -2.890265 13.160731 38.636498
 -2.827433 14.331172 -5.198738
 -2.764602 13.241822 -25.041920
 -2.701770 11.842855 -10.278863
 -2.638938 12.780820 42.696640
 -2.576106 16.889186 71.111175
 -2.513274 18.250532 -5.228861
 -2.450442 19.421934 47.191753
 -2.387610 24.120205 95.794184
 -2.324779 28.592455 31.156455
 -2.261947 30.599099 43.955140
 -2.199115 33.410607 23.061050
 -2.136283 32.721062 -34.587672
 -2.073451 29.960695 -41.891218
 -2.010619 28.078070 -22.312974
 -1.947787 26.578565 -22.133186
 -1.884956 26.243388 16.524345
 -1.822124 28.257851 24.479855
 -1.759292 26.367406 -53.179559
 -1.696460 24.170393 -17.639301
 -1.633628 22.636836 -42.596285
 -1.570796 20.070427 -26.834870
 -1.507964 19.331323 -5.357401
 -1.445133 18.217360 -34.055433
 -1.382301 14.802952 -66.271038
 -1.319469 11.565075 -30.158609
 -1.256637 11.085276 11.517195
 -1.193805 12.252190 17.312705
 -1.130973 11.076300 -68.571433
 -1.068142 6.539864 -55.894652
 -1.005310 4.774025 0.087253
 -0.942478 6.305657 42.189048
 -0.879646 7.818934 -11.265614
 -0.816814 6.186260 -31.111719
 -0.753982 4.183630 -27.590323
 -0.691150 3.473429 6.655551
 -0.628319 4.336323 7.486102
 -0.565487 3.414170 -28.248095
 -0.502655 2.035293 -11.591653
 -0.439823 1.994504 7.142626
 -0.376991 1.992883 -11.863881
 -0.314159 1.502787 5.332667
 -0.251327 2.666035 23.100275
 -0.188496 3.367778 1.530403
 -0.125664 3.352750 -7.028340
 -0.062832 2.070980 -25.274022
 0.000000 1.279446 3.031227
 0.062832 2.339225 27.506061
 0.125664 4.117761 22.229589
 0.188496 4.786385 4.433520
 0.251327 5.303118 11.766279
 0.314159 5.940961 6.330038
 0.376991 6.105118 -0.164641
 0.439823 5.850144 -8.554605
 0.502655 5.380672 -3.468115
 0.565487 5.265843 -3.157428
 0.628319 4.916584 -7.954384
 0.691150 4.315959 -8.167993
 0.753982 4.135118 0.072746
 0.816814 3.838382 -10.860910
 0.879646 3.120415 -6.817421
 0.942478 3.359995 12.917702
 1.005310 4.222961 12.483690
 1.068142 5.200093 20.299146
 1.130973 6.333211 10.119230
 1.193805 6.521114 -0.664916
 1.256637 6.388080 -5.505306
 1.319469 5.562601 -18.186232
 1.382301 4.723698 -7.249370
 1.445133 4.446177 -1.712806
 1.507964 4.659611 7.555307
 1.570796 5.018847 2.638508
 1.633628 5.500956 18.599294
 1.696460 7.586750 43.485089
 1.759292 9.443286 3.908044
 1.822124 8.983150 -8.693146
 1.884956 8.576119 -5.027511
 1.947787 8.311774 -6.243664
 2.010619 7.424731 -18.788280
 2.073451 6.545502 -11.782068
 2.136283 5.065016 -33.982024
 2.199115 3.186884 -21.696935
 2.261947 2.412987 -4.473602
 2.324779 2.421801 4.511477
 2.387610 2.925055 7.735174
 2.450442 2.548556 -21.557982
 2.513274 1.098896 -17.326188
 2.576106 0.746298 6.243042
 2.638938 1.650490 17.544857
 2.701770 1.971062 -11.628031
 2.764602 0.987894 -9.853464
 2.827433 1.300885 18.189309
 2.890265 2.512167 14.861977
 2.953097 3.431430 19.209968
 3.015929 4.838543 19.955975
 3.078761 5.700340 10.981415
