#! FIELDS phi2 ffphi2 dffphi2_phi2
#! SET min_phi2 -pi
#! SET max_phi2 pi
#! SET nbins_phi2  100
#! SET periodic_phi2 true
 -3.141593 23.156796 -15.637390
 -3.078761 18.794481 -95.961858
 -3.015929 13.876022 -55.318258
 -2.953097 11.737195 -18.796878
 -2.890265 10.003537 -47.854837
 -2.827433 6.460367 -49.901651
 -2.764602 4.786998 -0.937484
 -2.701770 6.090502 33.191095
 -2.638938 7.016501 -5.003525
 -2.576106 6.938549 6.142178
 -2.513274 7.250935 -3.009519
 -2.450442 6.555867 -14.021931
 -2.387610 5.951075 -4.223608
 -2.324779 5.398999 -31.565523
 -2.261947 1.059240 -79.509761
 -2.199115 -2.420323 -27.050712
 -2.136283 -2.207107 33.675681
 -2.073451 1.557462 78.657817
 -2.010619 4.939078 13.122888
 -1.947787 5.108438 3.038373
 -1.884956 5.507153 7.405966
 -1.822124 5.827021 2.226846
 -1.759292 5.809299 -2.530144
 -1.696460 5.651882 -0.163331
 -1.633628 5.825685 0.791139
 -1.570796 4.788555 -36.608184
 -1.507964 1.798332 -49.953917
 -1.445133 -0.361581 -12.866897
 -1.382301 0.429950 36.444745
 -1.319469 3.298047 40.506675
 -1.256637 4.554834 4.982422
 -1.193805 4.425977 -8.074911
 -1.130973 3.790739 -12.544350
 -1.068142 2.155632 -42.591195
 -1.005310 -0.524745 -33.261098
 -0.942478 -1.529635 2.749286
 -0.879646 0.049924 49.482662
 -0.816814 4.791655 99.734225
 -0.753982 11.165512 75.478460
 -0.691150 13.812454 32.060940
 -0.628319 16.832415 61.393229
 -0.565487 19.901348 15.156318
 -0.502655 19.668476 -1.727359
 -0.439823 20.947638 44.802772
 -0.376991 25.108718 77.534129
 -0.314159 28.125850 20.373573
 -0.251327 30.056680 45.740555
 -0.188496 32.795815 20.720426
 -0.125664 32.684505 -4.809142
 -0.062832 33.274586 19.217797
 0.000000 33.947702 0.245293
 0.062832 33.760628 -9.766166
 0.125664 31.634743 -57.270278
 0.188496 28.372212 -35.056922
 0.251327 27.592762 7.312245
 0.314159 28.143079 -6.126632
 0.376991 26.076002 -47.385540
 0.439823 23.259853 -38.429862
 0.502655 21.776130 -7.106869
 0.565487 21.270022 -27.291097
 0.628319 18.772188 -35.117498
 0.691150 17.524167 -6.516835
 0.753982 17.817787 17.582685
 0.816814 19.877731 44.300018
 0.879646 21.990960 14.655112
 0.942478 22.582392 12.029077
 1.005310 23.977794 32.411158
 1.068142 26.270866 34.793207
 1.130973 28.287068 33.959682
 1.193805 30.832245 46.408863
 1.256637 34.277938 64.462874
 1.319469 38.794773 72.715783
 1.382301 42.982014 56.411806
 1.445133 46.718440 61.048794
 1.507964 50.381891 54.691153
 1.570796 54.127931 61.843938
 1.633628 57.058132 23.923536
 1.696460 58.276363 21.220255
 1.759292 59.507818 16.562332
 1.822124 61.008866 33.338033
 1.884956 62.736044 14.224161
 1.947787 63.337024 6.756136
 2.010619 63.693945 12.682544
 2.073451 65.949089 63.121767
 2.136283 71.832315 124.213992
 2.199115 81.606362 186.903593
 2.261947 inf nan
 2.324779 inf nan
 2.387610 inf nan
 2.450442 inf nan
 2.513274 inf nan
 2.576106 77.589623 -198.567349
 2.638938 67.082720 -135.877748
 2.701770 60.514721 -73.188146
 2.764602 57.873455 -11.596058
 2.827433 50.696461 -220.719901
 2.890265 38.201893 -169.774408
 2.953097 29.466050 -108.349391
 3.015929 24.539222 -49.346649
 3.078761 23.024872 -2.390609
