#! FIELDS psi3 ffpsi3 dffpsi3_psi3
#! SET min_psi3 -pi
#! SET max_psi3 pi
#! SET nbins_psi3  100
#! SET periodic_psi3 true
 -3.141593 8.598877 17.401684
 -3.078761 9.957719 24.677241
 -3.015929 11.430336 20.819364
 -2.953097 12.799579 24.793743
 -2.890265 14.385055 21.440913
 -2.827433 15.344270 11.617399
 -2.764602 16.385344 25.482777
 -2.701770 18.620002 39.348826
 -2.638938 19.878063 -1.219531
 -2.576106 20.000437 13.746062
 -2.513274 21.766520 38.480918
 -2.450442 24.037662 29.170806
 -2.387610 25.552704 19.988353
 -2.324779 26.404039 6.690812
 -2.261947 26.621951 1.964154
 -2.199115 26.820887 5.049195
 -2.136283 27.185129 5.197282
 -2.073451 27.497614 6.059520
 -2.010619 27.962752 7.019363
 -1.947787 28.115489 -2.339236
 -1.884956 28.142350 7.693100
 -1.822124 29.121046 17.854752
 -1.759292 28.307916 -62.142098
 -1.696460 23.803987 -57.819575
 -1.633628 21.980642 1.028438
 -1.570796 23.932567 59.717583
 -1.507964 28.216051 43.216992
 -1.445133 27.042705 -53.216901
 -1.382301 23.839018 -45.410850
 -1.319469 21.168992 -43.134484
 -1.256637 18.259834 -47.041121
 -1.193805 15.649592 -34.433364
 -1.130973 13.878606 -24.172710
 -1.068142 12.333818 -25.491429
 -1.005310 10.728456 -25.473585
 -0.942478 9.160020 -23.848399
 -0.879646 7.791847 -19.830190
 -0.816814 6.605627 -18.213819
 -0.753982 5.488833 -17.499217
 -0.691150 4.435962 -15.656344
 -0.628319 3.476356 -15.495665
 -0.565487 2.524982 -14.039051
 -0.502655 1.742302 -11.038499
 -0.439823 1.122571 -8.826999
 -0.376991 0.634892 -6.490299
 -0.314159 0.313763 -4.054596
 -0.251327 0.086214 -3.198634
 -0.188496 -0.050399 -0.901176
 -0.125664 -0.012150 2.083944
 -0.062832 0.199606 4.359316
 0.000000 0.477978 4.064861
 0.062832 0.746347 5.146596
 0.125664 1.161378 7.596683
 0.188496 1.629471 6.954563
 0.251327 2.040629 6.241568
 0.314159 2.447523 6.860988
 0.376991 2.899613 7.140698
 0.439823 3.323419 6.464017
 0.502655 3.723285 5.841955
 0.565487 4.007448 3.142607
 0.628319 4.202023 3.976992
 0.691150 4.564585 7.037651
 0.753982 4.972605 5.352267
 0.816814 5.270198 4.457576
 0.879646 5.541823 4.169048
 0.942478 5.804322 4.065941
 1.005310 6.050781 3.736335
 1.068142 6.258142 2.702816
 1.130973 6.409400 2.343248
 1.193805 6.586901 3.506341
 1.256637 6.869287 5.203640
 1.319469 7.144129 2.687450
 1.382301 7.225627 0.682503
 1.445133 7.326384 3.036097
 1.507964 7.560748 2.771931
 1.570796 7.572031 -1.324343
 1.633628 7.554163 0.639843
 1.696460 7.557697 -0.920697
 1.759292 7.458404 -1.860608
 1.822124 7.390682 -0.417361
 1.884956 7.254938 -5.055019
 1.947787 6.833814 -6.833271
 2.010619 6.507297 -3.416248
 2.073451 6.375623 -1.466909
 2.136283 6.251851 -2.501965
 2.199115 6.083017 -3.059815
 2.261947 5.859945 -3.494259
 2.324779 5.714984 -1.492100
 2.387610 5.572074 -3.281289
 2.450442 5.359679 -3.180441
 2.513274 5.193797 -1.952746
 2.576106 5.107782 -1.068908
 2.638938 5.048409 -0.816178
 2.701770 5.024972 0.387646
 2.764602 5.134927 3.078760
 2.827433 5.408201 5.763078
 2.890265 5.891575 9.518351
 2.953097 6.532344 10.026530
 3.015929 7.125041 9.100314
 3.078761 7.737436 10.873948
