#! FIELDS phi3 ffphi3 dffphi3_phi3
#! SET min_phi3 -pi
#! SET max_phi3 pi
#! SET nbins_phi3  100
#! SET periodic_phi3 true
 -3.141593 21.531982 -53.652218
 -3.078761 18.344411 -47.654158
 -3.015929 15.541067 -41.682000
 -2.953097 13.095288 -36.150307
 -2.890265 11.009234 -30.280268
 -2.827433 9.271177 -25.092299
 -2.764602 7.862558 -19.837407
 -2.701770 6.741754 -16.085724
 -2.638938 5.848116 -12.249289
 -2.576106 5.167965 -9.957108
 -2.513274 4.561945 -9.309636
 -2.450442 3.999382 -8.711759
 -2.387610 3.482741 -7.400987
 -2.324779 3.078758 -5.776895
 -2.261947 2.732310 -5.191756
 -2.199115 2.451098 -3.669978
 -2.136283 2.274708 -1.858254
 -2.073451 2.216721 -0.524326
 -2.010619 2.146902 -1.708734
 -1.947787 1.997332 -3.537538
 -1.884956 1.707183 -4.910641
 -1.822124 1.459043 -3.145869
 -1.759292 1.254643 -3.666357
 -1.696460 1.000623 -4.372089
 -1.633628 0.718963 -4.484557
 -1.570796 0.434518 -4.697645
 -1.507964 0.138557 -4.602900
 -1.445133 -0.130360 -3.883864
 -1.382301 -0.333995 -2.435052
 -1.319469 -0.401771 0.453190
 -1.256637 -0.265298 3.921069
 -1.193805 0.099444 7.672588
 -1.130973 0.718413 12.254685
 -1.068142 1.646178 16.901542
 -1.005310 2.829840 20.934986
 -0.942478 4.301216 25.564992
 -0.879646 6.019209 28.795966
 -0.816814 7.921263 31.783290
 -0.753982 10.085898 36.872827
 -0.691150 12.497614 38.916411
 -0.628319 14.957653 38.830515
 -0.565487 17.426553 39.647652
 -0.502655 19.998783 41.856125
 -0.439823 22.713315 43.636321
 -0.376991 25.442435 42.060235
 -0.314159 28.018853 39.727592
 -0.251327 30.492508 38.326667
 -0.188496 32.859545 36.577233
 -0.125664 35.087514 33.416367
 -0.062832 37.014730 27.167914
 0.000000 38.492999 19.312298
 0.062832 39.424502 10.207429
 0.125664 39.782061 0.574084
 0.188496 39.459342 -10.395610
 0.251327 38.588549 -16.878855
 0.314159 37.341112 -22.920551
 0.376991 35.727809 -27.967350
 0.439823 33.887791 -30.511310
 0.502655 31.883874 -33.115203
 0.565487 29.764911 -33.983866
 0.628319 27.671584 -32.281476
 0.691150 25.717729 -29.907976
 0.753982 23.936291 -26.528360
 0.816814 22.404049 -22.180964
 0.879646 21.165760 -17.016904
 0.942478 20.298661 -10.298269
 1.005310 19.902800 -2.216327
 1.068142 20.010918 5.510755
 1.130973 20.594637 13.117233
 1.193805 21.667266 20.974923
 1.256637 23.232014 28.655268
 1.319469 25.260860 35.625931
 1.382301 27.699447 41.520905
 1.445133 30.503824 47.473977
 1.507964 33.684769 52.677337
 1.570796 37.114567 55.305430
 1.633628 40.679747 57.055948
 1.696460 44.372927 59.430940
 1.759292 48.235594 61.904875
 1.822124 52.204803 62.422405
 1.884956 56.175224 62.544308
 1.947787 60.162992 61.602693
 2.010619 63.981536 59.124670
 2.073451 67.728573 57.045194
 2.136283 71.196597 53.047538
 2.199115 74.120026 31.867128
 2.261947 74.614157 -14.638233
 2.324779 73.335103 -18.230079
 2.387610 72.285916 -25.098506
 2.450442 69.465945 -59.408119
 2.513274 65.347343 -69.704916
 2.576106 60.891432 -71.874421
 2.638938 56.241028 -76.014783
 2.701770 51.406019 -77.256320
 2.764602 46.577847 -76.095732
 2.827433 41.847279 -74.405824
 2.890265 37.249871 -71.528641
 2.953097 32.892411 -67.011591
 3.015929 28.829517 -62.316668
 3.078761 25.050381 -58.084118
